site,A,C,D,E,F,G,H,I,K,L,M,N,P,Q,R,S,T,V,W,Y
790,0.08416242706827387,0.06648087754063665,0.022160292513545548,0.05026514237717583,0.02659235101625466,0.007035270750573495,0.05839222842890478,0.051429652287301356,0.05839222842890478,0.011431796607856072,0.06648087754063665,0.08864117005418222,0.05839222842890478,0.05839222842890478,0.008310109692579582,0.016620219385159164,0.05839222842890478,0.058403775393173096,0.03324043877031833,0.11678445685780955
791,0.11287944767633722,0.05904479744289324,0.021157719083703418,0.010258288040583471,0.015624161784888672,0.05043094796595283,0.015624161784888672,0.018464918473050256,0.014303810084757238,0.0034069691457824388,0.009232459236525126,0.015624161784888672,0.45110279290902866,0.010721906309560865,0.0029016300457650394,0.07781297233523327,0.07761613956752124,0.004882550557777711,0.0077524466871585025,0.021157719083703418
792,0.09991145428072115,0.041473057000785594,0.0072690548275833435,0.02894699166895412,0.007753658482755567,0.13328603011678994,0.03514991845515858,0.028420491058800672,0.06680075000527874,0.02285288815970062,0.03648780462473209,0.09083946449472914,0.0008125109876718496,0.06496308458524934,0.12159146257048503,0.10866970313270119,0.0682085203995929,0.01610338335497039,0.003844789330292017,0.016614982463047642
793,0.047158064107836684,0.012456847122824789,0.016102753597797895,0.006909834016959642,0.010912609876193616,0.586884954308689,0.01913660572491924,0.020006451439688298,0.022765961983093577,0.00444587809770851,0.016928535833582406,0.02095913960348298,0.007813170384730339,0.03667849430609521,0.0333292651654232,0.08162632187392822,0.008866204091780117,0.004877605502037436,0.005462808657133628,0.03667849430609521
794,0.010278851330551928,0.01407411951414033,0.022312628498027353,0.016336031578912887,0.019887342791720032,0.11002044084452058,0.060987851227941446,0.01680492439684969,0.13450121678320304,0.013653996543568978,0.023456865856900547,0.025411604678308938,0.019887342791720032,0.038117407017463405,0.4041384502106406,0.004856567002000203,0.01159028780620478,0.0080247172668344,0.017937603302335715,0.027721750558155196
795,0.03827927226524122,0.01430154847768778,0.02049177095310488,0.024962702797418666,0.025424975071444943,0.0050291159481979,0.025458343576102327,0.008169214810424354,0.025904691582226923,0.00807616855210604,0.016152337104212083,0.0161792816375647,0.0157155544201898,0.03710672037454126,0.005720619391075111,0.020409704607964835,0.6107119700323907,0.048173636977474635,0.015426389369191317,0.018305982051440364
796,0.0030944354796354585,0.018208948862640132,0.018433750700450505,0.025307352656550697,0.025743686323042952,0.006169974408002029,0.02228557920502225,0.009641577216839831,0.026663103691723058,0.008388392172676916,0.021330482953378443,0.016776784345353832,0.025072456166516394,0.04391570019813209,0.008027601111486512,0.016585625579151296,0.6638494484073985,0.007900178871621644,0.013213573510942397,0.01939134813943495
797,0.008103777394161883,0.014728740006019307,0.024986646965332468,0.013754117595595854,0.017446927321715478,0.008737238202174988,0.0374799704479987,0.024180626095483035,0.016657764643554982,0.005939001061091332,0.014555328329319885,0.02630173364771839,0.014278083980189983,0.024986646965332468,0.02217868620164768,0.007733481321953045,0.012493323482666234,0.00731569501203244,0.6655509326755782,0.03259127865043366
798,0.0069763313939461315,0.016469353352799677,0.01966489952573095,0.015320328700278765,0.023527647646856678,0.005961756869791737,0.04117338338199918,0.023527647646856678,0.028642353657042912,0.005827498236507502,0.02058669169099959,0.02395542305861771,0.07995592665176791,0.025337466696614883,0.006722185041959052,0.5848240196055775,0.025112928220047796,0.009149640751555372,0.016677826180050304,0.02058669169099959
799,0.003380170767608522,0.07726104611676624,0.008379014860550702,0.005775825777661164,0.0100832212728661,0.0017758509107435817,0.011224718020737736,0.2652767918659606,0.007827763882882893,0.4091638672274399,0.02087403702102105,0.006771085719948164,0.005949100550990999,0.009295469610923436,0.0018418267959724453,0.0027604590951802194,0.08618088205922225,0.048871091960905874,0.006684382641562921,0.010623393841055354
800,0.00890458782837146,0.022414996947279876,0.02549156515573006,0.014773520715252647,0.03023418192888913,0.008613758911401452,0.574909524393159,0.021312620048233328,0.01733426430589644,0.019118673866797546,0.11207498473639939,0.02042618772195343,0.02183467712891147,0.014832986120664592,0.02994309917556231,0.00742897041681276,0.012264809650398424,0.009924197121696433,0.015663491842677502,0.012498901983912784
801,0.02892762777351368,0.02641218188016466,0.012149603664875741,0.0394956879112216,0.018408490401326878,0.2670802933695049,0.008933532106526282,0.013499559627639714,0.010473796262823914,0.004859841465950297,0.01265583715091223,0.11853271868171456,0.005955688071017521,0.009491877863184174,0.0021528751859661043,0.29108425447098135,0.01278905648934289,0.08785840008881422,0.009642542591171224,0.019596134943347967
802,0.04622160971441532,0.06221060075701058,0.009555428931345476,0.0007581469552353306,0.007307092712205364,0.09452708692219625,0.04320715690695345,0.019875292177198585,0.10887024625020585,0.0017252857792707105,0.0035273697117264935,0.006375145398685075,0.002435697570735121,0.1340098200574318,0.09786554182617495,0.10564995404951934,0.17999577037898895,0.007845510069946809,0.0032265084703244455,0.0648107353604302
803,0.18079790284738495,0.06050839815841412,0.010827818617821476,0.02348751192461829,0.025716069217326006,0.18167140549687233,0.007912636682254153,0.009143491277271466,0.011120462364249082,0.01750881308413685,0.009796597797076572,0.008229142149544321,0.00484067185267313,0.025320437383213285,0.010713886537927987,0.3530943971967598,0.011272797465129204,0.020696728186858478,0.015239152128785778,0.012101679631682825
804,0.0039082081880023965,0.0072071394280858545,0.5659946897594029,0.21944406576489192,0.012149477759479853,0.027596806361890335,0.009750835696822039,0.011564944663672652,0.00397149024338656,0.0041098563680820165,0.011564944663672652,0.009945852410758479,0.004324283656851513,0.07301961527678694,0.0030697075341847165,0.0036298731426125837,0.0060645441529015125,0.004585474476151112,0.009945852410758479,0.008152338041605312
805,0.010044080614322354,0.01237560948147538,0.027707808591234076,0.025920208036960914,0.01639849896215894,0.004490775089740499,0.021716931057994274,0.023985864153605617,0.025110201535805884,0.005549802319050225,0.019131582122518767,0.02060324228578944,0.008512622690315256,0.01709630742863379,0.003553542968197781,0.007304785901325348,0.01265395982906753,0.007616364446879509,0.7121564660296484,0.018071346455275916
806,0.12855896372419304,0.12480209002033092,0.018594250785857382,0.009587660561457712,0.06497049980470167,0.04643537223278978,0.010400174168360907,0.03177727801508291,0.008938396939803072,0.0367348187368792,0.27098268257939073,0.012522658692516194,0.003741526072763985,0.07917551947526368,0.03553416898941148,0.04545261303209583,0.012533310613219849,0.04046151875703703,0.00721894442274463,0.01157755237609988
807,0.10761571614309008,0.17692066829390665,0.014284595589751923,0.004816898512823322,0.004552233759371491,0.19984531770691327,0.011096069788468013,0.029252891543182835,0.0055233769613707425,0.0036498085647824305,0.005178165901285071,0.03298190822589989,0.0012970793686274348,0.008541304579439293,0.0012905086358342857,0.1457338250957347,0.18413448448775344,0.055876212187630295,0.003138282364415195,0.0042706522897196465
808,0.04947714520609994,0.15647124345788785,0.07682050712402765,0.052485113109564066,0.003622019524488144,0.007902588053428678,0.08300774804658824,0.05192479399371288,0.013635838209837724,0.012418352655387925,0.08877801047256048,0.01636331993009464,0.03559218942296332,0.1168546626916831,0.03276884679746343,0.049585001493415284,0.07651753290776112,0.07028259162411038,0.0025948796593347903,0.002897615619590516
809,0.07535646525449233,0.01932350592848234,0.11231839125528298,0.11247802903617649,0.004129620218586951,0.06776020898170594,0.03491406184805332,0.009661752964241172,0.05641144695050152,0.02318025505412594,0.022591451784034506,0.07721734313484808,0.0016308054366394333,0.10818441699396805,0.06908920175223249,0.10573165288398334,0.05638156300944385,0.036812715683344224,0.0024875109221892877,0.004339600907667645
810,0.014469929356571454,0.29643864273796716,0.21076118885941628,0.12301763796090709,0.0042555967619946275,0.03731138332610541,0.024582189722444765,0.00491367873549895,0.005674129015992836,0.002576361282937288,0.00491367873549895,0.10030182786463661,0.02306258890371282,0.024442401915046052,0.0029062612033134037,0.08385595317882098,0.016850443744463577,0.00938298287871825,0.007813554710547512,0.0024695691054062085
811,0.010029133818225152,0.01123954652042474,0.0210288289736979,0.007085801067224291,0.01629734245461587,0.003621631656581305,0.01481576586783261,0.20134442418854884,0.007498861493276706,0.1008460152839736,0.2897240181753505,0.013581118712179891,0.00426074312538977,0.01936317915399905,0.011324064715982952,0.03239223345016819,0.10405921394715453,0.11256054543450797,0.006391114688084655,0.01253641727278144
812,0.004821008071277749,0.009827439529912337,0.008887423574877243,0.013103252706549783,0.03207067222280753,0.004799919813735186,0.012286819791631062,0.1485906357734447,0.011231359462756956,0.4536896610275604,0.1910380768431557,0.007742831144779416,0.04405827424547836,0.009463460288063733,0.0027174446891225397,0.0037853841152254925,0.005214559750565729,0.013811536636633554,0.012937388748239027,0.00992285156418333
813,0.03610601877670044,0.053365060196276765,0.033755626972676984,0.17186688504389133,0.022356667973189123,0.06102843578863232,0.03455121414038319,0.05268550364112791,0.03507615615116962,0.05243837610964459,0.04184889820198751,0.09905906607269434,0.0031225862544712506,0.05151461144424601,0.03867734559599663,0.05970021735318422,0.04971957002653002,0.03620680079078521,0.030181501763805307,0.036739457702607455
814,0.04646127620588705,0.1346645020602092,0.009731001314374089,0.008077286133005254,0.008563281156649198,0.011718455558187384,0.00930791430070565,0.08028076084358624,0.007928964033934442,0.022599261975362096,0.1267844522578264,0.008450606404588026,0.003452935950261774,0.015291573494016431,0.002406701260883185,0.002974343190663567,0.19961702696243075,0.2836873044658373,0.007298250985780568,0.010704101445811498
815,0.010159250952724424,0.011831473310132882,0.02566547609109329,0.0180608905826212,0.02522296788262616,0.004657780797612229,0.02151370789988702,0.02522296788262616,0.021201915031772715,0.006204425255123301,0.02031850190544885,0.02479545995241216,0.0090304452913106,0.028171504012759665,0.04979100461406318,0.007699642827327986,0.009499559332417645,0.007823166509049824,0.6470060717048421,0.026123788164148523
816,0.012016847533767503,0.018732144684990525,0.006448014767819159,0.016542673228303315,0.016330587674094302,0.007821022919337823,0.01847848530772176,0.061204080432726335,0.012504412220948904,0.005843054305409887,0.021613968413921558,0.5609628511003598,0.008784729921236932,0.022746175688917056,0.0060946690841117476,0.12386898191336208,0.030647997592914183,0.01044086752933898,0.022347119975076414,0.016571315705641698
817,0.015415709747548653,0.00840856895320836,0.008042978998721037,0.007602267820708926,0.011807777678973442,0.047875818826603835,0.0813949474670569,0.029390328119547223,0.14907061240780348,0.0033431659693479014,0.023784237896217926,0.02412893699616311,0.00433792456211185,0.10193244812664827,0.2348095767235791,0.03285136830332033,0.1714556378251166,0.0264269309957977,0.00867133673299612,0.009249425848529193
818,0.047314942001857645,0.2200147751250651,0.004873542089625457,0.030043317219656026,0.11476405565892206,0.0015717068931596393,0.02635322759575248,0.02484166537011292,0.004392204599292079,0.06646373819613591,0.09409853750355522,0.005231890772686153,0.00255948613340042,0.004286368343887451,0.0014644980460929648,0.005501575864061728,0.16866065661281585,0.15678258596724443,0.0038254685219640695,0.016955757484712453
819,0.008698057165087298,0.01436819132106832,0.01574348346880801,0.016411662896230333,0.01992846008709874,0.011912359286262723,0.014713535952157018,0.020991311291744006,0.013932286255582309,0.0047471154870560766,0.017300531284404404,0.018968052372057842,0.006699354667577876,0.016572087861903166,0.0554686585381505,0.007126049452603121,0.008844653634161804,0.007717393857258828,0.6999282950336888,0.01992846008709874
820,0.013233424171975233,0.01698618625059508,0.01896790797983117,0.019621973772239145,0.025865329063406144,0.010838804559903527,0.014590698446023976,0.49777674783979503,0.013878957058413053,0.0066073151128371,0.013746687052979437,0.01931242006144772,0.004761817902886487,0.01559006135328589,0.007590722391969712,0.017782413731091722,0.011073436166647535,0.23111661490780902,0.02069226325072492,0.019966218926138077
821,0.03567058489219211,0.06034966955303268,0.09528385715744728,0.08719706627660576,0.020655392852972482,0.029014818552893482,0.07476574986780862,0.02275479343802871,0.01935578303353025,0.05218204510224626,0.035692518849936454,0.0037413541771421865,0.0019829177138853587,0.03237416675731198,0.003605304934337016,0.09669783913391564,0.06727756529253896,0.08203208404990106,0.050844043945778426,0.12852244441849545
822,0.06503306549233658,0.05410423507292391,0.12543986664128104,0.156997133243347,0.009356371478776316,0.07898313332249818,0.030650182430474137,0.006348966360598214,0.031126922691851876,0.07767861484171078,0.05844527937427397,0.0249503239434035,0.0027349393553346146,0.08394744410124304,0.02293820104474193,0.04775938874241044,0.029854681512431293,0.007728572270267408,0.005925701936558335,0.07999697614353751
823,0.010790822010651012,0.024795931428729986,0.0740090298036024,0.02378385259490427,0.026486563117052487,0.017676750390524607,0.027401761789099185,0.055767886478374856,0.019127355051783788,0.007020534802110298,0.023308175543006186,0.5132719094724127,0.008964682901156226,0.022411707252890562,0.007667163007567826,0.05085506309819131,0.009349859772742558,0.012397965714364993,0.01513517892402999,0.04977780684680488
824,0.07307253265924496,0.04767254822490166,0.06303146121487625,0.04082499636488736,0.01991384925850322,0.02193604739224584,0.06834213806380567,0.05047681576754293,0.050056175636146734,0.025238407883771467,0.03575441116867624,0.0573297186446486,0.0896639119463176,0.035369955134604454,0.03368169168063703,0.038061147373106965,0.05677584889096327,0.06318585990538324,0.0895824807303097,0.040030002059426785
825,0.014470071349136152,0.008582746218832081,0.01727041517044527,0.006559765678275054,0.08855683665671324,0.01789027003165924,0.08674940161936028,0.0054664713985625455,0.12110336636815486,0.014862976589171026,0.039358594069650324,0.1452755457142553,0.002065221302812721,0.05072534600343558,0.0630221135548329,0.007978093392496688,0.02701079985172081,0.0028520720340326324,0.21818351060349642,0.0620163823929569
826,0.004854888311676,0.03519794025965099,0.009545204138210441,0.009386117402573599,0.010830135464508,0.003128705800857867,0.01309690800359107,0.08549047429852158,0.1335169344980946,0.1500524733571472,0.2499584594348689,0.009232246625482228,0.010429019336192889,0.012799251003509454,0.0026089101354961554,0.004140934148194235,0.06884715223667566,0.16394040300512472,0.010429019336192889,0.012514823203431464
827,0.07079900034744181,0.06581647278000399,0.009554994406906787,0.04810760730810004,0.053440725761541685,0.05512604992004331,0.1535717698200093,0.05281568803333653,0.049867583825249334,0.02647789134827746,0.012657013996154612,0.02742353032500166,0.042291709416870014,0.07239812005800438,0.07409426116625144,0.0687764728785756,0.04423150052419622,0.02830253427989985,0.024558385365673122,0.01968868843846273
828,0.010676419555031545,0.1617780084061977,0.20620716518004256,0.009572386244533534,0.02027397036292503,0.02766468858595815,0.05726484429184685,0.011956444060186555,0.01865205273389103,0.048657528871020074,0.01036225151882835,0.2033606887821948,0.004317604799511812,0.02027397036292503,0.004960652322843357,0.020817023140503377,0.012111722554474695,0.09636214631123431,0.01036225151882835,0.044368180397022956
829,0.014857906662857159,0.020012690607113717,0.03268739465828573,0.17739223153686237,0.03502220856244901,0.00798178433102475,0.03381454619822663,0.029715813325714307,0.4188396034132284,0.006762909239645326,0.018511598983832867,0.0183046042873098,0.00933925561665307,0.013472632795220566,0.10080965973219312,0.008240519661752708,0.010503816665116883,0.010109503502562601,0.014008883424979605,0.019612436794971443
830,0.06728603042612781,0.018332757939389696,0.010475861679651253,0.07333103175755878,0.019011748974181904,0.008861144535729688,0.07129405865318213,0.01890979510381786,0.11407049384509142,0.022318140100126584,0.015097565361850336,0.015555067342512469,0.0072588563581505155,0.09530938101427715,0.024156104578960544,0.1507337561780159,0.22530011607886566,0.00814789241750653,0.013161980059049009,0.021388217595954648
831,0.06029117598082569,0.019358799625964845,0.010175779290571266,0.006152796780345416,0.06614256538871321,0.0024497246440264154,0.016929638193401916,0.08819008718495097,0.1044356295611261,0.08922944327272422,0.07086703434504987,0.01763801743699019,0.11581168841331119,0.06878826800426174,0.09524529415974703,0.03860617588467574,0.0417278478695295,0.022253573401810053,0.020351558581142532,0.04535490198083192
832,0.0021125540464896598,0.022641642724658732,0.012788335242631323,0.00809639154683338,0.0061384009164630335,0.002493177648671019,0.009795320611377183,0.3839486124624888,0.008686416391221275,0.21185370850185026,0.07005783654658898,0.013540590256903753,0.0027901822347559248,0.01150950171836819,0.003541385144113289,0.003069200458231517,0.005291724927985374,0.20421127127697764,0.007425484979592378,0.010008262363798426
833,0.08822367788268165,0.03820754931452003,0.0651265045133864,0.07552655097056284,0.009243761930932263,0.08234385628129315,0.027859671375170852,0.0481937356983554,0.0034734135740472744,0.05985849392608138,0.04659457233478053,0.020764972453543494,0.025184751266267583,0.10767582079546552,0.02930692703102389,0.05434483421031386,0.0840594547718927,0.040381962690143124,0.005458221330645717,0.08817126764889235
834,0.13149679807710327,0.06906143275427946,0.005072308620370806,0.027097333446086162,0.012469425358411569,0.019478865648642922,0.020404514222855292,0.004755551432175634,0.1315316508883112,0.049455009048615384,0.04913325812866647,0.06213231520096545,0.0014815158841677116,0.09542902647672287,0.11303721138954491,0.06248415344434808,0.03711469582828324,0.02654780882758592,0.032846291188010954,0.048970834134852696
835,0.013506110089102182,0.03452117223548781,0.0205807391833938,0.028813034856751324,0.030153176012879285,0.008365074635831029,0.02646095037864917,0.025931731371076194,0.0308711087750907,0.06116621856442758,0.027586948267102333,0.019067449537556024,0.011274665813511386,0.027586948267102333,0.006671604662843171,0.00876072005779601,0.01283749077776049,0.010804888071281745,0.5685790180637084,0.02646095037864917
836,0.04874832798299379,0.00943214734539494,0.01138362610651114,0.007860122787829117,0.008253128927220573,0.0034750016535665573,0.07894297234732722,0.15327135844487152,0.008294254820170776,0.02713357455524573,0.04716073672697472,0.00943214734539494,0.04261364442766753,0.12004551166866288,0.012539842512508151,0.09024483034999209,0.14519951144533882,0.08384130973684395,0.0844506215808617,0.00767732923462379
837,0.05927902747987666,0.033491857149810164,0.39877640399781034,0.14429353593549826,0.0393165279584728,0.00313036932233583,0.022055613244996934,0.02917032719499595,0.04110364286567612,0.011163952383270054,0.022607003576121856,0.04509972296040264,0.008779418864513345,0.0322957193944598,0.009134142859039138,0.019240003043507967,0.017061889491412723,0.012461045658077301,0.02917032719499595,0.022369469424726084
838,0.0066189909555640055,0.020497520378520796,0.027627092684093246,0.021911142473591196,0.02457206210264523,0.007481746310641306,0.011147774240949907,0.27989593955576697,0.035301285096341374,0.08734491897932228,0.016351776858143062,0.018844575167273107,0.005339690182639871,0.017650642548170684,0.00516604172141581,0.019991591921210028,0.08791800960449082,0.2662731101246534,0.021911142473591196,0.018154946620975557
839,0.010855523166839888,0.01858244409821932,0.024927668912245435,0.01793042851582566,0.021745413306426865,0.1643831593304017,0.01798895190092156,0.023228055122774156,0.028389845150057297,0.06684271007210647,0.023228055122774156,0.016222768657175594,0.4545956775161537,0.020039890694158093,0.006679963564719365,0.015059046668330195,0.008618381662656358,0.009291222049109659,0.027622552037893586,0.02376824245121076
840,0.007528740104476063,0.14902974490014068,0.01642431888073006,0.012940022054568234,0.2229665338633295,0.00828161411492367,0.0044084789562357845,0.015057480208952126,0.015926180990237824,0.005080744855781392,0.011830877307033812,0.1088482083971316,0.006678721060422313,0.013802690191539449,0.004788995496856777,0.005453446954056462,0.007394298316896133,0.007968447149845823,0.012002339296990825,0.3635881168998513
841,0.014087813111989565,0.01899720252980411,0.011398321517882466,0.013060576739240323,0.014247901897353081,0.0443828448483919,0.04975457805424884,0.28326161559156554,0.019590865108860486,0.27406805466738593,0.033584340186617975,0.05117613742722739,0.007795321459796069,0.05812923340518047,0.005083579927573069,0.01660682605254399,0.007381489508423586,0.051207327729423616,0.010111414249734444,0.016074555986757326
842,0.07857596165674252,0.028469043020495428,0.025374581822615476,0.027069101349685605,0.021615384515561335,0.5225660916464995,0.016916387881743652,0.0291807690960078,0.029180769096007808,0.00980866188101103,0.03242307677334201,0.041686812994296864,0.010908698727479554,0.0243173075800065,0.005348001908248465,0.01032947578619745,0.010062334171037173,0.011616141789731997,0.035370629207282185,0.0291807690960078
843,0.013975761747914027,0.024273691456903314,0.1024889194847029,0.08070043585330244,0.014641274212100411,0.010364048037778942,0.020052179899181,0.023098922301122732,0.4065809229670924,0.006408556545310905,0.06588573395445185,0.033672234425742,0.0064957765870586335,0.08046333244331018,0.035619758978797135,0.01048182131093552,0.014384060632177047,0.01197922435535488,0.023060006884058147,0.015373337922705434
844,0.013264932134293233,0.027941027261596387,0.027358922526979794,0.046901010046251065,0.023039092654298775,0.06435578331454031,0.020844893353889365,0.023039092654298775,0.007926637563766393,0.0068755407397645555,0.025390705817976388,0.026800577169286327,0.009661048230264247,0.02264186691887983,0.581107138969721,0.00811683819787839,0.010943569010791918,0.013970513630798194,0.01829247732447867,0.021528332480246395
845,0.02741076937521931,0.019766383959656533,0.022791982957014376,0.4457323616131939,0.021001782957135066,0.07220020879614783,0.01600135844353148,0.06720570546283221,0.11357543541751434,0.009164414381295304,0.027245556268715766,0.021448629403031553,0.00861611608497849,0.02194831083675671,0.008921111344623745,0.007579590841672806,0.010392634865386425,0.03200829195224058,0.02240190182094407,0.02458745321810935
846,0.009263818285518376,0.02306347045516748,0.5617064106978201,0.029548168576431902,0.03020216369129075,0.10157770274583734,0.013939460165211113,0.02757588858770025,0.0342835371630868,0.008079559713593703,0.03624259642954889,0.009704974654155695,0.006187760366020544,0.02757588858770025,0.00893303433122684,0.007047171527967841,0.010749922669781451,0.01103711266090103,0.024394055289119452,0.01888730340192021
847,0.007314064894167746,0.018962390466360824,0.021332689274655925,0.02047938170366969,0.021458290473285988,0.012961633989664356,0.03011673779951425,0.17857956752168924,0.015514683108840674,0.22578655308819226,0.03011673779951425,0.14628129788335492,0.005505210135395079,0.15359536277752267,0.01850546539488225,0.0138665655965324,0.012487427868091277,0.03943114895887956,0.012190108156946246,0.015514683108840674
848,0.020080933027994678,0.03025317731068522,0.05354915474131915,0.040161866055989356,0.037072491743990174,0.00818132697725961,0.030121399541992014,0.06425898568958296,0.03442445661941945,0.008611472745089423,0.030121399541992014,0.03442445661941945,0.017212228309709726,0.03442445661941945,0.04124720024580339,0.013769782647767782,0.025365389087993278,0.01606474642239574,0.42623061943275764,0.03442445661941945
849,0.008921292842414717,0.42241849544059673,0.1907907827410224,0.05962211960656948,0.017999130447266268,0.04930138155439179,0.013435970615564959,0.014676214057001726,0.02510405036066084,0.005644697714231432,0.024460356761669536,0.02073812855880678,0.006963167253321986,0.021198975860113604,0.06917988627231536,0.008473780804252689,0.008084355200890781,0.008223740635388898,0.018296046845216154,0.006467426428303956
850,0.03645806872180695,0.017681332815531935,0.016207888414237603,0.004100221913502794,0.025932621462780168,0.3336849089745479,0.018553686862510847,0.019948170355984746,0.02778495156726446,0.0071374187512238995,0.01728841430852011,0.018975088875205,0.006125816093570118,0.38898932194170255,0.0026812673703403237,0.006274021321640363,0.007553190717314611,0.009653862408263433,0.01728841430852011,0.017681332815531935
851,0.2509878894099017,0.030524925265540286,0.02855557524840865,0.020118700743197007,0.021556125715149543,0.009318135081059666,0.01770445665401336,0.02249114088477146,0.027663213521895887,0.009727723436271082,0.027663213521895887,0.017023516013474387,0.04852458919432394,0.03404703202694878,0.009621987311963785,0.3703261130547067,0.008283038867741519,0.016393015420382746,0.013017982833833356,0.01645162579452044
852,0.0060369555929989625,0.011489689676998024,0.013699245384113025,0.016190017272133577,0.03357831432714747,0.0036719626802777182,0.012490978623630333,0.010494605952765322,0.016960970475568504,0.15167733310478979,0.6152206563410759,0.012282082068515127,0.025610220636383425,0.01047589352902761,0.0027879409513269873,0.005242620696074579,0.014840849166122445,0.006248778596262084,0.017809018999346934,0.013191865925442171
853,0.010872087843776461,0.028834667759581045,0.018948495956296118,0.01792425293163146,0.02763322326959851,0.009611555919860348,0.08289966980879551,0.282446191948766,0.03401012094719816,0.009581387795148263,0.08769888511251199,0.028834667759581045,0.012058133790370256,0.03168729241936938,0.01620343012591813,0.009474247978148057,0.05392697639392351,0.18721989936178554,0.025507590710398622,0.02462722216734165
854,0.006416937563233841,0.021458962962833894,0.021906024691226263,0.006758995634814278,0.021906024691226263,0.44992055902594125,0.01983941858828039,0.024453236864624667,0.02022094586882424,0.006149059562449479,0.01569386843550538,0.02022094586882424,0.008416575368816466,0.019117985185070192,0.0026811110893628426,0.2581500394750496,0.03982913580222956,0.006744717697915366,0.010643433676015106,0.019472021947756678
855,0.004655467182407016,0.07603929731264793,0.011868700973838358,0.009310934364814031,0.14220336120806884,0.0051118855336233894,0.11332377835779071,0.008690205407159762,0.011850280100672406,0.0018783523925363884,0.01377087266911722,0.007492605182444191,0.002921112993471883,0.005667525265538976,0.029267028427462486,0.00625694789315503,0.002687692393966937,0.009310934364814031,0.2482915830617075,0.28940143491476283
856,0.01902426997764321,0.023251885528230588,0.023251885528230588,0.027535127599220437,0.052316742438518804,0.010957854800473673,0.025520362165131136,0.02727197369745389,0.09559570531227427,0.01277114088051394,0.03736910174179916,0.04982546898906554,0.010569038876468451,0.03170711662940535,0.4554505105195064,0.006955300643625625,0.012026837342188236,0.014947640696719663,0.02179864268271618,0.04185339395081506
857,0.007194040427190377,0.01861255192074315,0.019471592778623606,0.03086959830757401,0.038353137291228315,0.006916139511532973,0.013961338412687615,0.05062614122442137,0.038353137291228315,0.07206606210184574,0.038353137291228315,0.025313070612210685,0.5376650371189553,0.019471592778623606,0.005362938689027687,0.004627011209148601,0.007318842469774007,0.016653335929085977,0.025313070612210685,0.023498224022659674
858,0.006029570154407206,0.012659132963067312,0.015630050788608973,0.024392351988283704,0.02063968245162467,0.005280320276291435,0.005612475436192146,0.02063968245162467,0.03743942398201684,0.005185071920273669,0.02639172510207745,0.02146526974968966,0.004539482138503876,0.01578328658065416,0.7151475917218266,0.0053026734972577184,0.008473132795930127,0.007702847996300116,0.019632868673496635,0.02205335933187293
859,0.21742579788318553,0.09011489249947559,0.005483181289650631,0.011809928931555204,0.00979972826235432,0.029715305053590515,0.005117635870340589,0.006059510313221623,0.021422661782821074,0.027635233699839175,0.09869726321371135,0.004699869676843399,0.0019779193739427464,0.08374313242375507,0.0031547070433606363,0.1566488540950755,0.2029901421990755,0.0048517463876419165,0.010711330891410537,0.00794115910914919
860,0.07052912753362293,0.029061469519514452,0.015568644385454172,0.02812400276082044,0.024909831016726672,0.011471632705071491,0.015295510273428662,0.19194292179662992,0.02564247310545393,0.008806505915004379,0.04151638502787779,0.018953132295335507,0.02941015824602622,0.0272451276745448,0.009374667586940144,0.007533321850524151,0.38160475047050707,0.011943069665553883,0.02812400276082044,0.022943265410142986
861,0.01492627277363557,0.01347075135245858,0.024877121289392626,0.017911527328362684,0.029203577165808733,0.005453928457846478,0.03444524486223594,0.035351698674400044,0.020990071087925024,0.016769338764102904,0.020990071087925024,0.02534650093636229,0.010833585077638723,0.02066714691734156,0.06860160904679509,0.007381123899050558,0.010177004163842436,0.013300639105219815,0.5794502424623847,0.029852545547271146
862,0.2902093421738088,0.167724263318555,0.019321797939538064,0.02580373281823923,0.03727205851523444,0.0496960780203126,0.02236323510914066,0.03727205851523444,0.033544852663711,0.008282679670052098,0.020965532914819375,0.02484803901015629,0.00810138850221864,0.01916848723640628,0.00849236776296481,0.13429595895669494,0.005310463332487634,0.005224877300573765,0.030495320603373628,0.051607465636478465
863,0.09629900340110066,0.040384274336539766,0.04291363870679115,0.09652934660399795,0.13035232951871528,0.07634925827796751,0.014014044711849666,0.007307630594231007,0.04887924788531221,0.037127478019076884,0.04384578356538604,0.021922891782693018,0.0027403614728366272,0.1349101032781109,0.01235092494799607,0.036263430016484695,0.013993335180442351,0.06183929576837672,0.03265111542103215,0.049326506511059284
864,0.010759566048234515,0.020323624757776312,0.09125400453182524,0.01770122156322453,0.01613934907235177,0.012471315192271829,0.16752099114261468,0.03675268896125061,0.1426322539661853,0.007728702372675497,0.018921995464136563,0.23906501601299573,0.005226074937713907,0.03048543713666446,0.02286407785249835,0.03841370795622495,0.007430734423432625,0.012194174854665786,0.02286407785249835,0.07925098590075881
865,0.039595382980542985,0.026868295593939887,0.017495634340239923,0.026868295593939887,0.017522956239060247,0.0117548793223487,0.016718050591784814,0.32223896559475895,0.0235097586446974,0.2200935771457552,0.07523122766303168,0.022797341716070205,0.011398670858035103,0.022126831665597552,0.008647267547474906,0.007178630180057187,0.002210659314151883,0.08591617430010982,0.020332764233251803,0.021494636475151905
866,0.0186481041866293,0.028790055586375065,0.007814443659158947,0.01498684232730936,0.00841555470986348,0.047312235839984125,0.18084855325482127,0.020573267841540805,0.14352955762231417,0.021618401021146292,0.005758011117275012,0.0053828685432794334,0.11207055784354777,0.03169124076362782,0.12620165538447223,0.01641033168423378,0.07072892647452439,0.06413233071999411,0.00565873506352889,0.06942832635637369
867,0.06628943438009792,0.07490773622335102,0.04967750809869574,0.03176331753012275,0.04035433601257967,0.04870980816650838,0.04270821198864423,0.08237654276761476,0.020466594596543996,0.0296784291523901,0.06908486871718802,0.04989456310556834,0.03852635863586305,0.038507764833432614,0.042485347072067504,0.04580751392532195,0.09659282556202584,0.09058557842006393,0.012413687347619726,0.029169573464300512
868,0.021259656736774834,0.023792630190544,0.026511787926606172,0.054583092790071536,0.038663024059634,0.014966331894051874,0.03711650309724865,0.026497225462437057,0.028118562952461092,0.01145571083248415,0.06186083849541442,0.02993266378810374,0.008562324223790795,0.034367132497452456,0.010342235058754685,0.019562334808322687,0.40638241661873703,0.08591783124363112,0.035688945285816,0.02441875203766358
869,0.08293142656446066,0.09368742583180015,0.010357068931456551,0.025373677829445877,0.008349757227713084,0.004879656813075473,0.013840187906970476,0.1057371893122995,0.016488703986646158,0.013149590163545052,0.045108760585681563,0.012956771657589385,0.003649468843263635,0.019030258372084406,0.02283631004650129,0.02100869265860772,0.20298942263556705,0.2666939090888247,0.017399093368762882,0.013532628175704465
870,0.01277875733774539,0.14829592051949408,0.03727650030121436,0.05913480119742867,0.03968385005976206,0.046256293044542124,0.06320393965444995,0.019995709217778358,0.03286341928380603,0.05952577508964309,0.11259505076480107,0.06830154582988023,0.0027113189481825,0.021259205389158247,0.02863484807519274,0.08396735282631401,0.03504801021206466,0.047448081593193754,0.026879455089740312,0.054140165565608495
871,0.025283636696814996,0.03560348840980072,0.007330129966723676,0.0049844883773721,0.0415374031447675,0.017592311920136824,0.23996075515709633,0.041906825122752366,0.10530204090653379,0.11259179751479367,0.10883091206799389,0.020207385313670674,0.0012846619529309536,0.022656765351691362,0.08315742193176424,0.041537403144767504,0.0459268711960702,0.015457843614898126,0.02318366687149814,0.0056641913379228415
872,0.0018964369996449185,0.02560503317989043,0.02621467682703068,0.011283617495449951,0.028974116493033917,0.012089376523586277,0.018983041840263597,0.11010164267352886,0.016682067071746798,0.10421646503873608,0.20667931224839375,0.023935139711636706,0.0045123624046528215,0.018983041840263597,0.005344739935608196,0.0055606890239155975,0.10724185974694364,0.24138566086442,0.01310733841351534,0.017203381667738882
873,0.004599063433750011,0.014465089435921449,0.008579022174495214,0.01858788137807296,0.010880711050579294,0.012213264018435093,0.08345407655169894,0.00892218306147502,0.16109497194329903,0.002899449579388625,0.007435152551229185,0.007826476369714931,0.0024047739487986497,0.4337172321550357,0.18936763660388947,0.0023390803793787666,0.0035976544602721863,0.005576364413421888,0.012745975802107172,0.00929394068903648
874,0.012586054910121306,0.05124322356263673,0.04220030175746555,0.019927920274358732,0.06521864817062857,0.06483322323924154,0.024738107926790157,0.024738107926790157,0.1349924788661535,0.008246035975596719,0.0511759302725564,0.07199205729018089,0.009963960137179366,0.021739549390209528,0.3151355520623828,0.027981115146930118,0.009081077593378664,0.011760739834047778,0.013056587828840192,0.019389327834511198
875,0.009134895409583718,0.01847801922224139,0.015461199757385653,0.026124096141789555,0.049281282108875696,0.006475203317195702,0.020475642921943166,0.3284743414173812,0.028059214374514703,0.01320549266358747,0.031609692214875675,0.03757556440671592,0.0074274390991362444,0.025253292937063233,0.009353071458171568,0.005246118727932013,0.0014345586413171444,0.33151067209973367,0.021645679660339916,0.01377452342021631
876,0.07432186802890103,0.14404856679795064,0.010632156120801118,0.0108123621567469,0.03479614730444002,0.007505051379389024,0.009381314224236279,0.2807332599957213,0.01608742003891666,0.056110464022293416,0.10131517006457877,0.008393807463790355,0.003913677099681393,0.012036403155623909,0.005249777884722723,0.003963998350490138,0.0234934934261397,0.1729996642179022,0.01678761492758071,0.007417783340093803
877,0.12040690621219295,0.05663315027878343,0.17944972939869924,0.008490831266224609,0.007248270593118568,0.26260652152433706,0.007436034668166546,0.012382462263244222,0.01350814065081188,0.002665283357110864,0.01122925228234914,0.07204341680433002,0.011267453812999482,0.011887163772714454,0.003415851658825993,0.18501446288848453,0.011503706876820442,0.004576953561681285,0.008490831266224609,0.009743576862880698
878,0.05776259883439956,0.07583447958408411,0.05005274296153957,0.01957247649837363,0.04521451990296335,0.04618910723373748,0.10527978023987915,0.06086569986937373,0.007535753317160559,0.02650851277496745,0.026085299944017322,0.06591095734061589,0.04871177558606548,0.04944661759911409,0.027178126717628245,0.061762101929305604,0.07213500708203034,0.04458369738608101,0.025524325751672856,0.0838464194469906
879,0.040358414854637266,0.05790290652415066,0.0896001652503075,0.08898719307955977,0.0030706086793110196,0.0755533556856563,0.1068073883857644,0.0026319502965523023,0.0017540811605138084,0.0008927760917820585,0.002814724622701768,0.160874570188233,0.021855508835096082,0.10977426028536895,0.03780189752353877,0.1045726491826161,0.07495650228126353,0.0014736852975180176,0.003117848812838881,0.015199512962589548
880,0.048639612568851055,0.031449449666263694,0.02851400244682548,0.05696888170678676,0.06615154789390121,0.045766837959518594,0.08936176959224838,0.0023730039293635334,0.06773555768660235,0.08322709433419927,0.06750787040430742,0.12265285369842843,0.019532889486597784,0.039625563814358555,0.013595335011978576,0.041396896741319786,0.005729936317243653,0.013502492040601832,0.03070946261529278,0.12555894208531101
881,0.058629275646552695,0.04237297649000855,0.08314697273511111,0.10736487421431504,0.014867711049125806,0.03988044846118451,0.05649730198667806,0.019233124080571252,0.0493398612192499,0.02764761586582118,0.08679372633112051,0.07424765274062846,0.03395692761893603,0.021967541038929863,0.04345746835138746,0.07410685065785043,0.06573484052965335,0.03449308963397186,0.025583683918495723,0.04067805743040819
882,0.005007501986857752,0.19025421507107387,0.007630615512005109,0.00975718049076063,0.28641893248612227,0.005175547912490421,0.10253324681760322,0.007831421183373665,0.010087932371803365,0.0028614808170019154,0.008883403133379082,0.007019645477882353,0.0028892621841572737,0.00815326041008765,0.0030212589336873017,0.002357110872964593,0.0037199250621024896,0.004441701566689541,0.06876859816298647,0.263187759546971
883,0.042708870681039374,0.08327529615441162,0.1394377051887823,0.045223039520686154,0.04131487561149104,0.04465651996242047,0.0374248386220974,0.026496864602221802,0.04313896673056829,0.05668704702292613,0.04033551391043479,0.02197200202974751,0.011241039851046878,0.04421195530376023,0.04853462467111245,0.06647611526441945,0.048044199542310755,0.0586559722491759,0.03098615670861828,0.06917839637272918
884,0.00991799398765367,0.19005117896314927,0.229094037614661,0.05708934034160085,0.010888348794763763,0.08489978779527563,0.009169135827169482,0.021776697589527525,0.017421358071622015,0.020231254534786858,0.029865185265637743,0.1416171100755116,0.003226177420670744,0.010666137594870622,0.006227197738210441,0.0358147963088643,0.03295932608144706,0.0066276654135276,0.04751279474078732,0.03494447584026238
885,0.06862635870744845,0.06395616639498747,0.02336073853301352,0.014253166808470066,0.09002937486625918,0.004014976565766215,0.13913253480411325,0.02375527801411677,0.008384215769688275,0.018692677781600085,0.00950211120564671,0.0945711083633031,0.0034763821484073334,0.13122567643883443,0.02565570025524612,0.02357460385666623,0.014494745906918708,0.04751055602823356,0.07126583404235032,0.12451779350893014
