site,A,C,D,E,F,G,H,I,K,L,M,N,P,Q,R,S,T,V,W,Y
790,0.05053,0.02805,0.01062,0.02737,0.06590,0.00439,0.06306,0.04051,0.04659,0.08127,0.08218,0.06299,0.05989,0.08353,0.04055,0.01732,0.08256,0.05410,0.01888,0.07971
791,0.13541,0.11618,0.01157,0.00647,0.01014,0.05173,0.00886,0.01213,0.00783,0.00705,0.00732,0.01156,0.53230,0.01564,0.00188,0.01888,0.02447,0.00310,0.00452,0.01294
792,0.07956,0.04812,0.01444,0.03457,0.00940,0.06372,0.07502,0.00988,0.10132,0.02087,0.04090,0.09031,0.00052,0.05925,0.10571,0.12520,0.07422,0.01519,0.00751,0.02429
793,0.05697,0.00739,0.00909,0.02172,0.00834,0.62596,0.07434,0.01196,0.01135,0.00243,0.00918,0.05984,0.00407,0.01564,0.01514,0.03262,0.00494,0.00475,0.00377,0.02049
794,0.00688,0.01088,0.01678,0.01234,0.01374,0.03310,0.16988,0.04375,0.05272,0.00778,0.01625,0.01554,0.01024,0.02234,0.50204,0.00949,0.01584,0.00566,0.00976,0.02498
795,0.02360,0.01189,0.01120,0.01431,0.01462,0.00307,0.01691,0.01052,0.01490,0.00532,0.01411,0.01312,0.01971,0.01676,0.00359,0.00897,0.73653,0.03593,0.01089,0.01407
796,0.00633,0.01058,0.01115,0.01687,0.01371,0.00601,0.01396,0.02770,0.01947,0.00466,0.01337,0.01309,0.01100,0.03684,0.00422,0.02052,0.74245,0.00486,0.00874,0.01447
797,0.00487,0.01375,0.01624,0.00838,0.01205,0.01035,0.02148,0.01693,0.01052,0.00508,0.01110,0.01805,0.00931,0.01543,0.00807,0.00497,0.00855,0.00400,0.77955,0.02133
798,0.01325,0.01149,0.01215,0.01064,0.01655,0.00396,0.02573,0.01602,0.01623,0.00340,0.01409,0.02158,0.01741,0.01599,0.00417,0.74155,0.02310,0.00653,0.01232,0.01384
799,0.00229,0.05417,0.00558,0.00359,0.03141,0.00122,0.00527,0.28304,0.00483,0.48707,0.03505,0.00425,0.00314,0.00474,0.00103,0.00366,0.01855,0.02444,0.00347,0.02319
800,0.00580,0.01231,0.02260,0.01106,0.01409,0.00460,0.65497,0.01083,0.01261,0.00736,0.05347,0.06248,0.01239,0.03542,0.02904,0.00456,0.00719,0.00614,0.00921,0.02385
801,0.05372,0.05642,0.01029,0.00574,0.00926,0.27422,0.00752,0.00842,0.00592,0.00254,0.00691,0.14463,0.00347,0.00630,0.00224,0.22341,0.01790,0.14531,0.00564,0.01013
802,0.05197,0.06393,0.00729,0.01129,0.00872,0.10853,0.05929,0.01507,0.11700,0.00124,0.00720,0.01685,0.00139,0.06965,0.06606,0.16122,0.15892,0.01271,0.01025,0.05141
803,0.18067,0.06511,0.00530,0.01375,0.03934,0.19140,0.01503,0.00539,0.00565,0.02524,0.03038,0.03872,0.00273,0.08115,0.00859,0.24474,0.02397,0.00869,0.00770,0.00646
804,0.01182,0.00621,0.45869,0.30759,0.00829,0.01696,0.00805,0.01056,0.00833,0.00244,0.02087,0.00660,0.00282,0.10261,0.00267,0.00245,0.00385,0.00293,0.00859,0.00769
805,0.00532,0.02332,0.01512,0.01305,0.01051,0.00488,0.01762,0.01341,0.01173,0.00671,0.01084,0.01275,0.00470,0.01052,0.02089,0.00506,0.00667,0.00500,0.79091,0.01100
806,0.05460,0.06771,0.00791,0.00608,0.03502,0.05424,0.02477,0.02917,0.01560,0.04906,0.27425,0.00861,0.00186,0.22119,0.02377,0.06480,0.02764,0.01788,0.00472,0.01111
807,0.04246,0.16849,0.03136,0.00326,0.00275,0.15208,0.01032,0.01514,0.00351,0.00224,0.00309,0.03529,0.00076,0.00489,0.00164,0.24371,0.21831,0.05527,0.00248,0.00294
808,0.03273,0.09171,0.05904,0.04901,0.00189,0.03637,0.06514,0.04111,0.04332,0.03061,0.08604,0.09264,0.01153,0.09776,0.05432,0.06676,0.07294,0.06143,0.00157,0.00409
809,0.07893,0.04434,0.11816,0.10751,0.00187,0.04215,0.04967,0.00836,0.04279,0.01807,0.04376,0.10385,0.00115,0.12497,0.03171,0.08729,0.06557,0.02144,0.00139,0.00701
810,0.05262,0.12136,0.28421,0.14627,0.00374,0.01878,0.02735,0.00322,0.00626,0.00203,0.00453,0.13258,0.02955,0.02258,0.00242,0.10367,0.02633,0.00309,0.00567,0.00375
811,0.01062,0.02286,0.01160,0.00526,0.01042,0.00249,0.00999,0.20372,0.00695,0.17772,0.35995,0.01056,0.00240,0.01917,0.00347,0.04340,0.04269,0.04207,0.00421,0.01047
812,0.00330,0.00607,0.00521,0.00797,0.01077,0.00285,0.00755,0.24481,0.00677,0.50619,0.15417,0.00475,0.00318,0.00644,0.00451,0.00240,0.00275,0.00693,0.00783,0.00556
813,0.04920,0.04089,0.06634,0.08911,0.05786,0.06224,0.06017,0.03528,0.02357,0.05402,0.04576,0.06369,0.00554,0.05290,0.03490,0.05890,0.05358,0.02768,0.05922,0.05916
814,0.02076,0.16553,0.00527,0.00420,0.00512,0.00567,0.00528,0.15397,0.00510,0.03900,0.06272,0.00415,0.00192,0.00631,0.00141,0.00182,0.21049,0.29227,0.00359,0.00541
815,0.00635,0.01296,0.01439,0.01402,0.01387,0.01035,0.01330,0.01451,0.01599,0.01369,0.01281,0.01302,0.00583,0.01817,0.02442,0.00484,0.00625,0.00538,0.76410,0.01576
816,0.00751,0.01528,0.01219,0.01062,0.01439,0.00623,0.01366,0.03621,0.02218,0.00396,0.01293,0.68735,0.00663,0.01306,0.00430,0.03836,0.05647,0.00956,0.01136,0.01773
817,0.01641,0.00697,0.00620,0.00756,0.00584,0.01943,0.05328,0.01091,0.24672,0.00556,0.03865,0.05029,0.00279,0.16291,0.26402,0.02364,0.06160,0.00766,0.00472,0.00484
818,0.02046,0.20616,0.00297,0.02033,0.03056,0.00593,0.00679,0.08423,0.00314,0.07325,0.16281,0.00427,0.00163,0.00333,0.00121,0.00364,0.15168,0.20371,0.00282,0.01107
819,0.00676,0.00846,0.00967,0.01010,0.01308,0.00327,0.01001,0.01458,0.01053,0.00335,0.01101,0.00899,0.00424,0.01174,0.02326,0.00476,0.00697,0.00503,0.82260,0.01160
820,0.00958,0.01287,0.01274,0.01596,0.01858,0.00706,0.00903,0.64153,0.01098,0.00430,0.00873,0.01494,0.00333,0.01127,0.00511,0.01339,0.03047,0.14137,0.01494,0.01381
821,0.05466,0.04369,0.07158,0.07935,0.05857,0.01254,0.06351,0.06996,0.01675,0.06172,0.04954,0.02320,0.00085,0.05163,0.01115,0.05862,0.06560,0.05474,0.06959,0.08275
822,0.04415,0.06528,0.10778,0.13486,0.03515,0.04877,0.05002,0.00292,0.01771,0.05737,0.05830,0.07343,0.00136,0.08038,0.01772,0.06915,0.06280,0.00772,0.01984,0.04529
823,0.00860,0.01742,0.00466,0.01895,0.02204,0.00642,0.01991,0.02468,0.03038,0.00542,0.01611,0.74785,0.00589,0.01847,0.00521,0.00472,0.00658,0.00896,0.01291,0.01481
824,0.06527,0.04045,0.06819,0.05395,0.02649,0.02712,0.06110,0.04681,0.05700,0.03518,0.04930,0.05858,0.08560,0.05200,0.03475,0.06137,0.05930,0.05022,0.04025,0.02707
825,0.02758,0.04308,0.01481,0.01961,0.10051,0.01566,0.10270,0.00448,0.07928,0.01786,0.10671,0.05690,0.00138,0.07450,0.04724,0.02628,0.01389,0.00423,0.18211,0.06119
826,0.00424,0.13507,0.00743,0.01101,0.00915,0.00306,0.01236,0.09255,0.03906,0.16361,0.35745,0.00913,0.00543,0.02173,0.00637,0.00297,0.03011,0.07335,0.00793,0.00799
827,0.04902,0.04447,0.03947,0.04630,0.05875,0.02521,0.08756,0.06017,0.04775,0.04675,0.03983,0.05619,0.06660,0.05225,0.04526,0.04670,0.05049,0.04279,0.03900,0.05544
828,0.01076,0.15608,0.24621,0.03655,0.01062,0.00604,0.03705,0.10172,0.01296,0.02327,0.01690,0.15629,0.00323,0.01377,0.00458,0.02944,0.02682,0.08069,0.00706,0.01996
829,0.00933,0.01631,0.02412,0.03919,0.01676,0.00752,0.02363,0.01982,0.60261,0.00467,0.03805,0.03260,0.00617,0.05783,0.03974,0.00689,0.01838,0.00704,0.01172,0.01761
830,0.04738,0.01545,0.02032,0.03533,0.01448,0.00635,0.05162,0.03836,0.09658,0.00723,0.01953,0.05358,0.00475,0.04310,0.03680,0.20388,0.26488,0.01111,0.01100,0.01827
831,0.04979,0.03429,0.00437,0.01272,0.05150,0.00143,0.07138,0.06817,0.04877,0.08970,0.05038,0.04632,0.11705,0.03280,0.05916,0.02370,0.03219,0.03230,0.07187,0.10213
832,0.01492,0.05547,0.00829,0.00662,0.00488,0.00413,0.00698,0.31782,0.00592,0.23127,0.05528,0.00816,0.00212,0.00743,0.00205,0.00198,0.00368,0.25254,0.00470,0.00577
833,0.04770,0.04462,0.07370,0.09215,0.02016,0.06379,0.05727,0.02539,0.04354,0.05093,0.03644,0.04386,0.03124,0.06303,0.03740,0.07550,0.07107,0.05400,0.02103,0.04718
834,0.11460,0.07976,0.01180,0.02269,0.01292,0.01892,0.06849,0.01119,0.12813,0.04354,0.05170,0.05294,0.00073,0.12221,0.06495,0.05906,0.05894,0.05820,0.00619,0.01303
835,0.00708,0.02222,0.01710,0.02238,0.01738,0.01346,0.01631,0.01997,0.01604,0.01226,0.01590,0.01182,0.00654,0.01704,0.01906,0.00806,0.00787,0.00812,0.68632,0.05506
836,0.02302,0.00692,0.00530,0.00476,0.00516,0.00308,0.04430,0.10538,0.08112,0.03180,0.06954,0.01378,0.03313,0.13915,0.04792,0.07856,0.16742,0.07717,0.05224,0.01026
837,0.02251,0.01727,0.43943,0.16623,0.01801,0.00251,0.01862,0.02375,0.02377,0.00693,0.01682,0.02304,0.00647,0.12342,0.00567,0.01449,0.00871,0.03278,0.01515,0.01444
838,0.00588,0.01526,0.01854,0.01403,0.03931,0.00563,0.01177,0.37522,0.02000,0.10602,0.02290,0.04271,0.00402,0.01166,0.00384,0.01290,0.01558,0.24889,0.01322,0.01264
839,0.01105,0.01252,0.01519,0.01406,0.01980,0.13274,0.02746,0.01730,0.01495,0.01968,0.01343,0.01160,0.59948,0.01245,0.00589,0.02463,0.01398,0.00623,0.01344,0.01412
840,0.00440,0.03671,0.03648,0.00928,0.40158,0.00433,0.01958,0.00928,0.00907,0.00287,0.00772,0.03217,0.00500,0.01284,0.00281,0.00555,0.00388,0.00452,0.00649,0.38545
841,0.01877,0.01642,0.01091,0.00805,0.00835,0.02305,0.02420,0.20102,0.01215,0.33899,0.12772,0.03128,0.00974,0.03223,0.00684,0.02542,0.01762,0.06926,0.00775,0.01024
842,0.08212,0.05446,0.01003,0.02748,0.01247,0.45460,0.01055,0.01384,0.01688,0.00507,0.01823,0.19132,0.00529,0.04078,0.00379,0.00457,0.00604,0.01389,0.01552,0.01306
843,0.00927,0.01832,0.04592,0.05418,0.01090,0.00918,0.01336,0.02359,0.54139,0.00425,0.11623,0.03141,0.00457,0.03494,0.03196,0.00673,0.00711,0.00913,0.01524,0.01231
844,0.01068,0.01470,0.01715,0.02568,0.01357,0.03576,0.01304,0.01300,0.02781,0.00449,0.02665,0.01319,0.00637,0.01839,0.70534,0.00866,0.00678,0.01044,0.01563,0.01268
845,0.00974,0.01949,0.02887,0.61601,0.01778,0.00757,0.01479,0.03397,0.08611,0.00663,0.02009,0.01768,0.00688,0.02809,0.00670,0.00623,0.00898,0.02615,0.02193,0.01631
846,0.02670,0.01627,0.69845,0.04393,0.01730,0.02911,0.00970,0.01816,0.01835,0.00480,0.01791,0.00915,0.00431,0.01803,0.00610,0.00485,0.00769,0.01017,0.02023,0.01879
847,0.01085,0.03347,0.01474,0.01154,0.10512,0.03397,0.06387,0.05578,0.01360,0.30252,0.06360,0.07874,0.00572,0.09269,0.01345,0.02446,0.01303,0.03761,0.01081,0.01444
848,0.01329,0.02741,0.02921,0.02547,0.02407,0.02416,0.02464,0.03349,0.02419,0.01429,0.02587,0.02845,0.01088,0.02876,0.03398,0.01064,0.01331,0.01140,0.55926,0.03725
849,0.00955,0.52628,0.10625,0.09534,0.01435,0.01854,0.00947,0.01244,0.01982,0.00699,0.01677,0.02096,0.00618,0.02095,0.01591,0.01009,0.00638,0.00700,0.03887,0.03784
850,0.02554,0.01779,0.03545,0.00525,0.02239,0.61350,0.01306,0.01968,0.03534,0.00732,0.02148,0.01821,0.00663,0.07923,0.00727,0.00636,0.00801,0.02471,0.01679,0.01598
851,0.17261,0.02398,0.01969,0.01672,0.01965,0.00727,0.01372,0.01533,0.02527,0.00917,0.01861,0.01286,0.01593,0.02602,0.00660,0.53535,0.01812,0.01174,0.01404,0.01730
852,0.00704,0.01974,0.02314,0.01611,0.06726,0.00503,0.01225,0.03308,0.01915,0.35112,0.31827,0.01583,0.00719,0.01869,0.01314,0.00569,0.01734,0.00770,0.02018,0.02206
853,0.00991,0.04301,0.01463,0.01991,0.02507,0.00788,0.03260,0.46166,0.02217,0.08867,0.04072,0.02330,0.00775,0.02534,0.01702,0.00765,0.02823,0.07963,0.01764,0.02720
854,0.00367,0.01056,0.01048,0.01088,0.01594,0.46728,0.01059,0.01584,0.00944,0.00380,0.02410,0.01201,0.00418,0.01351,0.00150,0.14066,0.21478,0.00975,0.00848,0.01256
855,0.00371,0.05867,0.00594,0.00633,0.31046,0.00303,0.11296,0.00388,0.00668,0.00117,0.00733,0.04170,0.00160,0.00402,0.01012,0.00360,0.00193,0.00457,0.18502,0.22730
856,0.01390,0.02547,0.02373,0.02081,0.03753,0.02068,0.02129,0.02057,0.03297,0.00793,0.02533,0.02481,0.00826,0.02695,0.60787,0.00715,0.01109,0.01541,0.02016,0.02811
857,0.01004,0.01374,0.01392,0.01969,0.02304,0.00464,0.01555,0.02553,0.02638,0.03686,0.04030,0.01920,0.67314,0.01402,0.00379,0.00825,0.00670,0.01092,0.01657,0.01773
858,0.00338,0.00970,0.00966,0.01652,0.01179,0.00479,0.02223,0.01488,0.02411,0.00465,0.01773,0.01421,0.00605,0.01083,0.78442,0.01296,0.00508,0.00492,0.00979,0.01228
859,0.13161,0.06659,0.00251,0.00447,0.00565,0.02444,0.06760,0.01062,0.01027,0.02307,0.05671,0.00535,0.00254,0.20356,0.00382,0.20093,0.16654,0.00634,0.00409,0.00327
860,0.02165,0.03975,0.01571,0.02311,0.02162,0.01099,0.01307,0.07720,0.02339,0.00680,0.03237,0.02306,0.01168,0.02336,0.00682,0.02636,0.57581,0.00953,0.02067,0.01704
861,0.01064,0.05746,0.01620,0.01084,0.02028,0.00422,0.01864,0.02236,0.01338,0.00618,0.01361,0.01768,0.00676,0.01292,0.01383,0.00757,0.00766,0.00736,0.70830,0.02411
862,0.40827,0.13098,0.02028,0.01564,0.02603,0.03509,0.01561,0.02090,0.02282,0.00638,0.01658,0.01597,0.00858,0.01281,0.00541,0.16973,0.00543,0.00846,0.02308,0.03198
863,0.10289,0.04168,0.03729,0.10419,0.08108,0.04748,0.05148,0.00470,0.04709,0.01995,0.03775,0.01572,0.00159,0.14671,0.02234,0.07863,0.05074,0.05560,0.03406,0.01904
864,0.00877,0.05530,0.03350,0.01714,0.01239,0.00630,0.22118,0.01354,0.11610,0.00422,0.01459,0.27575,0.00448,0.01527,0.07707,0.02134,0.01146,0.00663,0.01940,0.06555
865,0.05307,0.01664,0.01435,0.01550,0.01001,0.00613,0.00897,0.37791,0.01996,0.19443,0.07724,0.00979,0.00634,0.01478,0.00468,0.00450,0.01087,0.12654,0.01448,0.01382
866,0.02701,0.03462,0.00496,0.01475,0.03488,0.02307,0.09488,0.06053,0.14250,0.03720,0.02333,0.00339,0.10868,0.04492,0.08390,0.03472,0.05978,0.06318,0.03590,0.06781
867,0.05421,0.07918,0.04771,0.03262,0.04018,0.03918,0.06032,0.05375,0.01504,0.04426,0.07647,0.08401,0.03691,0.05786,0.04023,0.05842,0.07066,0.05444,0.02048,0.03407
868,0.00961,0.02049,0.02100,0.02901,0.02304,0.01092,0.01944,0.02648,0.02673,0.00732,0.02952,0.01472,0.00536,0.02296,0.00754,0.05143,0.53037,0.10008,0.02179,0.02217
869,0.05769,0.18299,0.00860,0.01570,0.00783,0.00842,0.00894,0.06049,0.01228,0.01187,0.04187,0.01062,0.00267,0.01197,0.01463,0.01835,0.12563,0.37684,0.01301,0.00959
870,0.07608,0.09847,0.01640,0.04205,0.04584,0.08389,0.07889,0.02141,0.04241,0.03459,0.06989,0.06714,0.00161,0.03441,0.07643,0.05186,0.04688,0.02844,0.03782,0.04548
871,0.03846,0.04811,0.00413,0.00317,0.08018,0.01403,0.07420,0.04531,0.14375,0.12249,0.11540,0.01268,0.00087,0.03865,0.16024,0.04380,0.02344,0.01563,0.01097,0.00449
872,0.01961,0.17392,0.01449,0.00785,0.01449,0.00660,0.01069,0.08158,0.00991,0.11359,0.18890,0.01103,0.00248,0.00849,0.00271,0.00649,0.04363,0.26513,0.00824,0.01017
873,0.00424,0.00140,0.01079,0.01487,0.00883,0.00719,0.10827,0.00865,0.14929,0.00310,0.01179,0.00631,0.00244,0.26667,0.35324,0.00656,0.01091,0.00542,0.01036,0.00967
874,0.01055,0.03012,0.02269,0.01509,0.11944,0.02584,0.04416,0.01760,0.09771,0.00640,0.02658,0.02630,0.00635,0.01568,0.41365,0.01913,0.01617,0.02778,0.04122,0.01752
875,0.00963,0.04591,0.00987,0.02029,0.02156,0.00476,0.01586,0.41015,0.01448,0.10032,0.02065,0.01190,0.00441,0.01511,0.00551,0.00394,0.00360,0.25671,0.01536,0.00997
876,0.02692,0.08501,0.00792,0.01060,0.02291,0.00589,0.00744,0.46974,0.01422,0.06680,0.04282,0.01319,0.00300,0.01119,0.01967,0.00323,0.03011,0.13490,0.01632,0.00813
877,0.06654,0.09583,0.11363,0.00541,0.00489,0.28894,0.00648,0.00654,0.00657,0.00154,0.00553,0.16863,0.00385,0.00586,0.00217,0.19200,0.01162,0.00388,0.00522,0.00488
878,0.06069,0.06601,0.05377,0.05182,0.04367,0.03352,0.06879,0.06806,0.02868,0.04125,0.04031,0.04553,0.05777,0.05541,0.02262,0.06968,0.06788,0.04776,0.03455,0.04224
879,0.05924,0.04602,0.09335,0.10510,0.00166,0.05194,0.08251,0.00177,0.04057,0.00067,0.00509,0.13625,0.01490,0.08901,0.07164,0.09454,0.07321,0.00222,0.00177,0.02857
880,0.05435,0.05133,0.02968,0.06756,0.06171,0.02883,0.08576,0.00248,0.04915,0.07574,0.06031,0.09646,0.01649,0.06533,0.02904,0.03684,0.00500,0.00738,0.07200,0.10455
881,0.04832,0.05407,0.05080,0.04377,0.05007,0.03833,0.05469,0.04072,0.05671,0.04638,0.04429,0.06059,0.04611,0.05193,0.04561,0.06926,0.05996,0.05059,0.02699,0.06080
882,0.00418,0.06031,0.00917,0.00814,0.35745,0.00405,0.03410,0.00596,0.00705,0.00231,0.00694,0.00569,0.00233,0.00598,0.00261,0.00188,0.00300,0.00388,0.07593,0.39904
883,0.05174,0.06254,0.06448,0.06914,0.06119,0.04609,0.04671,0.03237,0.03787,0.04703,0.04379,0.05449,0.01227,0.07785,0.04418,0.06085,0.04730,0.04485,0.03484,0.06042
884,0.00565,0.11891,0.18646,0.07468,0.08822,0.02253,0.01094,0.00738,0.00652,0.02928,0.09918,0.10145,0.00203,0.02453,0.00204,0.08493,0.04461,0.00473,0.02693,0.05900
885,0.07889,0.06378,0.01739,0.00874,0.15479,0.01332,0.09312,0.04176,0.00840,0.03546,0.04585,0.02721,0.00203,0.06829,0.01631,0.03386,0.04787,0.05278,0.05700,0.13316
886,0.01128,0.08569,0.02517,0.02807,0.03228,0.02596,0.01276,0.03248,0.03900,0.29380,0.16280,0.01450,0.00164,0.05517,0.01848,0.00734,0.07451,0.02019,0.03017,0.02873
887,0.08874,0.06223,0.02358,0.02372,0.01820,0.02970,0.06076,0.06453,0.05193,0.05322,0.05588,0.03936,0.01203,0.13842,0.02812,0.05447,0.05651,0.08885,0.02392,0.02583
888,0.03259,0.07535,0.00592,0.00639,0.04400,0.00582,0.06476,0.00668,0.05511,0.05424,0.08896,0.07222,0.00126,0.07545,0.00453,0.14001,0.17609,0.01973,0.01222,0.05865
889,0.01477,0.04030,0.02185,0.07855,0.03120,0.01687,0.00540,0.02675,0.05841,0.01179,0.10622,0.01682,0.00985,0.45093,0.02779,0.00782,0.00722,0.01570,0.03227,0.01948
890,0.02103,0.08411,0.01325,0.09517,0.04699,0.02410,0.02696,0.10730,0.01761,0.06770,0.07377,0.01235,0.00197,0.04085,0.01231,0.02020,0.08034,0.12517,0.08644,0.04239
891,0.13431,0.02524,0.06701,0.06701,0.06701,0.03525,0.00111,0.06701,0.06701,0.00662,0.06701,0.06701,0.00281,0.03785,0.06714,0.01185,0.03409,0.04064,0.06701,0.06701
892,0.01941,0.00450,0.21546,0.03872,0.13618,0.01336,0.06419,0.01585,0.01972,0.00523,0.01992,0.06998,0.01203,0.02045,0.01153,0.01347,0.01540,0.01149,0.01446,0.27864
893,0.01970,0.02518,0.01356,0.00733,0.04959,0.00958,0.01210,0.27715,0.01253,0.31266,0.04509,0.01690,0.00388,0.00862,0.00825,0.03325,0.00989,0.10662,0.01786,0.01026
894,0.04524,0.13066,0.01174,0.00606,0.01670,0.37687,0.01850,0.00779,0.01457,0.02627,0.02973,0.04931,0.02512,0.01507,0.00687,0.04458,0.09276,0.02620,0.01346,0.04251
895,0.11386,0.08504,0.14284,0.10079,0.00923,0.02408,0.06858,0.02923,0.02581,0.01966,0.04302,0.03498,0.02022,0.10409,0.01291,0.05719,0.04627,0.04005,0.00395,0.01819
896,0.06211,0.08982,0.01649,0.04889,0.04858,0.02459,0.05369,0.03014,0.05811,0.04754,0.05158,0.06572,0.06962,0.05569,0.03986,0.06826,0.05903,0.04606,0.02293,0.04128
897,0.04652,0.07524,0.05038,0.02665,0.09286,0.07055,0.05960,0.03773,0.02254,0.02462,0.03275,0.08407,0.08271,0.03700,0.02375,0.04847,0.03610,0.01788,0.02591,0.10466
898,0.05813,0.05024,0.00280,0.02085,0.06776,0.01186,0.05685,0.09729,0.00461,0.02368,0.06029,0.03276,0.02222,0.03836,0.00823,0.06593,0.11131,0.08325,0.09398,0.08959
899,0.00630,0.01183,0.00647,0.01020,0.01134,0.00459,0.00909,0.00267,0.08801,0.04008,0.02586,0.01351,0.00260,0.01082,0.19112,0.21079,0.33055,0.00598,0.00984,0.00833
900,0.05448,0.00635,0.00530,0.00913,0.09566,0.00319,0.01525,0.00645,0.00849,0.01162,0.05918,0.00565,0.40989,0.00573,0.00172,0.00215,0.00271,0.00349,0.12348,0.17007
901,0.00720,0.00952,0.00917,0.03691,0.01191,0.69870,0.00826,0.01110,0.03210,0.00508,0.02963,0.01658,0.00438,0.01834,0.05567,0.00364,0.00663,0.00857,0.01842,0.00818
902,0.15949,0.01891,0.00915,0.00941,0.00929,0.00599,0.00775,0.00729,0.01143,0.00295,0.07045,0.00970,0.00325,0.00663,0.00303,0.00294,0.00385,0.64079,0.00855,0.00916
903,0.00744,0.02058,0.01716,0.01485,0.03680,0.00553,0.01484,0.01310,0.01150,0.71598,0.00913,0.01122,0.00472,0.01966,0.00621,0.02222,0.00438,0.00626,0.04633,0.01210
