site,A,C,D,E,F,G,H,I,K,L,M,N,P,Q,R,S,T,V,W,Y
790,0.06309,0.03914,0.01977,0.02191,0.06373,0.00532,0.06273,0.03559,0.05938,0.03028,0.04541,0.07752,0.04130,0.07768,0.05569,0.03790,0.09949,0.05130,0.02866,0.08411
791,0.07801,0.13183,0.01958,0.01089,0.01701,0.06153,0.01498,0.02030,0.01327,0.00734,0.01029,0.01927,0.46330,0.02225,0.00316,0.03434,0.03806,0.00520,0.00764,0.02177
792,0.10338,0.04398,0.00964,0.02231,0.00683,0.07408,0.07487,0.02179,0.10136,0.01857,0.03195,0.08966,0.00108,0.05530,0.12073,0.12364,0.06817,0.00872,0.00819,0.01575
793,0.02071,0.01267,0.01561,0.02943,0.01416,0.54902,0.08567,0.02049,0.01989,0.00419,0.01580,0.06017,0.00702,0.02104,0.03170,0.04629,0.00850,0.00445,0.00512,0.02809
794,0.00833,0.01633,0.02533,0.01631,0.02073,0.05428,0.17690,0.02003,0.08854,0.01162,0.02429,0.02323,0.01524,0.03327,0.38708,0.00622,0.01262,0.00846,0.01449,0.03670
795,0.02908,0.01923,0.01827,0.02330,0.02390,0.00500,0.02753,0.01662,0.02430,0.00862,0.02277,0.01862,0.01748,0.02760,0.00584,0.01015,0.62532,0.03595,0.01763,0.02278
796,0.00845,0.01706,0.01793,0.02698,0.02207,0.00667,0.02245,0.04380,0.02716,0.00753,0.02150,0.01807,0.01784,0.05853,0.00683,0.01161,0.62065,0.00780,0.01399,0.02309
797,0.00794,0.01709,0.02642,0.01366,0.01957,0.00676,0.03830,0.02750,0.01713,0.00594,0.01798,0.02933,0.01514,0.02516,0.01422,0.00708,0.01178,0.00654,0.66279,0.02968
798,0.01460,0.01771,0.01875,0.01640,0.02547,0.00611,0.03972,0.02469,0.02511,0.01252,0.02171,0.03307,0.04875,0.02468,0.00644,0.59857,0.01535,0.01005,0.01896,0.02134
799,0.00395,0.07104,0.00817,0.00609,0.03327,0.00177,0.00910,0.25023,0.00705,0.43230,0.03265,0.00693,0.00538,0.00815,0.00176,0.00251,0.04594,0.04676,0.00596,0.02098
800,0.00964,0.02057,0.02660,0.01832,0.02362,0.00769,0.56476,0.01811,0.02094,0.01140,0.08198,0.02429,0.01716,0.01574,0.07036,0.00759,0.01169,0.00879,0.01533,0.02541
801,0.02689,0.03603,0.01890,0.02519,0.02008,0.30968,0.01636,0.01601,0.01286,0.00550,0.01500,0.13285,0.00752,0.01368,0.00262,0.18840,0.01170,0.10650,0.01224,0.02197
802,0.05335,0.04398,0.00855,0.01156,0.00817,0.11496,0.03820,0.01585,0.10956,0.00192,0.00347,0.01178,0.00255,0.08475,0.08235,0.17323,0.17222,0.00846,0.01414,0.04095
803,0.18748,0.06276,0.00913,0.01394,0.02864,0.17106,0.01330,0.00925,0.00972,0.02515,0.02111,0.01980,0.00468,0.07057,0.01497,0.27352,0.03320,0.00739,0.01325,0.01109
804,0.00368,0.00861,0.49704,0.22259,0.01173,0.02038,0.01040,0.01485,0.00431,0.00343,0.03722,0.00922,0.00395,0.11558,0.00373,0.00346,0.00540,0.00411,0.01080,0.00951
805,0.00906,0.01183,0.02573,0.02222,0.01780,0.00482,0.02343,0.02280,0.02011,0.00545,0.01838,0.02160,0.00798,0.01778,0.02625,0.00697,0.01137,0.00844,0.69936,0.01862
806,0.07565,0.06347,0.01419,0.00919,0.04360,0.05583,0.01968,0.06932,0.01820,0.05007,0.25265,0.01026,0.00332,0.13341,0.02846,0.08348,0.02936,0.01992,0.00837,0.01159
807,0.08133,0.14659,0.05595,0.00509,0.00433,0.17680,0.01490,0.01243,0.00486,0.00333,0.00486,0.04468,0.00120,0.00716,0.00235,0.19230,0.17797,0.05539,0.00386,0.00459
808,0.03928,0.12091,0.06468,0.04375,0.00350,0.02969,0.07557,0.04736,0.03001,0.02415,0.07935,0.08586,0.01540,0.09499,0.06520,0.04423,0.07053,0.05619,0.00292,0.00647
809,0.07661,0.03937,0.09365,0.09804,0.00338,0.05631,0.03887,0.01337,0.05282,0.02371,0.02914,0.10125,0.00134,0.12644,0.04583,0.08899,0.06951,0.02979,0.00245,0.00912
810,0.04523,0.16237,0.26025,0.12574,0.00659,0.03687,0.02873,0.00569,0.00883,0.00358,0.00798,0.09667,0.03392,0.02021,0.00426,0.10529,0.02971,0.00439,0.01001,0.00369
811,0.01414,0.03140,0.01592,0.00710,0.01419,0.00337,0.01359,0.22126,0.00643,0.15541,0.25029,0.01418,0.00329,0.01585,0.00484,0.04491,0.07166,0.09240,0.00574,0.01401
812,0.00566,0.01045,0.00897,0.01370,0.02160,0.00491,0.01120,0.21817,0.01164,0.45053,0.16161,0.00817,0.01488,0.01105,0.00442,0.00356,0.00475,0.01168,0.01345,0.00959
813,0.04142,0.03706,0.05037,0.08817,0.07532,0.05283,0.05406,0.04984,0.02627,0.05418,0.04222,0.07862,0.00719,0.05156,0.03359,0.05377,0.06016,0.03463,0.04624,0.06252
814,0.04488,0.17433,0.00926,0.00635,0.00891,0.00815,0.00924,0.13833,0.00882,0.03256,0.08733,0.00736,0.00337,0.00802,0.00246,0.00316,0.16617,0.26534,0.00637,0.00956
815,0.01049,0.01385,0.02385,0.02301,0.02301,0.01297,0.02198,0.02403,0.02627,0.00635,0.02114,0.02162,0.00963,0.02998,0.02461,0.00800,0.01031,0.00885,0.65399,0.02605
816,0.01199,0.02410,0.03565,0.01692,0.02257,0.00778,0.02136,0.03977,0.01885,0.00629,0.02072,0.56691,0.01049,0.02099,0.00682,0.06557,0.05410,0.01133,0.01837,0.01943
817,0.02091,0.00932,0.00946,0.01039,0.00925,0.02211,0.08025,0.01593,0.18882,0.01007,0.03358,0.07218,0.00430,0.16484,0.20804,0.04258,0.07030,0.01272,0.00734,0.00761
818,0.03747,0.22849,0.00500,0.01615,0.04708,0.00559,0.01142,0.04652,0.00529,0.04665,0.16572,0.00794,0.00275,0.00562,0.00172,0.00328,0.16079,0.17803,0.00477,0.01972
819,0.00920,0.01629,0.01562,0.01630,0.02108,0.00548,0.01612,0.02347,0.01691,0.00552,0.01776,0.01463,0.00684,0.01809,0.05913,0.00745,0.00942,0.00811,0.69380,0.01875
820,0.01437,0.01929,0.01919,0.02381,0.02493,0.01066,0.01365,0.49659,0.01639,0.00650,0.01173,0.01758,0.00501,0.01691,0.00770,0.01102,0.03959,0.20186,0.02242,0.02079
821,0.05006,0.04423,0.08130,0.07482,0.07498,0.02445,0.06186,0.07442,0.02433,0.05514,0.05025,0.01659,0.00156,0.03612,0.00749,0.04940,0.07161,0.05323,0.06132,0.08685
822,0.04016,0.08003,0.10649,0.14128,0.04509,0.06828,0.03892,0.00596,0.01330,0.06045,0.03674,0.06112,0.00275,0.08976,0.02192,0.04026,0.05375,0.01172,0.02447,0.05755
823,0.01319,0.02669,0.03373,0.02897,0.03359,0.01185,0.03005,0.03806,0.02230,0.00831,0.02476,0.58649,0.00903,0.02840,0.00798,0.01060,0.01151,0.01375,0.01978,0.04096
824,0.06443,0.03261,0.06757,0.03942,0.03053,0.03373,0.06380,0.04752,0.06842,0.03266,0.04855,0.06136,0.08551,0.05229,0.03087,0.05629,0.05598,0.05336,0.04713,0.02797
825,0.02500,0.02967,0.02244,0.01952,0.06499,0.01928,0.09016,0.00750,0.06523,0.01375,0.10714,0.09347,0.00232,0.08083,0.05379,0.02968,0.00916,0.00491,0.19775,0.06341
826,0.00591,0.08797,0.01028,0.01053,0.01281,0.00424,0.01740,0.10934,0.06765,0.13279,0.25976,0.01252,0.00770,0.02546,0.00514,0.00418,0.05749,0.14641,0.01106,0.01133
827,0.05173,0.05184,0.03040,0.04345,0.05581,0.04355,0.09943,0.04468,0.04654,0.04161,0.02690,0.05468,0.06098,0.06279,0.04616,0.05009,0.05244,0.03397,0.04069,0.06225
828,0.01637,0.16872,0.18585,0.04815,0.01581,0.00963,0.05393,0.10194,0.01553,0.02333,0.02689,0.15641,0.00480,0.01521,0.00405,0.02994,0.01645,0.07619,0.01027,0.02054
829,0.01318,0.02300,0.03413,0.07937,0.02382,0.00888,0.03328,0.02797,0.43876,0.00660,0.06141,0.03895,0.00872,0.02541,0.08243,0.00972,0.03295,0.00996,0.01653,0.02494
830,0.07894,0.01896,0.02518,0.05069,0.02137,0.00789,0.05412,0.03602,0.09011,0.00867,0.01895,0.06636,0.00952,0.04221,0.01820,0.20176,0.20533,0.01129,0.01616,0.01826
831,0.06096,0.03787,0.00760,0.01062,0.04266,0.00212,0.06000,0.04686,0.05750,0.09273,0.04339,0.07527,0.10194,0.05486,0.05614,0.01624,0.05001,0.03613,0.03854,0.10854
832,0.03329,0.04798,0.01398,0.00953,0.00824,0.00648,0.01179,0.29474,0.01000,0.20328,0.07774,0.01385,0.00358,0.01262,0.00348,0.00335,0.00528,0.22308,0.00794,0.00979
833,0.07081,0.04091,0.07283,0.10586,0.01259,0.07771,0.05646,0.03445,0.03011,0.03793,0.03635,0.02699,0.03426,0.05947,0.03664,0.08032,0.07812,0.05382,0.00719,0.04719
834,0.10941,0.06007,0.00559,0.04685,0.01337,0.01807,0.05904,0.02158,0.13277,0.03895,0.06156,0.04887,0.00146,0.10808,0.09482,0.04325,0.04957,0.05860,0.01236,0.01573
835,0.01097,0.03509,0.02619,0.03430,0.02681,0.01020,0.02510,0.02566,0.02484,0.01877,0.02453,0.01822,0.01008,0.02624,0.02838,0.00915,0.01212,0.01245,0.54751,0.07337
836,0.03997,0.01181,0.01009,0.00901,0.00977,0.00426,0.04056,0.14834,0.07361,0.03005,0.04044,0.01376,0.03559,0.11167,0.02552,0.06365,0.16474,0.08865,0.06863,0.00988
837,0.03181,0.02603,0.34578,0.17479,0.02712,0.00267,0.02404,0.03554,0.03652,0.01040,0.02558,0.05484,0.00970,0.09427,0.00865,0.01256,0.01327,0.02221,0.02252,0.02170
838,0.00912,0.02366,0.02900,0.02191,0.02681,0.00881,0.01838,0.30267,0.03110,0.08108,0.02139,0.05145,0.00627,0.01821,0.00597,0.01409,0.02891,0.26074,0.02069,0.01973
839,0.01891,0.01841,0.02246,0.02082,0.02916,0.15106,0.01834,0.02553,0.02231,0.03870,0.01985,0.01697,0.46136,0.01843,0.00702,0.04776,0.01304,0.00919,0.01997,0.02072
840,0.00792,0.06690,0.02329,0.01693,0.31300,0.00789,0.03926,0.01672,0.01631,0.00520,0.01367,0.04751,0.00889,0.02047,0.00512,0.00641,0.00694,0.00821,0.01163,0.35776
841,0.01543,0.02587,0.01932,0.01421,0.01477,0.03526,0.04610,0.18874,0.02143,0.30846,0.09901,0.04034,0.01899,0.03302,0.00771,0.02594,0.01399,0.03959,0.01367,0.01813
842,0.09507,0.02346,0.01819,0.02163,0.02184,0.42272,0.01595,0.02487,0.02228,0.00738,0.02906,0.15598,0.00945,0.02796,0.01140,0.00823,0.01053,0.02254,0.02793,0.02350
843,0.01234,0.02420,0.06336,0.10171,0.01459,0.01348,0.01798,0.02293,0.37123,0.00571,0.14224,0.05517,0.00609,0.03836,0.04276,0.00783,0.01127,0.01212,0.02032,0.01632
844,0.01641,0.02294,0.02658,0.04011,0.02107,0.05431,0.02021,0.02025,0.03471,0.00694,0.02359,0.02067,0.00985,0.02823,0.57086,0.01269,0.01051,0.01607,0.02427,0.01971
845,0.01968,0.02698,0.03015,0.44159,0.02433,0.02055,0.02027,0.04702,0.14853,0.00911,0.02775,0.02432,0.00942,0.02061,0.00921,0.00850,0.01231,0.04757,0.02961,0.02248
846,0.01611,0.02569,0.57940,0.02851,0.02755,0.04676,0.01358,0.02877,0.02930,0.00763,0.02872,0.02625,0.00680,0.02855,0.00965,0.00767,0.01213,0.01398,0.03177,0.03118
847,0.01164,0.03244,0.02444,0.01895,0.01811,0.02122,0.08600,0.07924,0.02219,0.26070,0.06469,0.08850,0.00673,0.13293,0.01384,0.02539,0.02133,0.03528,0.01843,0.01796
848,0.01891,0.02590,0.04195,0.03632,0.03431,0.01762,0.03478,0.04818,0.03434,0.00913,0.03650,0.04014,0.01551,0.04060,0.05279,0.01471,0.01913,0.01617,0.41536,0.04766
849,0.01022,0.42429,0.12160,0.11445,0.02136,0.02491,0.01457,0.01890,0.03040,0.00589,0.02580,0.02201,0.00668,0.03444,0.02806,0.00787,0.00968,0.01077,0.01515,0.05295
850,0.03605,0.02487,0.03936,0.01010,0.03129,0.44036,0.01796,0.02759,0.04968,0.00914,0.03041,0.02551,0.00933,0.14288,0.02044,0.00893,0.00981,0.02041,0.02362,0.02226
851,0.16707,0.03590,0.02960,0.02506,0.02880,0.01091,0.02061,0.02312,0.03782,0.01154,0.02810,0.01928,0.04246,0.03916,0.00994,0.39587,0.01580,0.01764,0.02087,0.02046
852,0.01008,0.02759,0.03228,0.02236,0.05984,0.00715,0.01709,0.04212,0.02657,0.24663,0.32968,0.02205,0.01999,0.02649,0.00737,0.00796,0.02422,0.01087,0.02798,0.03169
853,0.01406,0.03120,0.02087,0.02805,0.03552,0.01121,0.04822,0.33064,0.03204,0.02813,0.05412,0.03319,0.01114,0.03612,0.01825,0.01090,0.03817,0.15769,0.02527,0.03523
854,0.00780,0.01879,0.01867,0.01647,0.02840,0.41751,0.01887,0.02813,0.01681,0.00584,0.01887,0.02137,0.00744,0.01707,0.00266,0.16885,0.13612,0.01457,0.01342,0.02234
855,0.00594,0.08839,0.00787,0.01388,0.18875,0.00662,0.12950,0.00877,0.01496,0.00363,0.01654,0.04640,0.00290,0.00625,0.01861,0.00391,0.00429,0.01015,0.15205,0.27059
856,0.02058,0.03663,0.03486,0.03139,0.05551,0.01673,0.03121,0.02465,0.03587,0.01180,0.03738,0.03684,0.01212,0.03946,0.46105,0.01022,0.01592,0.02266,0.02358,0.04154
857,0.01195,0.02050,0.02077,0.02956,0.03464,0.00693,0.02181,0.03843,0.03959,0.06772,0.05969,0.02848,0.50767,0.02091,0.00541,0.01004,0.00835,0.01637,0.02477,0.02639
858,0.00575,0.02013,0.01636,0.02777,0.01994,0.00509,0.03881,0.02114,0.04064,0.00728,0.02992,0.02388,0.00600,0.01820,0.65370,0.01083,0.00861,0.00829,0.01674,0.02092
859,0.14982,0.03701,0.00552,0.00993,0.01067,0.02661,0.06053,0.02110,0.01547,0.02236,0.05589,0.00489,0.00333,0.13051,0.00450,0.23346,0.18805,0.00402,0.00908,0.00724
860,0.03033,0.05294,0.02104,0.03118,0.02913,0.01281,0.01763,0.15181,0.03138,0.00917,0.04367,0.02798,0.02073,0.03139,0.00922,0.01260,0.40324,0.01284,0.02788,0.02304
861,0.01745,0.02407,0.02679,0.01790,0.03353,0.00708,0.03080,0.03699,0.02213,0.00964,0.02245,0.02915,0.01115,0.02133,0.02226,0.00817,0.01258,0.01219,0.59079,0.04354
862,0.30275,0.17806,0.02583,0.02270,0.03761,0.03226,0.02259,0.03030,0.03281,0.00922,0.02430,0.02321,0.00749,0.01859,0.00783,0.12654,0.01211,0.00600,0.03352,0.04626
863,0.08937,0.02742,0.04324,0.10422,0.08046,0.07558,0.06546,0.00703,0.06156,0.02932,0.02823,0.01483,0.00260,0.14101,0.00534,0.07350,0.03652,0.05658,0.03109,0.02663
864,0.01219,0.08703,0.05197,0.02590,0.01908,0.01020,0.17059,0.02224,0.06747,0.00612,0.02261,0.22571,0.00695,0.02504,0.04987,0.04558,0.03297,0.01052,0.03259,0.07537
865,0.07063,0.02305,0.02257,0.02424,0.01530,0.00968,0.01422,0.30306,0.03089,0.11217,0.05659,0.01548,0.00995,0.02318,0.00742,0.00701,0.01385,0.19605,0.02290,0.02174
866,0.02577,0.03040,0.01043,0.02250,0.02336,0.02072,0.09456,0.04511,0.15447,0.03302,0.02073,0.00444,0.13447,0.04925,0.11297,0.03058,0.05052,0.04712,0.02705,0.06254
867,0.04899,0.08316,0.04592,0.04381,0.04071,0.04667,0.06678,0.05640,0.01521,0.04556,0.07443,0.07617,0.03816,0.06032,0.03643,0.04734,0.06453,0.06190,0.01311,0.03440
868,0.01460,0.02863,0.03013,0.04152,0.03261,0.01552,0.02753,0.04209,0.03212,0.01051,0.04192,0.02099,0.00765,0.03283,0.01070,0.05324,0.39221,0.10269,0.03111,0.03142
869,0.10455,0.17101,0.01329,0.02173,0.01089,0.00579,0.01236,0.07000,0.01683,0.02018,0.05115,0.01458,0.00367,0.01644,0.02454,0.02318,0.12314,0.26561,0.01788,0.01318
870,0.07040,0.11048,0.02920,0.04760,0.03872,0.08782,0.08073,0.01669,0.04290,0.03703,0.08763,0.06233,0.00282,0.03350,0.04577,0.06235,0.05051,0.02214,0.02447,0.04690
871,0.03448,0.06289,0.00775,0.00594,0.06479,0.01322,0.10079,0.03735,0.10304,0.10910,0.11097,0.02416,0.00138,0.04472,0.14540,0.04917,0.03497,0.02940,0.01213,0.00835
872,0.01325,0.16942,0.02050,0.00895,0.02066,0.00607,0.01504,0.08539,0.01403,0.13524,0.20156,0.01571,0.00351,0.01215,0.00386,0.00858,0.04653,0.19352,0.01161,0.01443
873,0.00590,0.01024,0.01512,0.02062,0.01225,0.00944,0.13209,0.01209,0.16102,0.00456,0.01669,0.00877,0.00268,0.28197,0.24865,0.00314,0.01947,0.00748,0.01428,0.01355
874,0.01175,0.04364,0.03295,0.02175,0.16454,0.04904,0.04371,0.02281,0.10277,0.00932,0.02428,0.03739,0.00920,0.01997,0.31004,0.01194,0.01202,0.02420,0.02312,0.02556
875,0.01265,0.05185,0.01555,0.03210,0.02847,0.00746,0.02162,0.32949,0.02313,0.06267,0.03209,0.02412,0.00699,0.02394,0.00872,0.00569,0.00148,0.27395,0.02424,0.01378
876,0.04424,0.08820,0.01127,0.01527,0.03493,0.00841,0.01060,0.34830,0.02037,0.05985,0.09609,0.01389,0.00429,0.01603,0.00805,0.00464,0.03785,0.14286,0.02309,0.01179
877,0.08448,0.08847,0.14844,0.00850,0.00769,0.23391,0.00654,0.01042,0.01044,0.00243,0.00881,0.15567,0.00578,0.00934,0.00287,0.17767,0.01869,0.00390,0.00822,0.00774
878,0.06293,0.07574,0.05370,0.04749,0.04961,0.04053,0.06683,0.06167,0.03552,0.03325,0.03149,0.05234,0.05235,0.05907,0.01870,0.06937,0.05829,0.04651,0.03253,0.05209
879,0.05179,0.03831,0.09667,0.09535,0.00292,0.08025,0.06929,0.00310,0.04174,0.00089,0.00368,0.15359,0.02057,0.08015,0.08653,0.09428,0.05944,0.00151,0.00311,0.01684
880,0.06034,0.03860,0.02689,0.05805,0.05296,0.05369,0.08963,0.00394,0.05755,0.06873,0.06095,0.09096,0.02212,0.06053,0.02786,0.03592,0.00735,0.01222,0.05571,0.11599
881,0.04420,0.04242,0.05353,0.07576,0.04412,0.03970,0.05560,0.02549,0.05455,0.05048,0.05007,0.07344,0.05507,0.04955,0.04948,0.06195,0.05752,0.04387,0.02050,0.05268
882,0.00624,0.11780,0.00941,0.01227,0.29255,0.00606,0.08321,0.00891,0.01044,0.00346,0.01036,0.00776,0.00348,0.00895,0.00391,0.00311,0.00450,0.00578,0.09610,0.30568
883,0.04815,0.06167,0.07683,0.06844,0.06327,0.04849,0.04181,0.03494,0.03174,0.04911,0.04359,0.05664,0.01336,0.06482,0.04807,0.05781,0.05676,0.05657,0.02956,0.04834
884,0.00569,0.12476,0.18835,0.08404,0.13421,0.05542,0.00885,0.01469,0.01291,0.02145,0.04974,0.08305,0.00251,0.01958,0.00407,0.07028,0.03900,0.00511,0.02137,0.05493
885,0.06425,0.09232,0.01170,0.01128,0.12036,0.01502,0.11148,0.02877,0.00986,0.02571,0.04026,0.04775,0.00338,0.08370,0.02349,0.03550,0.05052,0.05135,0.05972,0.11359
886,0.01833,0.05106,0.04139,0.04604,0.03156,0.04262,0.02002,0.04416,0.06242,0.24988,0.11758,0.02373,0.00676,0.05590,0.01923,0.01188,0.05779,0.02527,0.03992,0.03445
887,0.10452,0.06415,0.01715,0.00924,0.01799,0.02214,0.05571,0.07241,0.03829,0.05750,0.07857,0.02537,0.01044,0.16819,0.02193,0.06055,0.05923,0.07584,0.01597,0.02481
888,0.03851,0.06701,0.01307,0.01401,0.03614,0.00763,0.08040,0.00536,0.03748,0.03181,0.07534,0.06268,0.00277,0.07181,0.00637,0.14373,0.20140,0.01385,0.01816,0.07246
889,0.02373,0.06284,0.03515,0.06212,0.04981,0.02720,0.01070,0.04312,0.02841,0.01153,0.04963,0.02701,0.00674,0.37851,0.04883,0.01267,0.01189,0.02556,0.05279,0.03175
890,0.02280,0.08090,0.01761,0.09880,0.02945,0.05066,0.01388,0.10326,0.03270,0.04730,0.06654,0.01212,0.00370,0.06212,0.00987,0.01414,0.06042,0.12017,0.11139,0.04215
891,0.02178,0.04665,0.06836,0.06836,0.06836,0.05197,0.00124,0.06836,0.06836,0.00850,0.06836,0.06836,0.00620,0.05812,0.06847,0.00746,0.05930,0.05506,0.06836,0.06836
892,0.03186,0.01679,0.06032,0.06955,0.09401,0.02078,0.10844,0.02558,0.03399,0.00872,0.03072,0.10588,0.01873,0.03489,0.01830,0.01827,0.02512,0.02007,0.02293,0.23504
893,0.01496,0.04153,0.03051,0.01644,0.03022,0.01220,0.02412,0.18917,0.01428,0.36443,0.01490,0.02903,0.00594,0.01272,0.00836,0.06179,0.01004,0.07445,0.02180,0.02315
894,0.01561,0.12386,0.01329,0.01376,0.01626,0.49924,0.00825,0.01469,0.01725,0.01451,0.02024,0.03735,0.00594,0.01162,0.00398,0.04319,0.07404,0.01216,0.01389,0.04088
895,0.11740,0.10390,0.16111,0.13187,0.00740,0.02761,0.07032,0.02015,0.01898,0.01066,0.04054,0.02222,0.00673,0.11463,0.00860,0.04754,0.03498,0.03209,0.00589,0.01739
896,0.05825,0.09524,0.02181,0.05792,0.04132,0.04592,0.07145,0.02323,0.05207,0.03984,0.05240,0.07454,0.06784,0.03906,0.02392,0.06827,0.05479,0.04596,0.03232,0.03383
897,0.04205,0.06523,0.05240,0.02528,0.11989,0.08917,0.04006,0.06136,0.02114,0.02340,0.02686,0.09706,0.07221,0.03867,0.02098,0.05346,0.01964,0.01112,0.01750,0.10249
898,0.05015,0.05313,0.00227,0.01939,0.08029,0.00987,0.05606,0.09160,0.00735,0.01885,0.05007,0.02549,0.01468,0.04140,0.00645,0.07160,0.13394,0.07757,0.10221,0.08762
899,0.01291,0.01487,0.01336,0.02105,0.01613,0.00822,0.00719,0.00551,0.08094,0.01927,0.02076,0.01028,0.00435,0.01217,0.17511,0.18307,0.35426,0.00945,0.02034,0.01076
900,0.04775,0.01315,0.01098,0.01898,0.08691,0.00635,0.02328,0.01338,0.01757,0.02823,0.04144,0.01169,0.43772,0.01193,0.00320,0.00258,0.00647,0.00725,0.08904,0.12210
901,0.01045,0.01606,0.01548,0.03728,0.02011,0.60866,0.01396,0.01875,0.05413,0.00737,0.04971,0.02786,0.00738,0.03106,0.01184,0.00617,0.01117,0.00764,0.03111,0.01380
902,0.15746,0.02425,0.01564,0.01451,0.01589,0.00643,0.01326,0.01246,0.01317,0.00344,0.06587,0.01657,0.00557,0.01132,0.00519,0.00504,0.00658,0.57714,0.01456,0.01564
903,0.01196,0.03309,0.02766,0.02367,0.02119,0.00893,0.02395,0.02118,0.01861,0.59872,0.01952,0.01810,0.00731,0.03186,0.00998,0.04015,0.00704,0.00951,0.04811,0.01947
