site,A,C,D,E,F,G,H,I,K,L,M,N,P,Q,R,S,T,V,W,Y
790,0.05331,0.02805,0.01039,0.02362,0.06057,0.00340,0.06963,0.03938,0.04281,0.09323,0.08876,0.05786,0.05004,0.06933,0.03872,0.02352,0.10312,0.05234,0.02208,0.06984
791,0.12098,0.09352,0.00966,0.00535,0.00851,0.04035,0.00738,0.01040,0.00641,0.00535,0.00594,0.00983,0.44474,0.16117,0.00157,0.01336,0.03830,0.00261,0.00372,0.01085
792,0.07623,0.04625,0.01437,0.03721,0.00981,0.06559,0.07230,0.00766,0.09625,0.02135,0.04517,0.10527,0.00049,0.06077,0.09588,0.12481,0.07241,0.01748,0.00694,0.02377
793,0.05960,0.01061,0.00815,0.01540,0.00741,0.55853,0.06077,0.01070,0.00994,0.00217,0.00825,0.04841,0.00365,0.01661,0.01231,0.02936,0.00443,0.04396,0.07279,0.01693
794,0.00543,0.00912,0.01383,0.01010,0.01127,0.02225,0.13249,0.22312,0.03914,0.00644,0.01364,0.01290,0.00843,0.01861,0.41919,0.00696,0.01205,0.00475,0.00813,0.02214
795,0.01632,0.01104,0.01037,0.01324,0.01360,0.00285,0.01573,0.00941,0.01382,0.00492,0.01307,0.09848,0.01504,0.01559,0.00333,0.00781,0.67984,0.03244,0.01007,0.01305
796,0.00499,0.01017,0.01072,0.01622,0.01317,0.00845,0.01342,0.02051,0.01795,0.00448,0.01286,0.06092,0.00851,0.03541,0.00406,0.02054,0.71064,0.00467,0.00840,0.01391
797,0.00423,0.06072,0.01409,0.00728,0.01051,0.00749,0.01811,0.01458,0.00910,0.09450,0.00979,0.01563,0.00812,0.01333,0.00611,0.00417,0.00711,0.00345,0.67390,0.01779
798,0.01092,0.01168,0.01236,0.01082,0.01677,0.00402,0.02620,0.01628,0.01658,0.00466,0.01431,0.02171,0.01235,0.01628,0.00424,0.74840,0.01925,0.00662,0.01250,0.01407
799,0.00210,0.04801,0.00516,0.00347,0.03476,0.00112,0.00509,0.27161,0.00445,0.49366,0.03450,0.00407,0.00304,0.00456,0.00099,0.00288,0.01956,0.03433,0.00335,0.02327
800,0.00497,0.00983,0.01732,0.00872,0.01101,0.00362,0.51700,0.00844,0.01014,0.00530,0.04367,0.26074,0.00904,0.02587,0.02035,0.00358,0.00561,0.00579,0.00719,0.02180
801,0.05512,0.05561,0.00862,0.00438,0.00810,0.23863,0.00655,0.00892,0.00515,0.00221,0.00604,0.13416,0.00302,0.00550,0.00221,0.21459,0.01777,0.20962,0.00492,0.00887
802,0.04377,0.05826,0.00610,0.00764,0.01150,0.09586,0.05778,0.01363,0.10768,0.00110,0.00734,0.10912,0.00127,0.06374,0.06410,0.14211,0.14260,0.01253,0.00940,0.04447
803,0.16211,0.06363,0.00483,0.01122,0.04352,0.17332,0.01689,0.00490,0.00585,0.02240,0.02372,0.04093,0.00250,0.06768,0.00886,0.21720,0.02038,0.09586,0.00831,0.00590
804,0.00909,0.00692,0.43709,0.34008,0.00927,0.01164,0.00840,0.01163,0.00694,0.00275,0.01785,0.00743,0.00318,0.09691,0.00296,0.00274,0.00435,0.00341,0.00921,0.00816
805,0.00432,0.11184,0.01223,0.01067,0.00855,0.00396,0.01361,0.01086,0.00937,0.10125,0.00886,0.01036,0.00381,0.00866,0.01428,0.00397,0.00537,0.00412,0.64487,0.00903
806,0.04739,0.06181,0.00681,0.00516,0.03432,0.04571,0.01866,0.14876,0.01574,0.04667,0.23900,0.00800,0.00161,0.19048,0.01916,0.05587,0.02411,0.01355,0.00378,0.01340
807,0.03507,0.16547,0.02256,0.00338,0.00285,0.14900,0.00781,0.01161,0.00369,0.00192,0.00318,0.06385,0.00079,0.00454,0.00140,0.24280,0.22412,0.05034,0.00258,0.00304
808,0.03515,0.08246,0.06003,0.04745,0.00182,0.03754,0.06304,0.03769,0.04460,0.03022,0.08234,0.11021,0.01100,0.09706,0.05305,0.06871,0.07280,0.05985,0.00157,0.00340
809,0.07491,0.04248,0.19473,0.10117,0.00177,0.04171,0.04528,0.00745,0.03697,0.01554,0.04191,0.08917,0.00097,0.10927,0.02684,0.08034,0.06263,0.01952,0.00132,0.00601
810,0.04409,0.10209,0.25630,0.16114,0.00340,0.01553,0.02361,0.00292,0.00638,0.00184,0.00411,0.11496,0.02342,0.02334,0.00219,0.09196,0.02278,0.00243,0.00516,0.09236
811,0.00932,0.01926,0.01150,0.00523,0.01034,0.00247,0.00989,0.24546,0.00604,0.16411,0.35490,0.01052,0.00238,0.01861,0.00321,0.03776,0.04224,0.03217,0.00416,0.01044
812,0.00313,0.00577,0.00495,0.00756,0.00930,0.00271,0.00595,0.29097,0.00642,0.47958,0.14424,0.00451,0.00234,0.00612,0.00353,0.00219,0.00262,0.00539,0.00742,0.00529
813,0.05056,0.04347,0.06593,0.08614,0.05392,0.06075,0.05635,0.05214,0.02349,0.05052,0.04509,0.05928,0.00429,0.05450,0.03307,0.06117,0.05133,0.03134,0.05884,0.05783
814,0.01974,0.15233,0.00520,0.00414,0.00503,0.00424,0.00521,0.16267,0.00500,0.05408,0.05756,0.00409,0.00189,0.00697,0.00139,0.00179,0.21263,0.28717,0.00355,0.00531
815,0.00491,0.18612,0.01111,0.01088,0.01071,0.00728,0.01037,0.01119,0.01243,0.06414,0.00985,0.00992,0.00451,0.01397,0.01645,0.00375,0.00485,0.00413,0.59131,0.01209
816,0.00794,0.01602,0.00974,0.01120,0.01499,0.00607,0.01436,0.03012,0.01837,0.00417,0.01372,0.72291,0.00696,0.01389,0.00452,0.02646,0.04075,0.00914,0.01212,0.01654
817,0.01176,0.00591,0.00552,0.00601,0.00507,0.01323,0.04201,0.15350,0.22416,0.00416,0.03107,0.03951,0.00248,0.14137,0.23051,0.01916,0.05043,0.00566,0.00422,0.00424
818,0.01586,0.19040,0.00307,0.01720,0.02575,0.00433,0.00751,0.09541,0.00324,0.08671,0.15846,0.00400,0.00168,0.00343,0.00118,0.00284,0.15763,0.20892,0.00290,0.00949
819,0.00513,0.17754,0.00740,0.00786,0.01010,0.00247,0.00778,0.01137,0.00829,0.05814,0.00858,0.00686,0.00327,0.00912,0.01589,0.00360,0.00527,0.00390,0.63850,0.00895
820,0.00953,0.01273,0.01268,0.01584,0.01782,0.00701,0.00902,0.63390,0.01090,0.00425,0.00839,0.01384,0.00331,0.01121,0.00508,0.01163,0.02177,0.16254,0.01484,0.01370
821,0.05272,0.04128,0.12447,0.07517,0.05601,0.01369,0.05462,0.06973,0.01477,0.05720,0.04959,0.02340,0.00081,0.05176,0.01018,0.05091,0.06239,0.05108,0.06000,0.08023
822,0.03653,0.05516,0.24051,0.11576,0.02756,0.04345,0.04192,0.00254,0.01595,0.05020,0.04979,0.06441,0.00117,0.06948,0.01361,0.06076,0.05435,0.00534,0.01447,0.03702
823,0.00754,0.01523,0.00365,0.01655,0.01919,0.00553,0.01557,0.02013,0.15593,0.00475,0.01413,0.65456,0.00515,0.01625,0.00455,0.00353,0.00575,0.00785,0.01131,0.01286
824,0.05984,0.03708,0.06278,0.06133,0.02470,0.02602,0.05679,0.04421,0.04878,0.03203,0.04280,0.05388,0.07798,0.04994,0.03144,0.05641,0.05638,0.04676,0.03327,0.09757
825,0.02444,0.03661,0.01112,0.01702,0.09103,0.01222,0.08852,0.00386,0.06969,0.01722,0.09464,0.17538,0.00119,0.06752,0.04358,0.02131,0.01230,0.00373,0.15539,0.05322
826,0.00385,0.11469,0.00663,0.00911,0.00833,0.00277,0.01139,0.20596,0.02762,0.13999,0.32085,0.00816,0.00484,0.01889,0.00493,0.00269,0.02082,0.07407,0.00714,0.00725
827,0.04709,0.04721,0.08754,0.04464,0.05738,0.02447,0.07653,0.05577,0.04379,0.04619,0.03826,0.05978,0.06188,0.04717,0.04122,0.04364,0.04944,0.04341,0.03506,0.04952
828,0.00766,0.11507,0.20152,0.07192,0.00868,0.00412,0.02576,0.08121,0.01042,0.01791,0.01245,0.12363,0.00269,0.01167,0.00343,0.02258,0.01952,0.06311,0.00590,0.19077
829,0.00768,0.01358,0.01959,0.02664,0.01319,0.00601,0.01984,0.01641,0.49322,0.00384,0.02754,0.23053,0.00503,0.04059,0.02671,0.00571,0.01418,0.00571,0.00975,0.01424
830,0.05198,0.01568,0.01624,0.03380,0.01320,0.00553,0.04212,0.02722,0.07115,0.00723,0.01863,0.13612,0.00433,0.05764,0.04471,0.17957,0.24089,0.00883,0.00998,0.01517
831,0.05033,0.02755,0.00412,0.00994,0.05143,0.00129,0.11397,0.05531,0.04244,0.08157,0.04136,0.03440,0.10980,0.02744,0.05217,0.02041,0.07892,0.03149,0.07428,0.09176
832,0.01026,0.05292,0.00781,0.00597,0.00458,0.00326,0.00657,0.34204,0.00557,0.24107,0.04887,0.00770,0.00200,0.00700,0.00194,0.00187,0.00332,0.23737,0.00443,0.00545
833,0.04836,0.04429,0.07560,0.08770,0.02037,0.05819,0.05298,0.02941,0.06330,0.05369,0.03727,0.04752,0.02895,0.05846,0.03851,0.06908,0.06689,0.05032,0.02147,0.04766
834,0.10971,0.08172,0.01630,0.02534,0.01137,0.01756,0.07566,0.00991,0.12389,0.04324,0.04470,0.05663,0.00071,0.11702,0.07288,0.06071,0.05929,0.05730,0.00472,0.01133
835,0.00542,0.19484,0.01364,0.01769,0.01316,0.00969,0.01229,0.01492,0.01222,0.07112,0.01207,0.00915,0.00497,0.01297,0.01307,0.00605,0.00607,0.00631,0.52648,0.03785
836,0.02765,0.01410,0.00492,0.00437,0.00474,0.00306,0.03878,0.09209,0.11043,0.02929,0.07572,0.01145,0.03118,0.13365,0.04899,0.08230,0.15327,0.07889,0.04631,0.00882
837,0.01573,0.01318,0.33766,0.18239,0.01365,0.00179,0.01432,0.01821,0.01873,0.00516,0.01317,0.01724,0.00496,0.09191,0.00443,0.01192,0.00675,0.02261,0.01133,0.19484
838,0.00593,0.01549,0.01875,0.01423,0.03203,0.00568,0.01176,0.37779,0.02046,0.09708,0.01908,0.03709,0.00407,0.01182,0.00389,0.01012,0.01120,0.27733,0.01341,0.01278
839,0.00826,0.01011,0.01229,0.01169,0.01642,0.10145,0.12625,0.01420,0.01216,0.01364,0.01079,0.00929,0.48519,0.01012,0.00458,0.01685,0.10974,0.00506,0.01072,0.01119
840,0.00446,0.02542,0.02820,0.00934,0.42919,0.00439,0.01474,0.00939,0.00919,0.00290,0.00889,0.02453,0.00505,0.01252,0.00284,0.00493,0.00394,0.00457,0.00659,0.38892
841,0.01585,0.01277,0.00899,0.00658,0.00678,0.01745,0.01809,0.34378,0.00994,0.27713,0.10408,0.02488,0.00673,0.03328,0.00504,0.02003,0.01491,0.05897,0.00639,0.00832
842,0.06835,0.04101,0.00807,0.01984,0.01022,0.37210,0.00896,0.01138,0.01301,0.00395,0.01776,0.15071,0.00433,0.03803,0.00290,0.00472,0.00495,0.19644,0.01261,0.01065
843,0.00959,0.01893,0.04749,0.04085,0.01122,0.01022,0.01377,0.02124,0.55683,0.00439,0.12083,0.03707,0.00472,0.02825,0.02290,0.00660,0.00724,0.00942,0.01576,0.01269
844,0.00846,0.01165,0.01342,0.01972,0.01066,0.02430,0.01027,0.01005,0.02159,0.00352,0.21800,0.01032,0.00499,0.01454,0.55161,0.03142,0.00530,0.00819,0.01213,0.00986
845,0.00789,0.01765,0.18280,0.53208,0.01534,0.00630,0.01294,0.02805,0.06091,0.00569,0.01751,0.01544,0.00592,0.02154,0.00576,0.00531,0.00780,0.01867,0.01847,0.01392
846,0.01841,0.01247,0.53831,0.09207,0.01336,0.01963,0.00729,0.01418,0.01398,0.00371,0.01370,0.00680,0.00334,0.01380,0.00469,0.00375,0.00595,0.00781,0.01570,0.19104
847,0.00905,0.02705,0.01453,0.01147,0.12230,0.04154,0.06295,0.06795,0.01350,0.29710,0.07673,0.06527,0.00513,0.08941,0.01081,0.02073,0.01229,0.02890,0.01032,0.01298
848,0.01052,0.10057,0.02331,0.02019,0.01944,0.01775,0.01958,0.02628,0.01917,0.14313,0.02101,0.02242,0.00863,0.02317,0.02372,0.00851,0.01040,0.00897,0.44449,0.02875
849,0.01018,0.49866,0.09632,0.07470,0.10251,0.02055,0.00900,0.01178,0.01882,0.00574,0.01593,0.01926,0.00535,0.01817,0.01117,0.00834,0.00604,0.00639,0.02810,0.03299
850,0.01855,0.01517,0.02667,0.00465,0.01957,0.53291,0.01132,0.01709,0.02988,0.00627,0.01890,0.01581,0.00579,0.05714,0.00706,0.00552,0.00678,0.17243,0.01484,0.01363
851,0.16670,0.01981,0.01570,0.01323,0.01509,0.00579,0.01083,0.01206,0.01996,0.00710,0.01456,0.01027,0.01079,0.02036,0.00523,0.42549,0.01295,0.00933,0.01133,0.19341
852,0.00585,0.01753,0.02058,0.01393,0.05010,0.00427,0.01109,0.20831,0.01677,0.30226,0.24063,0.01391,0.00500,0.01536,0.01159,0.00489,0.01503,0.00660,0.01768,0.01863
853,0.01015,0.04574,0.01506,0.02024,0.02551,0.00806,0.03446,0.47238,0.02205,0.08090,0.03914,0.02393,0.00801,0.02610,0.01373,0.00786,0.02262,0.08057,0.01817,0.02532
854,0.00295,0.00856,0.00855,0.00855,0.01373,0.38371,0.00877,0.01295,0.00766,0.00304,0.01803,0.01001,0.00341,0.01086,0.00123,0.11308,0.19109,0.06003,0.12327,0.01051
855,0.00282,0.04392,0.00448,0.00527,0.35388,0.00252,0.09409,0.00324,0.00557,0.00094,0.00612,0.06267,0.00116,0.01400,0.00682,0.00266,0.00161,0.00381,0.18225,0.20214
856,0.01146,0.02012,0.01960,0.01792,0.03084,0.01543,0.01732,0.20222,0.02339,0.00653,0.02062,0.01994,0.00670,0.02187,0.49864,0.00710,0.00890,0.01276,0.01571,0.02293
857,0.00774,0.01140,0.01150,0.01635,0.01905,0.00383,0.16876,0.02052,0.02213,0.02626,0.03391,0.01565,0.55562,0.01157,0.00310,0.00596,0.02936,0.00906,0.01361,0.01463
858,0.00300,0.00834,0.00853,0.01475,0.01062,0.00387,0.02077,0.01266,0.02149,0.03471,0.01559,0.01273,0.00453,0.00963,0.69763,0.09272,0.00452,0.00441,0.00870,0.01082
859,0.12535,0.06459,0.00218,0.00391,0.00477,0.02031,0.06873,0.01225,0.00830,0.02199,0.06319,0.01475,0.00188,0.24560,0.00344,0.18192,0.14410,0.00614,0.00359,0.00302
860,0.01499,0.03571,0.01427,0.02127,0.01986,0.00975,0.01202,0.05983,0.02132,0.00626,0.02980,0.12980,0.00877,0.02136,0.00630,0.01906,0.52611,0.00875,0.01903,0.01575
861,0.00864,0.17467,0.01286,0.00865,0.01606,0.00328,0.01491,0.01770,0.01060,0.07798,0.01088,0.01414,0.00540,0.01033,0.01159,0.00571,0.00619,0.00582,0.56586,0.01873
862,0.34817,0.12912,0.10708,0.01343,0.02224,0.03430,0.01336,0.01793,0.01940,0.00545,0.01437,0.01373,0.00668,0.01100,0.00463,0.18141,0.00416,0.00635,0.01982,0.02737
863,0.09624,0.04606,0.03371,0.09645,0.08276,0.05016,0.05321,0.00623,0.04301,0.01524,0.04082,0.01556,0.00142,0.15772,0.02235,0.08166,0.04979,0.04703,0.03385,0.02675
864,0.00758,0.04038,0.02331,0.01525,0.01101,0.00558,0.19574,0.01129,0.23639,0.00363,0.01298,0.24572,0.00400,0.01356,0.07613,0.01461,0.00898,0.00586,0.01595,0.05204
865,0.04175,0.01606,0.01410,0.01553,0.00990,0.00612,0.00891,0.37531,0.01988,0.19735,0.09843,0.00988,0.00635,0.01468,0.00466,0.00451,0.00780,0.12084,0.01424,0.01371
866,0.02635,0.03590,0.00461,0.01320,0.03719,0.02576,0.10132,0.05716,0.13253,0.03481,0.01898,0.01029,0.09878,0.04390,0.08865,0.03284,0.05826,0.06361,0.04043,0.07546
867,0.05185,0.06997,0.04648,0.03574,0.03469,0.03907,0.05755,0.05013,0.01486,0.04270,0.07263,0.07877,0.03345,0.05413,0.03753,0.05809,0.06875,0.05107,0.01863,0.08392
868,0.00812,0.01787,0.01794,0.02495,0.01997,0.00941,0.01687,0.02637,0.16628,0.00627,0.02559,0.01272,0.00461,0.01971,0.00650,0.04423,0.45679,0.07796,0.01874,0.01911
869,0.05447,0.18566,0.00772,0.01508,0.04365,0.00659,0.00858,0.06435,0.01171,0.01031,0.04776,0.01014,0.00255,0.01142,0.01112,0.01313,0.11600,0.35815,0.01243,0.00916
870,0.07862,0.09169,0.01762,0.03810,0.04691,0.08155,0.08231,0.01975,0.06093,0.03484,0.06408,0.06571,0.00127,0.03768,0.07743,0.05476,0.04368,0.02469,0.03579,0.04261
871,0.03792,0.04112,0.00397,0.00303,0.07942,0.01328,0.05796,0.08567,0.14513,0.12111,0.11052,0.00960,0.00080,0.03490,0.15615,0.04112,0.02400,0.01882,0.01047,0.00499
872,0.02678,0.17057,0.01437,0.00794,0.01438,0.00529,0.01060,0.06952,0.00983,0.13482,0.18680,0.01094,0.00246,0.00843,0.00269,0.00533,0.03925,0.26175,0.00817,0.01008
873,0.00411,0.00368,0.01041,0.01445,0.00857,0.00615,0.10115,0.00839,0.13678,0.03152,0.01139,0.00614,0.00221,0.24038,0.34233,0.03915,0.00857,0.00522,0.01002,0.00937
874,0.00903,0.02536,0.01799,0.01168,0.09551,0.01746,0.03376,0.01503,0.07882,0.00526,0.10671,0.02190,0.00501,0.01218,0.33445,0.13135,0.01233,0.02265,0.02885,0.01467
875,0.00939,0.04005,0.00973,0.02006,0.02489,0.00468,0.01771,0.40353,0.01436,0.09929,0.02787,0.01081,0.00436,0.01494,0.00544,0.00409,0.00577,0.25842,0.01516,0.00944
876,0.02045,0.08177,0.00758,0.01006,0.02556,0.00563,0.00710,0.44485,0.01289,0.07608,0.05701,0.01298,0.00287,0.01063,0.01425,0.00308,0.03479,0.14927,0.01547,0.00770
877,0.05777,0.18444,0.10046,0.00486,0.00435,0.25701,0.00583,0.00577,0.00588,0.00137,0.00490,0.14873,0.00291,0.00519,0.00226,0.16666,0.00910,0.02348,0.00467,0.00437
878,0.05661,0.05678,0.05075,0.05012,0.03786,0.03519,0.06129,0.05873,0.02601,0.04258,0.03660,0.04134,0.05744,0.04931,0.02166,0.06250,0.06105,0.04445,0.03385,0.11588
879,0.05634,0.04577,0.09169,0.10545,0.00168,0.05589,0.08787,0.00179,0.04541,0.00066,0.00572,0.12842,0.01350,0.08938,0.06675,0.09307,0.07341,0.00237,0.00290,0.03194
880,0.05264,0.05126,0.02812,0.06891,0.06831,0.03188,0.09108,0.00221,0.04731,0.07299,0.05633,0.08784,0.01551,0.06897,0.02895,0.03569,0.00466,0.00776,0.07327,0.10629
881,0.04657,0.05366,0.05068,0.04150,0.04549,0.04117,0.05747,0.04678,0.05588,0.04392,0.04500,0.06596,0.04177,0.05120,0.04898,0.06593,0.05580,0.05510,0.02650,0.06064
882,0.00443,0.04218,0.00853,0.00860,0.36680,0.00429,0.02368,0.00632,0.00750,0.00244,0.00735,0.00594,0.00247,0.00635,0.00275,0.00199,0.00317,0.00411,0.07203,0.41906
883,0.04893,0.05782,0.06128,0.06714,0.05758,0.04541,0.05056,0.05571,0.03994,0.04643,0.04279,0.05312,0.01152,0.07706,0.04013,0.05988,0.04930,0.04646,0.03291,0.05600
884,0.00405,0.10502,0.15488,0.09412,0.06727,0.01714,0.00978,0.00603,0.00536,0.02474,0.09316,0.08656,0.00156,0.02467,0.00168,0.07464,0.03954,0.00357,0.02171,0.16451
885,0.07825,0.07988,0.01334,0.00837,0.14803,0.01313,0.09251,0.04448,0.00825,0.03879,0.05444,0.02361,0.00212,0.06927,0.01415,0.03217,0.04139,0.05192,0.04665,0.13925
886,0.00900,0.06546,0.01897,0.02166,0.02563,0.02044,0.00968,0.24204,0.02942,0.23052,0.13397,0.01135,0.00129,0.04014,0.01297,0.00580,0.05856,0.01712,0.02432,0.02165
887,0.08275,0.05658,0.02199,0.02347,0.01439,0.03215,0.05763,0.06784,0.04654,0.05104,0.04873,0.04195,0.01478,0.12076,0.02991,0.04981,0.05499,0.08599,0.02445,0.07424
888,0.03441,0.07533,0.00563,0.00601,0.04986,0.00600,0.06333,0.00679,0.04883,0.05376,0.07917,0.08959,0.00119,0.08310,0.00433,0.13438,0.16464,0.02565,0.01379,0.05422
889,0.01162,0.03152,0.01807,0.06710,0.02509,0.01305,0.00437,0.02194,0.23412,0.00925,0.10008,0.01301,0.00708,0.35851,0.01963,0.00630,0.00570,0.01248,0.02549,0.01559
890,0.02885,0.07828,0.01096,0.08772,0.07144,0.02045,0.02875,0.10266,0.01955,0.06521,0.07527,0.01383,0.00184,0.03907,0.01332,0.02150,0.07838,0.11555,0.07779,0.04957
891,0.09294,0.01739,0.05923,0.05923,0.05923,0.03008,0.00116,0.05923,0.05923,0.03204,0.05923,0.05923,0.00271,0.03286,0.05933,0.13357,0.03013,0.03472,0.05923,0.05923
892,0.02123,0.00552,0.17316,0.04477,0.15351,0.01409,0.04451,0.01715,0.02215,0.00577,0.02099,0.07413,0.01275,0.02286,0.01234,0.01155,0.01673,0.01295,0.01541,0.29842
893,0.01547,0.01987,0.01079,0.00574,0.19079,0.01141,0.01084,0.25750,0.01124,0.24606,0.04183,0.01340,0.00394,0.00872,0.00721,0.02446,0.00981,0.08994,0.01273,0.00825
894,0.04473,0.19674,0.01416,0.00564,0.01588,0.31032,0.01991,0.00953,0.01282,0.02471,0.03227,0.04797,0.02686,0.01300,0.00774,0.04493,0.08220,0.03531,0.01371,0.04158
895,0.10990,0.07716,0.16806,0.08923,0.00893,0.02766,0.06740,0.02852,0.02385,0.02154,0.04434,0.03925,0.02156,0.09586,0.01369,0.05640,0.04510,0.04103,0.00357,0.01696
896,0.06558,0.08261,0.01371,0.04617,0.04454,0.03016,0.05193,0.03123,0.05616,0.04684,0.05619,0.06534,0.06855,0.05175,0.04225,0.06395,0.06158,0.04751,0.02713,0.04683
897,0.04474,0.07722,0.05585,0.02403,0.09130,0.06150,0.04864,0.04050,0.02407,0.02345,0.03440,0.07167,0.07570,0.03678,0.02426,0.04561,0.03791,0.04704,0.05509,0.08024
898,0.05642,0.05861,0.00318,0.01839,0.06528,0.01392,0.05372,0.08663,0.00447,0.02945,0.05942,0.03199,0.02474,0.03694,0.00935,0.05862,0.09932,0.08343,0.09115,0.11497
899,0.00875,0.00952,0.00564,0.00888,0.00965,0.00388,0.00867,0.00541,0.12896,0.04000,0.03288,0.01581,0.00201,0.01092,0.18959,0.20687,0.28646,0.00639,0.00928,0.01046
900,0.05260,0.00671,0.00450,0.00774,0.09963,0.00285,0.08399,0.00545,0.00724,0.00859,0.05835,0.00482,0.34646,0.00486,0.00142,0.00188,0.01600,0.00296,0.11799,0.16595
901,0.00584,0.00854,0.00814,0.02893,0.01058,0.62148,0.00750,0.01012,0.02951,0.00439,0.02652,0.01462,0.00389,0.01628,0.04086,0.00323,0.00595,0.12972,0.01672,0.00720
902,0.19962,0.03001,0.00866,0.00830,0.00879,0.00519,0.00732,0.00691,0.00982,0.01673,0.04942,0.00923,0.00308,0.00630,0.00288,0.00279,0.00365,0.60445,0.00813,0.00871
903,0.00704,0.01942,0.01617,0.01400,0.10055,0.00523,0.01411,0.01242,0.01088,0.67638,0.00865,0.01066,0.00442,0.01860,0.00589,0.01688,0.00416,0.00584,0.03727,0.01145
