site,A,C,D,E,F,G,H,I,K,L,M,N,P,Q,R,S,T,V,W,Y
790,0.05379,0.03115,0.01688,0.02604,0.06274,0.00484,0.05513,0.03343,0.05499,0.08337,0.07696,0.05719,0.06773,0.07222,0.03787,0.03127,0.09255,0.05515,0.02806,0.05865
791,0.11997,0.10835,0.01691,0.00944,0.01475,0.04824,0.01295,0.01760,0.01146,0.00828,0.01011,0.01675,0.50956,0.01561,0.00274,0.01736,0.02997,0.00451,0.00661,0.01885
792,0.08166,0.04887,0.01438,0.03431,0.00897,0.06392,0.07364,0.01196,0.10503,0.02036,0.03948,0.09113,0.00095,0.05847,0.10437,0.12541,0.07348,0.01310,0.00776,0.02276
793,0.05595,0.01094,0.01344,0.01613,0.01231,0.60012,0.07172,0.01767,0.01727,0.00359,0.01358,0.06677,0.00602,0.02130,0.00936,0.02892,0.00731,0.00545,0.00519,0.01696
794,0.00876,0.01459,0.02259,0.01602,0.01848,0.02155,0.17644,0.04839,0.04147,0.01040,0.02174,0.02079,0.01366,0.02982,0.45560,0.00734,0.01869,0.00757,0.01300,0.03309
795,0.01211,0.01653,0.01560,0.01992,0.02036,0.00427,0.02353,0.01526,0.02075,0.00740,0.01962,0.01762,0.01928,0.02336,0.00500,0.00886,0.68456,0.03127,0.01515,0.01957
796,0.00251,0.01461,0.01539,0.02327,0.01895,0.00704,0.01926,0.02917,0.02588,0.00644,0.01846,0.01546,0.01111,0.05071,0.00584,0.01626,0.68093,0.00671,0.01206,0.01993
797,0.00664,0.01964,0.02212,0.01142,0.01640,0.00979,0.02970,0.02306,0.01434,0.00641,0.01509,0.02458,0.01267,0.02104,0.01055,0.00654,0.01117,0.00545,0.70545,0.02794
798,0.00950,0.01510,0.01601,0.01397,0.02181,0.00521,0.03387,0.02107,0.02136,0.01175,0.01853,0.02846,0.03546,0.02104,0.00549,0.65937,0.01905,0.00859,0.01616,0.01819
799,0.00388,0.05671,0.00792,0.00534,0.02905,0.00173,0.00787,0.27797,0.00685,0.47602,0.03438,0.00624,0.00469,0.00707,0.00153,0.00437,0.01602,0.02665,0.00518,0.02053
800,0.00770,0.01637,0.02786,0.01468,0.01874,0.00612,0.56736,0.01440,0.01675,0.00799,0.05587,0.06728,0.01868,0.03390,0.05095,0.00606,0.00950,0.00787,0.01223,0.03966
801,0.05233,0.05556,0.01527,0.00726,0.01449,0.25669,0.01184,0.01261,0.00930,0.00397,0.01083,0.14272,0.00544,0.00988,0.00293,0.21106,0.01728,0.13586,0.00884,0.01585
802,0.05434,0.06242,0.00980,0.00902,0.01111,0.10589,0.05787,0.01521,0.11606,0.00180,0.00821,0.01623,0.00213,0.06362,0.06848,0.16213,0.15947,0.01337,0.01339,0.04946
803,0.18194,0.07122,0.00758,0.01468,0.04040,0.18101,0.01831,0.00768,0.00805,0.02377,0.03311,0.03432,0.00389,0.07646,0.01028,0.23109,0.02770,0.00828,0.01100,0.00922
804,0.01282,0.00857,0.44557,0.30116,0.01151,0.00874,0.00921,0.01465,0.00951,0.00337,0.02553,0.00911,0.00390,0.09979,0.00370,0.00339,0.00532,0.00405,0.01069,0.00942
805,0.00747,0.02613,0.02124,0.01831,0.01476,0.00603,0.01984,0.01884,0.01652,0.00801,0.01520,0.01789,0.00659,0.01473,0.01747,0.00672,0.00937,0.00700,0.73246,0.01542
806,0.05458,0.06294,0.01167,0.00851,0.03761,0.05351,0.02953,0.03654,0.02115,0.04965,0.26719,0.01133,0.00274,0.21585,0.02256,0.06993,0.01786,0.00733,0.00602,0.01348
807,0.04077,0.16741,0.03458,0.00468,0.00396,0.15346,0.00706,0.01365,0.00487,0.00232,0.00444,0.03523,0.00110,0.00527,0.00136,0.24138,0.21535,0.05534,0.00356,0.00422
808,0.03359,0.09785,0.06043,0.04493,0.00255,0.03549,0.06966,0.04283,0.04496,0.02926,0.08651,0.09348,0.01179,0.09242,0.05556,0.06631,0.07228,0.05353,0.00241,0.00417
809,0.07685,0.04406,0.12041,0.10846,0.00290,0.04030,0.04878,0.01028,0.04548,0.01885,0.04110,0.10158,0.00155,0.12192,0.03193,0.08810,0.06478,0.02228,0.00213,0.00825
810,0.04860,0.11965,0.28346,0.13032,0.00567,0.02187,0.03032,0.00491,0.00612,0.00309,0.00686,0.13069,0.03048,0.02553,0.00367,0.10566,0.02578,0.00381,0.00861,0.00490
811,0.00878,0.02613,0.01559,0.00705,0.01400,0.00334,0.01343,0.20488,0.00762,0.17648,0.34216,0.01414,0.00322,0.01549,0.00426,0.04296,0.03310,0.04769,0.00566,0.01402
812,0.00490,0.00901,0.00772,0.01181,0.01539,0.00423,0.00859,0.23080,0.01003,0.49339,0.14356,0.00704,0.00532,0.00956,0.00431,0.00339,0.00408,0.00705,0.01159,0.00825
813,0.04970,0.03923,0.06494,0.08760,0.05851,0.06205,0.06054,0.03721,0.02475,0.05488,0.04554,0.06678,0.00580,0.04918,0.03530,0.05839,0.05312,0.02943,0.05827,0.05879
814,0.02029,0.16052,0.00783,0.00524,0.00756,0.00959,0.00783,0.15148,0.00750,0.03805,0.06167,0.00619,0.00285,0.00636,0.00209,0.00269,0.20387,0.28497,0.00537,0.00805
815,0.00892,0.01635,0.02024,0.01964,0.01952,0.01011,0.01869,0.02040,0.02242,0.01525,0.01798,0.01832,0.00819,0.02551,0.00426,0.00681,0.00878,0.00754,0.70892,0.02214
816,0.01032,0.02093,0.00691,0.01461,0.01977,0.00667,0.01856,0.03937,0.02630,0.00543,0.01776,0.62842,0.00909,0.01794,0.00591,0.02104,0.08080,0.01221,0.01566,0.02230
817,0.01579,0.00971,0.00897,0.01076,0.00855,0.00967,0.05269,0.01100,0.24766,0.00584,0.03327,0.05209,0.00405,0.16363,0.26400,0.02592,0.05684,0.00563,0.00687,0.00707
818,0.01870,0.20144,0.00451,0.02156,0.03353,0.00492,0.00894,0.08132,0.00478,0.07052,0.15331,0.00740,0.00248,0.00508,0.00174,0.00325,0.15318,0.20690,0.00429,0.01215
819,0.00879,0.01409,0.01312,0.01370,0.01773,0.00384,0.01356,0.01976,0.01425,0.00467,0.01493,0.01224,0.00575,0.01573,0.04204,0.00698,0.00905,0.00682,0.74721,0.01574
820,0.01322,0.01774,0.01763,0.02195,0.02289,0.00978,0.01254,0.60957,0.01511,0.00588,0.01101,0.01940,0.00461,0.01557,0.00708,0.01395,0.02556,0.11679,0.02063,0.01910
821,0.05298,0.04917,0.07641,0.07818,0.05867,0.01337,0.06131,0.06488,0.01846,0.06092,0.05014,0.02295,0.00128,0.05566,0.01062,0.05636,0.06568,0.05168,0.06643,0.08484
822,0.03890,0.06679,0.10952,0.13481,0.04197,0.04412,0.04500,0.00468,0.01229,0.05729,0.05727,0.07579,0.00217,0.08306,0.02036,0.07019,0.06398,0.00550,0.01963,0.04669
823,0.01159,0.02347,0.02154,0.02554,0.02970,0.00964,0.03418,0.02384,0.02612,0.00731,0.02170,0.66497,0.00793,0.02489,0.00701,0.00216,0.00978,0.01208,0.01740,0.01914
824,0.06462,0.03921,0.06851,0.05460,0.02674,0.02650,0.05803,0.04648,0.06016,0.03532,0.05102,0.06115,0.08409,0.05036,0.03639,0.06235,0.05972,0.04948,0.03781,0.02746
825,0.02576,0.04521,0.02098,0.01860,0.10861,0.01383,0.10252,0.00665,0.07405,0.01594,0.09728,0.06406,0.00206,0.06904,0.04162,0.02627,0.01260,0.00521,0.18728,0.06245
826,0.00579,0.13446,0.01010,0.01377,0.01252,0.00417,0.01698,0.08897,0.02870,0.15363,0.34310,0.01238,0.00745,0.02101,0.00885,0.00407,0.02749,0.08475,0.01083,0.01099
827,0.04941,0.04145,0.03956,0.04630,0.05904,0.02694,0.08365,0.05918,0.04448,0.04641,0.04104,0.05966,0.06561,0.05481,0.04391,0.04711,0.05127,0.04295,0.04203,0.05519
828,0.01044,0.15453,0.23719,0.04365,0.01496,0.00081,0.04012,0.10654,0.01720,0.01657,0.02034,0.13825,0.00426,0.01688,0.00569,0.03235,0.02657,0.07642,0.00979,0.02744
829,0.01200,0.02096,0.03095,0.01925,0.02154,0.00931,0.03043,0.02550,0.54169,0.00601,0.04188,0.02759,0.00792,0.06314,0.05600,0.00885,0.03033,0.00903,0.01506,0.02256
830,0.04556,0.02036,0.02213,0.03364,0.02057,0.00857,0.05306,0.01749,0.10036,0.00737,0.01992,0.04999,0.00917,0.03778,0.03760,0.20577,0.26212,0.01345,0.01551,0.01958
831,0.05222,0.03200,0.00654,0.01521,0.05697,0.00186,0.06550,0.06525,0.05426,0.08863,0.04572,0.04389,0.11618,0.03513,0.05655,0.01789,0.03511,0.03339,0.07146,0.10624
832,0.02362,0.04955,0.01190,0.00813,0.00698,0.00582,0.01000,0.31328,0.00849,0.21854,0.05275,0.01170,0.00304,0.01063,0.00295,0.00284,0.00504,0.23971,0.00674,0.00829
833,0.04651,0.04284,0.07486,0.08940,0.02041,0.06669,0.05774,0.02500,0.04701,0.05247,0.03484,0.04266,0.03188,0.05842,0.03966,0.07461,0.07247,0.05372,0.02064,0.04818
834,0.11154,0.07283,0.01276,0.02287,0.01220,0.01949,0.06723,0.01198,0.12714,0.04175,0.05331,0.05741,0.00114,0.13394,0.06059,0.05630,0.06070,0.05911,0.00668,0.01104
835,0.00958,0.02874,0.02319,0.03033,0.02351,0.01582,0.02207,0.02588,0.02170,0.01028,0.02152,0.01601,0.00885,0.02307,0.02765,0.01017,0.01065,0.01101,0.62798,0.03200
836,0.02290,0.00973,0.00833,0.00742,0.00805,0.00434,0.05091,0.09055,0.08306,0.03324,0.06593,0.01708,0.03226,0.13496,0.05067,0.07276,0.16779,0.07231,0.05468,0.01302
837,0.03034,0.02195,0.37940,0.17049,0.02286,0.00222,0.02295,0.03026,0.03028,0.00804,0.02145,0.03499,0.00824,0.11666,0.00722,0.01492,0.01108,0.02903,0.01924,0.01838
838,0.00809,0.02102,0.02563,0.01939,0.04345,0.00778,0.01621,0.34819,0.02764,0.10242,0.03145,0.03911,0.00555,0.01612,0.00529,0.01156,0.00831,0.22703,0.01830,0.01746
839,0.01472,0.01637,0.01993,0.01841,0.02584,0.12701,0.03102,0.02264,0.01971,0.01883,0.01762,0.01513,0.53890,0.01634,0.00678,0.03195,0.01445,0.00816,0.01771,0.01847
840,0.00660,0.02289,0.03169,0.01396,0.38897,0.00653,0.03301,0.01392,0.01361,0.00430,0.01150,0.02031,0.00745,0.01846,0.00423,0.00733,0.00582,0.00680,0.00974,0.37286
841,0.01769,0.02060,0.01587,0.01179,0.01224,0.02262,0.02467,0.20189,0.01779,0.31903,0.12857,0.03176,0.01088,0.02314,0.00762,0.02501,0.01948,0.06306,0.01130,0.01499
842,0.08854,0.05769,0.01473,0.01461,0.01812,0.42841,0.01312,0.02017,0.02262,0.00600,0.02131,0.17570,0.00771,0.04016,0.00365,0.00668,0.00877,0.01022,0.02271,0.01908
843,0.01191,0.02352,0.05939,0.03969,0.01411,0.01200,0.01729,0.02388,0.48411,0.00550,0.14389,0.03718,0.00589,0.04008,0.01680,0.00841,0.00910,0.01177,0.01960,0.01587
844,0.01386,0.01920,0.02239,0.03042,0.01771,0.03371,0.01701,0.01704,0.04560,0.00585,0.03130,0.01730,0.00831,0.02386,0.62247,0.01409,0.00885,0.01358,0.02088,0.01659
845,0.01441,0.02533,0.03520,0.54655,0.02285,0.00392,0.01907,0.04331,0.08886,0.00851,0.02589,0.02279,0.00883,0.03233,0.00861,0.00799,0.01156,0.02504,0.02802,0.02092
846,0.02242,0.02157,0.61899,0.04983,0.02300,0.02056,0.01251,0.02410,0.02442,0.00638,0.02387,0.02810,0.00571,0.02394,0.00809,0.00643,0.01019,0.01305,0.02677,0.03007
847,0.01114,0.03603,0.02151,0.01688,0.10876,0.03732,0.06017,0.04508,0.01976,0.29566,0.06569,0.09293,0.00662,0.09191,0.01373,0.01338,0.01318,0.01618,0.01469,0.01938
848,0.01681,0.02491,0.03701,0.03224,0.03043,0.02535,0.03112,0.04249,0.03059,0.01599,0.03263,0.03595,0.01377,0.03630,0.02102,0.01337,0.01688,0.01442,0.48581,0.04290
849,0.01031,0.49463,0.10345,0.06730,0.02127,0.01712,0.01291,0.01690,0.02698,0.00838,0.02286,0.01983,0.00776,0.02584,0.00612,0.01192,0.00867,0.00974,0.04092,0.06711
850,0.01958,0.02300,0.03072,0.00681,0.02891,0.54657,0.01672,0.02545,0.04580,0.00842,0.02784,0.02354,0.00858,0.08144,0.01211,0.00823,0.00905,0.03488,0.02171,0.02064
851,0.14868,0.03215,0.02648,0.02244,0.01556,0.00977,0.01844,0.02067,0.03388,0.01181,0.02512,0.01726,0.01994,0.03503,0.00889,0.47643,0.02098,0.01579,0.01873,0.02195
852,0.00927,0.02595,0.03040,0.02110,0.07346,0.00661,0.01605,0.04770,0.02510,0.31530,0.27000,0.02078,0.00914,0.01837,0.01488,0.00746,0.02275,0.01013,0.02645,0.02909
853,0.01351,0.04680,0.02001,0.02700,0.03405,0.01074,0.04552,0.42937,0.02949,0.07510,0.01142,0.03183,0.01064,0.03467,0.01788,0.01045,0.02173,0.07863,0.02416,0.02699
854,0.00504,0.01502,0.01492,0.01590,0.02271,0.42404,0.01508,0.02252,0.01343,0.00519,0.02860,0.01709,0.00595,0.01365,0.00213,0.13353,0.20028,0.01273,0.01432,0.01787
855,0.00450,0.07306,0.00721,0.01010,0.30023,0.00483,0.10850,0.00629,0.01077,0.00177,0.01186,0.02486,0.00206,0.00573,0.00731,0.00276,0.00310,0.00734,0.18664,0.22108
856,0.01792,0.03243,0.03047,0.02702,0.04835,0.01124,0.02732,0.02537,0.03151,0.01025,0.03260,0.03205,0.01060,0.03457,0.52465,0.00914,0.01380,0.01979,0.02472,0.03621
857,0.00896,0.01756,0.01779,0.02524,0.02956,0.00593,0.02368,0.03275,0.03383,0.04680,0.05135,0.02447,0.57885,0.01792,0.00480,0.01417,0.00851,0.01399,0.02120,0.02264
858,0.00491,0.00847,0.01400,0.02393,0.01712,0.00615,0.01553,0.02050,0.03494,0.00657,0.02565,0.02059,0.00694,0.01567,0.71527,0.01722,0.00737,0.00714,0.01423,0.01782
859,0.12785,0.05666,0.00419,0.00749,0.00888,0.02491,0.07464,0.00767,0.00973,0.02575,0.05429,0.00681,0.00411,0.19318,0.00355,0.20344,0.16697,0.00756,0.00685,0.00547
860,0.01762,0.04782,0.01914,0.02856,0.02666,0.01325,0.01614,0.09303,0.02859,0.00841,0.04002,0.02655,0.01032,0.02865,0.00846,0.02932,0.49903,0.01175,0.02554,0.02116
861,0.01467,0.05755,0.02242,0.01500,0.02805,0.00619,0.02582,0.03095,0.01851,0.00681,0.01881,0.02443,0.00935,0.01787,0.00304,0.00946,0.01056,0.01020,0.63586,0.03445
862,0.35293,0.15865,0.02179,0.02000,0.03326,0.02498,0.01996,0.02671,0.02911,0.00815,0.02129,0.02044,0.00922,0.01639,0.00692,0.14370,0.00661,0.00951,0.02954,0.04086
863,0.10145,0.04159,0.03940,0.10298,0.07839,0.04241,0.05765,0.00671,0.04616,0.01684,0.04226,0.01714,0.00233,0.14660,0.02061,0.08145,0.04983,0.05827,0.02835,0.01960
864,0.01062,0.06767,0.01834,0.02311,0.01683,0.00871,0.21109,0.01544,0.08498,0.00524,0.01985,0.25709,0.00610,0.02122,0.06965,0.02711,0.03107,0.00911,0.02622,0.07056
865,0.04565,0.01958,0.01919,0.02061,0.01325,0.00817,0.01198,0.34033,0.02652,0.17553,0.07785,0.01303,0.00844,0.01971,0.00626,0.00598,0.00837,0.14172,0.01939,0.01845
866,0.02482,0.03284,0.00793,0.01759,0.03499,0.02323,0.09857,0.05530,0.14184,0.03835,0.01933,0.00313,0.11282,0.05158,0.08188,0.03466,0.05491,0.06321,0.03633,0.06671
867,0.05502,0.07947,0.04745,0.03318,0.04180,0.03890,0.06004,0.05292,0.01332,0.04438,0.07669,0.08442,0.03659,0.05888,0.04076,0.05789,0.06759,0.05448,0.02142,0.03479
868,0.01025,0.02584,0.02643,0.03645,0.02898,0.01374,0.02444,0.03796,0.02797,0.00920,0.03708,0.01849,0.00674,0.02888,0.00949,0.05804,0.46352,0.08114,0.02740,0.02794
869,0.05499,0.16765,0.01242,0.02143,0.01076,0.00864,0.01219,0.06870,0.01664,0.01170,0.04205,0.01439,0.00363,0.01628,0.01282,0.01520,0.11818,0.36169,0.01765,0.01302
870,0.07704,0.09816,0.01512,0.04445,0.04303,0.08419,0.07511,0.02180,0.04369,0.03548,0.07688,0.06723,0.00123,0.03831,0.07219,0.04737,0.05055,0.02631,0.03688,0.04498
871,0.03704,0.04732,0.00645,0.00495,0.07965,0.01360,0.07684,0.04826,0.14325,0.12240,0.11530,0.01372,0.00128,0.03702,0.15718,0.04346,0.02040,0.01933,0.00677,0.00579
872,0.00830,0.16574,0.01878,0.00972,0.01880,0.00783,0.01384,0.10042,0.01285,0.11082,0.18735,0.01429,0.00321,0.01102,0.00352,0.00875,0.03830,0.24257,0.01068,0.01319
873,0.00573,0.00722,0.01464,0.02006,0.01191,0.00710,0.09256,0.01171,0.15346,0.00380,0.01609,0.00852,0.00311,0.25332,0.33438,0.00736,0.01468,0.00729,0.01392,0.01312
874,0.01178,0.03936,0.02964,0.01974,0.14649,0.02984,0.04938,0.02041,0.06983,0.00826,0.03009,0.02840,0.00829,0.01797,0.36564,0.01946,0.01632,0.02600,0.04060,0.02247
875,0.00998,0.05365,0.01394,0.02852,0.02321,0.00671,0.02151,0.38587,0.02052,0.09513,0.02610,0.01266,0.00624,0.02136,0.00779,0.00541,0.00132,0.22487,0.02164,0.01358
876,0.02452,0.09741,0.01123,0.01510,0.02670,0.00837,0.01055,0.46407,0.02275,0.06928,0.03941,0.01785,0.00426,0.01590,0.02079,0.00460,0.02197,0.09059,0.02302,0.01162
877,0.07146,0.09169,0.09442,0.00788,0.00713,0.28545,0.00605,0.00960,0.00963,0.00224,0.00812,0.17243,0.00280,0.00860,0.00265,0.18980,0.01028,0.00502,0.00761,0.00714
878,0.06076,0.06631,0.05372,0.05409,0.04378,0.03451,0.06778,0.06945,0.02827,0.04007,0.04088,0.04262,0.05827,0.05529,0.02095,0.07130,0.06534,0.04806,0.03356,0.04501
879,0.05692,0.04927,0.08959,0.10636,0.00255,0.04950,0.07727,0.00271,0.04010,0.00094,0.00638,0.13501,0.01588,0.09300,0.07678,0.09498,0.06891,0.00268,0.00272,0.02847
880,0.05410,0.04939,0.03047,0.06835,0.06098,0.03107,0.08959,0.00252,0.04526,0.07348,0.06310,0.09974,0.01625,0.06602,0.02846,0.03799,0.00526,0.00680,0.06886,0.10231
881,0.04816,0.05616,0.04642,0.04390,0.05003,0.03832,0.05269,0.04118,0.05625,0.04850,0.04327,0.06259,0.04696,0.05163,0.04577,0.06502,0.05882,0.05179,0.02676,0.06579
882,0.00591,0.05608,0.01182,0.01158,0.33092,0.00573,0.04593,0.00843,0.00991,0.00327,0.00981,0.00783,0.00329,0.00846,0.00370,0.00269,0.00425,0.00548,0.08009,0.38483
883,0.04901,0.06088,0.06762,0.06785,0.06757,0.04725,0.04724,0.03375,0.03965,0.04639,0.04320,0.05563,0.01245,0.07518,0.04390,0.06051,0.04903,0.04523,0.03492,0.05275
884,0.00642,0.12365,0.18015,0.07276,0.08501,0.02201,0.01336,0.01131,0.01002,0.02908,0.09663,0.09129,0.00238,0.02821,0.00312,0.08418,0.04469,0.00612,0.02726,0.06236
885,0.07655,0.07353,0.01278,0.01217,0.15583,0.01400,0.08854,0.04722,0.00886,0.03441,0.04452,0.02129,0.00305,0.07042,0.01494,0.03521,0.04260,0.05582,0.05440,0.13384
886,0.01459,0.08415,0.03187,0.03586,0.03515,0.03341,0.01619,0.04829,0.04940,0.24842,0.15343,0.01863,0.00269,0.03874,0.01803,0.00946,0.07450,0.01807,0.03710,0.03202
887,0.08771,0.06592,0.02407,0.02042,0.01772,0.02740,0.06417,0.05957,0.05725,0.05455,0.06168,0.03820,0.00928,0.13941,0.02823,0.05467,0.05384,0.08481,0.02331,0.02779
888,0.02091,0.07723,0.00961,0.01029,0.04591,0.00682,0.07140,0.00331,0.05663,0.04887,0.08195,0.06636,0.00204,0.07071,0.00518,0.15180,0.17254,0.01967,0.01726,0.06151
889,0.01922,0.05163,0.02865,0.08378,0.04060,0.02195,0.00782,0.03507,0.06397,0.01015,0.09492,0.02184,0.01103,0.38324,0.01775,0.01025,0.00952,0.02060,0.04241,0.02560
890,0.01065,0.08177,0.01390,0.09158,0.04064,0.03322,0.02614,0.08273,0.02523,0.06118,0.09028,0.01531,0.00285,0.05426,0.01465,0.02099,0.07663,0.11245,0.09867,0.04686
891,0.13377,0.02558,0.06341,0.06341,0.06341,0.04105,0.00055,0.06341,0.06341,0.00950,0.06341,0.06341,0.00428,0.04515,0.06353,0.01350,0.04682,0.04555,0.06341,0.06341
892,0.02490,0.01315,0.20680,0.05098,0.10429,0.01689,0.06555,0.02023,0.02566,0.00674,0.02511,0.08821,0.01521,0.02653,0.01465,0.01028,0.01973,0.01501,0.01838,0.23169
893,0.02053,0.03717,0.02242,0.01206,0.05261,0.01311,0.01917,0.25515,0.01663,0.29970,0.04815,0.02210,0.00559,0.01229,0.01068,0.02966,0.01065,0.08061,0.01471,0.01702
894,0.04335,0.13116,0.01650,0.00962,0.02085,0.35375,0.02119,0.01155,0.01901,0.02591,0.03200,0.05145,0.02412,0.01807,0.00736,0.04386,0.08382,0.02544,0.01707,0.04392
895,0.11022,0.08687,0.14449,0.10182,0.00981,0.02046,0.07201,0.03129,0.02263,0.01931,0.04355,0.03365,0.01875,0.10329,0.01305,0.05759,0.04730,0.04094,0.00516,0.01783
896,0.06562,0.08622,0.01841,0.05124,0.04133,0.02831,0.06054,0.02870,0.05345,0.04675,0.04938,0.06550,0.06843,0.05390,0.04019,0.06924,0.06259,0.04510,0.02629,0.03881
897,0.04832,0.07275,0.04812,0.02583,0.09810,0.06850,0.06185,0.04414,0.02335,0.02466,0.02738,0.08142,0.08103,0.03937,0.02459,0.04886,0.03738,0.01944,0.02426,0.10066
898,0.05782,0.05166,0.00348,0.02269,0.05839,0.01130,0.05427,0.09789,0.00681,0.02430,0.05630,0.03413,0.02275,0.03698,0.00840,0.06533,0.11488,0.08064,0.09902,0.09296
899,0.00604,0.01428,0.00999,0.01574,0.01559,0.00676,0.01008,0.00412,0.09463,0.03830,0.02466,0.01344,0.00463,0.01403,0.18091,0.19883,0.31393,0.00767,0.01519,0.01117
900,0.05404,0.00979,0.00816,0.01408,0.08987,0.00485,0.01975,0.00993,0.01307,0.00467,0.06203,0.00870,0.38283,0.00885,0.00255,0.00282,0.00452,0.00539,0.11744,0.17667
901,0.00668,0.01360,0.01309,0.01211,0.01699,0.65357,0.01180,0.01586,0.04588,0.00695,0.04230,0.02366,0.00625,0.02617,0.04607,0.00520,0.00947,0.00636,0.02632,0.01167
902,0.16288,0.02456,0.01278,0.01229,0.01298,0.00750,0.01082,0.01019,0.01451,0.00321,0.06217,0.01357,0.00455,0.00927,0.00424,0.00412,0.00538,0.60026,0.01194,0.01281
903,0.01034,0.02860,0.02389,0.02057,0.03099,0.00770,0.02062,0.01823,0.01602,0.65902,0.01269,0.01559,0.00648,0.02740,0.00862,0.00818,0.00608,0.00856,0.05360,0.01682
