site,A,C,D,E,F,G,H,I,K,L,M,N,P,Q,R,S,T,V,W,Y
790,0.08218,0.04055,0.02140,0.04768,0.04155,0.01397,0.04831,0.03917,0.05859,0.03855,0.04021,0.04577,0.03875,0.05600,0.05787,0.05968,0.08393,0.07703,0.03257,0.07624
791,0.06575,0.11886,0.01560,0.00961,0.01481,0.06166,0.01227,0.01475,0.01139,0.02133,0.01002,0.01456,0.49732,0.02462,0.00328,0.03173,0.04076,0.00736,0.00775,0.01659
792,0.10601,0.04444,0.01130,0.02437,0.00870,0.07042,0.07073,0.02362,0.10155,0.01846,0.03174,0.09079,0.00243,0.05290,0.11735,0.12339,0.06667,0.00765,0.01049,0.01699
793,0.02158,0.01047,0.01295,0.03282,0.01209,0.56583,0.07402,0.01602,0.02204,0.00421,0.01379,0.06820,0.00710,0.02195,0.02146,0.04332,0.00795,0.00811,0.00997,0.02612
794,0.01055,0.01614,0.02263,0.01644,0.01931,0.04345,0.04039,0.02781,0.05531,0.01393,0.02213,0.02043,0.01505,0.02619,0.56226,0.02137,0.01288,0.01057,0.01616,0.02699
795,0.03361,0.01437,0.01427,0.01598,0.01716,0.00496,0.01854,0.04268,0.01673,0.00781,0.01664,0.01870,0.02005,0.01859,0.00546,0.01279,0.64911,0.04159,0.01381,0.01715
796,0.02250,0.01435,0.01406,0.01878,0.01713,0.01164,0.01816,0.03735,0.01936,0.00730,0.01586,0.01449,0.02556,0.02763,0.00698,0.01736,0.67501,0.00744,0.01230,0.01671
797,0.00765,0.02509,0.01784,0.01157,0.01543,0.01232,0.03247,0.01879,0.01387,0.00794,0.01377,0.01997,0.01226,0.01852,0.02647,0.00857,0.01067,0.00644,0.70076,0.01959
798,0.01695,0.01487,0.01517,0.01330,0.01796,0.00644,0.02319,0.01762,0.01822,0.03045,0.01606,0.01988,0.05829,0.01760,0.00641,0.64298,0.02321,0.00905,0.01583,0.01655
799,0.00686,0.07272,0.00816,0.00589,0.03743,0.00199,0.00915,0.26707,0.00690,0.41881,0.03353,0.00678,0.00534,0.00807,0.00194,0.00329,0.03040,0.05038,0.00629,0.01899
800,0.00860,0.01593,0.01896,0.01390,0.01720,0.00703,0.56487,0.01441,0.01574,0.01662,0.07225,0.02798,0.02752,0.02357,0.07028,0.00701,0.01313,0.00825,0.01262,0.04413
801,0.02652,0.04263,0.01492,0.02717,0.01550,0.33904,0.01250,0.01400,0.01227,0.00596,0.01288,0.11831,0.00778,0.01174,0.01091,0.18141,0.01618,0.10254,0.01128,0.01646
802,0.05832,0.04566,0.00791,0.02064,0.00805,0.11249,0.03538,0.01667,0.11234,0.00262,0.00751,0.01806,0.00278,0.05162,0.08937,0.16908,0.16534,0.01216,0.02127,0.04274
803,0.18954,0.06853,0.00853,0.02260,0.03531,0.16832,0.01101,0.00851,0.01203,0.02753,0.02508,0.01793,0.00459,0.06389,0.01959,0.24586,0.04126,0.00927,0.01082,0.00981
804,0.01139,0.00889,0.44467,0.24780,0.01167,0.02527,0.01286,0.01301,0.01769,0.00373,0.03860,0.00880,0.00432,0.10641,0.00418,0.00369,0.00575,0.01212,0.00996,0.00920
805,0.00853,0.01561,0.01777,0.01679,0.01496,0.00570,0.02532,0.01641,0.01513,0.01137,0.01468,0.01570,0.00771,0.01420,0.03743,0.00668,0.01002,0.00787,0.72340,0.01472
806,0.07766,0.05506,0.01176,0.00836,0.05233,0.05468,0.02361,0.05747,0.03044,0.05326,0.25020,0.00916,0.00320,0.12001,0.02933,0.08800,0.03381,0.01964,0.00940,0.01263
807,0.07720,0.13273,0.06039,0.00610,0.00578,0.17776,0.01436,0.02194,0.00479,0.00388,0.00471,0.04683,0.00329,0.00935,0.00263,0.18690,0.17577,0.05648,0.00481,0.00429
808,0.04057,0.11990,0.06464,0.04672,0.00323,0.03056,0.08169,0.04575,0.03580,0.02462,0.07985,0.08429,0.01657,0.08533,0.06668,0.04445,0.07192,0.04708,0.00312,0.00722
809,0.07486,0.04160,0.09085,0.10139,0.00576,0.05421,0.04223,0.01811,0.05336,0.02556,0.03019,0.09727,0.00149,0.11576,0.04578,0.08780,0.06826,0.03171,0.00253,0.01125
810,0.04563,0.14634,0.27868,0.11223,0.00665,0.04177,0.03557,0.00584,0.00894,0.00379,0.00749,0.07702,0.03880,0.01944,0.00438,0.11094,0.03105,0.00698,0.00927,0.00917
811,0.01446,0.03549,0.01368,0.00682,0.01194,0.00371,0.01223,0.20638,0.00730,0.16981,0.26277,0.01202,0.00358,0.01977,0.00747,0.04912,0.05271,0.09240,0.00575,0.01262
812,0.00557,0.01243,0.00828,0.01156,0.03380,0.00509,0.01662,0.17883,0.01008,0.48933,0.14178,0.00757,0.01789,0.01072,0.00644,0.00372,0.00504,0.01362,0.01245,0.00918
813,0.04272,0.03460,0.04615,0.08454,0.07728,0.05334,0.05493,0.05023,0.02716,0.05547,0.04228,0.08043,0.00789,0.04639,0.03447,0.05389,0.06176,0.03662,0.04627,0.06360
814,0.03688,0.16798,0.00915,0.00768,0.00835,0.01476,0.00901,0.12171,0.00859,0.03338,0.07634,0.00722,0.00366,0.01370,0.00274,0.00335,0.17019,0.28972,0.00635,0.00925
815,0.00981,0.02397,0.01762,0.01778,0.01670,0.01987,0.01611,0.01723,0.01812,0.01132,0.01622,0.01583,0.00933,0.01941,0.02280,0.00783,0.00946,0.00850,0.70379,0.01830
816,0.01056,0.01692,0.03524,0.01356,0.01630,0.01015,0.02649,0.04392,0.02875,0.00585,0.01595,0.59599,0.00968,0.01471,0.00676,0.04175,0.06667,0.01012,0.01437,0.01626
817,0.02657,0.00914,0.00861,0.01598,0.00920,0.02369,0.07522,0.01922,0.16529,0.01123,0.03650,0.07539,0.00433,0.14539,0.22744,0.05259,0.06775,0.00940,0.00806,0.00901
818,0.03490,0.20864,0.00514,0.02259,0.04992,0.00589,0.01216,0.04557,0.00533,0.04923,0.14818,0.01445,0.00301,0.00610,0.00189,0.00411,0.15967,0.19542,0.00476,0.02302
819,0.00861,0.02815,0.01214,0.01361,0.01480,0.00708,0.01304,0.01662,0.01324,0.01248,0.01376,0.01151,0.00634,0.01494,0.06656,0.01013,0.00808,0.00773,0.70745,0.01374
820,0.01281,0.01651,0.01635,0.01887,0.02549,0.01008,0.01259,0.57431,0.01531,0.00947,0.01658,0.01718,0.00556,0.01471,0.00790,0.01509,0.04286,0.13372,0.01821,0.01641
821,0.05295,0.04911,0.08317,0.07335,0.07089,0.02433,0.06228,0.06636,0.02651,0.05601,0.04777,0.01978,0.00156,0.04293,0.00843,0.04714,0.06982,0.05152,0.05889,0.08719
822,0.03352,0.07802,0.09652,0.14339,0.05347,0.06465,0.04014,0.00570,0.01491,0.05689,0.03862,0.06394,0.00283,0.08509,0.02627,0.04188,0.05331,0.01292,0.03047,0.05748
823,0.01131,0.01878,0.04052,0.01917,0.02149,0.01628,0.04197,0.02763,0.02962,0.00812,0.01740,0.60576,0.00824,0.01954,0.00746,0.02426,0.02199,0.01204,0.01532,0.03311
824,0.06360,0.03424,0.06761,0.04089,0.03157,0.03418,0.05906,0.04918,0.06979,0.03253,0.05082,0.06505,0.08201,0.05152,0.03366,0.05725,0.05613,0.05106,0.04117,0.02868
825,0.02424,0.03202,0.03297,0.01912,0.07687,0.01977,0.09615,0.00756,0.06409,0.01658,0.08345,0.09435,0.00519,0.07131,0.05028,0.03382,0.00854,0.01032,0.18844,0.06493
826,0.00620,0.08810,0.00986,0.01013,0.01211,0.00454,0.01428,0.08499,0.05132,0.14075,0.29761,0.01239,0.00774,0.03293,0.01170,0.00464,0.04475,0.14499,0.01065,0.01033
827,0.05281,0.04540,0.03219,0.04345,0.05365,0.04335,0.08316,0.04735,0.04425,0.04226,0.03115,0.06203,0.06149,0.06479,0.04535,0.05054,0.05263,0.03422,0.04540,0.06454
828,0.02121,0.14837,0.20042,0.05629,0.01370,0.01045,0.06330,0.10404,0.01936,0.02000,0.02896,0.10941,0.00674,0.01688,0.00553,0.03534,0.02057,0.07984,0.00977,0.02981
829,0.01227,0.01792,0.02208,0.04061,0.01777,0.01121,0.02138,0.01964,0.49130,0.00671,0.05616,0.03957,0.00864,0.03554,0.09204,0.00936,0.05377,0.00967,0.01410,0.02026
830,0.08053,0.02864,0.03137,0.04606,0.01623,0.00801,0.05855,0.03636,0.07224,0.00808,0.01775,0.05041,0.01786,0.02925,0.02507,0.19882,0.22566,0.01452,0.01407,0.02051
831,0.05930,0.03616,0.00708,0.01967,0.04298,0.00282,0.05676,0.04587,0.06514,0.08838,0.04118,0.07207,0.10308,0.05519,0.05330,0.01520,0.05307,0.03955,0.03808,0.10512
832,0.04444,0.05399,0.01356,0.01425,0.00860,0.00974,0.01157,0.20508,0.01041,0.22290,0.07574,0.01331,0.00403,0.01237,0.00402,0.00400,0.00601,0.26760,0.00861,0.00976
833,0.06909,0.03730,0.07109,0.09318,0.01599,0.07854,0.05708,0.03977,0.03856,0.03756,0.03909,0.02867,0.03437,0.05095,0.03969,0.07958,0.08029,0.05181,0.00855,0.04885
834,0.10361,0.05054,0.00773,0.03975,0.01704,0.02138,0.06085,0.02510,0.13360,0.03875,0.06625,0.05436,0.00215,0.11514,0.08408,0.04272,0.05368,0.05707,0.01336,0.01282
835,0.01056,0.03060,0.01861,0.02219,0.01946,0.01656,0.01868,0.01899,0.01854,0.01610,0.01868,0.01419,0.00948,0.01993,0.04825,0.00934,0.01101,0.01177,0.61806,0.04901
836,0.03479,0.02040,0.00941,0.00882,0.00900,0.00592,0.04595,0.13288,0.06816,0.03783,0.04041,0.02068,0.03724,0.09579,0.03538,0.05164,0.17738,0.08455,0.06851,0.01525
837,0.03573,0.01970,0.38952,0.16939,0.01985,0.02091,0.02466,0.02256,0.02326,0.01256,0.01925,0.04265,0.00970,0.08781,0.00826,0.01902,0.01216,0.02711,0.01810,0.01779
838,0.00963,0.01890,0.02080,0.01762,0.03274,0.00920,0.01567,0.34970,0.02213,0.08143,0.03120,0.02928,0.00668,0.01525,0.00640,0.01703,0.02451,0.25733,0.01758,0.01692
839,0.02786,0.01546,0.01766,0.01623,0.01831,0.15733,0.01430,0.01947,0.01636,0.03631,0.01572,0.01455,0.50165,0.01455,0.00927,0.05450,0.01052,0.00851,0.01566,0.01578
840,0.00796,0.04042,0.03493,0.01442,0.25219,0.00853,0.05044,0.01449,0.01509,0.00970,0.01301,0.04115,0.00907,0.01704,0.00575,0.01116,0.00734,0.00851,0.01161,0.42718
841,0.01481,0.03756,0.01494,0.01182,0.01317,0.04285,0.04031,0.15630,0.01644,0.33077,0.08820,0.04560,0.02764,0.03206,0.00995,0.03537,0.01707,0.03759,0.01237,0.01519
842,0.09853,0.02920,0.01525,0.03661,0.01633,0.45682,0.02001,0.01928,0.01640,0.00951,0.02582,0.12197,0.00836,0.02927,0.01609,0.00786,0.00983,0.02168,0.01815,0.02306
843,0.01410,0.02200,0.03111,0.05013,0.01625,0.02090,0.01793,0.03116,0.53518,0.00753,0.03990,0.05176,0.00802,0.03662,0.04145,0.00939,0.01783,0.01360,0.01934,0.01578
844,0.01355,0.01682,0.01843,0.02797,0.01616,0.05430,0.01561,0.01527,0.04474,0.00656,0.02674,0.01575,0.00882,0.01951,0.59820,0.02304,0.01272,0.01281,0.03726,0.01573
845,0.02726,0.02051,0.03586,0.55242,0.02061,0.02394,0.01839,0.02733,0.07302,0.00995,0.02221,0.01882,0.01066,0.02121,0.00974,0.00857,0.01240,0.04856,0.02062,0.01793
846,0.01551,0.01824,0.63456,0.02050,0.01887,0.04149,0.01202,0.02036,0.01925,0.00775,0.02063,0.04349,0.00696,0.01991,0.00928,0.00735,0.01066,0.01234,0.02211,0.03874
847,0.01263,0.01932,0.01926,0.01575,0.02490,0.03306,0.05534,0.06485,0.01761,0.30787,0.07036,0.09682,0.00927,0.11593,0.02179,0.03352,0.01718,0.02680,0.02209,0.01565
848,0.01631,0.03296,0.02596,0.02495,0.02411,0.02852,0.02475,0.02839,0.02290,0.02112,0.02491,0.02561,0.01513,0.02572,0.04449,0.01704,0.01684,0.01573,0.52898,0.03557
849,0.01265,0.46170,0.09885,0.07435,0.03084,0.03295,0.01668,0.01567,0.02130,0.00587,0.01886,0.02536,0.00669,0.03643,0.02496,0.01030,0.00919,0.01481,0.01642,0.06611
850,0.03742,0.01892,0.03997,0.02302,0.02299,0.50241,0.01956,0.01948,0.03406,0.01264,0.02216,0.01917,0.00944,0.08919,0.03042,0.00877,0.01745,0.03714,0.01864,0.01714
851,0.12201,0.02716,0.02170,0.01910,0.03547,0.01098,0.01821,0.02862,0.02402,0.01139,0.02148,0.01672,0.04177,0.02463,0.00965,0.48932,0.02279,0.01560,0.01620,0.02317
852,0.01330,0.02073,0.02341,0.02033,0.05476,0.00851,0.02428,0.05719,0.02119,0.32494,0.26199,0.01997,0.02709,0.01662,0.01998,0.00965,0.01932,0.01103,0.02290,0.02282
853,0.01455,0.04175,0.01930,0.02163,0.02476,0.01225,0.02637,0.46158,0.02258,0.02886,0.03959,0.02523,0.01256,0.02646,0.02990,0.01192,0.04350,0.08703,0.01976,0.03040
854,0.00831,0.01485,0.01443,0.03264,0.01880,0.42607,0.01520,0.01932,0.01389,0.00591,0.01852,0.01507,0.00688,0.01819,0.01273,0.16793,0.12970,0.02343,0.02231,0.01580
855,0.00932,0.10995,0.00840,0.01243,0.17298,0.00706,0.14938,0.00879,0.01344,0.00443,0.01454,0.03445,0.00515,0.00670,0.01811,0.00322,0.00480,0.01008,0.14488,0.26189
856,0.01607,0.02444,0.02444,0.02195,0.03012,0.03228,0.02108,0.03262,0.03900,0.01223,0.02640,0.02273,0.01120,0.02376,0.54762,0.02207,0.01827,0.01884,0.02659,0.02830
857,0.01436,0.01662,0.01731,0.02132,0.03004,0.00728,0.03286,0.02364,0.02401,0.07746,0.02936,0.01944,0.57090,0.01752,0.00580,0.02706,0.01250,0.01354,0.01870,0.02028
858,0.00583,0.03359,0.01385,0.01963,0.01562,0.00911,0.03534,0.01632,0.02341,0.01488,0.02172,0.01684,0.00759,0.01472,0.68377,0.01729,0.00785,0.00794,0.01967,0.01501
859,0.14110,0.02513,0.00589,0.00960,0.01367,0.03207,0.06953,0.01899,0.01729,0.02825,0.05249,0.01005,0.00718,0.10817,0.00611,0.23230,0.20104,0.00521,0.00859,0.00734
860,0.03856,0.02613,0.01735,0.02373,0.02238,0.01201,0.01529,0.12342,0.03237,0.01005,0.02656,0.02373,0.02393,0.02211,0.00949,0.02839,0.49180,0.01274,0.02132,0.01865
861,0.01506,0.02905,0.01956,0.01434,0.02157,0.01452,0.02113,0.02320,0.01650,0.01587,0.01750,0.02028,0.01077,0.01691,0.01965,0.00836,0.01130,0.01190,0.65257,0.03997
862,0.42159,0.03929,0.03197,0.01981,0.02563,0.04361,0.01975,0.02928,0.02390,0.01049,0.02030,0.01965,0.01233,0.01809,0.00949,0.14600,0.02732,0.02774,0.02529,0.02845
863,0.08843,0.03501,0.04245,0.10769,0.07739,0.06897,0.06404,0.00689,0.05652,0.02758,0.03530,0.02112,0.00280,0.12037,0.00563,0.07708,0.03838,0.06249,0.03114,0.03074
864,0.01486,0.08643,0.04002,0.01934,0.01611,0.01740,0.15426,0.02644,0.03355,0.00842,0.01759,0.25404,0.00705,0.01916,0.05393,0.05300,0.05819,0.01040,0.03312,0.07667
865,0.07095,0.01747,0.01690,0.01815,0.01865,0.00913,0.01249,0.32332,0.02041,0.08901,0.06052,0.02443,0.00948,0.01800,0.00711,0.01062,0.02559,0.21501,0.01668,0.01607
866,0.02512,0.03097,0.00900,0.03319,0.02474,0.02259,0.09175,0.03586,0.15152,0.03333,0.01916,0.01323,0.13192,0.05788,0.09836,0.03196,0.04757,0.04649,0.03461,0.06075
867,0.04850,0.08123,0.04538,0.04287,0.04675,0.04762,0.06576,0.05386,0.01483,0.04599,0.07330,0.07706,0.03626,0.06166,0.03818,0.04787,0.06014,0.06189,0.01553,0.03534
868,0.03364,0.02020,0.02036,0.02347,0.02405,0.01443,0.02082,0.05458,0.03835,0.00993,0.02457,0.01713,0.01345,0.02074,0.01160,0.06862,0.45571,0.08520,0.02151,0.02164
869,0.10763,0.13990,0.01970,0.01697,0.01557,0.01279,0.01087,0.05530,0.01391,0.02424,0.05546,0.01288,0.00407,0.01392,0.02429,0.02899,0.12059,0.29342,0.01465,0.01486
870,0.07207,0.10926,0.02970,0.04926,0.03983,0.08459,0.07548,0.01697,0.04349,0.03688,0.08748,0.06273,0.00290,0.04006,0.04023,0.05974,0.05520,0.02222,0.02630,0.04560
871,0.03455,0.04701,0.00757,0.00588,0.06342,0.01658,0.09305,0.03865,0.10347,0.10924,0.11766,0.02806,0.00165,0.04993,0.14180,0.05306,0.03504,0.03676,0.00947,0.00715
872,0.02380,0.15286,0.01642,0.01428,0.01583,0.00978,0.01325,0.05324,0.01280,0.14205,0.20906,0.01286,0.00400,0.01108,0.00436,0.01462,0.05342,0.21211,0.01131,0.01287
873,0.00611,0.02160,0.01377,0.01706,0.01183,0.01094,0.11343,0.01223,0.15679,0.01042,0.01356,0.00893,0.00549,0.24920,0.28059,0.00470,0.02604,0.00787,0.01336,0.01608
874,0.01276,0.02712,0.02396,0.01936,0.05217,0.05584,0.06072,0.02450,0.05720,0.01032,0.02329,0.03477,0.01052,0.02225,0.41107,0.01618,0.02669,0.04047,0.04254,0.02828
875,0.01392,0.06004,0.01347,0.02119,0.01793,0.00752,0.01850,0.36757,0.01767,0.05944,0.03450,0.02768,0.00699,0.01854,0.01061,0.01382,0.01521,0.24558,0.01720,0.01263
876,0.04336,0.08352,0.01128,0.01393,0.04524,0.00929,0.01046,0.41612,0.03595,0.07070,0.05018,0.02610,0.00495,0.01356,0.01423,0.00865,0.04086,0.07148,0.01871,0.01143
877,0.09905,0.07219,0.09892,0.00856,0.00797,0.26259,0.01202,0.00976,0.01017,0.00265,0.00874,0.16370,0.00454,0.00908,0.00485,0.18415,0.02035,0.00548,0.00773,0.00751
878,0.06330,0.07529,0.05357,0.05439,0.04877,0.04320,0.06273,0.06617,0.03272,0.03179,0.03540,0.04637,0.05101,0.05752,0.01732,0.07070,0.05714,0.04737,0.03165,0.05358
879,0.05010,0.04205,0.08943,0.09843,0.00308,0.07582,0.06094,0.00314,0.04853,0.00097,0.00660,0.14710,0.02302,0.08214,0.09166,0.09688,0.05400,0.00286,0.00331,0.01995
880,0.06051,0.03745,0.03049,0.05913,0.05376,0.05520,0.09581,0.00568,0.05005,0.06575,0.06448,0.09237,0.02145,0.05917,0.02629,0.03810,0.00804,0.01076,0.05282,0.11268
881,0.04333,0.04419,0.04625,0.07425,0.04554,0.03923,0.05376,0.03168,0.05372,0.05137,0.04500,0.07997,0.05517,0.04806,0.05054,0.05600,0.05498,0.04736,0.02068,0.05892
882,0.00689,0.08454,0.00962,0.01170,0.25984,0.00634,0.08489,0.00892,0.01048,0.00401,0.01024,0.00999,0.00401,0.00938,0.00457,0.00540,0.00632,0.00635,0.10288,0.35363
883,0.04597,0.05852,0.07527,0.06294,0.06744,0.04896,0.04370,0.03928,0.03472,0.04745,0.04330,0.06124,0.01443,0.06209,0.04753,0.06052,0.05895,0.05799,0.03016,0.03955
884,0.01116,0.11555,0.20252,0.08032,0.12073,0.04009,0.01487,0.01821,0.01144,0.02655,0.05029,0.07311,0.00388,0.02579,0.00430,0.07349,0.04382,0.00888,0.01778,0.05724
885,0.06133,0.08806,0.01729,0.00993,0.10921,0.01655,0.10473,0.03874,0.01404,0.02646,0.04626,0.03541,0.00369,0.08493,0.02192,0.04008,0.04719,0.05617,0.05817,0.11984
886,0.01791,0.05394,0.02452,0.02971,0.03840,0.02655,0.01832,0.05606,0.03136,0.31681,0.09317,0.02707,0.02487,0.05297,0.03107,0.01201,0.06621,0.02964,0.02657,0.02284
887,0.09823,0.07212,0.02054,0.01016,0.01605,0.02226,0.06149,0.06711,0.04696,0.05816,0.08255,0.02809,0.00817,0.15116,0.02308,0.06109,0.05551,0.07120,0.01794,0.02814
888,0.03218,0.07143,0.01093,0.01166,0.04030,0.01155,0.08060,0.01871,0.03971,0.03342,0.06997,0.05078,0.00532,0.05763,0.01025,0.15738,0.20627,0.01749,0.01488,0.05955
889,0.02122,0.03228,0.02396,0.04186,0.03031,0.02173,0.02729,0.02797,0.02200,0.01185,0.06058,0.02158,0.01152,0.50236,0.04282,0.01373,0.01255,0.02093,0.02906,0.02440
890,0.03284,0.07907,0.02782,0.04181,0.04363,0.05085,0.02522,0.10387,0.02628,0.06584,0.03397,0.01460,0.00550,0.03458,0.01363,0.02650,0.08720,0.19591,0.04249,0.04840
891,0.02167,0.10242,0.04899,0.05123,0.05017,0.04812,0.00879,0.04746,0.05046,0.03445,0.04838,0.04704,0.01866,0.04296,0.17158,0.02910,0.03681,0.04296,0.04930,0.04944
892,0.02585,0.03871,0.03480,0.03608,0.09162,0.02120,0.07422,0.02371,0.02812,0.01184,0.02510,0.03929,0.01956,0.02999,0.02006,0.02679,0.02326,0.02024,0.02275,0.38682
893,0.01320,0.02672,0.02363,0.01553,0.03400,0.01266,0.01991,0.11417,0.01927,0.46830,0.02809,0.01956,0.00702,0.01709,0.00909,0.05026,0.01190,0.05755,0.03245,0.01961
894,0.01571,0.11022,0.03098,0.01071,0.01244,0.49611,0.01209,0.01511,0.01482,0.01569,0.01921,0.04567,0.00677,0.01011,0.00424,0.04137,0.06837,0.01643,0.01200,0.04193
895,0.11107,0.09626,0.15891,0.13374,0.01312,0.02367,0.07051,0.02515,0.01799,0.01157,0.04365,0.02266,0.00635,0.10820,0.00865,0.05039,0.03789,0.03269,0.00773,0.01981
896,0.06487,0.07559,0.03009,0.06179,0.03521,0.04823,0.07413,0.02573,0.04241,0.04081,0.05032,0.07478,0.06678,0.03826,0.02733,0.06874,0.05596,0.04559,0.03887,0.03450
897,0.05610,0.07317,0.05628,0.03157,0.07793,0.10417,0.04731,0.04330,0.02554,0.03010,0.02654,0.07911,0.07214,0.05194,0.02446,0.06749,0.03135,0.02235,0.02166,0.05752
898,0.05194,0.05587,0.00409,0.02345,0.06327,0.01128,0.05474,0.09172,0.00722,0.02085,0.04989,0.02965,0.01617,0.04214,0.00747,0.07277,0.13684,0.07430,0.09607,0.09029
899,0.02118,0.01519,0.01106,0.01539,0.01328,0.00746,0.00860,0.02248,0.08272,0.02170,0.02117,0.01242,0.00891,0.01037,0.16256,0.16529,0.36346,0.01179,0.01470,0.01029
900,0.05402,0.01099,0.01016,0.01414,0.06551,0.00676,0.02918,0.01146,0.01488,0.02095,0.05000,0.00941,0.45518,0.01046,0.00315,0.01313,0.00915,0.00695,0.07773,0.12678
901,0.00794,0.01360,0.01817,0.03490,0.01696,0.67789,0.01235,0.01453,0.02795,0.00717,0.02761,0.01930,0.00728,0.02178,0.02717,0.00629,0.01035,0.01584,0.02080,0.01212
902,0.15375,0.02959,0.01352,0.01254,0.01242,0.01212,0.01150,0.01530,0.01093,0.00491,0.06053,0.01219,0.00565,0.00965,0.00519,0.00502,0.00653,0.59344,0.01208,0.01314
903,0.01038,0.02167,0.01959,0.01726,0.02976,0.00849,0.01695,0.01594,0.01547,0.64524,0.02039,0.01371,0.01464,0.02095,0.00946,0.02861,0.00716,0.01819,0.05134,0.01481
