site,A,C,D,E,F,G,H,I,K,L,M,N,P,Q,R,S,T,V,W,Y
790,0.04156,0.02583,0.01110,0.03243,0.07755,0.00364,0.05690,0.03758,0.03923,0.13804,0.11275,0.04154,0.09155,0.05999,0.01925,0.01029,0.08014,0.05693,0.02327,0.04042
791,0.17750,0.08670,0.01185,0.00667,0.01046,0.03718,0.00910,0.01251,0.00802,0.00462,0.00871,0.01198,0.54992,0.01666,0.00194,0.00540,0.01960,0.00319,0.00465,0.01332
792,0.05517,0.05368,0.02009,0.04541,0.01086,0.05631,0.07510,0.00076,0.10512,0.02254,0.04804,0.08939,0.00060,0.06456,0.08958,0.12613,0.08005,0.02020,0.00620,0.03020
793,0.09343,0.00767,0.00940,0.00666,0.00867,0.65105,0.05950,0.01238,0.01041,0.00251,0.00949,0.05839,0.00420,0.01957,0.00412,0.01493,0.00511,0.00593,0.00466,0.01191
794,0.00845,0.01140,0.01754,0.01428,0.01435,0.00099,0.17145,0.07490,0.00687,0.00815,0.01704,0.01628,0.01072,0.02342,0.53057,0.00741,0.02365,0.00593,0.01023,0.02636
795,0.00191,0.01226,0.01151,0.01471,0.01501,0.00315,0.01739,0.00622,0.01532,0.00548,0.01457,0.01509,0.02566,0.01716,0.00370,0.01010,0.75920,0.02582,0.01123,0.01450
796,0.00182,0.01061,0.01120,0.01698,0.01376,0.00609,0.01401,0.02484,0.02213,0.00467,0.01343,0.01496,0.00401,0.03718,0.00423,0.02387,0.74797,0.00489,0.00880,0.01457
797,0.00483,0.01858,0.01611,0.00831,0.01196,0.01371,0.01904,0.01682,0.01044,0.00649,0.01102,0.01792,0.00923,0.01531,0.00139,0.00556,0.00982,0.00396,0.77520,0.02433
798,0.01113,0.01166,0.01236,0.01079,0.01684,0.00402,0.02614,0.01627,0.01647,0.00345,0.01431,0.02200,0.00190,0.01624,0.00424,0.75478,0.02424,0.00663,0.01249,0.01404
799,0.00276,0.04021,0.00666,0.00383,0.02475,0.00146,0.00554,0.30116,0.00580,0.52328,0.03822,0.00469,0.00333,0.00500,0.00109,0.00592,0.00097,0.00100,0.00367,0.02065
800,0.00550,0.01162,0.02841,0.01054,0.01323,0.00435,0.62364,0.01021,0.01200,0.00439,0.02910,0.10961,0.01684,0.05163,0.00203,0.00433,0.00699,0.00672,0.00872,0.04015
801,0.08141,0.07103,0.00959,0.00812,0.00691,0.20433,0.00552,0.00757,0.00439,0.00189,0.00514,0.14762,0.00257,0.00466,0.00297,0.23095,0.02269,0.17090,0.00418,0.00756
802,0.05160,0.08094,0.01007,0.00046,0.01309,0.09853,0.08414,0.01731,0.12140,0.00145,0.01255,0.02040,0.00142,0.07086,0.04701,0.14666,0.14075,0.01681,0.00721,0.05734
803,0.16625,0.07117,0.00549,0.01368,0.04974,0.19868,0.02250,0.00557,0.00584,0.02243,0.04110,0.05708,0.00282,0.08693,0.00593,0.20305,0.01650,0.01060,0.00797,0.00668
804,0.02163,0.00771,0.39754,0.38214,0.01022,0.00090,0.00824,0.01299,0.01430,0.00301,0.01069,0.00818,0.00350,0.08622,0.00330,0.00302,0.00478,0.00363,0.00958,0.00843
805,0.00529,0.03966,0.01505,0.01299,0.01052,0.00692,0.01219,0.01336,0.01159,0.01021,0.01082,0.01274,0.00468,0.01054,0.00188,0.00600,0.00662,0.00502,0.79290,0.01102
806,0.03218,0.07110,0.00839,0.00730,0.02571,0.05244,0.03546,0.00462,0.01761,0.04687,0.29266,0.01183,0.00198,0.30244,0.01768,0.05127,0.00165,0.00063,0.00337,0.01482
807,0.00051,0.19365,0.00877,0.00382,0.00322,0.12588,0.00297,0.01394,0.00446,0.00179,0.00360,0.02511,0.00089,0.00313,0.00099,0.29002,0.25602,0.05486,0.00292,0.00344
808,0.02719,0.07128,0.05643,0.04459,0.00168,0.04135,0.05696,0.03865,0.05553,0.03521,0.09343,0.09913,0.00828,0.09667,0.04532,0.08979,0.07397,0.06107,0.00159,0.00191
809,0.07884,0.04744,0.14557,0.11669,0.00200,0.02527,0.05693,0.00575,0.03548,0.01354,0.05473,0.10200,0.00160,0.12297,0.01856,0.08827,0.06216,0.01378,0.00151,0.00690
810,0.05209,0.07924,0.30241,0.14164,0.00395,0.00057,0.02945,0.00343,0.00429,0.00216,0.00478,0.17465,0.02619,0.03068,0.00256,0.10264,0.02324,0.00452,0.00599,0.00552
811,0.00611,0.01488,0.01425,0.00652,0.01286,0.00307,0.01233,0.17568,0.00908,0.19105,0.44704,0.01312,0.00295,0.01697,0.00386,0.04171,0.00908,0.00121,0.00518,0.01304
812,0.00344,0.00632,0.00541,0.00829,0.00323,0.00296,0.00334,0.26008,0.00703,0.52813,0.13136,0.00494,0.00080,0.00671,0.00553,0.00281,0.00286,0.00284,0.00814,0.00578
813,0.05689,0.04455,0.08412,0.08839,0.03796,0.07058,0.06568,0.02438,0.02287,0.05456,0.04874,0.05262,0.00425,0.05260,0.03635,0.06315,0.04493,0.02243,0.07079,0.05416
814,0.00074,0.14280,0.00551,0.00365,0.00537,0.00817,0.00554,0.17608,0.00536,0.04564,0.03069,0.00432,0.00201,0.00529,0.00148,0.00191,0.23948,0.30658,0.00375,0.00563
815,0.00640,0.01758,0.01447,0.01416,0.01395,0.00856,0.01339,0.01460,0.01614,0.02357,0.01291,0.01309,0.00588,0.01832,0.00161,0.00488,0.00630,0.00543,0.77290,0.01587
816,0.00762,0.01559,0.00419,0.01080,0.01479,0.00492,0.01403,0.03524,0.03241,0.00401,0.01307,0.69904,0.00675,0.01317,0.00438,0.00166,0.07134,0.01210,0.01145,0.02343
817,0.00842,0.00910,0.00746,0.00729,0.00688,0.00156,0.02952,0.00574,0.31254,0.00212,0.03517,0.02975,0.00334,0.16243,0.31586,0.00191,0.04631,0.00326,0.00563,0.00573
818,0.00166,0.18072,0.00335,0.02321,0.01570,0.00577,0.00673,0.12019,0.00354,0.09415,0.14645,0.00349,0.00183,0.00375,0.00153,0.00370,0.14748,0.22998,0.00317,0.00361
819,0.00791,0.00859,0.00982,0.01026,0.01329,0.00335,0.01018,0.01484,0.01073,0.00341,0.01119,0.00909,0.00431,0.01243,0.00158,0.00542,0.00820,0.00512,0.83852,0.01177
820,0.01098,0.01472,0.01456,0.01834,0.01884,0.00805,0.01032,0.73683,0.01261,0.00487,0.00929,0.01979,0.00381,0.01292,0.00584,0.01762,0.00508,0.04269,0.01710,0.01577
821,0.05287,0.05002,0.06744,0.08332,0.04440,0.00201,0.06033,0.06267,0.01000,0.06616,0.05293,0.02891,0.00088,0.07038,0.01406,0.06592,0.06127,0.05190,0.07477,0.07976
822,0.04418,0.05182,0.10800,0.12747,0.03075,0.02134,0.05460,0.00274,0.01857,0.05776,0.07838,0.08695,0.00128,0.07787,0.01598,0.09994,0.07483,0.00096,0.01205,0.03453
823,0.00862,0.01745,0.00227,0.01903,0.02218,0.00677,0.02835,0.01781,0.02760,0.00543,0.01609,0.75447,0.00589,0.01849,0.00521,0.00161,0.00659,0.00898,0.01296,0.01422
824,0.06511,0.04487,0.06918,0.06871,0.02291,0.01816,0.05666,0.04470,0.04960,0.03846,0.05057,0.05719,0.08555,0.04955,0.03952,0.06754,0.06316,0.04781,0.03444,0.02632
825,0.03002,0.06209,0.01229,0.01885,0.13615,0.01077,0.11450,0.00500,0.08837,0.01969,0.09625,0.03075,0.00154,0.06423,0.03381,0.02225,0.01787,0.00333,0.17379,0.05845
826,0.00505,0.18077,0.00889,0.01593,0.01088,0.00366,0.01466,0.05983,0.00744,0.17809,0.42683,0.01099,0.00642,0.01760,0.01015,0.00352,0.00229,0.01808,0.00947,0.00945
827,0.04586,0.03861,0.04822,0.04903,0.06321,0.01033,0.08022,0.07177,0.04443,0.05058,0.05243,0.05756,0.06912,0.04438,0.04226,0.04432,0.04981,0.05226,0.03922,0.04638
828,0.00371,0.14492,0.28849,0.03253,0.01233,0.00067,0.01941,0.09778,0.01716,0.01661,0.01194,0.14158,0.00288,0.01681,0.00688,0.03097,0.03788,0.07571,0.00823,0.03350
829,0.01024,0.01792,0.02652,0.00328,0.01839,0.00938,0.02593,0.02175,0.66660,0.00513,0.01298,0.01937,0.00677,0.09788,0.00152,0.00757,0.00873,0.00773,0.01288,0.01939
830,0.00780,0.01772,0.01384,0.01893,0.01770,0.00855,0.04508,0.00502,0.10613,0.00835,0.02364,0.04600,0.00576,0.04220,0.05553,0.20881,0.32165,0.01457,0.01342,0.01930
831,0.04487,0.03082,0.00473,0.01542,0.07088,0.00138,0.07531,0.08557,0.03966,0.08605,0.05240,0.01431,0.13042,0.01556,0.06040,0.02266,0.01614,0.02833,0.10615,0.09892
832,0.00116,0.05422,0.00857,0.00587,0.00502,0.00425,0.00718,0.34034,0.00610,0.23880,0.03078,0.00836,0.00219,0.00758,0.00211,0.00204,0.00433,0.26032,0.00484,0.00592
833,0.02272,0.04875,0.07612,0.08114,0.02788,0.05327,0.05911,0.00624,0.05614,0.06762,0.03237,0.06029,0.02965,0.06604,0.03970,0.06856,0.06464,0.05554,0.03502,0.04920
834,0.11740,0.09565,0.01881,0.00129,0.01070,0.01886,0.07367,0.00218,0.12237,0.04573,0.04143,0.05949,0.00069,0.14542,0.03389,0.07092,0.06807,0.06170,0.00187,0.00986
835,0.00735,0.02688,0.01795,0.02347,0.01813,0.02061,0.01708,0.02406,0.01665,0.00820,0.01659,0.01234,0.00682,0.01782,0.00401,0.01044,0.00821,0.00853,0.72093,0.01393
836,0.00870,0.00624,0.00532,0.00476,0.00516,0.00392,0.05627,0.03419,0.09469,0.03232,0.09523,0.01507,0.02971,0.16522,0.06861,0.09156,0.16824,0.06022,0.04093,0.01364
837,0.03069,0.01719,0.44114,0.14080,0.01787,0.00101,0.02144,0.02396,0.02349,0.00562,0.01680,0.01630,0.00651,0.13609,0.00563,0.01600,0.00862,0.04117,0.01519,0.01447
838,0.00617,0.01611,0.01943,0.01473,0.05745,0.00589,0.01225,0.39641,0.02118,0.12430,0.03547,0.04153,0.00422,0.01224,0.00405,0.01256,0.00129,0.18759,0.01387,0.01325
839,0.00687,0.01342,0.01625,0.01499,0.02115,0.09730,0.04340,0.01850,0.01594,0.00377,0.01439,0.01248,0.64364,0.01331,0.00619,0.00299,0.01917,0.00667,0.01438,0.01519
840,0.00438,0.00269,0.03971,0.00907,0.47098,0.00427,0.00210,0.00923,0.00905,0.00282,0.00777,0.00877,0.00500,0.01413,0.00276,0.00752,0.00390,0.00446,0.00651,0.38488
841,0.02368,0.01013,0.01040,0.00778,0.00805,0.00703,0.00859,0.21793,0.01175,0.32814,0.16250,0.02265,0.00112,0.02281,0.00883,0.01898,0.02233,0.09002,0.00746,0.00984
842,0.07427,0.08974,0.00963,0.00801,0.01233,0.44031,0.01074,0.01333,0.02095,0.00394,0.01409,0.20006,0.00512,0.05186,0.00243,0.00440,0.00599,0.00522,0.01498,0.01259
843,0.01007,0.02007,0.04813,0.00626,0.01191,0.00917,0.01450,0.02240,0.59243,0.00462,0.13214,0.01776,0.00499,0.04734,0.00202,0.00809,0.00802,0.01000,0.01655,0.01353
844,0.01087,0.01483,0.01741,0.02342,0.01374,0.00126,0.01322,0.01319,0.03809,0.00455,0.03831,0.01332,0.00647,0.01871,0.71774,0.00997,0.00688,0.01062,0.01452,0.01287
845,0.00764,0.02070,0.03711,0.65239,0.01889,0.00130,0.01573,0.03539,0.04410,0.00700,0.02121,0.01874,0.00729,0.04202,0.00709,0.00662,0.00954,0.00659,0.02347,0.01717
846,0.03463,0.01599,0.68635,0.06955,0.01691,0.00176,0.01068,0.01781,0.01791,0.00470,0.01744,0.01239,0.00423,0.01770,0.00599,0.00476,0.00755,0.01132,0.01993,0.02238
847,0.01192,0.04460,0.01613,0.01288,0.19790,0.04839,0.04119,0.01351,0.01519,0.33233,0.05463,0.07290,0.00584,0.05816,0.01392,0.00272,0.00977,0.01832,0.01071,0.01897
848,0.01363,0.02242,0.02969,0.02608,0.02464,0.02932,0.02545,0.03399,0.02486,0.02233,0.02674,0.02940,0.01113,0.02971,0.00277,0.01120,0.01351,0.01172,0.57612,0.03530
849,0.00991,0.58975,0.07880,0.04771,0.01787,0.00955,0.01057,0.01395,0.02207,0.01060,0.01873,0.01340,0.00854,0.01296,0.00144,0.01576,0.00718,0.00683,0.06944,0.03497
850,0.00775,0.01926,0.02679,0.00562,0.02431,0.66770,0.01425,0.02128,0.03804,0.00706,0.02302,0.01971,0.00714,0.02389,0.00329,0.00688,0.00759,0.04093,0.01813,0.01737
851,0.15297,0.02502,0.02053,0.01739,0.00610,0.00758,0.01426,0.01594,0.02626,0.01097,0.01932,0.01340,0.00126,0.02700,0.00687,0.56474,0.02201,0.01223,0.01466,0.02151
852,0.00771,0.02214,0.02599,0.01822,0.07581,0.00554,0.01379,0.04100,0.02168,0.39599,0.23645,0.01784,0.00117,0.01570,0.01965,0.00638,0.01948,0.00857,0.02285,0.02402
853,0.01109,0.05524,0.01634,0.02228,0.02790,0.00877,0.03580,0.52017,0.02597,0.13190,0.00331,0.02603,0.00861,0.02836,0.01746,0.00855,0.00629,0.00421,0.01962,0.02208
854,0.00378,0.01013,0.01006,0.01537,0.01524,0.45398,0.01015,0.01516,0.00906,0.00418,0.03715,0.01150,0.00401,0.00920,0.00143,0.09420,0.26452,0.00720,0.01165,0.01202
855,0.00294,0.03277,0.00690,0.00506,0.40385,0.00243,0.08937,0.00299,0.00520,0.00113,0.00566,0.02120,0.00089,0.00462,0.00024,0.00249,0.00152,0.00359,0.21708,0.19006
856,0.01374,0.02552,0.02352,0.02036,0.03711,0.00187,0.02114,0.02426,0.04900,0.00783,0.02508,0.02455,0.00820,0.02678,0.60553,0.00567,0.01264,0.01526,0.02413,0.02783
857,0.00966,0.01400,0.01418,0.01998,0.02336,0.00472,0.02031,0.02583,0.02680,0.00290,0.04127,0.01961,0.69216,0.01428,0.00402,0.01361,0.00728,0.01109,0.01685,0.01809
858,0.00339,0.00295,0.00971,0.01670,0.01186,0.00659,0.00337,0.01734,0.02431,0.00295,0.01785,0.01436,0.00765,0.01093,0.79607,0.02186,0.00511,0.00497,0.00976,0.01228
859,0.10380,0.09416,0.00212,0.00375,0.00568,0.02082,0.07994,0.00095,0.00639,0.02649,0.05068,0.00846,0.00330,0.26512,0.00265,0.16797,0.14095,0.01058,0.00343,0.00275
860,0.00237,0.04222,0.01684,0.02503,0.02337,0.01329,0.01414,0.00813,0.02514,0.00737,0.03507,0.03215,0.00418,0.02517,0.00741,0.04118,0.62572,0.01031,0.02240,0.01852
861,0.01041,0.09252,0.01572,0.01054,0.01965,0.00328,0.01815,0.02167,0.01297,0.00481,0.01324,0.01720,0.00657,0.01257,0.00215,0.01005,0.00748,0.00713,0.69656,0.01732
862,0.41423,0.13496,0.01981,0.01567,0.02626,0.01852,0.01572,0.02097,0.02314,0.00643,0.01646,0.01598,0.01056,0.01286,0.00546,0.17151,0.00296,0.01316,0.02314,0.03219
863,0.11392,0.05207,0.03696,0.10184,0.07813,0.01289,0.04634,0.00567,0.03411,0.00824,0.05376,0.01707,0.00180,0.15391,0.03705,0.08683,0.06305,0.05564,0.02973,0.01101
864,0.00859,0.03575,0.00166,0.01928,0.01380,0.00683,0.23952,0.01108,0.14222,0.00411,0.01622,0.30355,0.00500,0.01650,0.09230,0.00101,0.00421,0.00725,0.01510,0.05600
865,0.01690,0.01558,0.01496,0.01638,0.01081,0.00644,0.00937,0.40012,0.02114,0.26312,0.10115,0.01034,0.00669,0.01553,0.00490,0.00477,0.00140,0.05080,0.01508,0.01450
866,0.02686,0.03801,0.00461,0.00070,0.04629,0.02672,0.09951,0.07812,0.13344,0.04441,0.02219,0.00182,0.08560,0.04254,0.05714,0.03905,0.06087,0.08049,0.03931,0.07231
867,0.06146,0.07540,0.04929,0.02374,0.03677,0.03011,0.05439,0.05122,0.01348,0.04290,0.07969,0.09193,0.03691,0.05573,0.04351,0.06773,0.07490,0.04772,0.02854,0.03457
868,0.00162,0.02219,0.02215,0.03073,0.02467,0.01163,0.02082,0.00793,0.02327,0.00772,0.03153,0.01567,0.00569,0.02431,0.00804,0.05163,0.56786,0.07575,0.02311,0.02367
869,0.00116,0.17238,0.00847,0.01926,0.00872,0.00999,0.01096,0.06918,0.01504,0.00433,0.03063,0.01300,0.00327,0.01468,0.00578,0.00660,0.11530,0.46356,0.01593,0.01175
870,0.08141,0.07991,0.00029,0.04045,0.04793,0.08277,0.07389,0.02886,0.04344,0.03458,0.06216,0.07187,0.00066,0.03867,0.10527,0.03471,0.04586,0.03176,0.05031,0.04521
871,0.04206,0.03831,0.00419,0.00322,0.09793,0.01335,0.05726,0.05510,0.17769,0.13795,0.11759,0.00387,0.00102,0.02639,0.17200,0.03583,0.00585,0.00037,0.00627,0.00376
872,0.00128,0.15593,0.01677,0.01037,0.01667,0.00959,0.01242,0.10837,0.01148,0.09369,0.16724,0.01268,0.00287,0.00973,0.00313,0.00627,0.03095,0.30922,0.00957,0.01175
873,0.00515,0.00170,0.01308,0.01808,0.01073,0.00557,0.06768,0.01047,0.12946,0.00340,0.01421,0.00766,0.00337,0.22954,0.43249,0.01136,0.00512,0.00662,0.01263,0.01169
874,0.01107,0.03159,0.02377,0.01586,0.12462,0.00151,0.04072,0.01640,0.06516,0.00666,0.04115,0.02028,0.00666,0.01443,0.43464,0.03053,0.01862,0.02591,0.05227,0.01814
875,0.00953,0.04097,0.01051,0.02122,0.03140,0.00509,0.01886,0.43726,0.01520,0.12708,0.01975,0.00946,0.00467,0.01597,0.00584,0.00447,0.00099,0.19377,0.01622,0.01176
876,0.01128,0.09382,0.00955,0.01264,0.01446,0.00709,0.00895,0.56363,0.01906,0.06835,0.00267,0.01775,0.00360,0.01340,0.03405,0.00387,0.00211,0.08441,0.01965,0.00966
877,0.04788,0.10739,0.07552,0.00618,0.00557,0.33126,0.00472,0.00742,0.00747,0.00175,0.00627,0.17138,0.00178,0.00664,0.00206,0.19494,0.00464,0.00563,0.00596,0.00555
878,0.05797,0.05619,0.05362,0.05359,0.03955,0.02541,0.07226,0.07263,0.02432,0.04854,0.04751,0.03835,0.06548,0.05322,0.02509,0.07145,0.07395,0.04833,0.03613,0.03641
879,0.06392,0.05671,0.08682,0.11490,0.00181,0.02180,0.09370,0.00193,0.03546,0.00088,0.00806,0.11727,0.00998,0.10253,0.06154,0.09315,0.08486,0.00366,0.00193,0.03910
880,0.04754,0.06281,0.03070,0.07753,0.06879,0.00612,0.08202,0.00135,0.03974,0.08135,0.06153,0.10514,0.01154,0.07298,0.03104,0.03815,0.00311,0.00371,0.08564,0.08921
881,0.05323,0.06833,0.04692,0.01147,0.05521,0.03761,0.05182,0.05214,0.05843,0.04575,0.04064,0.04464,0.03858,0.05498,0.04039,0.07362,0.06253,0.05680,0.03430,0.07261
882,0.00485,0.00223,0.01310,0.00942,0.38470,0.00470,0.00278,0.00691,0.00819,0.00267,0.00804,0.00700,0.00270,0.00693,0.00302,0.00217,0.00347,0.00450,0.05785,0.46477
883,0.05238,0.06287,0.05825,0.07273,0.06725,0.04580,0.05073,0.02838,0.04567,0.04523,0.04297,0.04888,0.01084,0.08782,0.04049,0.06089,0.03916,0.03232,0.04055,0.06679
884,0.00630,0.11901,0.17146,0.06364,0.03771,0.00051,0.01518,0.00658,0.00587,0.03531,0.14057,0.10134,0.00201,0.03484,0.00181,0.09906,0.04904,0.00662,0.03679,0.06637
885,0.09246,0.04702,0.01543,0.01167,0.18689,0.01326,0.06309,0.05901,0.00789,0.04564,0.04592,0.01399,0.00229,0.05173,0.01039,0.03349,0.04014,0.05722,0.05066,0.15181
886,0.01028,0.11615,0.02211,0.02498,0.03773,0.02327,0.01185,0.03770,0.03536,0.26685,0.19468,0.01302,0.00124,0.01952,0.01357,0.00670,0.08489,0.01455,0.03340,0.03214
887,0.07467,0.06108,0.03052,0.03548,0.02077,0.03460,0.06725,0.05140,0.06800,0.05199,0.03656,0.05108,0.01118,0.11002,0.03432,0.04906,0.05324,0.09832,0.03137,0.02911
888,0.01146,0.07572,0.00498,0.00537,0.05049,0.00630,0.06140,0.00150,0.07260,0.06739,0.08853,0.07897,0.00106,0.08039,0.00433,0.14067,0.14814,0.02730,0.01481,0.05860
889,0.01323,0.03707,0.01962,0.10129,0.02815,0.01505,0.00478,0.02396,0.09748,0.01128,0.13913,0.01506,0.01547,0.40338,0.00221,0.00696,0.00633,0.01390,0.02844,0.01724
890,0.00173,0.07762,0.00685,0.08321,0.05289,0.02152,0.03855,0.08206,0.01497,0.08024,0.10684,0.01728,0.00165,0.04186,0.01849,0.02678,0.09242,0.10612,0.08083,0.04809
891,0.24577,0.00062,0.05975,0.05975,0.05975,0.02918,0.00050,0.05975,0.05975,0.00699,0.05975,0.05975,0.00246,0.03073,0.05988,0.01890,0.03155,0.03570,0.05975,0.05975
892,0.01645,0.00156,0.35552,0.02943,0.14378,0.01194,0.00360,0.01367,0.01577,0.00436,0.01799,0.06557,0.01077,0.01657,0.01011,0.00646,0.01313,0.00901,0.01268,0.24164
893,0.02622,0.02593,0.00917,0.00501,0.07570,0.01199,0.00998,0.35853,0.01666,0.21213,0.07635,0.01449,0.00426,0.00976,0.01157,0.00111,0.01216,0.10342,0.00865,0.00689
894,0.07443,0.12943,0.01210,0.00458,0.02448,0.22776,0.03167,0.00753,0.01968,0.03811,0.04246,0.06127,0.04375,0.02377,0.01118,0.04090,0.09977,0.03958,0.01930,0.04823
895,0.10757,0.06840,0.12170,0.07080,0.01088,0.01757,0.07260,0.04005,0.02878,0.02809,0.04513,0.04721,0.03270,0.09538,0.01830,0.06494,0.05759,0.04974,0.00379,0.01878
896,0.06629,0.08916,0.01438,0.04058,0.04826,0.00704,0.04417,0.03509,0.06292,0.05353,0.04969,0.05357,0.06913,0.06920,0.05421,0.06862,0.06670,0.04439,0.01687,0.04622
897,0.05023,0.07939,0.04769,0.02651,0.07506,0.05231,0.08362,0.03053,0.02977,0.02613,0.03455,0.07278,0.09745,0.03801,0.02896,0.04557,0.05384,0.02332,0.03335,0.07093
898,0.06489,0.04792,0.00444,0.02345,0.05215,0.01345,0.05491,0.10137,0.00545,0.02895,0.06471,0.04007,0.02960,0.03457,0.01028,0.05954,0.09275,0.08734,0.08843,0.09574
899,0.00062,0.01414,0.00542,0.00862,0.01366,0.00459,0.01235,0.00225,0.09796,0.05990,0.02921,0.01681,0.00307,0.01481,0.19110,0.22224,0.27931,0.00506,0.00823,0.01064
900,0.05740,0.00516,0.00428,0.00735,0.10688,0.00272,0.01472,0.00518,0.00688,0.00125,0.07537,0.00458,0.33269,0.00461,0.00159,0.00281,0.00189,0.00281,0.14799,0.21383
901,0.00468,0.00951,0.00915,0.00852,0.01187,0.70147,0.00824,0.01108,0.03216,0.00579,0.02978,0.01662,0.00438,0.01821,0.08727,0.00361,0.00663,0.00446,0.01840,0.00816
902,0.14471,0.02427,0.00955,0.01190,0.00969,0.00839,0.00808,0.00761,0.01550,0.00266,0.03865,0.01013,0.00339,0.00693,0.00317,0.00307,0.00402,0.66977,0.00895,0.00957
903,0.00746,0.02061,0.01717,0.01495,0.04278,0.00553,0.01482,0.01307,0.01147,0.71919,0.00912,0.01121,0.00489,0.01960,0.00622,0.00271,0.00439,0.00662,0.05607,0.01212
