site,A,C,D,E,F,G,H,I,K,L,M,N,P,Q,R,S,T,V,W,Y
790,0.06795,0.03844,0.01730,0.04911,0.05540,0.01090,0.04956,0.04425,0.04882,0.07691,0.05556,0.04591,0.04488,0.05694,0.04481,0.04084,0.08004,0.07795,0.03610,0.05833
791,0.11685,0.09954,0.01248,0.00780,0.01163,0.04935,0.01168,0.01246,0.00987,0.01770,0.01106,0.01218,0.52041,0.02299,0.00254,0.02491,0.03101,0.00566,0.00602,0.01386
792,0.08031,0.04938,0.01620,0.03540,0.01028,0.06308,0.07242,0.01353,0.10127,0.02068,0.04042,0.08913,0.00201,0.05828,0.10328,0.12406,0.07320,0.01430,0.00872,0.02406
793,0.05462,0.00846,0.01032,0.02757,0.01011,0.59818,0.06559,0.01295,0.01519,0.00369,0.01207,0.06212,0.00545,0.02236,0.01702,0.02972,0.00623,0.00808,0.00986,0.02041
794,0.01199,0.01392,0.01915,0.01941,0.01652,0.02492,0.03805,0.03947,0.03916,0.01125,0.02187,0.01717,0.01280,0.02225,0.60931,0.01990,0.01857,0.00851,0.01303,0.02276
795,0.02258,0.01231,0.01305,0.01400,0.01422,0.00487,0.01565,0.03200,0.01442,0.00723,0.01378,0.01881,0.02298,0.01561,0.00435,0.01384,0.69963,0.03501,0.01157,0.01409
796,0.01570,0.01164,0.01151,0.01571,0.01399,0.01038,0.01479,0.03620,0.02008,0.00667,0.01310,0.01624,0.01795,0.02450,0.00551,0.02259,0.71363,0.00591,0.00989,0.01400
797,0.00605,0.02294,0.01523,0.01046,0.01237,0.01420,0.02339,0.01551,0.01119,0.00955,0.01163,0.01718,0.00992,0.01558,0.01769,0.00827,0.01081,0.00501,0.74238,0.02065
798,0.01675,0.01215,0.01259,0.01251,0.01516,0.00576,0.02020,0.01490,0.01518,0.02264,0.01560,0.01772,0.03751,0.01492,0.00509,0.70061,0.02534,0.00735,0.01441,0.01362
799,0.00535,0.05692,0.00795,0.00522,0.03232,0.00190,0.00716,0.28330,0.00748,0.45512,0.03634,0.00655,0.00468,0.00635,0.00167,0.00535,0.02121,0.02824,0.00539,0.02149
800,0.00695,0.01389,0.02272,0.01149,0.01395,0.00641,0.60978,0.01158,0.01279,0.01244,0.05247,0.04922,0.02339,0.03429,0.03960,0.00622,0.01106,0.00820,0.01027,0.04327
801,0.05399,0.05585,0.01280,0.02261,0.01274,0.27384,0.00883,0.01327,0.00830,0.00397,0.00901,0.12753,0.00512,0.00807,0.00898,0.19922,0.02063,0.13496,0.00846,0.01180
802,0.05532,0.06281,0.00966,0.01143,0.01177,0.10547,0.05821,0.01891,0.11728,0.00222,0.01129,0.02021,0.00208,0.05844,0.06767,0.15584,0.15013,0.01504,0.01513,0.05109
803,0.17355,0.06926,0.00829,0.01996,0.04294,0.18317,0.01900,0.00682,0.01135,0.02542,0.03397,0.03743,0.00406,0.07186,0.01569,0.21969,0.03047,0.01036,0.00883,0.00788
804,0.01787,0.00799,0.39786,0.33038,0.01207,0.01506,0.01036,0.01205,0.02180,0.00337,0.02408,0.00827,0.00394,0.09303,0.00442,0.00489,0.00514,0.00964,0.00933,0.00845
805,0.00661,0.02717,0.01487,0.01377,0.01294,0.00760,0.01735,0.01341,0.01219,0.01364,0.01183,0.01479,0.00674,0.01126,0.02376,0.00799,0.00793,0.00678,0.75734,0.01202
806,0.05519,0.06193,0.00974,0.00919,0.04027,0.05329,0.03088,0.03753,0.02592,0.04982,0.27156,0.01274,0.00260,0.19001,0.02391,0.06966,0.02294,0.01146,0.00674,0.01460
807,0.04061,0.15738,0.03579,0.00486,0.00443,0.15104,0.00895,0.02049,0.00494,0.00333,0.00411,0.03669,0.00296,0.00660,0.00194,0.23524,0.21647,0.05584,0.00419,0.00413
808,0.03389,0.09587,0.05997,0.04642,0.00241,0.03640,0.06964,0.04129,0.04640,0.03018,0.08526,0.09074,0.01276,0.09009,0.05616,0.06729,0.07319,0.05399,0.00269,0.00535
809,0.07634,0.04516,0.11659,0.10941,0.00419,0.03956,0.05000,0.01261,0.04373,0.01981,0.04325,0.09860,0.00181,0.11761,0.03256,0.08821,0.06556,0.02278,0.00202,0.01019
810,0.04786,0.11177,0.29140,0.12398,0.00529,0.02311,0.03339,0.00459,0.00706,0.00295,0.00603,0.12143,0.03322,0.02544,0.00393,0.10631,0.02788,0.00715,0.00749,0.00971
811,0.01160,0.02524,0.01268,0.00649,0.01294,0.00380,0.01149,0.16174,0.00985,0.17920,0.36837,0.01167,0.00415,0.02059,0.00745,0.04657,0.03733,0.05048,0.00531,0.01304
812,0.00501,0.00999,0.00656,0.01065,0.02429,0.00401,0.01183,0.20765,0.00805,0.51250,0.13022,0.00763,0.01225,0.00818,0.00731,0.00353,0.00441,0.00868,0.01003,0.00721
813,0.04981,0.03984,0.06501,0.08619,0.05794,0.06203,0.05978,0.03736,0.02526,0.05502,0.04542,0.06683,0.00623,0.04958,0.03552,0.05834,0.05337,0.02909,0.05834,0.05903
814,0.02172,0.15106,0.00714,0.00749,0.00668,0.01265,0.00812,0.14218,0.00686,0.04012,0.05528,0.00571,0.00327,0.01068,0.00248,0.00265,0.20065,0.30244,0.00557,0.00724
815,0.00774,0.02468,0.01434,0.01436,0.01572,0.01652,0.01341,0.01414,0.01533,0.01750,0.01322,0.01300,0.00814,0.01875,0.01593,0.00752,0.00741,0.00666,0.74015,0.01547
816,0.00845,0.01437,0.02559,0.01113,0.01371,0.00889,0.02360,0.03887,0.03275,0.00550,0.01328,0.64312,0.00774,0.01250,0.00593,0.02519,0.06332,0.01245,0.01180,0.02182
817,0.01896,0.00969,0.00780,0.01321,0.00769,0.01565,0.05416,0.01630,0.22221,0.00743,0.03721,0.05428,0.00378,0.14639,0.27715,0.03041,0.05762,0.00632,0.00663,0.00712
818,0.02135,0.18948,0.00469,0.02407,0.03419,0.00663,0.01040,0.08040,0.00441,0.07225,0.14327,0.00882,0.00239,0.00542,0.00207,0.00455,0.15213,0.21496,0.00451,0.01401
819,0.00850,0.02557,0.01018,0.01220,0.01238,0.00791,0.01057,0.01547,0.01239,0.01104,0.01247,0.01046,0.00574,0.01398,0.03891,0.00924,0.00837,0.00605,0.75705,0.01150
820,0.01281,0.01391,0.01409,0.01742,0.02279,0.00840,0.01076,0.65142,0.01258,0.00995,0.01772,0.01998,0.00578,0.01263,0.00652,0.01825,0.03053,0.08451,0.01576,0.01419
821,0.05275,0.05001,0.07430,0.07797,0.05800,0.01430,0.06130,0.06473,0.01951,0.06072,0.05064,0.02481,0.00121,0.05611,0.01154,0.05655,0.06552,0.05160,0.06595,0.08247
822,0.03915,0.06513,0.09680,0.13614,0.04301,0.04270,0.04796,0.00472,0.01637,0.05752,0.05833,0.07491,0.00226,0.08195,0.02158,0.07076,0.06420,0.00765,0.02170,0.04715
823,0.00923,0.01578,0.02475,0.01792,0.02113,0.01251,0.03400,0.02650,0.03091,0.00726,0.01449,0.66574,0.00736,0.01641,0.00674,0.01637,0.02010,0.01089,0.01268,0.02924
824,0.06430,0.03966,0.06827,0.05430,0.02748,0.02613,0.05791,0.04735,0.05978,0.03558,0.05095,0.06080,0.08348,0.05059,0.03656,0.06236,0.05957,0.04940,0.03799,0.02751
825,0.02806,0.04764,0.02522,0.02099,0.10047,0.01599,0.10731,0.00692,0.07615,0.01896,0.08721,0.06261,0.00453,0.06705,0.04279,0.02911,0.01442,0.00719,0.17604,0.06134
826,0.00546,0.12338,0.00903,0.01354,0.01065,0.00447,0.01313,0.06440,0.03330,0.15746,0.37148,0.01079,0.00683,0.02705,0.01175,0.00464,0.02751,0.08615,0.00968,0.00925
827,0.04932,0.04257,0.04050,0.04601,0.05823,0.02673,0.08088,0.05943,0.04446,0.04639,0.04174,0.05988,0.06493,0.05475,0.04374,0.04754,0.05114,0.04321,0.04280,0.05577
828,0.01447,0.13996,0.25423,0.04608,0.01376,0.00763,0.04394,0.08996,0.02073,0.01985,0.02130,0.10950,0.00531,0.02127,0.00745,0.03479,0.03113,0.07722,0.00851,0.03290
829,0.01156,0.01551,0.01987,0.02664,0.01556,0.01164,0.01937,0.01747,0.58087,0.00642,0.04282,0.03523,0.00842,0.05198,0.05006,0.00904,0.03794,0.00812,0.01407,0.01739
830,0.05019,0.02661,0.02108,0.03357,0.01458,0.00959,0.05276,0.03103,0.07968,0.00932,0.02323,0.04834,0.01575,0.03725,0.03959,0.18994,0.26856,0.01561,0.01397,0.01934
831,0.05256,0.03465,0.00583,0.01895,0.05617,0.00278,0.06477,0.06371,0.05296,0.08668,0.04677,0.04520,0.11725,0.03666,0.05720,0.01884,0.03507,0.03463,0.07042,0.09889
832,0.02579,0.05616,0.01296,0.01192,0.00692,0.00821,0.01036,0.23672,0.00812,0.23566,0.05677,0.01068,0.00353,0.00997,0.00362,0.00381,0.00627,0.27806,0.00671,0.00775
833,0.04551,0.04294,0.07304,0.08624,0.02233,0.06610,0.05746,0.02586,0.04702,0.05222,0.03649,0.04476,0.03195,0.05849,0.03968,0.07391,0.07206,0.05343,0.02183,0.04869
834,0.10931,0.07159,0.01420,0.02313,0.01488,0.02023,0.06648,0.01588,0.12762,0.04244,0.05451,0.05588,0.00153,0.12757,0.05838,0.05661,0.06025,0.05902,0.00826,0.01225
835,0.00832,0.03231,0.01565,0.01900,0.01869,0.02048,0.01581,0.02069,0.01527,0.01717,0.01585,0.01207,0.00843,0.01692,0.03440,0.01154,0.01017,0.00942,0.66765,0.03017
836,0.02352,0.01318,0.00717,0.00674,0.00767,0.00523,0.05177,0.08275,0.07943,0.03600,0.06623,0.01969,0.03377,0.12385,0.05256,0.07064,0.17493,0.07261,0.05581,0.01647
837,0.03560,0.01714,0.44423,0.12340,0.01712,0.01467,0.02380,0.01993,0.02026,0.00916,0.02198,0.03854,0.00808,0.09749,0.00693,0.02014,0.01036,0.03391,0.01540,0.02186
838,0.00892,0.01587,0.01823,0.01492,0.03895,0.00743,0.01326,0.39270,0.01897,0.10285,0.03527,0.03335,0.00627,0.01486,0.00561,0.01760,0.01654,0.20972,0.01453,0.01416
839,0.01854,0.01355,0.01471,0.01383,0.01639,0.12559,0.02611,0.01683,0.01441,0.02643,0.01401,0.01236,0.57830,0.01434,0.00907,0.03401,0.01702,0.00743,0.01336,0.01371
840,0.00626,0.02521,0.03897,0.01156,0.31938,0.00793,0.03202,0.01165,0.01191,0.00722,0.01018,0.02745,0.00709,0.01619,0.00434,0.01131,0.00560,0.00732,0.00906,0.42935
841,0.02053,0.02797,0.01200,0.01181,0.01188,0.02678,0.02679,0.16442,0.01653,0.33624,0.11627,0.03661,0.01649,0.02968,0.01142,0.02848,0.02127,0.06336,0.00963,0.01184
842,0.08545,0.05513,0.01188,0.03020,0.01330,0.45269,0.01618,0.01508,0.02021,0.00662,0.02040,0.14501,0.00736,0.04175,0.01384,0.00742,0.00765,0.01663,0.01635,0.01685
843,0.01198,0.02106,0.02834,0.03360,0.01332,0.01609,0.01518,0.03292,0.60167,0.00612,0.03786,0.03938,0.00741,0.03744,0.02453,0.00951,0.01781,0.01301,0.01659,0.01618
844,0.01313,0.01408,0.01599,0.02219,0.01341,0.03103,0.01499,0.01300,0.04043,0.00538,0.03084,0.01319,0.00717,0.01908,0.66355,0.01871,0.01007,0.01094,0.02971,0.01311
845,0.02329,0.01735,0.04072,0.60324,0.02019,0.01669,0.01697,0.02380,0.05755,0.00905,0.01911,0.01621,0.00852,0.03258,0.00788,0.00708,0.01167,0.03467,0.01776,0.01567
846,0.02474,0.01525,0.65423,0.04267,0.01566,0.02524,0.01294,0.01677,0.01884,0.00599,0.01666,0.03638,0.00598,0.01665,0.00816,0.00575,0.00854,0.01487,0.01824,0.03645
847,0.01465,0.03357,0.01605,0.01313,0.08409,0.04217,0.05063,0.04721,0.01500,0.32707,0.06221,0.08488,0.00811,0.08690,0.01883,0.02302,0.01312,0.02439,0.01568,0.01930
848,0.01400,0.03361,0.02259,0.02149,0.02102,0.02982,0.02102,0.02917,0.02072,0.02430,0.02161,0.02250,0.01559,0.02339,0.02846,0.01630,0.01409,0.01312,0.57602,0.03117
849,0.01243,0.52786,0.08240,0.05909,0.02444,0.02515,0.01421,0.01342,0.01830,0.00838,0.01677,0.01822,0.00806,0.02348,0.02132,0.01563,0.00910,0.01160,0.03804,0.05210
850,0.02507,0.01640,0.03219,0.02064,0.02001,0.59825,0.01560,0.01797,0.02832,0.00948,0.01907,0.01758,0.00897,0.05299,0.02496,0.00758,0.01323,0.04013,0.01651,0.01504
851,0.11819,0.02456,0.02091,0.01617,0.03154,0.01027,0.01487,0.02936,0.02071,0.01155,0.01784,0.01380,0.02582,0.02132,0.00795,0.53666,0.02468,0.01330,0.01384,0.02666
852,0.01141,0.02068,0.02544,0.01749,0.05721,0.00708,0.02292,0.05066,0.01895,0.38666,0.22509,0.01770,0.01856,0.01695,0.02181,0.00857,0.01969,0.01244,0.02050,0.02018
853,0.01376,0.04604,0.01628,0.01860,0.02368,0.01003,0.02319,0.50396,0.02483,0.07204,0.02772,0.02142,0.01147,0.02278,0.02634,0.00979,0.02985,0.05163,0.01748,0.02909
854,0.00716,0.01161,0.01288,0.02903,0.01539,0.43851,0.01184,0.01552,0.01369,0.00539,0.02818,0.01415,0.00529,0.01308,0.01206,0.12963,0.18349,0.01831,0.02026,0.01453
855,0.00662,0.07505,0.00964,0.00901,0.26032,0.00551,0.12621,0.00606,0.01029,0.00383,0.01245,0.02986,0.00380,0.00684,0.00989,0.00359,0.00329,0.00778,0.17637,0.23358
856,0.01407,0.02103,0.02030,0.01884,0.02632,0.02013,0.01840,0.03332,0.04198,0.00970,0.02222,0.02004,0.00968,0.02070,0.60124,0.01964,0.01688,0.01530,0.02709,0.02314
857,0.01480,0.01394,0.01423,0.01800,0.02326,0.00677,0.02995,0.02031,0.02083,0.04772,0.02580,0.01657,0.64423,0.01445,0.00616,0.02464,0.01173,0.01164,0.01590,0.01907
858,0.00449,0.02560,0.01085,0.01621,0.01399,0.00893,0.02478,0.01684,0.02022,0.01043,0.01754,0.01382,0.00896,0.01161,0.73484,0.02055,0.00684,0.00689,0.01386,0.01277
859,0.12262,0.05919,0.00402,0.00676,0.01038,0.02735,0.07562,0.01319,0.01324,0.02837,0.05215,0.01015,0.00574,0.17092,0.00502,0.20159,0.17385,0.00874,0.00603,0.00506
860,0.02495,0.02387,0.01506,0.02354,0.01959,0.01295,0.01329,0.07425,0.02454,0.00840,0.02671,0.03088,0.01729,0.01978,0.00915,0.03556,0.57225,0.01081,0.02073,0.01640
861,0.01203,0.05264,0.01582,0.01164,0.01792,0.01111,0.01732,0.01907,0.01363,0.01373,0.01426,0.01675,0.00848,0.01357,0.01569,0.01105,0.01011,0.01144,0.68734,0.02639
862,0.45451,0.03927,0.03292,0.01661,0.02292,0.03413,0.01682,0.02276,0.02079,0.00867,0.01704,0.01854,0.01497,0.01486,0.00864,0.15978,0.02103,0.02854,0.02163,0.02557
863,0.10043,0.04422,0.04012,0.10510,0.07779,0.04254,0.05546,0.00722,0.04501,0.01849,0.04489,0.01997,0.00259,0.12959,0.02162,0.08190,0.05076,0.05875,0.03139,0.02217
864,0.01227,0.06461,0.02398,0.01708,0.01625,0.01201,0.17627,0.02179,0.07830,0.00633,0.01548,0.29553,0.00599,0.01834,0.07506,0.02916,0.03511,0.00870,0.02313,0.06460
865,0.04562,0.01514,0.01425,0.01779,0.01695,0.00869,0.01051,0.37437,0.02048,0.16813,0.07576,0.02013,0.00801,0.01533,0.00598,0.01124,0.01633,0.12674,0.01438,0.01417
866,0.02643,0.03529,0.00897,0.01873,0.03547,0.02501,0.09269,0.05437,0.14215,0.03891,0.02148,0.01238,0.10770,0.04854,0.07636,0.03571,0.05380,0.06291,0.03698,0.06611
867,0.05489,0.07805,0.04714,0.03393,0.04192,0.03873,0.06005,0.05282,0.01459,0.04448,0.07622,0.08417,0.03655,0.05859,0.04072,0.05753,0.06750,0.05471,0.02237,0.03505
868,0.02185,0.01809,0.01798,0.02150,0.02096,0.01240,0.01849,0.04111,0.03227,0.00977,0.02532,0.01500,0.01394,0.01900,0.01053,0.05681,0.52762,0.07921,0.01926,0.01887
869,0.05838,0.14335,0.01758,0.01569,0.01241,0.01399,0.01031,0.05289,0.01318,0.01653,0.04478,0.01329,0.00366,0.01402,0.01484,0.01849,0.11720,0.39331,0.01349,0.01259
870,0.07613,0.09395,0.01687,0.04519,0.04401,0.08315,0.07400,0.02344,0.04381,0.03592,0.07467,0.06703,0.00189,0.04002,0.07150,0.04702,0.05037,0.02728,0.03848,0.04527
871,0.03844,0.04436,0.00586,0.00447,0.07854,0.01556,0.07576,0.04608,0.13598,0.12297,0.11800,0.01716,0.00161,0.03937,0.15496,0.04479,0.02191,0.01985,0.00894,0.00539
872,0.01761,0.14355,0.01541,0.01704,0.01498,0.01219,0.01230,0.06196,0.01193,0.12105,0.17977,0.01220,0.00398,0.01141,0.00384,0.01255,0.04454,0.28181,0.01024,0.01165
873,0.00552,0.01577,0.01263,0.01580,0.01069,0.01130,0.08732,0.01079,0.13610,0.00980,0.01236,0.00794,0.00579,0.22339,0.37469,0.00965,0.01565,0.00714,0.01249,0.01516
874,0.01604,0.03117,0.02077,0.02046,0.04461,0.03165,0.05412,0.02390,0.05360,0.00978,0.03000,0.02533,0.00989,0.01945,0.45301,0.02625,0.02554,0.03687,0.04647,0.02110
875,0.01473,0.04994,0.01126,0.01831,0.02474,0.00680,0.01868,0.40881,0.01471,0.08938,0.02776,0.02204,0.00648,0.01791,0.00796,0.01168,0.01109,0.20885,0.01501,0.01387
876,0.02866,0.07798,0.00962,0.01204,0.03148,0.00889,0.00908,0.49576,0.02977,0.06642,0.03579,0.02177,0.00547,0.01221,0.02390,0.00669,0.02790,0.07005,0.01667,0.00984
877,0.07467,0.08649,0.08240,0.00727,0.00659,0.30582,0.00980,0.00843,0.00852,0.00251,0.00728,0.16262,0.00339,0.00859,0.00391,0.18816,0.01345,0.00694,0.00684,0.00629
878,0.06042,0.06569,0.05341,0.05413,0.04447,0.03428,0.06746,0.06913,0.02890,0.04022,0.04188,0.04219,0.05828,0.05520,0.02133,0.07087,0.06524,0.04770,0.03420,0.04499
879,0.05690,0.04975,0.08747,0.10691,0.00297,0.04901,0.07696,0.00248,0.04104,0.00120,0.00827,0.13091,0.01710,0.09114,0.07651,0.09486,0.06909,0.00402,0.00323,0.03017
880,0.05395,0.04973,0.03075,0.06819,0.06130,0.03172,0.08879,0.00396,0.04485,0.07334,0.06299,0.09782,0.01667,0.06619,0.02874,0.03823,0.00581,0.00793,0.06895,0.10009
881,0.04815,0.05625,0.04691,0.04377,0.05060,0.03857,0.05265,0.04203,0.05578,0.04847,0.04262,0.06229,0.04680,0.05160,0.04520,0.06443,0.05878,0.05191,0.02823,0.06496
882,0.00583,0.04807,0.01338,0.01004,0.29704,0.00545,0.04872,0.00764,0.00889,0.00332,0.00884,0.01096,0.00383,0.00781,0.00429,0.00518,0.00545,0.00535,0.08032,0.41958
883,0.04888,0.06074,0.06708,0.06762,0.06733,0.04735,0.04728,0.03389,0.04027,0.04637,0.04301,0.05501,0.01277,0.07442,0.04401,0.06059,0.04936,0.04525,0.03555,0.05321
884,0.00950,0.11435,0.18912,0.07076,0.08072,0.02297,0.01642,0.01218,0.00854,0.03157,0.08853,0.08417,0.00328,0.03167,0.00329,0.08646,0.04736,0.00896,0.02915,0.06100
885,0.07655,0.06422,0.01788,0.01254,0.13710,0.01604,0.07994,0.04994,0.01236,0.03684,0.04708,0.02959,0.00300,0.06890,0.01722,0.03736,0.04454,0.05720,0.05452,0.13718
886,0.01486,0.07932,0.02013,0.02422,0.03814,0.02219,0.01655,0.05022,0.02662,0.30840,0.12712,0.01939,0.01640,0.04294,0.02557,0.00928,0.07504,0.02439,0.02949,0.02972
887,0.08636,0.06722,0.02621,0.02349,0.01836,0.02851,0.06447,0.05951,0.05731,0.05485,0.06007,0.03993,0.00976,0.12763,0.02874,0.05491,0.05462,0.08354,0.02556,0.02896
888,0.02335,0.07196,0.00778,0.00845,0.04525,0.00982,0.07034,0.01482,0.05519,0.05018,0.07698,0.06362,0.00413,0.06722,0.00807,0.14644,0.17680,0.02305,0.01745,0.05910
889,0.01652,0.02773,0.01989,0.05827,0.02914,0.01744,0.02318,0.02356,0.04352,0.01556,0.09000,0.01703,0.01652,0.49205,0.02620,0.01175,0.01086,0.01670,0.02440,0.01971
890,0.02157,0.07962,0.02042,0.04069,0.05212,0.03749,0.03588,0.09505,0.02014,0.07831,0.05761,0.01868,0.00394,0.03727,0.01960,0.02954,0.09443,0.15953,0.04709,0.05103
891,0.06710,0.05629,0.04969,0.05027,0.04596,0.04618,0.00802,0.04646,0.05049,0.03132,0.04748,0.04855,0.01694,0.03998,0.17792,0.03463,0.04091,0.03936,0.05033,0.05208
892,0.02162,0.02420,0.10472,0.03192,0.13094,0.01699,0.05009,0.01944,0.02323,0.00908,0.02104,0.04217,0.01584,0.02436,0.01606,0.02100,0.01899,0.01622,0.01816,0.37394
893,0.02150,0.02891,0.01793,0.01026,0.05626,0.01459,0.01840,0.19577,0.02005,0.34944,0.05143,0.02044,0.00669,0.01536,0.01196,0.03021,0.01348,0.08056,0.02347,0.01328
894,0.04409,0.11619,0.02457,0.00904,0.01984,0.36016,0.02181,0.01269,0.01873,0.02694,0.03096,0.05282,0.02499,0.01749,0.00793,0.04021,0.08259,0.02822,0.01651,0.04423
895,0.10879,0.08296,0.13916,0.10209,0.01280,0.02050,0.07151,0.03295,0.02340,0.01987,0.04439,0.03548,0.01967,0.10084,0.01364,0.05747,0.04740,0.04100,0.00648,0.01960
896,0.06421,0.07981,0.03065,0.05041,0.04205,0.02883,0.05887,0.03077,0.05214,0.04617,0.05038,0.06359,0.06687,0.05303,0.03998,0.06773,0.06033,0.04468,0.02924,0.04027
897,0.05400,0.07451,0.05303,0.02964,0.06976,0.07894,0.06387,0.04041,0.02942,0.02885,0.03267,0.07426,0.08496,0.04633,0.02706,0.05800,0.04343,0.02385,0.02835,0.05866
898,0.05840,0.05221,0.00477,0.02451,0.05787,0.01274,0.05498,0.09522,0.00699,0.02496,0.05695,0.03554,0.02288,0.03885,0.00910,0.06616,0.11491,0.08031,0.08979,0.09286
899,0.01331,0.01642,0.00882,0.01143,0.01576,0.00651,0.01133,0.01662,0.08702,0.04016,0.02677,0.01517,0.00737,0.01429,0.17084,0.18536,0.31837,0.00929,0.01328,0.01187
900,0.05580,0.00984,0.00713,0.01024,0.08379,0.00567,0.02332,0.00826,0.01132,0.01426,0.06129,0.00675,0.39830,0.00814,0.00276,0.01114,0.00585,0.00520,0.10943,0.16152
901,0.00803,0.01095,0.01332,0.03323,0.01344,0.70381,0.00989,0.01205,0.02369,0.00700,0.02288,0.01615,0.00704,0.01817,0.04590,0.00545,0.00833,0.01333,0.01756,0.00980
902,0.13331,0.02829,0.01084,0.01486,0.01024,0.01162,0.01079,0.01205,0.01476,0.00476,0.04897,0.01042,0.00447,0.00817,0.00412,0.00402,0.00638,0.64111,0.01014,0.01072
903,0.00843,0.01788,0.01615,0.01445,0.03606,0.00682,0.01438,0.01461,0.01247,0.68455,0.01972,0.01156,0.01104,0.01773,0.00848,0.01842,0.00553,0.01804,0.05135,0.01233
