site,A,C,D,E,F,G,H,I,K,L,M,N,P,Q,R,S,T,V,W,Y
790,0.05372,0.03632,0.01321,0.05054,0.06924,0.00784,0.05081,0.04933,0.03906,0.11526,0.07092,0.04606,0.05101,0.05788,0.03174,0.02200,0.07615,0.07886,0.03963,0.04041
791,0.16795,0.08023,0.00937,0.00600,0.00845,0.03704,0.01108,0.01016,0.00835,0.01408,0.01209,0.00980,0.54350,0.02136,0.00181,0.01808,0.02126,0.00395,0.00430,0.01114
792,0.05461,0.05432,0.02109,0.04642,0.01186,0.05573,0.07412,0.00343,0.10100,0.02290,0.04909,0.08747,0.00159,0.06365,0.08920,0.12474,0.07974,0.02095,0.00694,0.03114
793,0.08765,0.00644,0.00770,0.02232,0.00814,0.63053,0.05717,0.00988,0.00835,0.00318,0.01035,0.05603,0.00381,0.02277,0.01258,0.01612,0.00450,0.00804,0.00975,0.01470
794,0.01343,0.01169,0.01567,0.02239,0.01373,0.00638,0.03571,0.05114,0.02300,0.00857,0.02160,0.01390,0.01056,0.01831,0.65636,0.01843,0.02426,0.00644,0.00990,0.01852
795,0.01156,0.01024,0.01184,0.01202,0.01129,0.00477,0.01277,0.02133,0.01212,0.00664,0.01091,0.01893,0.02591,0.01263,0.00323,0.01489,0.75015,0.02842,0.00934,0.01102
796,0.00889,0.00893,0.00896,0.01264,0.01085,0.00911,0.01142,0.03505,0.02080,0.00604,0.01035,0.01799,0.01035,0.02136,0.00404,0.02783,0.75225,0.00438,0.00749,0.01129
797,0.00444,0.02079,0.01263,0.00934,0.00932,0.01608,0.01431,0.01223,0.00850,0.01117,0.00949,0.01438,0.00758,0.01265,0.00891,0.00796,0.01095,0.00358,0.78399,0.02171
798,0.01656,0.00943,0.01000,0.01172,0.01236,0.00508,0.01721,0.01217,0.01214,0.01484,0.01515,0.01556,0.01673,0.01224,0.00378,0.75825,0.02746,0.00566,0.01298,0.01068
799,0.00384,0.04111,0.00773,0.00454,0.02722,0.00181,0.00518,0.29954,0.00806,0.49143,0.03916,0.00633,0.00403,0.00463,0.00141,0.00741,0.01201,0.00609,0.00448,0.02399
800,0.00530,0.01185,0.02648,0.00909,0.01070,0.00579,0.65469,0.00875,0.00985,0.00826,0.03269,0.07046,0.01926,0.04501,0.00893,0.00543,0.00899,0.00814,0.00792,0.04240
801,0.08146,0.06907,0.01068,0.01804,0.00999,0.20865,0.00517,0.01255,0.00433,0.00197,0.00514,0.13674,0.00245,0.00440,0.00706,0.21703,0.02509,0.16739,0.00565,0.00715
802,0.05231,0.07996,0.01141,0.00223,0.01548,0.09845,0.08103,0.02115,0.12222,0.00183,0.01507,0.02237,0.00138,0.06526,0.04597,0.14259,0.13493,0.01793,0.00899,0.05944
803,0.15756,0.06998,0.00804,0.01732,0.05058,0.19801,0.02700,0.00513,0.01066,0.02331,0.04287,0.05693,0.00354,0.07984,0.01178,0.19352,0.01969,0.01144,0.00684,0.00595
804,0.02435,0.00710,0.35106,0.41296,0.01246,0.00485,0.00786,0.01108,0.02590,0.00302,0.00957,0.00773,0.00357,0.07965,0.00466,0.00610,0.00453,0.00716,0.00870,0.00770
805,0.00469,0.03874,0.01198,0.01075,0.01092,0.00951,0.00937,0.01042,0.00924,0.01591,0.00898,0.01388,0.00577,0.00831,0.01010,0.00930,0.00583,0.00570,0.79127,0.00932
806,0.03272,0.06880,0.00772,0.01003,0.02821,0.05191,0.03816,0.01760,0.02141,0.04637,0.29291,0.01632,0.00200,0.26002,0.01850,0.05131,0.01206,0.00328,0.00409,0.01657
807,0.00402,0.18203,0.01119,0.00363,0.00308,0.12432,0.00353,0.01905,0.00510,0.00278,0.00351,0.02654,0.00263,0.00385,0.00125,0.28359,0.25716,0.05519,0.00358,0.00398
808,0.02722,0.07184,0.05531,0.04613,0.00158,0.04223,0.05758,0.03682,0.05700,0.03574,0.09067,0.09720,0.00896,0.09485,0.04564,0.09013,0.07446,0.06090,0.00226,0.00347
809,0.07782,0.04872,0.14232,0.11743,0.00262,0.02490,0.05777,0.00710,0.03409,0.01407,0.05631,0.09993,0.00214,0.11946,0.01933,0.08862,0.06286,0.01385,0.00151,0.00912
810,0.05008,0.07721,0.30412,0.13573,0.00393,0.00445,0.03122,0.00335,0.00518,0.00210,0.00456,0.16585,0.02765,0.03144,0.00348,0.10168,0.02470,0.00733,0.00570,0.01024
811,0.00874,0.01499,0.01168,0.00615,0.01394,0.00390,0.01075,0.11710,0.01240,0.18859,0.47398,0.01132,0.00473,0.02141,0.00744,0.04403,0.02195,0.00857,0.00487,0.01346
812,0.00445,0.00754,0.00485,0.00975,0.01477,0.00292,0.00705,0.23648,0.00602,0.53566,0.11867,0.00769,0.00661,0.00565,0.00818,0.00334,0.00378,0.00374,0.00762,0.00524
813,0.05691,0.04509,0.08387,0.08783,0.03861,0.07072,0.06463,0.02448,0.02336,0.05458,0.04857,0.05322,0.00457,0.05276,0.03658,0.06279,0.04499,0.02156,0.07041,0.05446
814,0.00655,0.13414,0.00512,0.00729,0.00501,0.01055,0.00723,0.16265,0.00514,0.04686,0.03423,0.00420,0.00289,0.00767,0.00223,0.00194,0.23111,0.31515,0.00479,0.00523
815,0.00567,0.02539,0.01107,0.01094,0.01474,0.01317,0.01070,0.01104,0.01254,0.02369,0.01022,0.01018,0.00695,0.01809,0.00907,0.00720,0.00537,0.00482,0.77650,0.01264
816,0.00633,0.01181,0.01593,0.00870,0.01112,0.00764,0.02072,0.03382,0.03675,0.00514,0.01062,0.69024,0.00579,0.01029,0.00511,0.00863,0.05997,0.01477,0.00924,0.02737
817,0.01135,0.01024,0.00699,0.01045,0.00619,0.00760,0.03309,0.01337,0.27914,0.00364,0.03791,0.03317,0.00322,0.14740,0.32687,0.00823,0.04748,0.00324,0.00519,0.00523
818,0.00780,0.17032,0.00423,0.02555,0.01846,0.00736,0.00863,0.11522,0.00349,0.09528,0.13836,0.00319,0.00178,0.00474,0.00225,0.00499,0.14459,0.23450,0.00426,0.00500
819,0.00839,0.02300,0.00822,0.01080,0.00997,0.00873,0.00809,0.01432,0.01155,0.00959,0.01118,0.00942,0.00515,0.01302,0.01126,0.00835,0.00866,0.00438,0.80666,0.00926
820,0.01280,0.01130,0.01183,0.01597,0.02010,0.00673,0.00892,0.72852,0.00985,0.01044,0.01885,0.02278,0.00600,0.01055,0.00515,0.02142,0.01820,0.03529,0.01331,0.01197
821,0.05255,0.05092,0.06543,0.08258,0.04511,0.00427,0.06031,0.06310,0.01252,0.06543,0.05351,0.02983,0.00087,0.06929,0.01465,0.06595,0.06122,0.05168,0.07302,0.07776
822,0.04479,0.05224,0.09708,0.12889,0.03255,0.02075,0.05579,0.00374,0.01783,0.05815,0.07805,0.08587,0.00170,0.07881,0.01689,0.09965,0.07508,0.00238,0.01293,0.03683
823,0.00714,0.01277,0.00897,0.01666,0.02077,0.00874,0.02602,0.02538,0.03220,0.00641,0.01159,0.72573,0.00648,0.01327,0.00602,0.00849,0.01820,0.00975,0.01003,0.02537
824,0.06500,0.04508,0.06893,0.06771,0.02339,0.01808,0.05675,0.04553,0.04978,0.03864,0.05108,0.05655,0.08494,0.04966,0.03947,0.06748,0.06302,0.04775,0.03482,0.02635
825,0.03187,0.06325,0.01746,0.02286,0.12407,0.01221,0.11846,0.00628,0.08820,0.02135,0.09097,0.03086,0.00388,0.06280,0.03531,0.02440,0.02031,0.00406,0.16364,0.05775
826,0.00473,0.15867,0.00820,0.01696,0.00920,0.00440,0.01199,0.04381,0.01528,0.17418,0.44535,0.00920,0.00592,0.02118,0.01181,0.00465,0.01028,0.02732,0.00872,0.00817
827,0.04583,0.03974,0.04880,0.04857,0.06281,0.01011,0.07859,0.07151,0.04467,0.05052,0.05234,0.05773,0.06837,0.04471,0.04214,0.04453,0.04964,0.05219,0.04020,0.04700
828,0.00772,0.13156,0.30805,0.03587,0.01382,0.00481,0.02459,0.07588,0.02210,0.01971,0.01365,0.10958,0.00388,0.02566,0.00937,0.03424,0.04169,0.07460,0.00725,0.03599
829,0.01086,0.01310,0.01767,0.01266,0.01335,0.01206,0.01737,0.01531,0.67044,0.00613,0.02949,0.03088,0.00820,0.06841,0.00808,0.00872,0.02212,0.00657,0.01405,0.01452
830,0.01985,0.02459,0.01079,0.02109,0.01293,0.01117,0.04697,0.02569,0.08712,0.01056,0.02870,0.04627,0.01365,0.04525,0.05410,0.18106,0.31147,0.01670,0.01388,0.01816
831,0.04582,0.03314,0.00459,0.01822,0.06936,0.00275,0.07279,0.08155,0.04077,0.08499,0.05236,0.01833,0.13142,0.01812,0.06109,0.02249,0.01707,0.02971,0.10275,0.09267
832,0.00715,0.05832,0.01236,0.00960,0.00524,0.00669,0.00915,0.26836,0.00583,0.24843,0.03780,0.00804,0.00302,0.00757,0.00323,0.00363,0.00654,0.28851,0.00480,0.00574
833,0.02193,0.04857,0.07499,0.07931,0.02866,0.05367,0.05784,0.01194,0.05547,0.06688,0.03388,0.06086,0.02952,0.06604,0.03968,0.06824,0.06383,0.05505,0.03511,0.04852
834,0.11500,0.09264,0.02066,0.00650,0.01272,0.01907,0.07212,0.00665,0.12163,0.04613,0.04277,0.05740,0.00090,0.14000,0.03269,0.07049,0.06681,0.06096,0.00316,0.01169
835,0.00607,0.03402,0.01269,0.01582,0.01792,0.02440,0.01293,0.02239,0.01200,0.01824,0.01301,0.00996,0.00737,0.01392,0.02055,0.01373,0.00934,0.00708,0.71724,0.01133
836,0.01225,0.00596,0.00494,0.00466,0.00633,0.00454,0.05759,0.03262,0.09070,0.03416,0.09204,0.01870,0.03030,0.15190,0.06973,0.08963,0.17248,0.06067,0.04310,0.01770
837,0.03547,0.01457,0.49895,0.07740,0.01439,0.00842,0.02293,0.01730,0.01727,0.00576,0.02471,0.03442,0.00645,0.10718,0.00561,0.02125,0.00857,0.04072,0.01270,0.02593
838,0.00821,0.01285,0.01566,0.01222,0.04516,0.00565,0.01084,0.43570,0.01580,0.12428,0.03933,0.03743,0.00586,0.01446,0.00483,0.01817,0.00857,0.16211,0.01148,0.01140
839,0.00921,0.01163,0.01176,0.01144,0.01448,0.09385,0.03792,0.01419,0.01245,0.01655,0.01230,0.01016,0.65495,0.01413,0.00887,0.01353,0.02351,0.00636,0.01107,0.01164
840,0.00457,0.01000,0.04301,0.00869,0.38657,0.00733,0.01361,0.00881,0.00873,0.00474,0.00735,0.01374,0.00511,0.01535,0.00294,0.01145,0.00386,0.00612,0.00650,0.43151
841,0.02625,0.01839,0.00905,0.01181,0.01059,0.01071,0.01327,0.17253,0.01662,0.34170,0.14434,0.02762,0.00534,0.02730,0.01289,0.02159,0.02547,0.08914,0.00690,0.00850
842,0.07237,0.08107,0.00851,0.02379,0.01028,0.44856,0.01236,0.01088,0.02402,0.00373,0.01497,0.16806,0.00636,0.05423,0.01160,0.00698,0.00547,0.01159,0.01455,0.01065
843,0.00986,0.02011,0.02556,0.01708,0.01039,0.01129,0.01243,0.03468,0.66815,0.00472,0.03583,0.02699,0.00681,0.03827,0.00761,0.00962,0.01779,0.01241,0.01384,0.01658
844,0.01271,0.01134,0.01356,0.01640,0.01066,0.00776,0.01437,0.01073,0.03612,0.00419,0.03495,0.01064,0.00553,0.01864,0.72890,0.01438,0.00741,0.00907,0.02217,0.01048
845,0.01931,0.01420,0.04559,0.65407,0.01977,0.00945,0.01554,0.02026,0.04208,0.00815,0.01600,0.01360,0.00637,0.04396,0.00602,0.00560,0.01094,0.02079,0.01490,0.01342
846,0.03397,0.01226,0.67390,0.06483,0.01245,0.00900,0.01386,0.01317,0.01844,0.00423,0.01270,0.02926,0.00501,0.01339,0.00704,0.00415,0.00642,0.01740,0.01438,0.03417
847,0.01667,0.04782,0.01284,0.01050,0.14329,0.05128,0.04592,0.02956,0.01239,0.34626,0.05406,0.07295,0.00694,0.05786,0.01587,0.01251,0.00905,0.02199,0.00927,0.02295
848,0.01168,0.03427,0.01922,0.01803,0.01792,0.03112,0.01729,0.02996,0.01853,0.02748,0.01831,0.01940,0.01605,0.02107,0.01243,0.01555,0.01135,0.01052,0.62307,0.02676
849,0.01222,0.59402,0.06595,0.04384,0.01804,0.01735,0.01174,0.01117,0.01531,0.01088,0.01467,0.01108,0.00943,0.01054,0.01768,0.02096,0.00901,0.00839,0.05965,0.03809
850,0.01271,0.01387,0.02441,0.01825,0.01703,0.69409,0.01164,0.01645,0.02258,0.00632,0.01598,0.01600,0.00850,0.01680,0.01950,0.00639,0.00902,0.04312,0.01437,0.01295
851,0.11438,0.02196,0.02012,0.01325,0.02760,0.00956,0.01154,0.03011,0.01739,0.01170,0.01420,0.01087,0.00987,0.01801,0.00626,0.58401,0.02657,0.01099,0.01147,0.03014
852,0.00953,0.02063,0.02748,0.01466,0.05966,0.00565,0.02157,0.04412,0.01672,0.44837,0.18818,0.01544,0.01003,0.01728,0.02364,0.00749,0.02006,0.01385,0.01809,0.01755
853,0.01298,0.05032,0.01325,0.01557,0.02260,0.00781,0.02002,0.54635,0.02709,0.11522,0.01585,0.01760,0.01038,0.01910,0.02279,0.00766,0.01620,0.01624,0.01520,0.02778
854,0.00602,0.00837,0.01132,0.02542,0.01198,0.45096,0.00848,0.01171,0.01348,0.00488,0.03784,0.01323,0.00370,0.00797,0.01138,0.09132,0.23728,0.01319,0.01820,0.01326
855,0.00392,0.04014,0.01088,0.00559,0.34766,0.00396,0.10304,0.00334,0.00714,0.00324,0.01036,0.02528,0.00244,0.00699,0.00168,0.00396,0.00178,0.00548,0.20785,0.20527
856,0.01207,0.01762,0.01616,0.01573,0.02253,0.00798,0.01572,0.03401,0.04496,0.00717,0.01805,0.01735,0.00815,0.01764,0.65485,0.01721,0.01549,0.01176,0.02758,0.01798
857,0.01525,0.01126,0.01114,0.01469,0.01649,0.00625,0.02705,0.01697,0.01765,0.01798,0.02224,0.01370,0.71756,0.01138,0.00652,0.02222,0.01096,0.00974,0.01310,0.01785
858,0.00315,0.01761,0.00785,0.01278,0.01237,0.00874,0.01423,0.01736,0.01703,0.00598,0.01335,0.01080,0.01033,0.00850,0.78590,0.02381,0.00582,0.00583,0.00805,0.01052
859,0.10415,0.09325,0.00216,0.00393,0.00710,0.02264,0.08171,0.00739,0.00919,0.02849,0.05181,0.01025,0.00429,0.23366,0.00394,0.17087,0.14665,0.01228,0.00347,0.00278
860,0.01134,0.02160,0.01278,0.02335,0.01679,0.01388,0.01130,0.02508,0.01671,0.00675,0.02687,0.03804,0.01065,0.01745,0.00882,0.04273,0.65270,0.00888,0.02014,0.01415
861,0.00900,0.07624,0.01208,0.00895,0.01427,0.00770,0.01351,0.01494,0.01077,0.01159,0.01103,0.01323,0.00619,0.01024,0.01172,0.01374,0.00891,0.01098,0.72211,0.01282
862,0.48743,0.03924,0.03386,0.01340,0.02022,0.02465,0.01388,0.01624,0.01767,0.00685,0.01379,0.01743,0.01760,0.01163,0.00779,0.17356,0.01474,0.02934,0.01796,0.02270
863,0.11242,0.05343,0.03779,0.10251,0.07819,0.01610,0.04689,0.00755,0.03349,0.00941,0.05448,0.01882,0.00237,0.13881,0.03762,0.08673,0.06315,0.05501,0.03163,0.01359
864,0.00968,0.04278,0.00793,0.01482,0.01638,0.00662,0.19827,0.01713,0.12304,0.00425,0.01338,0.33703,0.00493,0.01751,0.09619,0.00532,0.01203,0.00701,0.01315,0.05254
865,0.02030,0.01282,0.01159,0.01743,0.01524,0.00825,0.00853,0.42542,0.02055,0.24725,0.09101,0.01583,0.00653,0.01266,0.00485,0.01185,0.00707,0.03847,0.01208,0.01226
866,0.02775,0.03961,0.00894,0.00427,0.04621,0.02743,0.09363,0.07288,0.13278,0.04449,0.02381,0.01152,0.08348,0.03919,0.05435,0.03947,0.06004,0.07933,0.03934,0.07147
867,0.06129,0.07487,0.04889,0.02499,0.03709,0.02984,0.05434,0.05178,0.01436,0.04297,0.07914,0.09127,0.03685,0.05553,0.04326,0.06719,0.07485,0.04753,0.02921,0.03475
868,0.01007,0.01599,0.01560,0.01953,0.01786,0.01037,0.01617,0.02764,0.02619,0.00961,0.02608,0.01288,0.01444,0.01725,0.00947,0.04501,0.59954,0.07322,0.01701,0.01610
869,0.00914,0.14680,0.01546,0.01442,0.00925,0.01519,0.00975,0.05047,0.01245,0.00882,0.03411,0.01371,0.00325,0.01413,0.00539,0.00799,0.11382,0.49320,0.01233,0.01032
870,0.08019,0.07863,0.00404,0.04111,0.04819,0.08171,0.07252,0.02990,0.04414,0.03497,0.06187,0.07133,0.00088,0.03997,0.10277,0.03431,0.04555,0.03234,0.05065,0.04493
871,0.04232,0.04171,0.00414,0.00306,0.09366,0.01454,0.05848,0.05351,0.16849,0.13671,0.11835,0.00626,0.00157,0.02881,0.16813,0.03651,0.00877,0.00294,0.00841,0.00363
872,0.01141,0.13424,0.01441,0.01980,0.01414,0.01461,0.01136,0.07069,0.01105,0.10006,0.15048,0.01154,0.00395,0.01174,0.00331,0.01047,0.03566,0.35150,0.00916,0.01042
873,0.00493,0.00994,0.01150,0.01454,0.00956,0.01166,0.06122,0.00935,0.11540,0.00919,0.01117,0.00696,0.00610,0.19758,0.46878,0.01461,0.00526,0.00642,0.01162,0.01423
874,0.01933,0.03522,0.01758,0.02155,0.03705,0.00745,0.04751,0.02329,0.05000,0.00924,0.03671,0.01589,0.00926,0.01666,0.49494,0.03633,0.02440,0.03326,0.05040,0.01393
875,0.01554,0.03985,0.00905,0.01542,0.03155,0.00608,0.01886,0.45005,0.01174,0.11931,0.02101,0.01640,0.00598,0.01728,0.00530,0.00955,0.00697,0.17212,0.01281,0.01512
876,0.01397,0.07243,0.00795,0.01014,0.01772,0.00849,0.00771,0.57541,0.02358,0.06214,0.02139,0.01745,0.00600,0.01086,0.03357,0.00473,0.01494,0.06863,0.01462,0.00825
877,0.05030,0.10078,0.06588,0.00599,0.00521,0.34906,0.00757,0.00711,0.00687,0.00236,0.00583,0.16155,0.00224,0.00810,0.00298,0.19218,0.00656,0.00840,0.00595,0.00507
878,0.05754,0.05610,0.05325,0.05387,0.04017,0.02536,0.07220,0.07209,0.02508,0.04865,0.04836,0.03801,0.06554,0.05289,0.02535,0.07103,0.07334,0.04803,0.03674,0.03640
879,0.06370,0.05744,0.08552,0.11539,0.00286,0.02220,0.09299,0.00182,0.03355,0.00144,0.00995,0.11471,0.01119,0.10015,0.06135,0.09285,0.08419,0.00519,0.00314,0.04038
880,0.04740,0.06202,0.03100,0.07724,0.06884,0.00824,0.08176,0.00224,0.03964,0.08093,0.06150,0.10328,0.01190,0.07321,0.03118,0.03836,0.00357,0.00510,0.08508,0.08749
881,0.05297,0.06831,0.04758,0.01330,0.05565,0.03791,0.05155,0.05237,0.05784,0.04558,0.04024,0.04462,0.03843,0.05515,0.03986,0.07286,0.06258,0.05646,0.03578,0.07099
882,0.00476,0.01160,0.01714,0.00839,0.33425,0.00456,0.01255,0.00636,0.00729,0.00263,0.00745,0.01193,0.00365,0.00623,0.00400,0.00496,0.00458,0.00435,0.05776,0.48554
883,0.05179,0.06295,0.05890,0.07230,0.06722,0.04575,0.05086,0.02850,0.04582,0.04528,0.04273,0.04878,0.01111,0.08674,0.04049,0.06067,0.03977,0.03251,0.04095,0.06688
884,0.00784,0.11315,0.17572,0.06121,0.04071,0.00586,0.01797,0.00615,0.00564,0.03660,0.12678,0.09523,0.00267,0.03755,0.00228,0.09943,0.05091,0.00903,0.04052,0.06476
885,0.09176,0.04037,0.01847,0.01516,0.16498,0.01554,0.05515,0.06115,0.01067,0.04723,0.04789,0.02378,0.00230,0.05287,0.01251,0.03465,0.04190,0.05823,0.05087,0.15452
886,0.01180,0.10470,0.01574,0.01874,0.03788,0.01782,0.01477,0.04439,0.02189,0.30000,0.16106,0.01172,0.00794,0.03291,0.02007,0.00655,0.08388,0.01915,0.03241,0.03660
887,0.07450,0.06232,0.03188,0.03682,0.02067,0.03476,0.06744,0.05191,0.06765,0.05154,0.03760,0.05177,0.01135,0.10409,0.03441,0.04872,0.05374,0.09588,0.03317,0.02978
888,0.01452,0.07250,0.00463,0.00524,0.05021,0.00809,0.06007,0.01092,0.07066,0.06694,0.08399,0.07647,0.00293,0.07681,0.00590,0.13551,0.14734,0.02861,0.02002,0.05865
889,0.01182,0.02318,0.01582,0.07467,0.02796,0.01315,0.01907,0.01916,0.06504,0.01927,0.11941,0.01247,0.02152,0.48175,0.00958,0.00977,0.00916,0.01247,0.01973,0.01501
890,0.01031,0.08016,0.01302,0.03957,0.06062,0.02412,0.04653,0.08623,0.01400,0.09078,0.08124,0.02276,0.00238,0.03997,0.02557,0.03258,0.10166,0.12314,0.05169,0.05366
891,0.11254,0.01015,0.05039,0.04931,0.04174,0.04425,0.00725,0.04546,0.05052,0.02820,0.04659,0.05006,0.01523,0.03700,0.18426,0.04016,0.04500,0.03577,0.05137,0.05472
892,0.01740,0.00968,0.17464,0.02776,0.17025,0.01278,0.02595,0.01517,0.01834,0.00631,0.01699,0.04505,0.01212,0.01874,0.01207,0.01521,0.01473,0.01220,0.01356,0.36106
893,0.02981,0.03110,0.01223,0.00499,0.07852,0.01652,0.01689,0.27736,0.02084,0.23058,0.07477,0.02131,0.00637,0.01364,0.01482,0.01016,0.01507,0.10357,0.01450,0.00694
894,0.07248,0.12215,0.01815,0.00738,0.02723,0.22420,0.03153,0.01027,0.02264,0.03820,0.04270,0.05997,0.04321,0.02486,0.01162,0.03905,0.09681,0.04001,0.02101,0.04653
895,0.10652,0.06966,0.11941,0.07045,0.01247,0.01734,0.07250,0.04074,0.02881,0.02817,0.04512,0.04831,0.03299,0.09348,0.01863,0.06455,0.05691,0.04931,0.00523,0.01940
896,0.06355,0.08403,0.03122,0.03902,0.04889,0.00942,0.04362,0.03581,0.06187,0.05153,0.05044,0.05239,0.06696,0.06780,0.05264,0.06671,0.06470,0.04377,0.01960,0.04604
897,0.05190,0.07585,0.04977,0.02772,0.06160,0.05371,0.08043,0.03752,0.03330,0.02760,0.03880,0.06941,0.09778,0.04072,0.02967,0.04851,0.05552,0.02535,0.03505,0.05980
898,0.06486,0.04855,0.00546,0.02557,0.05246,0.01420,0.05522,0.09872,0.00675,0.02907,0.06401,0.04143,0.02958,0.03557,0.01073,0.05956,0.09299,0.08632,0.08351,0.09544
899,0.00545,0.01766,0.00659,0.00747,0.01825,0.00556,0.01406,0.01077,0.09132,0.05863,0.03237,0.01792,0.00582,0.01821,0.17912,0.20544,0.27328,0.00680,0.01185,0.01345
900,0.05758,0.00870,0.00409,0.00634,0.10206,0.00459,0.01747,0.00506,0.00776,0.00756,0.07259,0.00408,0.34141,0.00582,0.00237,0.00915,0.00256,0.00344,0.14112,0.19626
901,0.00811,0.00830,0.00848,0.03156,0.00991,0.72972,0.00743,0.00957,0.01943,0.00683,0.01815,0.01300,0.00680,0.01456,0.06463,0.00461,0.00630,0.01082,0.01432,0.00747
902,0.11287,0.02699,0.00816,0.01718,0.00806,0.01112,0.01007,0.00880,0.01859,0.00460,0.03740,0.00864,0.00329,0.00669,0.00304,0.00301,0.00623,0.68877,0.00819,0.00830
903,0.00648,0.01409,0.01272,0.01165,0.04235,0.00515,0.01181,0.01327,0.00946,0.72386,0.01906,0.00940,0.00744,0.01452,0.00751,0.00823,0.00391,0.01788,0.05135,0.00985
