site,A,C,D,E,F,G,H,I,K,L,M,N,P,Q,R,S,T,V,W,Y
790,0.05591,0.03470,0.01688,0.02542,0.06834,0.00476,0.06079,0.03625,0.05267,0.06620,0.06786,0.06552,0.05805,0.07178,0.04355,0.02870,0.09304,0.05318,0.02686,0.06955
791,0.11117,0.11679,0.01700,0.00948,0.01483,0.05341,0.01302,0.01770,0.01152,0.00643,0.00976,0.01684,0.49218,0.02038,0.00275,0.02469,0.03191,0.00453,0.00664,0.01895
792,0.08731,0.04721,0.01313,0.03001,0.00818,0.06815,0.07494,0.01478,0.10261,0.01990,0.03731,0.08957,0.00092,0.05839,0.11035,0.12447,0.07213,0.01255,0.00753,0.02057
793,0.04495,0.01100,0.01354,0.02184,0.01233,0.58303,0.07695,0.01779,0.01673,0.00363,0.01370,0.05957,0.00608,0.02055,0.02251,0.03584,0.00737,0.00494,0.00496,0.02270
794,0.00837,0.01468,0.02273,0.01563,0.01860,0.03652,0.17508,0.03832,0.06132,0.01046,0.02187,0.02091,0.01373,0.02999,0.43491,0.00662,0.01630,0.00761,0.01307,0.03325
795,0.02003,0.01691,0.01602,0.02044,0.02094,0.00438,0.02415,0.01315,0.02131,0.00757,0.02003,0.01745,0.02020,0.02412,0.00513,0.01014,0.66995,0.03257,0.01550,0.02002
796,0.00624,0.01491,0.01568,0.02365,0.01930,0.00647,0.01963,0.03748,0.02549,0.00658,0.01881,0.01703,0.01323,0.05141,0.00596,0.01570,0.66309,0.00683,0.01226,0.02025
797,0.00690,0.01759,0.02298,0.01188,0.01703,0.00907,0.03188,0.02394,0.01490,0.00612,0.01566,0.02552,0.01317,0.02187,0.00994,0.00657,0.01113,0.00568,0.70026,0.02789
798,0.01344,0.01569,0.01662,0.01453,0.02259,0.00541,0.03520,0.02189,0.02223,0.00950,0.01924,0.02938,0.03313,0.02187,0.00570,0.65064,0.01831,0.00891,0.01680,0.01890
799,0.00356,0.06076,0.00767,0.00534,0.03043,0.00167,0.00791,0.26721,0.00663,0.46263,0.03451,0.00618,0.00470,0.00710,0.00154,0.00365,0.03095,0.03151,0.00520,0.02087
800,0.00826,0.01759,0.02721,0.01573,0.02016,0.00657,0.58438,0.01548,0.01796,0.00906,0.06435,0.05273,0.01705,0.02771,0.04758,0.00650,0.01013,0.00810,0.01313,0.03032
801,0.04507,0.04770,0.01579,0.01950,0.01569,0.27457,0.01275,0.01320,0.01004,0.00430,0.01171,0.13778,0.00587,0.01067,0.00274,0.20258,0.01536,0.12797,0.00956,0.01716
802,0.05277,0.05630,0.00906,0.00786,0.00981,0.10948,0.05351,0.01634,0.11351,0.00176,0.00650,0.01465,0.00217,0.08012,0.07057,0.16437,0.16173,0.01125,0.01183,0.04641
803,0.18040,0.06557,0.00792,0.01385,0.03568,0.18026,0.01636,0.00802,0.00843,0.02424,0.02778,0.03222,0.00406,0.07602,0.01195,0.25003,0.02764,0.00846,0.01149,0.00962
804,0.00966,0.00831,0.46387,0.27577,0.01122,0.01388,0.00968,0.01423,0.00764,0.00329,0.02837,0.00888,0.00380,0.10579,0.00359,0.00331,0.00519,0.00395,0.01039,0.00915
805,0.00780,0.02110,0.02217,0.01914,0.01538,0.00552,0.01968,0.01966,0.01727,0.00704,0.01586,0.01865,0.00688,0.01536,0.01813,0.00665,0.00979,0.00730,0.73054,0.01609
806,0.06116,0.06601,0.01225,0.00856,0.03763,0.05470,0.02494,0.04775,0.01800,0.04900,0.26599,0.01078,0.00287,0.18976,0.02486,0.07275,0.02012,0.01349,0.00670,0.01267
807,0.05439,0.16228,0.04022,0.00467,0.00396,0.15983,0.01092,0.01293,0.00473,0.00282,0.00444,0.03816,0.00110,0.00581,0.00190,0.22487,0.20399,0.05521,0.00354,0.00421
808,0.03525,0.10437,0.06193,0.04403,0.00290,0.03358,0.06936,0.04445,0.03852,0.02784,0.08404,0.09028,0.01303,0.09555,0.05857,0.05942,0.07167,0.05781,0.00247,0.00495
809,0.07735,0.04206,0.11096,0.10425,0.00292,0.04597,0.04489,0.01083,0.04704,0.02032,0.03767,0.10150,0.00143,0.12528,0.03674,0.08875,0.06706,0.02445,0.00214,0.00838
810,0.04752,0.13466,0.27430,0.13104,0.00571,0.02477,0.02897,0.00494,0.00732,0.00311,0.00691,0.12266,0.03134,0.02370,0.00370,0.10441,0.02755,0.00443,0.00867,0.00430
811,0.01146,0.02589,0.01537,0.00690,0.01375,0.00327,0.01317,0.20607,0.00731,0.16729,0.31587,0.01383,0.00318,0.01623,0.00451,0.04385,0.05080,0.06201,0.00555,0.01369
812,0.00492,0.00907,0.00778,0.01190,0.01548,0.00426,0.00858,0.23214,0.01010,0.47639,0.15153,0.00709,0.01019,0.00961,0.00479,0.00331,0.00412,0.00874,0.01168,0.00832
813,0.04657,0.03956,0.06162,0.08824,0.06287,0.05874,0.05793,0.04135,0.02514,0.05431,0.04439,0.06995,0.00621,0.05190,0.03451,0.05690,0.05509,0.03057,0.05442,0.05973
814,0.03017,0.16382,0.00801,0.00545,0.00773,0.00816,0.00801,0.15091,0.00767,0.03692,0.06845,0.00635,0.00292,0.00711,0.00214,0.00274,0.19061,0.27909,0.00550,0.00825
815,0.00912,0.01509,0.02073,0.02006,0.01999,0.01150,0.01912,0.02089,0.02289,0.01209,0.01840,0.01878,0.00838,0.02609,0.01694,0.00696,0.00897,0.00771,0.69363,0.02266
816,0.01053,0.02127,0.02516,0.01488,0.01997,0.00683,0.01892,0.03826,0.02337,0.00553,0.01817,0.61096,0.00924,0.01839,0.00601,0.04426,0.05985,0.01159,0.01606,0.02076
817,0.01675,0.00924,0.00880,0.00935,0.00846,0.01526,0.06334,0.01254,0.23006,0.00742,0.03411,0.05803,0.00398,0.16403,0.24398,0.02902,0.06230,0.00957,0.00677,0.00698
818,0.02553,0.21257,0.00445,0.01850,0.03662,0.00565,0.00986,0.07108,0.00471,0.06248,0.15929,0.00645,0.00245,0.00500,0.00166,0.00342,0.15635,0.19535,0.00424,0.01435
819,0.00877,0.01372,0.01369,0.01429,0.01849,0.00477,0.01414,0.02059,0.01485,0.00482,0.01557,0.01279,0.00600,0.01621,0.03995,0.00677,0.00901,0.00711,0.74204,0.01642
820,0.01324,0.01776,0.01765,0.02199,0.02290,0.00979,0.01254,0.57667,0.01513,0.00596,0.01091,0.01831,0.00461,0.01558,0.00708,0.01322,0.02809,0.14881,0.02065,0.01911
821,0.05100,0.04616,0.07668,0.07765,0.06479,0.01697,0.06135,0.07051,0.01955,0.05882,0.05114,0.02070,0.00133,0.04754,0.00968,0.05491,0.06816,0.05279,0.06580,0.08449
822,0.04150,0.07063,0.10699,0.13667,0.04031,0.05263,0.04414,0.00488,0.01506,0.05955,0.05062,0.06973,0.00226,0.08580,0.01994,0.06015,0.06078,0.00813,0.02033,0.04988
823,0.01167,0.02361,0.02324,0.02566,0.02979,0.01016,0.02948,0.03131,0.02407,0.00735,0.02187,0.64249,0.00798,0.02510,0.00706,0.00760,0.00987,0.01216,0.01751,0.03204
824,0.06465,0.03670,0.06811,0.04918,0.02799,0.02854,0.06142,0.04658,0.06214,0.03459,0.04922,0.05997,0.08552,0.05137,0.03376,0.06004,0.05838,0.05151,0.04290,0.02742
825,0.02667,0.04048,0.01905,0.01930,0.08871,0.01645,0.09827,0.00667,0.07294,0.01573,0.10351,0.07257,0.00206,0.07530,0.04713,0.02720,0.01206,0.00438,0.18976,0.06176
826,0.00563,0.11890,0.00982,0.01233,0.01217,0.00405,0.01649,0.09284,0.04758,0.14789,0.31545,0.01201,0.00727,0.02284,0.00681,0.00396,0.03909,0.10363,0.01053,0.01070
827,0.04977,0.04743,0.03634,0.04531,0.05828,0.03247,0.09303,0.05371,0.04584,0.04460,0.03541,0.05564,0.06369,0.05665,0.04486,0.04816,0.05157,0.04007,0.04020,0.05696
828,0.01215,0.16078,0.22006,0.04294,0.01465,0.00665,0.04242,0.10056,0.01608,0.02109,0.02191,0.15147,0.00416,0.01574,0.00499,0.03028,0.02359,0.07603,0.00959,0.02486
829,0.01220,0.02130,0.03159,0.05401,0.02201,0.00905,0.03083,0.02590,0.51470,0.00611,0.04527,0.03242,0.00807,0.04957,0.05546,0.00900,0.02488,0.00922,0.01531,0.02309
830,0.05522,0.01855,0.02140,0.04010,0.02015,0.00811,0.05111,0.02569,0.09545,0.00856,0.02051,0.05957,0.00827,0.04221,0.03064,0.20411,0.24410,0.01238,0.01524,0.01861
831,0.05560,0.03552,0.00665,0.01222,0.05207,0.00188,0.06510,0.05976,0.05156,0.09050,0.04640,0.05495,0.11143,0.04176,0.05756,0.01838,0.03872,0.03353,0.06108,0.10533
832,0.02258,0.05006,0.01217,0.00831,0.00717,0.00574,0.01026,0.30994,0.00870,0.21512,0.06208,0.01202,0.00312,0.01094,0.00302,0.00292,0.00496,0.23550,0.00691,0.00850
833,0.05478,0.04352,0.07392,0.09762,0.01769,0.06956,0.05734,0.02505,0.03878,0.04783,0.03503,0.03809,0.03272,0.06166,0.03766,0.07640,0.07363,0.05439,0.01646,0.04786
834,0.11207,0.07193,0.01000,0.03166,0.01248,0.01834,0.06392,0.01512,0.12930,0.04121,0.05485,0.05241,0.00120,0.12053,0.07451,0.05247,0.05573,0.05963,0.00886,0.01378
835,0.00976,0.03235,0.02345,0.03069,0.02392,0.01367,0.02243,0.02512,0.02211,0.01525,0.02189,0.01626,0.00900,0.02343,0.02026,0.00958,0.01082,0.01115,0.60532,0.05356
836,0.02955,0.00996,0.00850,0.00760,0.00824,0.00414,0.04579,0.11029,0.08064,0.03081,0.05870,0.01420,0.03363,0.12952,0.03989,0.07296,0.16590,0.07917,0.05940,0.01113
837,0.03144,0.02308,0.37757,0.16346,0.02404,0.00212,0.02317,0.03168,0.03217,0.00881,0.02266,0.04199,0.00863,0.10821,0.00764,0.01371,0.01172,0.02853,0.02008,0.01929
838,0.00814,0.02115,0.02581,0.01952,0.03702,0.00784,0.01633,0.33392,0.02779,0.09548,0.02609,0.04815,0.00558,0.01622,0.00533,0.01358,0.01971,0.23635,0.01842,0.01757
839,0.01489,0.01675,0.02039,0.01888,0.02649,0.13314,0.02669,0.02318,0.02019,0.02706,0.01803,0.01547,0.52212,0.01672,0.00675,0.03283,0.01508,0.00835,0.01811,0.01887
840,0.00674,0.04550,0.02876,0.01431,0.36566,0.00668,0.02687,0.01422,0.01389,0.00440,0.01171,0.03459,0.00759,0.01836,0.00433,0.00678,0.00592,0.00696,0.00992,0.36680
841,0.01818,0.02062,0.01635,0.01207,0.01253,0.02585,0.03359,0.19847,0.01820,0.31502,0.12017,0.03445,0.01303,0.02962,0.00808,0.02362,0.01677,0.05640,0.01160,0.01537
842,0.08814,0.04555,0.01534,0.01709,0.01867,0.42859,0.01421,0.02103,0.02184,0.00623,0.02407,0.17068,0.00801,0.03593,0.00841,0.00696,0.00902,0.01677,0.02361,0.01986
843,0.01158,0.02282,0.05828,0.06989,0.01370,0.01204,0.01682,0.02275,0.44496,0.00535,0.13888,0.04270,0.00572,0.04135,0.02918,0.00791,0.01019,0.01141,0.01906,0.01539
844,0.01456,0.02024,0.02352,0.03455,0.01863,0.03663,0.01788,0.01789,0.03584,0.00614,0.02850,0.01822,0.00873,0.02506,0.61982,0.01178,0.00930,0.01426,0.02102,0.01743
845,0.01567,0.02488,0.03247,0.51186,0.02252,0.01414,0.01876,0.04314,0.11372,0.00841,0.02557,0.02246,0.00871,0.02775,0.00850,0.00788,0.01139,0.03391,0.02756,0.02071
846,0.02229,0.02246,0.61505,0.04219,0.02401,0.03176,0.01261,0.02511,0.02550,0.00666,0.02496,0.02163,0.00595,0.02494,0.00843,0.00670,0.01061,0.01309,0.02783,0.02825
847,0.01173,0.03650,0.02167,0.01692,0.07804,0.03028,0.07106,0.05733,0.01986,0.28457,0.06134,0.08330,0.00644,0.10801,0.01387,0.01783,0.01747,0.02963,0.01586,0.01830
848,0.01715,0.02474,0.03786,0.03290,0.03109,0.02152,0.03167,0.04345,0.03118,0.01353,0.03324,0.03656,0.01405,0.03697,0.03611,0.01354,0.01726,0.01469,0.46894,0.04354
849,0.01012,0.47944,0.10733,0.09220,0.02019,0.01979,0.01324,0.01725,0.02763,0.00746,0.02344,0.01914,0.00730,0.02728,0.01918,0.01050,0.00885,0.00946,0.03325,0.04696
850,0.02661,0.02300,0.03517,0.00861,0.02896,0.51614,0.01672,0.02549,0.04580,0.00844,0.02795,0.02358,0.00860,0.10321,0.01473,0.00825,0.00907,0.02725,0.02179,0.02063
851,0.16237,0.03227,0.02658,0.02250,0.02123,0.00980,0.01849,0.02072,0.03397,0.01135,0.02518,0.01732,0.02873,0.03510,0.00892,0.45216,0.01787,0.01584,0.01880,0.02081
852,0.00929,0.02578,0.03018,0.02098,0.06517,0.00661,0.01599,0.04175,0.02494,0.29642,0.29860,0.02065,0.01372,0.02289,0.01146,0.00744,0.02264,0.01010,0.02627,0.02913
853,0.01307,0.03921,0.01936,0.02613,0.03298,0.01040,0.04408,0.39382,0.03001,0.06272,0.03718,0.03080,0.01030,0.03354,0.01799,0.01011,0.02755,0.10653,0.02339,0.03084
854,0.00646,0.01590,0.01580,0.01610,0.02401,0.42967,0.01596,0.02381,0.01423,0.00529,0.02497,0.01808,0.00630,0.01445,0.00225,0.14396,0.17892,0.01211,0.01283,0.01890
855,0.00494,0.06985,0.00754,0.01094,0.26045,0.00522,0.11613,0.00684,0.01171,0.00280,0.01292,0.03800,0.00223,0.00571,0.01249,0.00344,0.00337,0.00796,0.17373,0.24375
856,0.01830,0.03293,0.03108,0.02772,0.04938,0.01178,0.02786,0.02452,0.04025,0.01047,0.03328,0.03274,0.01081,0.03523,0.50921,0.00870,0.01483,0.02019,0.02376,0.03697
857,0.01119,0.01833,0.01857,0.02636,0.03088,0.00619,0.02131,0.03423,0.03533,0.04611,0.05355,0.02552,0.56917,0.01870,0.00495,0.01123,0.00799,0.01461,0.02213,0.02363
858,0.00496,0.01440,0.01414,0.02408,0.01724,0.00559,0.02700,0.01988,0.03520,0.00584,0.02590,0.02071,0.00655,0.01578,0.70115,0.01450,0.00744,0.00718,0.01441,0.01804
859,0.13448,0.05606,0.00438,0.00787,0.00901,0.02468,0.06700,0.01439,0.01245,0.02373,0.05415,0.00608,0.00332,0.17538,0.00388,0.21163,0.17235,0.00621,0.00720,0.00574
860,0.02101,0.04936,0.01964,0.02913,0.02721,0.01297,0.01646,0.10391,0.02930,0.00857,0.04080,0.02937,0.01521,0.02932,0.00862,0.02213,0.47740,0.01199,0.02605,0.02154
861,0.01510,0.04689,0.02310,0.01545,0.02891,0.00581,0.02658,0.03189,0.01907,0.00803,0.01938,0.02517,0.00963,0.01841,0.01556,0.00880,0.01088,0.01051,0.62604,0.03480
862,0.33991,0.16369,0.02383,0.02036,0.03383,0.02768,0.02030,0.02719,0.02959,0.00829,0.02169,0.02080,0.00851,0.01668,0.00704,0.14153,0.00906,0.00839,0.03006,0.04157
863,0.09755,0.03564,0.04114,0.10343,0.07968,0.05468,0.05909,0.00658,0.05241,0.02230,0.03674,0.01558,0.00233,0.14531,0.01591,0.07795,0.04536,0.05627,0.03064,0.02142
864,0.01099,0.06993,0.03520,0.02369,0.01732,0.00907,0.19357,0.01852,0.09239,0.00545,0.02048,0.25166,0.00630,0.02219,0.06402,0.03072,0.02339,0.00943,0.02676,0.06892
865,0.05272,0.02056,0.02004,0.02162,0.01381,0.00860,0.01260,0.33542,0.02764,0.16249,0.07145,0.01376,0.00886,0.02063,0.00658,0.00626,0.00970,0.14764,0.02029,0.01933
866,0.02613,0.03294,0.00849,0.01523,0.03100,0.02272,0.09621,0.05611,0.14746,0.03682,0.02122,0.00357,0.11818,0.04701,0.09436,0.03341,0.05397,0.05824,0.03114,0.06579
867,0.05314,0.08057,0.04705,0.03712,0.03940,0.04115,0.06265,0.05468,0.01463,0.04467,0.07618,0.08142,0.03774,0.05879,0.03879,0.05414,0.06799,0.05717,0.01825,0.03446
868,0.01028,0.02648,0.02747,0.03792,0.02996,0.01422,0.02529,0.03070,0.02917,0.00958,0.03845,0.01921,0.00700,0.02999,0.00982,0.05271,0.45076,0.09371,0.02844,0.02884
869,0.07009,0.17147,0.01168,0.02091,0.01017,0.00719,0.01190,0.06973,0.01623,0.01490,0.04431,0.01405,0.00354,0.01585,0.01828,0.01766,0.12053,0.33160,0.01723,0.01270
870,0.07407,0.10029,0.01956,0.04522,0.04179,0.08614,0.07845,0.02074,0.04308,0.03621,0.07914,0.06551,0.00210,0.03522,0.06561,0.05313,0.04896,0.02535,0.03309,0.04634
871,0.03700,0.05469,0.00657,0.00504,0.07584,0.01326,0.08628,0.04327,0.12793,0.11872,0.11317,0.01740,0.00126,0.03861,0.15427,0.04472,0.02527,0.01972,0.01017,0.00682
872,0.00926,0.16492,0.01926,0.00942,0.01933,0.00724,0.01417,0.09305,0.01318,0.12139,0.19012,0.01470,0.00330,0.01135,0.00362,0.00781,0.04134,0.23209,0.01093,0.01354
873,0.00565,0.00739,0.01444,0.01977,0.01174,0.00815,0.11062,0.01155,0.15050,0.00417,0.01587,0.00840,0.00291,0.26450,0.30993,0.00588,0.01468,0.00719,0.01373,0.01293
874,0.01153,0.03963,0.02989,0.01978,0.15123,0.03320,0.04272,0.02068,0.09023,0.00843,0.02990,0.03168,0.00835,0.01813,0.35157,0.01813,0.01422,0.02477,0.03284,0.02309
875,0.01161,0.04823,0.01387,0.02847,0.02945,0.00667,0.02070,0.36541,0.02049,0.08414,0.02798,0.01923,0.00622,0.02129,0.00776,0.00529,0.00131,0.24722,0.02156,0.01310
876,0.03325,0.09007,0.01069,0.01440,0.02811,0.00797,0.01005,0.42008,0.01993,0.06268,0.06495,0.01517,0.00406,0.01515,0.01672,0.00438,0.02594,0.12338,0.02194,0.01108
877,0.07228,0.09477,0.12413,0.00772,0.00699,0.26636,0.00593,0.00942,0.00945,0.00220,0.00797,0.16091,0.00445,0.00844,0.00260,0.18343,0.01400,0.00448,0.00746,0.00701
878,0.06128,0.06922,0.05367,0.04953,0.04626,0.03549,0.06864,0.06532,0.03178,0.03834,0.03683,0.04768,0.05672,0.05712,0.02083,0.07006,0.06351,0.04712,0.03373,0.04686
879,0.05584,0.04444,0.09339,0.10187,0.00255,0.06077,0.07743,0.00271,0.03964,0.00089,0.00514,0.14148,0.01704,0.08761,0.07820,0.09390,0.06791,0.00222,0.00272,0.02426
880,0.05608,0.04667,0.02816,0.06454,0.05824,0.03783,0.08709,0.00307,0.05162,0.07293,0.06114,0.09568,0.01859,0.06468,0.02892,0.03666,0.00594,0.00938,0.06569,0.10706
881,0.04721,0.05106,0.05133,0.05433,0.04782,0.03900,0.05434,0.03438,0.05584,0.04890,0.04693,0.06384,0.04958,0.05136,0.04645,0.06584,0.05919,0.04818,0.02510,0.05932
882,0.00578,0.07928,0.01064,0.01132,0.32327,0.00561,0.05640,0.00824,0.00969,0.00320,0.00959,0.00751,0.00322,0.00828,0.00361,0.00280,0.00416,0.00536,0.08335,0.35871
883,0.04956,0.06207,0.07064,0.06987,0.06460,0.04760,0.04478,0.03276,0.03638,0.04782,0.04339,0.05406,0.01252,0.07249,0.04555,0.05884,0.05090,0.04849,0.03322,0.05449
884,0.00589,0.12284,0.18272,0.07724,0.10204,0.03711,0.01096,0.01199,0.01056,0.02607,0.08001,0.08914,0.00234,0.02467,0.00331,0.07987,0.04235,0.00561,0.02651,0.05875
885,0.07365,0.07722,0.01295,0.01141,0.14254,0.01443,0.09535,0.03885,0.00920,0.03235,0.04215,0.03650,0.00302,0.07305,0.01912,0.03483,0.04706,0.05331,0.05670,0.12633
886,0.01565,0.07276,0.03496,0.03902,0.03362,0.03617,0.01730,0.04201,0.05340,0.25554,0.14328,0.02016,0.00492,0.04377,0.01735,0.01016,0.06682,0.02170,0.03775,0.03368
887,0.09457,0.06313,0.02161,0.01798,0.01892,0.02630,0.05956,0.06541,0.04820,0.05566,0.06457,0.03394,0.01069,0.14880,0.02606,0.05672,0.05723,0.08333,0.02110,0.02624
888,0.02950,0.06991,0.01037,0.01113,0.04093,0.00719,0.07407,0.00407,0.04919,0.04367,0.07974,0.06811,0.00220,0.07467,0.00569,0.14271,0.18365,0.01833,0.01704,0.06784
889,0.02023,0.05425,0.02997,0.07518,0.04259,0.02315,0.00872,0.03673,0.05143,0.01145,0.07946,0.02303,0.00965,0.38680,0.03329,0.01076,0.01003,0.02168,0.04468,0.02692
890,0.01577,0.07981,0.01402,0.09360,0.03727,0.04095,0.02210,0.09619,0.02679,0.05828,0.07997,0.01384,0.00302,0.05537,0.01275,0.01836,0.07108,0.11549,0.10120,0.04413
891,0.09645,0.03130,0.06549,0.06549,0.06549,0.04437,0.00099,0.06549,0.06549,0.00799,0.06549,0.06549,0.00495,0.04899,0.06561,0.01127,0.05005,0.04861,0.06549,0.06549
892,0.02672,0.01172,0.15872,0.05618,0.11060,0.01783,0.07349,0.02161,0.02792,0.00726,0.02648,0.09244,0.01607,0.02878,0.01557,0.01433,0.02112,0.01638,0.01951,0.23724
893,0.01871,0.03633,0.02339,0.01263,0.04538,0.01213,0.01940,0.24562,0.01507,0.31366,0.03538,0.02418,0.00538,0.01173,0.00943,0.04156,0.01074,0.08410,0.01742,0.01773
894,0.03521,0.12572,0.01289,0.01070,0.01900,0.40874,0.01605,0.01230,0.01806,0.02238,0.02765,0.04532,0.01854,0.01567,0.00638,0.04243,0.08262,0.02130,0.01570,0.04333
895,0.11412,0.09207,0.14797,0.11151,0.00856,0.02427,0.07108,0.02678,0.02225,0.01647,0.04207,0.03055,0.01539,0.10822,0.01183,0.05334,0.04252,0.03797,0.00519,0.01785
896,0.06093,0.09321,0.01933,0.05214,0.04363,0.03296,0.06236,0.02718,0.05569,0.04440,0.05150,0.06755,0.06827,0.04911,0.03402,0.06839,0.05876,0.04544,0.02717,0.03796
897,0.04478,0.06995,0.05083,0.02569,0.10495,0.07688,0.05458,0.05108,0.02402,0.02431,0.02942,0.08897,0.08062,0.03845,0.02364,0.05083,0.03104,0.01518,0.02279,0.09197
898,0.05506,0.05140,0.00299,0.02075,0.07091,0.01106,0.05568,0.09486,0.00672,0.02222,0.05495,0.03035,0.01965,0.03912,0.00772,0.06758,0.12021,0.08083,0.09762,0.09033
899,0.00881,0.01462,0.01071,0.01691,0.01531,0.00701,0.00891,0.00443,0.08662,0.03281,0.02358,0.01246,0.00392,0.01305,0.18044,0.19613,0.32928,0.00799,0.01630,0.01072
900,0.05097,0.01049,0.00875,0.01510,0.09356,0.00514,0.02042,0.01065,0.01401,0.01924,0.05275,0.00932,0.40271,0.00949,0.00266,0.00266,0.00495,0.00577,0.10869,0.15268
901,0.00852,0.01388,0.01337,0.02770,0.01736,0.63960,0.01206,0.01620,0.04681,0.00684,0.04307,0.02411,0.00638,0.02678,0.03698,0.00532,0.00966,0.00658,0.02688,0.01192
902,0.15321,0.02426,0.01361,0.01364,0.01382,0.00708,0.01154,0.01084,0.01395,0.00318,0.05680,0.01442,0.00484,0.00985,0.00451,0.00438,0.00573,0.60802,0.01269,0.01362
903,0.01046,0.02893,0.02417,0.02077,0.02839,0.00780,0.02091,0.01848,0.01623,0.63887,0.01606,0.01580,0.00650,0.02777,0.00873,0.02767,0.00616,0.00855,0.05076,0.01702
