site,A,C,D,E,F,G,H,I,K,L,M,N,P,Q,R,S,T,V,W,Y
790,0.05127,0.03829,0.01365,0.05032,0.06904,0.00775,0.05314,0.04972,0.03765,0.11494,0.07286,0.04549,0.05702,0.05929,0.03087,0.02202,0.07443,0.07657,0.03671,0.03897
791,0.16781,0.08019,0.00961,0.00566,0.00845,0.03797,0.00809,0.00936,0.00897,0.01395,0.01161,0.00925,0.54438,0.02484,0.00194,0.01755,0.02232,0.00397,0.00417,0.00992
792,0.05448,0.05280,0.02202,0.04546,0.01206,0.05533,0.07405,0.00351,0.10230,0.02263,0.04856,0.08843,0.00150,0.06479,0.08872,0.12338,0.07987,0.02078,0.00710,0.03225
793,0.08545,0.00646,0.00756,0.02236,0.00854,0.63221,0.05607,0.00986,0.00817,0.00311,0.01044,0.05599,0.00376,0.02374,0.01228,0.01632,0.00455,0.00804,0.00935,0.01575
794,0.01355,0.01110,0.01560,0.01988,0.01341,0.00630,0.03649,0.05162,0.02371,0.00833,0.01930,0.01390,0.01013,0.01946,0.65793,0.01879,0.02486,0.00675,0.00953,0.01935
795,0.01204,0.00979,0.01220,0.01135,0.01141,0.00505,0.01281,0.02184,0.01224,0.00673,0.01128,0.01819,0.02467,0.01327,0.00336,0.01521,0.74923,0.02939,0.00904,0.01092
796,0.00878,0.00891,0.00957,0.01291,0.01162,0.00916,0.01123,0.03530,0.02138,0.00581,0.01072,0.01814,0.00994,0.02237,0.00397,0.02542,0.75150,0.00437,0.00762,0.01125
797,0.00450,0.02015,0.01253,0.00953,0.00990,0.01539,0.01363,0.01297,0.00898,0.01084,0.00907,0.01419,0.00803,0.01237,0.00931,0.00752,0.01096,0.00365,0.78399,0.02248
798,0.01559,0.00965,0.00955,0.01158,0.01257,0.00515,0.01732,0.01274,0.01264,0.01435,0.01473,0.01481,0.01819,0.01216,0.00370,0.75188,0.03344,0.00635,0.01297,0.01065
799,0.00375,0.04122,0.00765,0.00475,0.02777,0.00175,0.00498,0.29896,0.00832,0.48985,0.03882,0.00655,0.00423,0.00470,0.00143,0.00743,0.01286,0.00601,0.00451,0.02444
800,0.00517,0.01217,0.02640,0.00912,0.01113,0.00549,0.65444,0.00872,0.01021,0.00863,0.02935,0.07016,0.02002,0.04452,0.00915,0.00541,0.00871,0.00768,0.00784,0.04568
801,0.07822,0.07129,0.01074,0.01658,0.01059,0.21024,0.00523,0.01254,0.00434,0.00185,0.00497,0.13422,0.00255,0.00461,0.00733,0.21655,0.02538,0.17018,0.00545,0.00714
802,0.05187,0.08294,0.01102,0.00234,0.01582,0.09793,0.07983,0.02061,0.12254,0.00185,0.01438,0.02342,0.00138,0.06475,0.04568,0.14386,0.13394,0.01811,0.00902,0.05870
803,0.15588,0.06820,0.00821,0.01778,0.04974,0.19774,0.02666,0.00480,0.01043,0.02323,0.04370,0.05721,0.00333,0.08198,0.01136,0.19350,0.02064,0.01198,0.00746,0.00618
804,0.02523,0.00707,0.35472,0.41046,0.01220,0.00493,0.00794,0.01197,0.02620,0.00311,0.00947,0.00772,0.00355,0.07637,0.00447,0.00636,0.00485,0.00707,0.00849,0.00782
805,0.00470,0.03779,0.01168,0.01052,0.01160,0.00919,0.00969,0.01058,0.00947,0.01571,0.00895,0.01384,0.00561,0.00865,0.01076,0.00912,0.00581,0.00576,0.79162,0.00894
806,0.03319,0.06889,0.00727,0.00986,0.02866,0.05240,0.03846,0.01713,0.02061,0.04574,0.29123,0.01611,0.00191,0.26264,0.01846,0.05074,0.01204,0.00349,0.00400,0.01717
807,0.00425,0.18171,0.01110,0.00365,0.00319,0.12460,0.00356,0.01926,0.00519,0.00269,0.00335,0.02630,0.00253,0.00378,0.00122,0.28405,0.25702,0.05499,0.00361,0.00395
808,0.02666,0.07061,0.05766,0.04526,0.00172,0.04199,0.05743,0.03666,0.05918,0.03615,0.08908,0.09643,0.00883,0.09603,0.04616,0.08867,0.07455,0.06141,0.00217,0.00335
809,0.07910,0.04944,0.14147,0.11833,0.00268,0.02538,0.05708,0.00712,0.03412,0.01445,0.05537,0.09966,0.00214,0.11987,0.01934,0.08807,0.06234,0.01406,0.00162,0.00839
810,0.05063,0.07785,0.30455,0.13810,0.00362,0.00445,0.03097,0.00318,0.00530,0.00210,0.00452,0.16212,0.02761,0.03214,0.00341,0.10215,0.02463,0.00704,0.00530,0.01033
811,0.00902,0.01592,0.01231,0.00627,0.01434,0.00377,0.01001,0.11321,0.01241,0.19116,0.47519,0.01115,0.00472,0.02189,0.00769,0.04447,0.01962,0.00830,0.00500,0.01356
812,0.00432,0.00759,0.00505,0.00945,0.01436,0.00274,0.00745,0.23839,0.00618,0.53377,0.12055,0.00731,0.00660,0.00572,0.00721,0.00336,0.00362,0.00367,0.00702,0.00563
813,0.05714,0.04546,0.08337,0.08768,0.03829,0.06979,0.06513,0.02446,0.02368,0.05419,0.04855,0.05283,0.00461,0.05220,0.03648,0.06298,0.04544,0.02295,0.07047,0.05429
814,0.00690,0.13326,0.00517,0.00766,0.00517,0.01060,0.00750,0.16016,0.00526,0.04698,0.03328,0.00422,0.00285,0.00776,0.00213,0.00201,0.23290,0.31611,0.00475,0.00532
815,0.00569,0.02492,0.01149,0.01167,0.01448,0.01288,0.01072,0.01157,0.01299,0.02540,0.01080,0.01033,0.00694,0.01749,0.00906,0.00732,0.00544,0.00493,0.77405,0.01185
816,0.00667,0.01146,0.01600,0.00889,0.01137,0.00770,0.02079,0.03166,0.03648,0.00508,0.01054,0.69334,0.00576,0.01073,0.00520,0.00882,0.06029,0.01501,0.00931,0.02488
817,0.01152,0.01021,0.00684,0.01001,0.00657,0.00792,0.03323,0.01321,0.27782,0.00353,0.03803,0.03249,0.00325,0.14652,0.32898,0.00874,0.04773,0.00308,0.00528,0.00506
818,0.00769,0.17043,0.00421,0.02620,0.01860,0.00753,0.00880,0.11639,0.00345,0.09316,0.13796,0.00332,0.00177,0.00477,0.00230,0.00497,0.14486,0.23467,0.00417,0.00477
819,0.00879,0.02322,0.00787,0.01078,0.01017,0.00945,0.00877,0.01532,0.01098,0.00933,0.01187,0.00899,0.00520,0.01263,0.01073,0.00842,0.00874,0.00436,0.80484,0.00953
820,0.01267,0.01125,0.01102,0.01491,0.02121,0.00692,0.00834,0.72700,0.00981,0.01049,0.01863,0.02188,0.00603,0.01038,0.00522,0.02239,0.01900,0.03785,0.01295,0.01206
821,0.05228,0.04969,0.06463,0.08333,0.04556,0.00446,0.06073,0.06172,0.01152,0.06592,0.05248,0.03008,0.00085,0.07065,0.01484,0.06494,0.06146,0.05151,0.07421,0.07912
822,0.04548,0.04966,0.09940,0.12906,0.03248,0.02124,0.05474,0.00356,0.01916,0.05873,0.07810,0.08560,0.00182,0.07702,0.01731,0.09971,0.07565,0.00238,0.01310,0.03579
823,0.00735,0.01232,0.00881,0.01689,0.02168,0.00908,0.02558,0.02481,0.03117,0.00631,0.01171,0.72772,0.00668,0.01305,0.00615,0.00833,0.01835,0.00979,0.00981,0.02439
824,0.06418,0.04594,0.06855,0.06820,0.02358,0.01785,0.05727,0.04569,0.05048,0.03819,0.05076,0.05596,0.08502,0.04990,0.03907,0.06718,0.06243,0.04830,0.03477,0.02668
825,0.03274,0.06215,0.01730,0.02335,0.12542,0.01244,0.11889,0.00601,0.08855,0.02078,0.09253,0.02985,0.00402,0.06291,0.03469,0.02469,0.02073,0.00405,0.16145,0.05746
826,0.00473,0.15694,0.00790,0.01740,0.00892,0.00459,0.01165,0.04796,0.01452,0.17328,0.44280,0.00923,0.00588,0.02223,0.01217,0.00469,0.01071,0.02750,0.00832,0.00858
827,0.04555,0.04005,0.04753,0.04858,0.06289,0.01035,0.07811,0.07211,0.04294,0.05018,0.05289,0.05940,0.06892,0.04556,0.04220,0.04434,0.04968,0.05200,0.03981,0.04693
828,0.00756,0.12969,0.30826,0.03619,0.01373,0.00476,0.02466,0.07408,0.02274,0.02008,0.01408,0.10956,0.00377,0.02548,0.00916,0.03486,0.04221,0.07527,0.00804,0.03582
829,0.01120,0.01370,0.01763,0.01223,0.01370,0.01179,0.01708,0.01554,0.67361,0.00635,0.02860,0.02964,0.00837,0.06820,0.00774,0.00887,0.02089,0.00677,0.01367,0.01443
830,0.01984,0.02381,0.01022,0.02134,0.01331,0.01129,0.04646,0.02550,0.08599,0.01071,0.02922,0.04687,0.01307,0.04552,0.05434,0.18010,0.31323,0.01688,0.01338,0.01892
831,0.04634,0.03296,0.00449,0.01878,0.07083,0.00270,0.07238,0.08334,0.04068,0.08419,0.05424,0.01853,0.13135,0.01689,0.06085,0.02295,0.01593,0.03005,0.10078,0.09174
832,0.00701,0.05718,0.01112,0.00958,0.00535,0.00670,0.00924,0.27392,0.00597,0.24887,0.03718,0.00800,0.00288,0.00709,0.00314,0.00377,0.00667,0.28565,0.00473,0.00594
833,0.02186,0.04798,0.07476,0.08004,0.02860,0.05220,0.05969,0.01203,0.05541,0.06667,0.03326,0.05976,0.02968,0.06634,0.03905,0.06736,0.06381,0.05564,0.03594,0.04993
834,0.11503,0.09313,0.02020,0.00601,0.01185,0.01964,0.07135,0.00692,0.12181,0.04604,0.04205,0.05756,0.00093,0.13945,0.03323,0.07052,0.06720,0.06189,0.00322,0.01195
835,0.00654,0.03369,0.01279,0.01642,0.01826,0.02266,0.01269,0.02245,0.01243,0.01853,0.01238,0.00982,0.00737,0.01396,0.02041,0.01291,0.00946,0.00756,0.71890,0.01078
836,0.01356,0.00602,0.00500,0.00462,0.00634,0.00470,0.05715,0.03095,0.09167,0.03397,0.09363,0.01799,0.03061,0.14996,0.06858,0.08955,0.17298,0.06141,0.04402,0.01728
837,0.03442,0.01482,0.50176,0.07694,0.01427,0.00848,0.02356,0.01834,0.01765,0.00596,0.02350,0.03319,0.00632,0.10462,0.00591,0.02171,0.00802,0.04348,0.01285,0.02420
838,0.00604,0.01387,0.01535,0.01285,0.04536,0.00593,0.01069,0.43545,0.01654,0.12207,0.03921,0.03726,0.00581,0.01073,0.00496,0.01784,0.00898,0.16740,0.01208,0.01158
839,0.00945,0.01064,0.01271,0.01191,0.01550,0.09218,0.03756,0.01414,0.01251,0.01613,0.01182,0.01036,0.65520,0.01452,0.00927,0.01413,0.02247,0.00591,0.01146,0.01213
840,0.00463,0.00934,0.04304,0.00825,0.39315,0.00560,0.01347,0.00887,0.00906,0.00440,0.00755,0.01383,0.00528,0.01574,0.00280,0.01179,0.00417,0.00591,0.00658,0.42655
841,0.02760,0.01797,0.00919,0.00917,0.00999,0.01049,0.01276,0.17557,0.01014,0.33979,0.14484,0.02624,0.00525,0.03293,0.01144,0.02296,0.02642,0.09056,0.00707,0.00962
842,0.07305,0.08326,0.00842,0.02757,0.01111,0.45279,0.01219,0.01115,0.01505,0.00347,0.01578,0.16726,0.00645,0.05255,0.01269,0.00713,0.00526,0.01198,0.01204,0.01080
843,0.00950,0.01605,0.02510,0.01762,0.01069,0.00883,0.01239,0.03777,0.67189,0.00493,0.03496,0.02673,0.00692,0.03957,0.00738,0.00960,0.01831,0.01267,0.01334,0.01578
844,0.01295,0.01194,0.01339,0.01635,0.01085,0.00829,0.01419,0.01036,0.03726,0.00423,0.03465,0.01098,0.00562,0.01860,0.72770,0.01485,0.00738,0.00876,0.02128,0.01036
845,0.02006,0.01389,0.04515,0.64531,0.01908,0.00914,0.01524,0.02059,0.04462,0.00827,0.01509,0.01394,0.00641,0.04289,0.01440,0.00558,0.01040,0.02110,0.01557,0.01327
846,0.02570,0.01192,0.67767,0.05953,0.01304,0.00899,0.01381,0.01305,0.01870,0.00696,0.01307,0.02853,0.00519,0.01345,0.00723,0.00429,0.01447,0.01765,0.01436,0.03239
847,0.05105,0.05022,0.04565,0.05096,0.05415,0.05236,0.05293,0.05037,0.04836,0.04946,0.05176,0.04941,0.05101,0.04649,0.04760,0.05471,0.04728,0.04880,0.04815,0.04927
848,0.01198,0.02875,0.01924,0.02505,0.01799,0.03052,0.01802,0.02799,0.01715,0.03040,0.02551,0.02025,0.01578,0.01913,0.01132,0.01554,0.01044,0.00989,0.60484,0.04021
849,0.01283,0.58916,0.06963,0.04479,0.01741,0.01835,0.00909,0.01172,0.01693,0.01105,0.01394,0.01097,0.00923,0.01061,0.01698,0.02111,0.00933,0.01237,0.05879,0.03571
850,0.01323,0.01979,0.02568,0.01736,0.01723,0.69154,0.01164,0.01507,0.02172,0.00642,0.01613,0.01473,0.00857,0.01517,0.01752,0.00608,0.00922,0.03989,0.01948,0.01352
851,0.11776,0.02275,0.01564,0.01339,0.02726,0.00935,0.01206,0.03207,0.01735,0.01205,0.01400,0.01117,0.01018,0.01819,0.00619,0.58391,0.02292,0.01055,0.01222,0.03100
852,0.00949,0.02074,0.02811,0.01453,0.05869,0.00552,0.02273,0.04763,0.01676,0.44765,0.18415,0.01427,0.01042,0.01758,0.02496,0.00797,0.02075,0.01335,0.01703,0.01768
853,0.01369,0.04996,0.01314,0.01566,0.02411,0.00769,0.02009,0.54864,0.02699,0.11678,0.01602,0.01830,0.01115,0.01872,0.02561,0.00701,0.01702,0.01652,0.01539,0.01751
854,0.00570,0.00850,0.01115,0.02601,0.01169,0.45149,0.00811,0.01146,0.01355,0.00508,0.03932,0.01278,0.00375,0.00822,0.01095,0.08854,0.23910,0.01365,0.01827,0.01268
855,0.00402,0.04061,0.01112,0.00548,0.34598,0.00395,0.10322,0.00367,0.00743,0.00313,0.00941,0.02529,0.00242,0.00618,0.00167,0.00408,0.00179,0.00552,0.20924,0.20578
856,0.01161,0.01784,0.01719,0.01519,0.02359,0.00787,0.01529,0.03530,0.04461,0.00730,0.01753,0.01717,0.00761,0.01903,0.65085,0.01859,0.01529,0.01272,0.02625,0.01916
857,0.01492,0.01076,0.01161,0.01496,0.01669,0.00587,0.02615,0.01737,0.01807,0.01777,0.02204,0.01438,0.71663,0.01121,0.00629,0.02237,0.01176,0.00909,0.01285,0.01918
858,0.00313,0.01839,0.00794,0.01191,0.01303,0.00901,0.01456,0.01739,0.01655,0.00639,0.01308,0.01101,0.00995,0.00832,0.78686,0.02358,0.00609,0.00543,0.00777,0.00959
859,0.10379,0.09391,0.00204,0.00364,0.00710,0.02225,0.08005,0.00733,0.00907,0.02809,0.05292,0.01015,0.00439,0.23803,0.00379,0.17022,0.14501,0.01227,0.00336,0.00258
860,0.01111,0.02308,0.01270,0.02337,0.01734,0.01371,0.01178,0.02708,0.01713,0.00650,0.02833,0.03758,0.01074,0.01800,0.00861,0.04212,0.64648,0.00925,0.02099,0.01411
861,0.00893,0.07590,0.01247,0.00880,0.01542,0.00817,0.01406,0.01525,0.01081,0.01148,0.01084,0.01321,0.00610,0.00996,0.01213,0.01379,0.00902,0.01106,0.71947,0.01317
862,0.48553,0.03727,0.03355,0.01383,0.01960,0.02565,0.01389,0.01651,0.01811,0.00688,0.01372,0.01772,0.01729,0.01179,0.00769,0.17477,0.01711,0.02866,0.01783,0.02261
863,0.11192,0.05327,0.03666,0.10310,0.07860,0.01538,0.04690,0.00813,0.03319,0.00919,0.05384,0.01958,0.00233,0.13870,0.03796,0.08705,0.06312,0.05641,0.03161,0.01307
864,0.00973,0.04343,0.00786,0.01473,0.01628,0.00678,0.19513,0.01709,0.12333,0.00396,0.01348,0.33466,0.00496,0.01825,0.09750,0.00521,0.01219,0.00743,0.01277,0.05522
865,0.02065,0.01300,0.01211,0.01634,0.01570,0.00838,0.00828,0.42444,0.02117,0.24897,0.08858,0.01565,0.00625,0.01302,0.00473,0.01214,0.00722,0.03877,0.01215,0.01246
866,0.02739,0.03947,0.00887,0.00403,0.04686,0.02697,0.09501,0.07155,0.13196,0.04414,0.02443,0.01200,0.08420,0.04116,0.05438,0.03935,0.06013,0.07901,0.03982,0.06927
867,0.06060,0.07532,0.04902,0.02453,0.03804,0.03004,0.05438,0.05134,0.01454,0.04271,0.07869,0.09135,0.03705,0.05578,0.04344,0.06751,0.07428,0.04695,0.02932,0.03510
868,0.01072,0.01578,0.01573,0.01913,0.01843,0.01021,0.01625,0.02666,0.02464,0.01016,0.02657,0.01315,0.01404,0.01775,0.00978,0.04836,0.59945,0.07120,0.01552,0.01648
869,0.00938,0.14361,0.01484,0.01456,0.00929,0.01519,0.00982,0.04947,0.01304,0.00869,0.03550,0.01363,0.00333,0.01529,0.00531,0.00787,0.11325,0.49506,0.01287,0.00999
870,0.07944,0.07752,0.00406,0.04157,0.04969,0.08144,0.07273,0.02933,0.04339,0.03457,0.06248,0.07126,0.00089,0.04023,0.10295,0.03368,0.04603,0.03268,0.05123,0.04482
871,0.04318,0.03996,0.00411,0.00315,0.09408,0.01431,0.05590,0.05228,0.16828,0.13805,0.11859,0.00607,0.00147,0.02887,0.17080,0.03691,0.00885,0.00308,0.00855,0.00351
872,0.01102,0.13353,0.01365,0.01897,0.01456,0.01312,0.01149,0.06996,0.01036,0.10151,0.15481,0.01148,0.00408,0.01138,0.00328,0.00996,0.03643,0.35054,0.00923,0.01064
873,0.00490,0.00988,0.01121,0.01425,0.00981,0.01159,0.06073,0.00958,0.11306,0.00928,0.01182,0.00704,0.00576,0.20508,0.46574,0.01437,0.00508,0.00640,0.01111,0.01330
874,0.01857,0.03594,0.01729,0.02154,0.03712,0.00760,0.04891,0.02391,0.04710,0.00904,0.03663,0.01527,0.00898,0.01699,0.49544,0.03489,0.02255,0.03520,0.05146,0.01559
875,0.01539,0.04015,0.00901,0.01544,0.02984,0.00627,0.01849,0.45387,0.01273,0.12083,0.02112,0.01614,0.00598,0.01734,0.00577,0.01018,0.00671,0.16702,0.01236,0.01537
876,0.01426,0.07044,0.00819,0.01061,0.01759,0.00857,0.00798,0.57305,0.02255,0.06100,0.02279,0.01736,0.00600,0.01073,0.03393,0.00454,0.01516,0.07275,0.01453,0.00796
877,0.05070,0.10146,0.06670,0.00585,0.00533,0.34751,0.00756,0.00682,0.00698,0.00234,0.00590,0.16112,0.00212,0.00855,0.00293,0.19178,0.00669,0.00880,0.00553,0.00535
878,0.05734,0.05642,0.05333,0.05381,0.04055,0.02503,0.07195,0.07214,0.02520,0.04880,0.04753,0.03850,0.06496,0.05266,0.02522,0.07128,0.07318,0.04826,0.03695,0.03687
879,0.06413,0.05672,0.08506,0.11579,0.00294,0.02290,0.09255,0.00189,0.03459,0.00147,0.00980,0.11372,0.01132,0.09871,0.06237,0.09318,0.08439,0.00505,0.00312,0.04032
880,0.04724,0.06240,0.03067,0.07681,0.07081,0.00839,0.08130,0.00224,0.03953,0.08033,0.06219,0.10328,0.01178,0.07170,0.03128,0.03830,0.00362,0.00519,0.08540,0.08756
881,0.05245,0.06753,0.04717,0.01514,0.05510,0.03744,0.05135,0.05275,0.05784,0.04605,0.04098,0.04465,0.03789,0.05469,0.03980,0.07249,0.06234,0.05690,0.03605,0.07139
882,0.00461,0.01151,0.01701,0.00815,0.33601,0.00448,0.01318,0.00638,0.00725,0.00264,0.00736,0.01183,0.00355,0.00643,0.00395,0.00519,0.00450,0.00442,0.05809,0.48346
883,0.05238,0.06344,0.05853,0.07056,0.06566,0.04598,0.05076,0.02928,0.04542,0.04542,0.04276,0.05134,0.01121,0.08614,0.04028,0.06050,0.03945,0.03199,0.04076,0.06815
884,0.00809,0.11337,0.17756,0.06291,0.04107,0.00568,0.01732,0.00620,0.00547,0.03662,0.12463,0.09656,0.00270,0.03549,0.00237,0.10034,0.05180,0.00932,0.04054,0.06196
885,0.09214,0.04025,0.01815,0.01515,0.16757,0.01529,0.05551,0.06005,0.01062,0.04753,0.04791,0.02145,0.00236,0.05321,0.01253,0.03502,0.04300,0.05856,0.04831,0.15539
886,0.01111,0.09848,0.01757,0.01980,0.04199,0.01832,0.01601,0.04172,0.02341,0.30127,0.15782,0.01097,0.00787,0.03169,0.02174,0.00687,0.08619,0.01793,0.03226,0.03698
887,0.07452,0.06186,0.03156,0.03618,0.02082,0.03542,0.06724,0.05188,0.06683,0.05165,0.03854,0.05120,0.01123,0.10488,0.03443,0.04868,0.05291,0.09697,0.03368,0.02951
888,0.01435,0.07444,0.00478,0.00521,0.04928,0.00816,0.06122,0.01114,0.06898,0.06647,0.08535,0.07701,0.00293,0.07649,0.00615,0.13451,0.14735,0.02794,0.01968,0.05858
889,0.01223,0.02302,0.01528,0.07535,0.02754,0.01271,0.01764,0.01870,0.06414,0.01758,0.12523,0.01327,0.02134,0.47918,0.00971,0.00978,0.00951,0.01269,0.02001,0.01507
890,0.01015,0.07742,0.01342,0.03820,0.06308,0.02699,0.04687,0.08727,0.01355,0.09181,0.07965,0.02414,0.00248,0.03970,0.02354,0.03231,0.10138,0.12385,0.05038,0.05381
891,0.11302,0.01048,0.04625,0.05198,0.04232,0.04593,0.00733,0.04279,0.04799,0.02803,0.04989,0.04847,0.01533,0.03801,0.18555,0.04251,0.04771,0.03655,0.04584,0.05405
892,0.01757,0.00944,0.17609,0.02664,0.17252,0.01256,0.02617,0.01492,0.01882,0.00609,0.01648,0.04489,0.01226,0.01774,0.01157,0.01462,0.01499,0.01253,0.01343,0.36068
893,0.03026,0.03084,0.01136,0.00489,0.07851,0.01570,0.01693,0.27970,0.02135,0.22978,0.07363,0.02098,0.00620,0.01430,0.01477,0.00962,0.01583,0.10354,0.01509,0.00671
894,0.07278,0.12402,0.01854,0.00729,0.02527,0.22315,0.03267,0.01034,0.02203,0.03753,0.04328,0.06047,0.04333,0.02594,0.01155,0.03687,0.09685,0.03939,0.02140,0.04729
895,0.10576,0.06834,0.11856,0.07069,0.01222,0.01753,0.07208,0.04066,0.02853,0.02801,0.04612,0.04746,0.03349,0.09472,0.01866,0.06452,0.05760,0.05004,0.00534,0.01965
896,0.06489,0.08287,0.03282,0.03887,0.04860,0.00946,0.04443,0.03546,0.06127,0.05142,0.05053,0.05173,0.06590,0.06840,0.05262,0.06585,0.06527,0.04425,0.01986,0.04550
897,0.05212,0.07846,0.04989,0.02626,0.06290,0.05322,0.07483,0.04358,0.03345,0.02729,0.03805,0.06777,0.09695,0.04118,0.02905,0.04783,0.05335,0.02484,0.03502,0.06395
898,0.06447,0.04911,0.00548,0.02551,0.05219,0.01412,0.05494,0.09698,0.00706,0.02939,0.06419,0.04177,0.02956,0.03567,0.01069,0.05950,0.09289,0.08612,0.08354,0.09679
899,0.00508,0.01794,0.00644,0.00714,0.01837,0.00581,0.01437,0.01050,0.09270,0.05829,0.03063,0.01818,0.00568,0.01820,0.18019,0.20383,0.27416,0.00679,0.01228,0.01341
900,0.05843,0.00833,0.00406,0.00643,0.10241,0.00462,0.01657,0.00474,0.00770,0.00753,0.07294,0.00459,0.34166,0.00571,0.00243,0.00896,0.00258,0.00344,0.13877,0.19809
901,0.00786,0.00844,0.00856,0.03219,0.01037,0.72956,0.00756,0.01000,0.01918,0.00681,0.01886,0.01311,0.00698,0.01432,0.06340,0.00474,0.00623,0.01090,0.01354,0.00740
902,0.11245,0.02690,0.00836,0.01751,0.00810,0.01117,0.01015,0.00925,0.01809,0.00462,0.03674,0.00821,0.00339,0.00625,0.00307,0.00299,0.00635,0.69044,0.00783,0.00812
903,0.00638,0.01477,0.01283,0.01153,0.04091,0.00541,0.01159,0.01311,0.00916,0.72235,0.01996,0.00961,0.00710,0.01500,0.00727,0.00820,0.00396,0.01926,0.05184,0.00975
