site,A,C,D,E,F,G,H,I,K,L,M,N,P,Q,R,S,T,V,W,Y
790,0.05949,0.03026,0.01014,0.02230,0.05425,0.00515,0.06921,0.04345,0.05394,0.02451,0.05160,0.08444,0.02822,0.10708,0.06185,0.02434,0.08497,0.05128,0.01450,0.11901
791,0.09332,0.14565,0.01128,0.00628,0.00982,0.06628,0.00863,0.01174,0.00763,0.00947,0.00594,0.01115,0.51468,0.01463,0.00182,0.03237,0.02934,0.00300,0.00440,0.01256
792,0.10395,0.04256,0.00879,0.02373,0.00793,0.07113,0.07495,0.01900,0.09751,0.01921,0.03376,0.09123,0.00043,0.05394,0.12184,0.12428,0.06840,0.01019,0.00881,0.01837
793,0.02051,0.00712,0.00878,0.03678,0.00801,0.60087,0.08917,0.01154,0.01229,0.00235,0.00888,0.06129,0.00394,0.01171,0.02615,0.05030,0.00478,0.00357,0.00287,0.02908
794,0.00531,0.01036,0.01602,0.01040,0.01312,0.06521,0.16831,0.01261,0.09857,0.00742,0.01547,0.01481,0.00976,0.02127,0.47350,0.01156,0.00803,0.00538,0.00929,0.02360
795,0.04528,0.01152,0.01089,0.01390,0.01422,0.00298,0.01642,0.01481,0.01449,0.00516,0.01366,0.01115,0.01376,0.01636,0.00349,0.00783,0.71385,0.04604,0.01056,0.01363
796,0.01083,0.01055,0.01111,0.01677,0.01367,0.00593,0.01390,0.03057,0.01680,0.00465,0.01332,0.01123,0.01798,0.03650,0.00422,0.01717,0.73692,0.00484,0.00869,0.01436
797,0.00491,0.00891,0.01637,0.00846,0.01214,0.00699,0.02393,0.01703,0.01060,0.00368,0.01118,0.01817,0.00938,0.01556,0.01475,0.00437,0.00728,0.00404,0.78390,0.01833
798,0.01536,0.01133,0.01195,0.01049,0.01626,0.00390,0.02533,0.01577,0.01599,0.00334,0.01387,0.02116,0.03292,0.01575,0.00410,0.72832,0.02196,0.00643,0.01214,0.01363
799,0.00182,0.06814,0.00450,0.00335,0.03808,0.00098,0.00499,0.26492,0.00387,0.45085,0.03187,0.00382,0.00296,0.00447,0.00097,0.00140,0.03613,0.04788,0.00327,0.02574
800,0.00609,0.01300,0.01680,0.01159,0.01494,0.00486,0.68631,0.01146,0.01322,0.01034,0.07783,0.01535,0.00794,0.01921,0.05605,0.00480,0.00740,0.00556,0.00970,0.00756
801,0.02604,0.04180,0.01099,0.00336,0.01162,0.34410,0.00952,0.00928,0.00746,0.00319,0.00868,0.14165,0.00436,0.00794,0.00152,0.21587,0.01310,0.11973,0.00710,0.01271
802,0.05234,0.04692,0.00452,0.02212,0.00435,0.11853,0.03445,0.01282,0.11260,0.00102,0.00184,0.01330,0.00136,0.06845,0.08511,0.17579,0.17710,0.00861,0.01329,0.04548
803,0.19509,0.05904,0.00512,0.01383,0.02893,0.18413,0.00757,0.00522,0.00546,0.02804,0.01966,0.02036,0.00263,0.07537,0.01126,0.28643,0.03143,0.00678,0.00743,0.00623
804,0.00200,0.00471,0.51983,0.23303,0.00637,0.03303,0.00787,0.00813,0.00235,0.00186,0.03105,0.00501,0.00215,0.11899,0.00204,0.00188,0.00293,0.00223,0.00760,0.00695
805,0.00535,0.00698,0.01519,0.01312,0.01051,0.00284,0.02304,0.01346,0.01188,0.00322,0.01085,0.01275,0.00471,0.01049,0.03989,0.00412,0.00671,0.00498,0.78892,0.01099
806,0.07702,0.06433,0.00743,0.00486,0.04434,0.05604,0.01407,0.05372,0.01358,0.05125,0.25584,0.00539,0.00175,0.13994,0.02986,0.07833,0.05364,0.03513,0.00607,0.00741
807,0.08440,0.14333,0.05395,0.00270,0.00229,0.17827,0.01768,0.01634,0.00256,0.00269,0.00257,0.04547,0.00064,0.00665,0.00230,0.19741,0.18060,0.05568,0.00205,0.00244
808,0.03828,0.11214,0.06165,0.05344,0.00210,0.03139,0.07332,0.04357,0.03111,0.02601,0.07865,0.08616,0.01478,0.09885,0.06331,0.04373,0.07191,0.06178,0.00155,0.00626
809,0.07903,0.04124,0.09075,0.09833,0.00174,0.05903,0.04240,0.01097,0.05009,0.02261,0.03279,0.10570,0.00069,0.12697,0.04487,0.08631,0.06898,0.02910,0.00127,0.00712
810,0.05316,0.16349,0.26601,0.15090,0.00353,0.03698,0.02526,0.00302,0.00823,0.00191,0.00427,0.09050,0.03292,0.01447,0.00228,0.10469,0.02941,0.00167,0.00534,0.00197
811,0.01513,0.03083,0.00894,0.00400,0.00799,0.00190,0.00765,0.23175,0.00481,0.16440,0.27286,0.00800,0.00185,0.02136,0.00308,0.04508,0.07629,0.08293,0.00323,0.00791
812,0.00316,0.00582,0.00500,0.00765,0.01831,0.00274,0.01176,0.22954,0.00650,0.48425,0.17698,0.00456,0.00556,0.00616,0.00350,0.00198,0.00265,0.01102,0.00752,0.00535
813,0.04151,0.03722,0.04855,0.08982,0.07775,0.05391,0.05467,0.04618,0.02427,0.05348,0.04279,0.07475,0.00683,0.05320,0.03344,0.05465,0.06223,0.03293,0.04764,0.06416
814,0.04077,0.18826,0.00503,0.00475,0.00487,0.00317,0.00503,0.13186,0.00484,0.03236,0.09476,0.00398,0.00183,0.00733,0.00135,0.00172,0.18151,0.27795,0.00344,0.00519
815,0.00630,0.00834,0.01430,0.01388,0.01379,0.01214,0.01321,0.01442,0.01584,0.00382,0.01271,0.01295,0.00579,0.01802,0.04723,0.00481,0.00620,0.00533,0.75529,0.01564
816,0.00740,0.01498,0.02018,0.01044,0.01399,0.00755,0.01330,0.03718,0.01196,0.00390,0.01279,0.67567,0.00651,0.01295,0.00422,0.07506,0.04161,0.00701,0.01127,0.01204
817,0.02441,0.00485,0.00494,0.00784,0.00479,0.03730,0.07704,0.01607,0.18090,0.00900,0.04213,0.07083,0.00224,0.16338,0.21219,0.04537,0.07689,0.01206,0.00382,0.00395
818,0.03925,0.23160,0.00259,0.01746,0.04543,0.00609,0.00685,0.04826,0.00274,0.05236,0.17917,0.00506,0.00143,0.00291,0.00089,0.00358,0.15589,0.17743,0.00247,0.01854
819,0.00561,0.00834,0.00952,0.00994,0.01286,0.00319,0.00984,0.01432,0.01032,0.00329,0.01083,0.00890,0.00417,0.01104,0.04494,0.00409,0.00575,0.00495,0.80668,0.01143
820,0.00818,0.01103,0.01092,0.01358,0.01833,0.00607,0.00774,0.54623,0.00935,0.00373,0.00818,0.01009,0.00286,0.00963,0.00439,0.00916,0.05586,0.24004,0.01278,0.01186
821,0.05645,0.03736,0.07572,0.07538,0.07275,0.02307,0.06669,0.07724,0.02351,0.05727,0.04615,0.01750,0.00081,0.03288,0.00824,0.05132,0.06993,0.05758,0.06440,0.08574
822,0.04412,0.07874,0.10756,0.14225,0.03955,0.07619,0.04545,0.00311,0.01685,0.05698,0.03821,0.05991,0.00144,0.08288,0.01946,0.03837,0.05077,0.01448,0.02764,0.05604
823,0.00858,0.01739,0.00706,0.01887,0.02189,0.00608,0.01148,0.03156,0.03316,0.00541,0.01612,0.74123,0.00589,0.01846,0.00520,0.00783,0.00657,0.00895,0.01287,0.01541
824,0.06544,0.03602,0.06720,0.03919,0.03007,0.03608,0.06554,0.04892,0.06440,0.03191,0.04803,0.05997,0.08566,0.05446,0.02997,0.05519,0.05543,0.05263,0.04605,0.02783
825,0.02514,0.02408,0.01734,0.02036,0.06487,0.02054,0.09090,0.00396,0.07019,0.01602,0.11717,0.08306,0.00122,0.08478,0.06068,0.03030,0.00991,0.00513,0.19043,0.06393
826,0.00342,0.08936,0.00596,0.00610,0.00741,0.00246,0.01007,0.12526,0.07069,0.14914,0.28808,0.00727,0.00444,0.02586,0.00258,0.00242,0.05794,0.12862,0.00640,0.00654
827,0.05218,0.05033,0.03072,0.04356,0.05430,0.04008,0.09489,0.04857,0.05107,0.04291,0.02722,0.05482,0.06409,0.06012,0.04826,0.04907,0.05118,0.03332,0.03879,0.06450
828,0.01780,0.16724,0.20393,0.04057,0.00892,0.01141,0.05468,0.10567,0.00875,0.02994,0.02186,0.17099,0.00358,0.01073,0.00228,0.02791,0.01577,0.08566,0.00589,0.00643
829,0.00842,0.01470,0.02172,0.07509,0.01512,0.00567,0.02134,0.01789,0.53863,0.00421,0.06311,0.04584,0.00556,0.01777,0.07796,0.00621,0.02803,0.00634,0.01056,0.01583
830,0.08696,0.01319,0.02679,0.05173,0.01125,0.00415,0.05817,0.07170,0.08703,0.00610,0.01541,0.06116,0.00374,0.04399,0.01808,0.19895,0.20812,0.00765,0.00858,0.01724
831,0.05472,0.03776,0.00401,0.01001,0.03213,0.00147,0.06745,0.05076,0.05787,0.09335,0.04835,0.07834,0.10367,0.05004,0.05792,0.02473,0.04824,0.03626,0.03758,0.10534
832,0.02867,0.05673,0.00801,0.00737,0.00474,0.00401,0.00677,0.29529,0.00573,0.22374,0.07977,0.00795,0.00205,0.00727,0.00199,0.00192,0.00303,0.24476,0.00456,0.00561
833,0.07268,0.04050,0.07128,0.10315,0.01244,0.07431,0.05544,0.04455,0.03093,0.03424,0.04052,0.02743,0.03282,0.06002,0.03510,0.08244,0.07751,0.05246,0.00704,0.04516
834,0.11180,0.06388,0.00479,0.04409,0.01514,0.01897,0.06331,0.02021,0.13389,0.04136,0.06197,0.04640,0.00076,0.09900,0.09601,0.04721,0.04981,0.05470,0.01051,0.01619
835,0.00682,0.01755,0.01626,0.02129,0.01662,0.00631,0.01554,0.01589,0.01544,0.01633,0.01521,0.01131,0.00625,0.01626,0.03411,0.00568,0.00753,0.00772,0.65171,0.09619
836,0.03734,0.00759,0.00528,0.00476,0.00515,0.00224,0.03234,0.17656,0.06755,0.03129,0.04384,0.01249,0.03655,0.11309,0.02723,0.06556,0.16660,0.09412,0.06354,0.00688
837,0.01433,0.01735,0.43772,0.19166,0.01815,0.00400,0.01580,0.02353,0.02405,0.00823,0.01684,0.02977,0.00643,0.11074,0.00570,0.01298,0.00880,0.02439,0.01511,0.01440
838,0.00558,0.01441,0.01766,0.01332,0.02116,0.00538,0.01128,0.35402,0.01882,0.08775,0.01033,0.04388,0.00382,0.01108,0.00364,0.01324,0.02987,0.31019,0.01257,0.01202
839,0.01523,0.01161,0.01412,0.01314,0.01846,0.16818,0.01151,0.01611,0.01397,0.03559,0.01247,0.01072,0.55531,0.01159,0.00560,0.04627,0.00879,0.00579,0.01249,0.01304
840,0.00442,0.07074,0.03324,0.00949,0.33217,0.00438,0.03706,0.00934,0.00909,0.00293,0.00767,0.05556,0.00500,0.01155,0.00285,0.00359,0.00386,0.00457,0.00647,0.38601
841,0.01386,0.02272,0.01142,0.00833,0.00865,0.03907,0.03981,0.18412,0.01255,0.34983,0.09294,0.03991,0.01836,0.04164,0.00484,0.03186,0.01291,0.04850,0.00804,0.01065
842,0.08997,0.01919,0.01043,0.04695,0.01262,0.46889,0.01037,0.01435,0.01280,0.00620,0.02236,0.18259,0.00545,0.02970,0.00515,0.00474,0.00609,0.02256,0.01606,0.01353
843,0.00848,0.01657,0.04371,0.10210,0.00988,0.00920,0.01222,0.02478,0.49035,0.00389,0.10032,0.04506,0.00416,0.02253,0.06189,0.00537,0.00621,0.00826,0.01394,0.01109
844,0.01050,0.01456,0.01690,0.02793,0.01339,0.07025,0.01286,0.01281,0.01753,0.00442,0.01499,0.01307,0.00627,0.01807,0.69293,0.00735,0.00668,0.01025,0.01675,0.01250
845,0.01184,0.01828,0.02063,0.57962,0.01667,0.01384,0.01384,0.03256,0.12813,0.00625,0.01897,0.01662,0.00646,0.01415,0.00631,0.00584,0.00842,0.04570,0.02039,0.01544
846,0.01876,0.01655,0.71055,0.01832,0.01769,0.05646,0.00873,0.01852,0.01878,0.00490,0.01838,0.00591,0.00438,0.01837,0.00621,0.00494,0.00782,0.00902,0.02052,0.01519
847,0.00977,0.02233,0.01335,0.01020,0.01234,0.01955,0.08654,0.09805,0.01201,0.27270,0.07256,0.08457,0.00559,0.12723,0.01298,0.04619,0.01629,0.05690,0.01091,0.00991
848,0.01295,0.03241,0.02872,0.02487,0.02349,0.01900,0.02383,0.03299,0.02352,0.00625,0.02500,0.02750,0.01062,0.02781,0.06519,0.01008,0.01310,0.01108,0.54240,0.03919
849,0.00920,0.46281,0.13371,0.14296,0.01084,0.02752,0.00838,0.01093,0.01758,0.00338,0.01482,0.02852,0.00381,0.02895,0.03039,0.00443,0.00558,0.00718,0.00831,0.04070
850,0.04334,0.01631,0.04411,0.00489,0.02047,0.55930,0.01188,0.01808,0.03265,0.00759,0.01994,0.01671,0.00612,0.13456,0.01124,0.00585,0.00843,0.00849,0.01546,0.01459
851,0.19226,0.02294,0.01885,0.01605,0.03320,0.00697,0.01318,0.01473,0.02429,0.00738,0.01790,0.01231,0.03060,0.02504,0.00633,0.50595,0.01423,0.01125,0.01343,0.01310
852,0.00637,0.01734,0.02028,0.01399,0.05870,0.00451,0.01070,0.02516,0.01663,0.30625,0.40008,0.01382,0.01322,0.02169,0.00662,0.00499,0.01520,0.00684,0.01751,0.02009
853,0.00872,0.03077,0.01292,0.01754,0.02225,0.00698,0.02941,0.40316,0.01837,0.04545,0.07814,0.02058,0.00688,0.02233,0.01657,0.00675,0.05017,0.15504,0.01565,0.03232
854,0.00357,0.01098,0.01090,0.00639,0.01664,0.48058,0.01103,0.01652,0.00982,0.00342,0.01105,0.01251,0.00435,0.01782,0.00156,0.18711,0.16505,0.01230,0.00530,0.01309
855,0.00448,0.08456,0.00499,0.00760,0.21708,0.00363,0.13655,0.00477,0.00816,0.00120,0.00900,0.06221,0.00231,0.00341,0.01999,0.00470,0.00235,0.00554,0.15295,0.26454
856,0.01406,0.02543,0.02394,0.02127,0.03794,0.03948,0.02144,0.01687,0.01694,0.00804,0.02557,0.02507,0.00832,0.02712,0.61021,0.00863,0.00953,0.01556,0.01618,0.02840
857,0.01042,0.01348,0.01366,0.01939,0.02272,0.00456,0.01079,0.02523,0.02597,0.07082,0.03933,0.01878,0.65413,0.01376,0.00356,0.00288,0.00612,0.01075,0.01629,0.01738
858,0.00338,0.01646,0.00962,0.01635,0.01171,0.00299,0.04109,0.01243,0.02391,0.00636,0.01761,0.01406,0.00446,0.01072,0.77277,0.00405,0.00506,0.00488,0.00981,0.01228
859,0.15942,0.03902,0.00290,0.00520,0.00562,0.02805,0.05527,0.02029,0.01415,0.01964,0.06274,0.00225,0.00178,0.14200,0.00500,0.23388,0.19213,0.00210,0.00475,0.00380
860,0.04093,0.03728,0.01458,0.02119,0.01986,0.00869,0.01201,0.14627,0.02165,0.00623,0.02966,0.01398,0.01918,0.02155,0.00624,0.01155,0.52590,0.00875,0.01895,0.01557
861,0.01087,0.02240,0.01669,0.01114,0.02091,0.00516,0.01913,0.02304,0.01378,0.00756,0.01398,0.01817,0.00694,0.01327,0.02551,0.00509,0.00785,0.00758,0.72004,0.03089
862,0.40230,0.12699,0.02075,0.01560,0.02581,0.05165,0.01551,0.02083,0.02250,0.00632,0.01670,0.01595,0.00659,0.01277,0.00537,0.16794,0.00789,0.00375,0.02301,0.03177
863,0.09186,0.03130,0.03762,0.10654,0.08404,0.08207,0.05662,0.00372,0.06008,0.03165,0.02174,0.01437,0.00137,0.13950,0.00763,0.07043,0.03843,0.05556,0.03839,0.02706
864,0.00894,0.07486,0.06534,0.01499,0.01098,0.00577,0.20284,0.01599,0.08997,0.00433,0.01295,0.24796,0.00397,0.01405,0.06185,0.04166,0.01871,0.00602,0.02371,0.07510
865,0.08923,0.01769,0.01373,0.01461,0.00922,0.00582,0.00856,0.35569,0.01877,0.12574,0.05332,0.00924,0.00599,0.01403,0.00447,0.00423,0.02034,0.20229,0.01389,0.01315
866,0.02715,0.03123,0.00532,0.02880,0.02346,0.01943,0.09024,0.04294,0.15157,0.02999,0.02447,0.00496,0.13175,0.04729,0.11066,0.03038,0.05869,0.04587,0.03249,0.06330
867,0.04696,0.08296,0.04612,0.04150,0.04359,0.04824,0.06624,0.05628,0.01659,0.04562,0.07325,0.07608,0.03692,0.05999,0.03696,0.04911,0.06642,0.06116,0.01241,0.03358
868,0.01759,0.01879,0.01986,0.02730,0.02141,0.01021,0.01806,0.04504,0.03019,0.00692,0.02750,0.01378,0.00503,0.02161,0.00704,0.05123,0.49288,0.12442,0.02046,0.02068
869,0.11421,0.19360,0.00873,0.01215,0.00694,0.00685,0.00692,0.05180,0.00953,0.01941,0.05310,0.00825,0.00207,0.00927,0.02348,0.03011,0.13596,0.29011,0.01009,0.00744
870,0.07074,0.11702,0.03251,0.04364,0.04376,0.08501,0.08389,0.01395,0.04139,0.03461,0.07762,0.06242,0.00255,0.03015,0.04759,0.06901,0.04791,0.02513,0.02533,0.04575
871,0.03485,0.05791,0.00407,0.00313,0.06243,0.01472,0.09115,0.03552,0.10980,0.10703,0.11320,0.02149,0.00073,0.05092,0.14848,0.05176,0.04103,0.03089,0.01567,0.00523
872,0.03795,0.19192,0.01221,0.00533,0.01231,0.00361,0.00896,0.05478,0.00835,0.13348,0.21056,0.00938,0.00209,0.00725,0.00230,0.00671,0.05630,0.22103,0.00691,0.00858
873,0.00333,0.00110,0.00851,0.01167,0.00693,0.00881,0.14885,0.00682,0.16913,0.00280,0.00936,0.00496,0.00152,0.30380,0.27398,0.00177,0.01669,0.00423,0.00809,0.00764
874,0.01003,0.02866,0.02161,0.01432,0.11427,0.05017,0.04760,0.01880,0.13026,0.00615,0.01201,0.03232,0.00605,0.01693,0.39266,0.00774,0.01372,0.02965,0.03016,0.01690
875,0.00973,0.05085,0.00923,0.01936,0.01173,0.00443,0.01287,0.38305,0.01375,0.07357,0.02156,0.01434,0.00416,0.01425,0.00518,0.00340,0.00622,0.31966,0.01450,0.00817
876,0.04257,0.07620,0.00630,0.00855,0.03136,0.00470,0.00593,0.37584,0.00937,0.06524,0.08298,0.00862,0.00239,0.00898,0.00528,0.00259,0.05810,0.18540,0.01299,0.00660
877,0.08519,0.08428,0.15174,0.00463,0.00420,0.24662,0.00824,0.00567,0.00568,0.00132,0.00479,0.16588,0.00592,0.00508,0.00228,0.18906,0.01860,0.00212,0.00448,0.00421
878,0.06341,0.07583,0.05392,0.05005,0.04778,0.04163,0.06532,0.06349,0.03304,0.03395,0.03311,0.05271,0.05006,0.05760,0.02015,0.06791,0.06180,0.04720,0.03296,0.04807
879,0.05457,0.03534,0.09988,0.09529,0.00150,0.08208,0.07131,0.00161,0.04568,0.00046,0.00212,0.15522,0.01982,0.07549,0.08173,0.09593,0.06155,0.00078,0.00161,0.01805
880,0.06115,0.03985,0.02867,0.05759,0.05463,0.05154,0.08951,0.00361,0.05855,0.07012,0.05909,0.08778,0.02144,0.05768,0.02703,0.03553,0.00689,0.01106,0.05837,0.11989
881,0.04341,0.03981,0.05468,0.07607,0.04494,0.03905,0.05756,0.02929,0.05499,0.04702,0.04794,0.07655,0.05365,0.04887,0.05084,0.06489,0.05739,0.04438,0.01968,0.04900
882,0.00352,0.11838,0.00524,0.00687,0.33021,0.00341,0.06542,0.00501,0.00590,0.00195,0.00583,0.00437,0.00196,0.00503,0.00220,0.00158,0.00253,0.00327,0.09401,0.33332
883,0.05109,0.06220,0.07071,0.06556,0.05512,0.04637,0.04269,0.03636,0.03006,0.04883,0.04461,0.06010,0.01370,0.06789,0.04788,0.06082,0.05545,0.05738,0.02913,0.05404
884,0.00500,0.11880,0.20146,0.08572,0.13873,0.04455,0.00671,0.00819,0.00716,0.02325,0.05779,0.10156,0.00205,0.01423,0.00228,0.07081,0.04018,0.00284,0.01708,0.05163
885,0.06532,0.08055,0.01934,0.00581,0.12269,0.01339,0.12315,0.02451,0.00890,0.02529,0.04578,0.04042,0.00176,0.08485,0.02222,0.03423,0.05559,0.04834,0.06334,0.11450
886,0.01227,0.05523,0.02823,0.03116,0.02683,0.02864,0.01366,0.02726,0.04263,0.32075,0.13091,0.01599,0.00203,0.09082,0.02338,0.00798,0.06414,0.02582,0.02694,0.02532
887,0.10282,0.06339,0.01663,0.01196,0.01563,0.02480,0.05427,0.07767,0.03585,0.05446,0.07520,0.02764,0.01288,0.16683,0.02192,0.05989,0.05978,0.07938,0.01646,0.02255
888,0.05373,0.07497,0.00687,0.00742,0.03751,0.00534,0.06813,0.01186,0.03762,0.04109,0.08940,0.06547,0.00146,0.07052,0.00473,0.13935,0.20404,0.01217,0.00962,0.05871
889,0.01631,0.04354,0.02408,0.05580,0.03425,0.01870,0.00603,0.02954,0.01934,0.01230,0.07330,0.01859,0.00423,0.49849,0.05337,0.00867,0.00812,0.01750,0.03611,0.02172
890,0.04034,0.09059,0.01965,0.10712,0.04108,0.02667,0.01538,0.13255,0.02026,0.05516,0.04070,0.00742,0.00229,0.03983,0.00612,0.01362,0.06826,0.14423,0.09205,0.03668
891,0.02285,0.04985,0.07427,0.07427,0.07427,0.04133,0.00173,0.07427,0.07427,0.00624,0.07427,0.07427,0.00317,0.04496,0.07440,0.00481,0.03663,0.04558,0.07427,0.07427
892,0.02237,0.00744,0.07541,0.04801,0.12858,0.01477,0.12479,0.01803,0.02367,0.00611,0.02184,0.07440,0.01329,0.02433,0.01295,0.02048,0.01768,0.01396,0.01624,0.31565
893,0.01318,0.02442,0.01795,0.00965,0.02348,0.00717,0.01421,0.19577,0.00839,0.41319,0.01383,0.01932,0.00349,0.00748,0.00492,0.06540,0.00763,0.10982,0.02706,0.01363
894,0.01604,0.13189,0.01138,0.00754,0.00892,0.52597,0.00533,0.00805,0.00946,0.01443,0.01699,0.03735,0.00650,0.00637,0.00255,0.04825,0.08574,0.01281,0.00762,0.03679
895,0.12016,0.10168,0.16398,0.13079,0.00759,0.03058,0.06456,0.01842,0.02284,0.01124,0.04092,0.02274,0.00774,0.11280,0.00751,0.04944,0.03494,0.03036,0.00411,0.01760
896,0.05793,0.09049,0.01861,0.05720,0.04890,0.04215,0.06321,0.02519,0.05330,0.04154,0.05347,0.07787,0.07011,0.04219,0.02552,0.06790,0.05137,0.04773,0.02898,0.03635
897,0.04281,0.07110,0.05308,0.02679,0.11065,0.08879,0.03559,0.04494,0.01532,0.02310,0.03095,0.09536,0.06797,0.03599,0.01854,0.05138,0.01836,0.01244,0.01847,0.13838
898,0.05137,0.05256,0.00117,0.01824,0.08337,0.01028,0.05879,0.09322,0.00377,0.01842,0.05586,0.02545,0.01484,0.04214,0.00618,0.07232,0.12987,0.07916,0.09952,0.08345
899,0.01198,0.00952,0.00752,0.01177,0.00903,0.00460,0.00583,0.00309,0.07807,0.02025,0.02251,0.01021,0.00214,0.00683,0.19115,0.19934,0.38179,0.00691,0.01144,0.00602
900,0.05156,0.00754,0.00632,0.01090,0.08445,0.00367,0.01578,0.00771,0.01010,0.02199,0.04299,0.00672,0.48710,0.00685,0.00184,0.00149,0.00352,0.00417,0.09897,0.12631
901,0.00973,0.00953,0.00920,0.06530,0.01195,0.69592,0.00828,0.01112,0.03204,0.00438,0.02947,0.01654,0.00438,0.01846,0.02406,0.00367,0.00663,0.01269,0.01845,0.00820
902,0.17427,0.01356,0.00874,0.00692,0.00888,0.00359,0.00742,0.00697,0.00737,0.00324,0.10224,0.00927,0.00311,0.00633,0.00290,0.00282,0.00368,0.61180,0.00815,0.00875
903,0.00743,0.02054,0.01715,0.01474,0.03081,0.00554,0.01486,0.01313,0.01153,0.71277,0.00913,0.01123,0.00454,0.01973,0.00620,0.04172,0.00437,0.00591,0.03659,0.01209
