site,A,C,D,E,F,G,H,I,K,L,M,N,P,Q,R,S,T,V,W,Y
790,0.05887,0.02806,0.00994,0.01613,0.04990,0.00141,0.08276,0.03712,0.03526,0.11714,0.10193,0.04762,0.03033,0.04092,0.03505,0.03593,0.14425,0.04882,0.02847,0.05009
791,0.09212,0.04821,0.00584,0.00310,0.00526,0.01760,0.00442,0.00695,0.00357,0.00197,0.00316,0.00636,0.26961,0.45223,0.00094,0.00230,0.06597,0.00162,0.00211,0.00666
792,0.06958,0.04252,0.01422,0.04250,0.01063,0.06931,0.06685,0.00322,0.08611,0.02230,0.05370,0.13520,0.00044,0.06380,0.07622,0.12401,0.06879,0.02206,0.00581,0.02272
793,0.06485,0.01705,0.00627,0.00276,0.00554,0.42367,0.03364,0.00818,0.00714,0.00165,0.00639,0.02556,0.00281,0.01854,0.00667,0.02285,0.00341,0.12239,0.21083,0.00980
794,0.00253,0.00561,0.00795,0.00562,0.00634,0.00056,0.05771,0.58186,0.01198,0.00374,0.00841,0.00761,0.00481,0.01116,0.25349,0.00190,0.00446,0.00293,0.00485,0.01648
795,0.00175,0.00934,0.00871,0.01111,0.01157,0.00241,0.01338,0.00719,0.01165,0.00412,0.01099,0.26920,0.00571,0.01324,0.00280,0.00549,0.56645,0.02545,0.00842,0.01100
796,0.00232,0.00935,0.00985,0.01490,0.01209,0.01335,0.01235,0.00611,0.01493,0.00412,0.01183,0.15657,0.00354,0.03255,0.00373,0.02059,0.64701,0.00429,0.00772,0.01279
797,0.00294,0.15465,0.00980,0.00507,0.00745,0.00176,0.01135,0.00989,0.00625,0.27333,0.00719,0.01080,0.00573,0.00911,0.00220,0.00257,0.00422,0.00236,0.46261,0.01070
798,0.00626,0.01204,0.01278,0.01117,0.01720,0.00415,0.02712,0.01678,0.01727,0.00718,0.01474,0.02197,0.00224,0.01685,0.00439,0.76208,0.01155,0.00681,0.01287,0.01454
799,0.00172,0.03569,0.00433,0.00322,0.04147,0.00093,0.00473,0.24876,0.00368,0.50685,0.03342,0.00369,0.00282,0.00421,0.00092,0.00132,0.02158,0.05412,0.00311,0.02343
800,0.00332,0.00487,0.00675,0.00405,0.00486,0.00165,0.24107,0.00366,0.00520,0.00117,0.02408,0.65726,0.00235,0.00675,0.00296,0.00160,0.00244,0.00508,0.00316,0.01770
801,0.05790,0.05400,0.00529,0.00165,0.00576,0.16747,0.00462,0.00990,0.00361,0.00157,0.00430,0.11320,0.00212,0.00391,0.00215,0.19696,0.01752,0.33824,0.00349,0.00633
802,0.02737,0.04693,0.00370,0.00035,0.01706,0.07052,0.05475,0.01076,0.08905,0.00083,0.00764,0.29365,0.00104,0.05191,0.06017,0.10388,0.10996,0.01217,0.00769,0.03058
803,0.12500,0.06067,0.00389,0.00617,0.05187,0.13716,0.02061,0.00392,0.00625,0.01671,0.01040,0.04536,0.00203,0.04075,0.00939,0.16213,0.01320,0.27018,0.00953,0.00478
804,0.00362,0.00834,0.39391,0.40507,0.01121,0.00098,0.00910,0.01377,0.00418,0.00339,0.01181,0.00910,0.00389,0.08553,0.00354,0.00332,0.00534,0.00435,0.01044,0.00909
805,0.00231,0.28889,0.00646,0.00590,0.00461,0.00213,0.00561,0.00575,0.00465,0.29034,0.00491,0.00558,0.00204,0.00495,0.00107,0.00180,0.00279,0.00235,0.35279,0.00508
806,0.03296,0.05002,0.00461,0.00331,0.03293,0.02866,0.00644,0.38794,0.01604,0.04189,0.16850,0.00679,0.00112,0.12907,0.00995,0.03800,0.01704,0.00488,0.00191,0.01797
807,0.02029,0.15942,0.00497,0.00362,0.00303,0.14284,0.00280,0.00454,0.00406,0.00127,0.00338,0.12098,0.00084,0.00384,0.00092,0.24097,0.23574,0.04049,0.00278,0.00324
808,0.03998,0.06395,0.06200,0.04433,0.00169,0.03989,0.05884,0.03084,0.04717,0.02946,0.07495,0.14535,0.00994,0.09566,0.05051,0.07262,0.07251,0.05669,0.00158,0.00204
809,0.06687,0.03877,0.34788,0.08850,0.00156,0.04083,0.03651,0.00562,0.02532,0.01048,0.03821,0.05980,0.00062,0.07786,0.01709,0.06644,0.05675,0.01567,0.00119,0.00401
810,0.02701,0.06355,0.20047,0.19087,0.00272,0.00904,0.01612,0.00231,0.00661,0.00144,0.00329,0.07973,0.01114,0.02487,0.00174,0.06855,0.01570,0.00110,0.00415,0.26959
811,0.00672,0.01206,0.01131,0.00516,0.01017,0.00243,0.00969,0.32895,0.00421,0.13688,0.34481,0.01043,0.00234,0.01751,0.00270,0.02648,0.04133,0.01238,0.00406,0.01037
812,0.00280,0.00519,0.00443,0.00675,0.00635,0.00243,0.00274,0.38329,0.00573,0.42637,0.12440,0.00403,0.00066,0.00547,0.00157,0.00176,0.00235,0.00231,0.00661,0.00475
813,0.05327,0.04864,0.06511,0.08020,0.04605,0.05775,0.04870,0.08586,0.02332,0.04351,0.04376,0.05048,0.00180,0.05769,0.02941,0.06572,0.04681,0.03867,0.05809,0.05516
814,0.01770,0.12594,0.00506,0.00401,0.00486,0.00139,0.00506,0.18006,0.00480,0.08424,0.04722,0.00398,0.00183,0.00830,0.00134,0.00174,0.21692,0.27698,0.00346,0.00511
815,0.00204,0.53245,0.00455,0.00462,0.00439,0.00115,0.00452,0.00454,0.00530,0.16505,0.00395,0.00374,0.00185,0.00557,0.00052,0.00157,0.00204,0.00165,0.24573,0.00477
816,0.00879,0.01750,0.00485,0.01237,0.01620,0.00573,0.01574,0.01795,0.01074,0.00461,0.01529,0.79402,0.00764,0.01555,0.00496,0.00267,0.00931,0.00830,0.01363,0.01414
817,0.00246,0.00378,0.00417,0.00291,0.00354,0.00084,0.01949,0.43868,0.17905,0.00135,0.01591,0.01797,0.00186,0.09831,0.16348,0.01020,0.02808,0.00168,0.00320,0.00305
818,0.00666,0.15887,0.00328,0.01093,0.01613,0.00111,0.00894,0.11777,0.00344,0.11363,0.14975,0.00344,0.00179,0.00363,0.00111,0.00125,0.16954,0.21933,0.00307,0.00631
819,0.00187,0.51569,0.00287,0.00338,0.00415,0.00087,0.00331,0.00494,0.00381,0.16772,0.00370,0.00259,0.00133,0.00388,0.00114,0.00129,0.00188,0.00163,0.27030,0.00365
820,0.00942,0.01245,0.01255,0.01559,0.01630,0.00692,0.00901,0.61864,0.01074,0.00416,0.00771,0.01166,0.00326,0.01108,0.00502,0.00812,0.00438,0.20489,0.01463,0.01347
821,0.04882,0.03646,0.23026,0.06682,0.05087,0.01599,0.03683,0.06928,0.01081,0.04815,0.04967,0.02378,0.00073,0.05201,0.00826,0.03550,0.05598,0.04375,0.04081,0.07520
822,0.02130,0.03493,0.50595,0.07758,0.01238,0.03282,0.02572,0.00176,0.01242,0.03587,0.03277,0.04636,0.00081,0.04768,0.00540,0.04398,0.03746,0.00060,0.00373,0.02047
823,0.00542,0.01086,0.00161,0.01175,0.01350,0.00374,0.00687,0.01102,0.40702,0.00340,0.01019,0.46798,0.00368,0.01179,0.00325,0.00115,0.00409,0.00562,0.00810,0.00897
824,0.04898,0.03035,0.05194,0.07608,0.02111,0.02383,0.04818,0.03902,0.03235,0.02572,0.02980,0.04447,0.06274,0.04581,0.02483,0.04650,0.05055,0.03983,0.01932,0.23856
825,0.01816,0.02366,0.00373,0.01186,0.07206,0.00536,0.06018,0.00263,0.05050,0.01594,0.07050,0.41233,0.00081,0.05355,0.03627,0.01138,0.00912,0.00272,0.10197,0.03726
826,0.00307,0.07395,0.00505,0.00530,0.00670,0.00220,0.00946,0.43279,0.00473,0.09275,0.24763,0.00622,0.00367,0.01320,0.00206,0.00214,0.00224,0.07552,0.00554,0.00577
827,0.04323,0.05268,0.18369,0.04131,0.05462,0.02301,0.05448,0.04697,0.03586,0.04509,0.03513,0.06697,0.05244,0.03702,0.03315,0.03751,0.04733,0.04463,0.02718,0.03769
828,0.00145,0.03305,0.11212,0.14265,0.00480,0.00026,0.00319,0.04020,0.00535,0.00718,0.00353,0.05831,0.00160,0.00747,0.00113,0.00886,0.00492,0.02795,0.00359,0.53239
829,0.00437,0.00813,0.01054,0.00154,0.00605,0.00298,0.01226,0.00959,0.27443,0.00219,0.00653,0.62640,0.00277,0.00611,0.00064,0.00334,0.00578,0.00306,0.00580,0.00750
830,0.06119,0.01614,0.00809,0.03074,0.01064,0.00387,0.02311,0.00492,0.02028,0.00724,0.01683,0.30120,0.00349,0.08673,0.06051,0.13096,0.19289,0.00428,0.00793,0.00896
831,0.05139,0.01406,0.00363,0.00438,0.05130,0.00103,0.19915,0.02959,0.02979,0.06532,0.02334,0.01055,0.09532,0.01672,0.03819,0.01383,0.17239,0.02988,0.07912,0.07101
832,0.00095,0.04782,0.00686,0.00466,0.00399,0.00151,0.00574,0.39049,0.00488,0.26066,0.03607,0.00679,0.00174,0.00615,0.00171,0.00164,0.00259,0.20702,0.00389,0.00482
833,0.04968,0.04361,0.07940,0.07880,0.02079,0.04698,0.04438,0.03745,0.10281,0.05920,0.03891,0.05484,0.02439,0.04933,0.04073,0.05624,0.05854,0.04295,0.02236,0.04862
834,0.09993,0.08563,0.02530,0.03065,0.00826,0.01484,0.09001,0.00735,0.11541,0.04264,0.03070,0.06400,0.00067,0.10665,0.08874,0.06401,0.06000,0.05550,0.00178,0.00793
835,0.00210,0.54010,0.00672,0.00833,0.00474,0.00214,0.00426,0.00481,0.00456,0.18883,0.00441,0.00381,0.00182,0.00484,0.00109,0.00202,0.00249,0.00269,0.20679,0.00343
836,0.03690,0.02846,0.00416,0.00360,0.00390,0.00301,0.02772,0.06551,0.16904,0.02427,0.08808,0.00680,0.02728,0.12263,0.05114,0.08979,0.12496,0.08234,0.03445,0.00594
837,0.00216,0.00498,0.13412,0.21473,0.00494,0.00037,0.00572,0.00715,0.00865,0.00162,0.00586,0.00566,0.00195,0.02891,0.00197,0.00677,0.00281,0.00228,0.00369,0.55566
838,0.00603,0.01596,0.01918,0.01463,0.01747,0.00577,0.01175,0.38295,0.02139,0.07918,0.01146,0.02586,0.00415,0.01213,0.00400,0.00456,0.00244,0.33422,0.01380,0.01307
839,0.00269,0.00528,0.00650,0.00693,0.00966,0.03886,0.32384,0.00798,0.00659,0.00157,0.00552,0.00468,0.25662,0.00544,0.00196,0.00129,0.30126,0.00273,0.00529,0.00533
840,0.00457,0.00283,0.01164,0.00947,0.48443,0.00450,0.00505,0.00961,0.00944,0.00296,0.01123,0.00926,0.00515,0.01188,0.00290,0.00368,0.00407,0.00468,0.00679,0.39585
841,0.01001,0.00547,0.00515,0.00363,0.00363,0.00625,0.00587,0.62930,0.00552,0.15340,0.05681,0.01209,0.00072,0.03538,0.00144,0.00927,0.00950,0.03841,0.00367,0.00449
842,0.04081,0.01411,0.00414,0.00457,0.00571,0.20709,0.00578,0.00647,0.00528,0.00172,0.01682,0.06948,0.00243,0.03253,0.00111,0.00502,0.00277,0.56154,0.00678,0.00583
843,0.01022,0.02015,0.05063,0.01418,0.01187,0.01230,0.01458,0.01654,0.58772,0.00466,0.13001,0.04840,0.00502,0.01489,0.00479,0.00634,0.00749,0.01000,0.01678,0.01346
844,0.00401,0.00556,0.00594,0.00782,0.00486,0.00138,0.00472,0.00415,0.00917,0.00160,0.60069,0.00459,0.00224,0.00683,0.24415,0.07693,0.00235,0.00368,0.00513,0.00421
845,0.00419,0.01396,0.49067,0.36421,0.01046,0.00376,0.00925,0.01619,0.01051,0.00381,0.01236,0.01095,0.00401,0.00844,0.00388,0.00347,0.00545,0.00372,0.01154,0.00915
846,0.00185,0.00487,0.21804,0.18834,0.00549,0.00067,0.00246,0.00622,0.00524,0.00153,0.00527,0.00210,0.00139,0.00534,0.00187,0.00154,0.00248,0.00309,0.00664,0.53556
847,0.00546,0.01422,0.01411,0.01132,0.15665,0.05668,0.06113,0.09230,0.01329,0.28626,0.10299,0.03833,0.00396,0.08285,0.00552,0.01327,0.01080,0.01147,0.00933,0.01006
848,0.00497,0.24689,0.01153,0.00962,0.01018,0.00492,0.00946,0.01186,0.00912,0.40080,0.01131,0.01036,0.00414,0.01200,0.00319,0.00424,0.00459,0.00412,0.21494,0.01175
849,0.01142,0.44341,0.07644,0.03343,0.27881,0.02457,0.00805,0.01047,0.01682,0.00326,0.01426,0.01587,0.00369,0.01261,0.00168,0.00484,0.00536,0.00516,0.00656,0.02329
850,0.00457,0.00993,0.00912,0.00343,0.01394,0.37174,0.00784,0.01191,0.01897,0.00417,0.01375,0.01101,0.00411,0.01296,0.00664,0.00383,0.00433,0.46788,0.01093,0.00893
851,0.15486,0.01146,0.00774,0.00626,0.00597,0.00281,0.00505,0.00553,0.00934,0.00294,0.00645,0.00511,0.00051,0.00906,0.00249,0.20578,0.00261,0.00451,0.00590,0.54563
852,0.00347,0.01309,0.01546,0.00958,0.01578,0.00277,0.00876,0.55877,0.01200,0.20452,0.08535,0.01005,0.00061,0.00870,0.00850,0.00330,0.01043,0.00438,0.01269,0.01179
853,0.01064,0.05120,0.01591,0.02089,0.02638,0.00842,0.03818,0.49383,0.02180,0.06534,0.03598,0.02520,0.00854,0.02762,0.00716,0.00829,0.01140,0.08245,0.01925,0.02155
854,0.00151,0.00457,0.00469,0.00389,0.00931,0.21656,0.00512,0.00718,0.00412,0.00153,0.00588,0.00601,0.00186,0.00557,0.00070,0.05793,0.14371,0.16059,0.35287,0.00641
855,0.00104,0.01443,0.00156,0.00316,0.44071,0.00152,0.05634,0.00196,0.00335,0.00049,0.00369,0.10462,0.00029,0.03398,0.00024,0.00080,0.00096,0.00231,0.17671,0.15181
856,0.00657,0.00943,0.01133,0.01214,0.01746,0.00495,0.00937,0.56553,0.00423,0.00372,0.01120,0.01019,0.00359,0.01172,0.28018,0.00700,0.00453,0.00747,0.00683,0.01256
857,0.00313,0.00671,0.00665,0.00967,0.01107,0.00221,0.47518,0.01050,0.01363,0.00505,0.02114,0.00855,0.32059,0.00668,0.00174,0.00138,0.07467,0.00535,0.00769,0.00841
858,0.00224,0.00561,0.00627,0.01121,0.00828,0.00203,0.01784,0.00821,0.01623,0.09483,0.01130,0.00977,0.00149,0.00724,0.52404,0.25223,0.00338,0.00338,0.00652,0.00790
859,0.11284,0.06058,0.00152,0.00278,0.00300,0.01204,0.07099,0.01551,0.00436,0.01983,0.07614,0.03353,0.00055,0.32969,0.00267,0.14390,0.09923,0.00575,0.00257,0.00252
860,0.00166,0.02763,0.01140,0.01759,0.01634,0.00726,0.00991,0.02508,0.01717,0.00519,0.02468,0.34328,0.00294,0.01735,0.00525,0.00446,0.42670,0.00721,0.01573,0.01317
861,0.00464,0.40908,0.00618,0.00427,0.00761,0.00138,0.00745,0.00840,0.00505,0.22157,0.00542,0.00705,0.00269,0.00515,0.00711,0.00199,0.00325,0.00276,0.28097,0.00798
862,0.22799,0.12539,0.28068,0.00903,0.01465,0.03272,0.00885,0.01200,0.01255,0.00359,0.00995,0.00927,0.00290,0.00736,0.00306,0.20479,0.00164,0.00212,0.01331,0.01814
863,0.08294,0.05481,0.02657,0.08098,0.08611,0.05553,0.05666,0.00929,0.03483,0.00581,0.04695,0.01525,0.00108,0.17974,0.02238,0.08771,0.04790,0.02988,0.03343,0.04218
864,0.00522,0.01054,0.00292,0.01149,0.00824,0.00412,0.14485,0.00679,0.47697,0.00246,0.00977,0.18566,0.00304,0.01012,0.07425,0.00115,0.00403,0.00431,0.00905,0.02502
865,0.01912,0.01490,0.01360,0.01559,0.00968,0.00610,0.00879,0.37011,0.01972,0.20318,0.14082,0.01006,0.00636,0.01448,0.00460,0.00453,0.00165,0.10944,0.01377,0.01350
866,0.02502,0.03846,0.00389,0.01008,0.04180,0.03114,0.11421,0.05043,0.11259,0.03004,0.01028,0.02408,0.07900,0.04185,0.09815,0.02907,0.05521,0.06445,0.04948,0.09076
867,0.04713,0.05153,0.04402,0.04198,0.02370,0.03885,0.05202,0.04288,0.01452,0.03957,0.06494,0.06829,0.02652,0.04667,0.03212,0.05745,0.06493,0.04434,0.01493,0.18362
868,0.00514,0.01262,0.01183,0.01683,0.01382,0.00638,0.01173,0.02614,0.44538,0.00416,0.01773,0.00871,0.00311,0.01319,0.00443,0.02983,0.30964,0.03371,0.01264,0.01298
869,0.04803,0.19100,0.00596,0.01383,0.11530,0.00295,0.00787,0.07208,0.01056,0.00720,0.05954,0.00919,0.00231,0.01032,0.00409,0.00269,0.09675,0.32077,0.01128,0.00830
870,0.08369,0.07813,0.02007,0.03020,0.04904,0.07687,0.08913,0.01645,0.09797,0.03533,0.05247,0.06284,0.00060,0.04421,0.07942,0.06055,0.03726,0.01719,0.03173,0.03686
871,0.03684,0.02715,0.00365,0.00275,0.07791,0.01177,0.02549,0.16638,0.14791,0.11837,0.10076,0.00344,0.00066,0.02740,0.14796,0.03578,0.02511,0.02521,0.00949,0.00599
872,0.04112,0.16386,0.01413,0.00813,0.01414,0.00266,0.01043,0.04540,0.00966,0.17730,0.18261,0.01078,0.00242,0.00830,0.00265,0.00301,0.03048,0.25501,0.00802,0.00990
873,0.00384,0.00826,0.00965,0.01359,0.00806,0.00405,0.08691,0.00787,0.11177,0.08836,0.01060,0.00579,0.00175,0.18781,0.32053,0.10432,0.00390,0.00481,0.00934,0.00879
874,0.00600,0.01585,0.00859,0.00486,0.04764,0.00070,0.01297,0.00988,0.04104,0.00296,0.26697,0.01309,0.00232,0.00519,0.17606,0.35578,0.00464,0.01238,0.00412,0.00896
875,0.00890,0.02832,0.00946,0.01961,0.03154,0.00453,0.02141,0.39027,0.01414,0.09724,0.04229,0.00864,0.00426,0.01459,0.00531,0.00440,0.01010,0.26185,0.01477,0.00838
876,0.00749,0.07530,0.00689,0.00898,0.03087,0.00510,0.00643,0.39506,0.01023,0.09464,0.08538,0.01257,0.00260,0.00951,0.00341,0.00279,0.04417,0.17799,0.01376,0.00683
877,0.04024,0.36164,0.07411,0.00376,0.00327,0.19313,0.00451,0.00423,0.00450,0.00105,0.00365,0.10894,0.00102,0.00386,0.00243,0.11598,0.00405,0.06268,0.00359,0.00336
878,0.04846,0.03832,0.04472,0.04671,0.02624,0.03852,0.04628,0.04007,0.02068,0.04526,0.02919,0.03296,0.05678,0.03712,0.01974,0.04814,0.04740,0.03782,0.03245,0.26316
879,0.05053,0.04527,0.08836,0.10616,0.00173,0.06380,0.09861,0.00183,0.05509,0.00065,0.00697,0.11277,0.01070,0.09011,0.05699,0.09013,0.07380,0.00267,0.00516,0.03868
880,0.04923,0.05111,0.02499,0.07162,0.08151,0.03796,0.10172,0.00167,0.04365,0.06749,0.04838,0.07061,0.01354,0.07625,0.02877,0.03338,0.00399,0.00853,0.07581,0.10979
881,0.04307,0.05285,0.05043,0.03697,0.03632,0.04686,0.06304,0.05890,0.05422,0.03898,0.04642,0.07669,0.03310,0.04974,0.05571,0.05927,0.04749,0.06413,0.02553,0.06031
882,0.00491,0.00592,0.00724,0.00952,0.38550,0.00478,0.00285,0.00704,0.00842,0.00271,0.00818,0.00645,0.00274,0.00708,0.00304,0.00221,0.00352,0.00455,0.06424,0.45909
883,0.04333,0.04839,0.05488,0.06314,0.05038,0.04406,0.05825,0.10241,0.04409,0.04524,0.04079,0.05036,0.01003,0.07546,0.03202,0.05794,0.05330,0.04970,0.02906,0.04716
884,0.00086,0.07725,0.09173,0.13300,0.02538,0.00637,0.00744,0.00332,0.00305,0.01566,0.08114,0.05679,0.00063,0.02494,0.00095,0.05406,0.02941,0.00124,0.01126,0.37553
885,0.07697,0.11208,0.00525,0.00762,0.13450,0.01274,0.09130,0.04993,0.00796,0.04543,0.07161,0.01643,0.00232,0.07123,0.00985,0.02879,0.02842,0.05019,0.02595,0.15144
886,0.00445,0.02501,0.00658,0.00883,0.01231,0.00941,0.00354,0.66117,0.01026,0.10395,0.07631,0.00505,0.00060,0.01008,0.00196,0.00273,0.02666,0.01100,0.01261,0.00750
887,0.07078,0.04528,0.01883,0.02297,0.00679,0.03705,0.05138,0.07444,0.03577,0.04668,0.03443,0.04713,0.02028,0.08543,0.03350,0.04047,0.05194,0.08027,0.02551,0.17107
888,0.03804,0.07530,0.00506,0.00525,0.06156,0.00635,0.06047,0.00702,0.03626,0.05280,0.05957,0.12432,0.00107,0.09839,0.00393,0.12311,0.14174,0.03748,0.01695,0.04535
889,0.00530,0.01396,0.01051,0.04421,0.01288,0.00540,0.00231,0.01233,0.58553,0.00418,0.08780,0.00538,0.00154,0.17366,0.00330,0.00328,0.00265,0.00603,0.01193,0.00779
890,0.04449,0.06664,0.00636,0.07282,0.12034,0.01316,0.03233,0.09338,0.02343,0.06023,0.07829,0.01678,0.00159,0.03551,0.01534,0.02411,0.07446,0.09630,0.06050,0.06393
891,0.01020,0.00171,0.04367,0.04367,0.04367,0.01972,0.00126,0.04367,0.04367,0.08289,0.04367,0.04367,0.00252,0.02289,0.04371,0.37701,0.02222,0.02288,0.04367,0.04367
892,0.02487,0.00756,0.08857,0.05687,0.18817,0.01556,0.00516,0.01976,0.02701,0.00685,0.02315,0.08241,0.01418,0.02768,0.01396,0.00770,0.01939,0.01587,0.01732,0.33797
893,0.00700,0.00927,0.00524,0.00256,0.47318,0.01506,0.00831,0.21822,0.00867,0.11285,0.03531,0.00640,0.00408,0.00892,0.00514,0.00688,0.00963,0.05658,0.00248,0.00422
894,0.04371,0.32889,0.01901,0.00479,0.01425,0.17723,0.02273,0.01299,0.00931,0.02158,0.03736,0.04531,0.03034,0.00884,0.00948,0.04563,0.06109,0.05355,0.01421,0.03972
895,0.10196,0.06140,0.21850,0.06609,0.00832,0.03483,0.06504,0.02708,0.01994,0.02531,0.04698,0.04779,0.02423,0.07939,0.01525,0.05481,0.04275,0.04299,0.00281,0.01451
896,0.07252,0.06817,0.00814,0.04073,0.03646,0.04129,0.04840,0.03341,0.05227,0.04545,0.06541,0.06458,0.06640,0.04385,0.04702,0.05534,0.06668,0.05041,0.03554,0.05792
897,0.04117,0.08116,0.06679,0.01879,0.08820,0.04339,0.02672,0.04603,0.02713,0.02112,0.03769,0.04687,0.06169,0.03632,0.02528,0.03988,0.04153,0.10537,0.11346,0.03141
898,0.05301,0.07534,0.00392,0.01346,0.06032,0.01805,0.04745,0.06529,0.00419,0.04098,0.05770,0.03043,0.02978,0.03412,0.01159,0.04399,0.07535,0.08380,0.08551,0.16571
899,0.01364,0.00489,0.00397,0.00623,0.00626,0.00244,0.00783,0.01089,0.21084,0.03985,0.04692,0.02040,0.00082,0.01111,0.18651,0.19903,0.19827,0.00720,0.00818,0.01471
900,0.04884,0.00743,0.00291,0.00496,0.10758,0.00216,0.22147,0.00346,0.00475,0.00254,0.05668,0.00316,0.21961,0.00310,0.00083,0.00133,0.04259,0.00190,0.10700,0.15771
901,0.00311,0.00658,0.00606,0.01298,0.00792,0.46704,0.00596,0.00815,0.02432,0.00301,0.02030,0.01071,0.00289,0.01217,0.01124,0.00241,0.00459,0.37201,0.01332,0.00523
902,0.27987,0.05219,0.00770,0.00609,0.00781,0.00359,0.00647,0.00616,0.00660,0.04428,0.00737,0.00829,0.00273,0.00565,0.00257,0.00248,0.00326,0.53177,0.00729,0.00781
903,0.00624,0.01711,0.01418,0.01231,0.22806,0.00464,0.01265,0.01106,0.00964,0.59717,0.00769,0.00954,0.00383,0.01647,0.00525,0.00620,0.00371,0.00499,0.01914,0.01014
