site,A,C,D,E,F,G,H,I,K,L,M,N,P,Q,R,S,T,V,W,Y
790,0.06602,0.03647,0.02266,0.01965,0.04792,0.00604,0.05335,0.02928,0.07075,0.02870,0.04117,0.07284,0.04391,0.08445,0.05649,0.05224,0.10496,0.05337,0.03285,0.07687
791,0.06243,0.12999,0.02197,0.01220,0.01904,0.05929,0.01680,0.02268,0.01491,0.01193,0.01151,0.02152,0.46920,0.01455,0.00354,0.02932,0.04034,0.00583,0.00857,0.02439
792,0.10815,0.04406,0.00867,0.02322,0.00707,0.07153,0.07217,0.02317,0.10494,0.01817,0.03093,0.09287,0.00129,0.05238,0.11916,0.12469,0.06691,0.00600,0.00931,0.01531
793,0.01848,0.01421,0.01748,0.02560,0.01594,0.54919,0.08393,0.02296,0.02414,0.00468,0.01767,0.07514,0.00784,0.02304,0.01460,0.04290,0.00951,0.00496,0.00572,0.02202
794,0.00908,0.01779,0.02763,0.01776,0.02261,0.04210,0.18143,0.02188,0.07606,0.01265,0.02645,0.02530,0.01659,0.03622,0.38063,0.00726,0.01374,0.00921,0.01577,0.03983
795,0.02230,0.02080,0.01969,0.02513,0.02570,0.00538,0.02966,0.02429,0.02618,0.00932,0.02467,0.02014,0.01290,0.02957,0.00630,0.00761,0.60991,0.03672,0.01908,0.02463
796,0.00320,0.01861,0.01959,0.02956,0.02414,0.00800,0.02451,0.03350,0.02962,0.00822,0.02348,0.01596,0.01821,0.06425,0.00744,0.00866,0.61388,0.00854,0.01532,0.02530
797,0.00845,0.02070,0.02813,0.01453,0.02084,0.00588,0.04037,0.02930,0.01824,0.00632,0.01916,0.03123,0.01612,0.02677,0.01972,0.00752,0.01253,0.00695,0.63570,0.03155
798,0.00788,0.01854,0.01967,0.01715,0.02677,0.00640,0.04160,0.02587,0.02624,0.02005,0.02276,0.03492,0.06902,0.02584,0.00675,0.56395,0.01387,0.01055,0.01984,0.02233
799,0.00501,0.07322,0.00918,0.00684,0.03336,0.00199,0.01020,0.25478,0.00791,0.42875,0.03054,0.00779,0.00604,0.00913,0.00197,0.00282,0.03107,0.05229,0.00668,0.02041
800,0.00990,0.02112,0.02731,0.01883,0.02424,0.00789,0.51109,0.01859,0.02151,0.01160,0.08263,0.02495,0.02052,0.01617,0.09987,0.00780,0.01201,0.00903,0.01575,0.03918
801,0.02324,0.04008,0.02095,0.00640,0.02206,0.30905,0.01817,0.01766,0.01421,0.00606,0.01651,0.13782,0.00831,0.01511,0.00288,0.19116,0.01187,0.10082,0.01350,0.02414
802,0.05709,0.04390,0.00953,0.01758,0.00912,0.11325,0.03161,0.01311,0.11071,0.00214,0.00387,0.01206,0.00285,0.05639,0.08994,0.17760,0.17819,0.00992,0.01957,0.04157
803,0.19763,0.07127,0.00966,0.01568,0.03106,0.16335,0.01412,0.00979,0.01027,0.02511,0.02512,0.01157,0.00496,0.06599,0.01463,0.25914,0.03890,0.00595,0.01402,0.01175
804,0.00401,0.00943,0.49360,0.22017,0.01279,0.01657,0.01018,0.01631,0.00472,0.00373,0.04036,0.01004,0.00430,0.11336,0.00409,0.00377,0.00587,0.00447,0.01180,0.01042
805,0.00965,0.01260,0.02743,0.02363,0.01900,0.00514,0.02748,0.02432,0.02145,0.00581,0.01957,0.02304,0.00851,0.01892,0.03306,0.00743,0.01212,0.00899,0.67203,0.01983
806,0.07698,0.05479,0.01496,0.00972,0.04952,0.05458,0.02360,0.06846,0.02469,0.05243,0.24171,0.01084,0.00351,0.12925,0.02745,0.08860,0.03407,0.01402,0.00868,0.01215
807,0.08104,0.14117,0.06040,0.00554,0.00470,0.18104,0.01115,0.01335,0.00527,0.00284,0.00527,0.04534,0.00131,0.00741,0.00173,0.19274,0.17468,0.05582,0.00420,0.00500
808,0.03999,0.12442,0.06443,0.04526,0.00342,0.02962,0.08236,0.04702,0.03438,0.02332,0.07959,0.08783,0.01530,0.08818,0.06581,0.04284,0.07058,0.04599,0.00323,0.00643
809,0.07487,0.04068,0.09524,0.10023,0.00379,0.05534,0.04062,0.01482,0.05548,0.02417,0.02747,0.10116,0.00151,0.12086,0.04531,0.08793,0.06740,0.03079,0.00276,0.00959
810,0.04512,0.16005,0.26452,0.11899,0.00739,0.04317,0.03118,0.00639,0.00794,0.00402,0.00894,0.08673,0.03478,0.02038,0.00478,0.10868,0.02833,0.00310,0.01123,0.00428
811,0.01146,0.03738,0.01692,0.00759,0.01514,0.00360,0.01453,0.23409,0.00615,0.16190,0.23727,0.01516,0.00350,0.01402,0.00467,0.04421,0.05711,0.09416,0.00614,0.01500
812,0.00635,0.01170,0.01003,0.01534,0.02754,0.00549,0.01384,0.20151,0.01302,0.45865,0.15577,0.00914,0.00983,0.01240,0.00309,0.00397,0.00530,0.01125,0.01505,0.01071
813,0.04252,0.03390,0.04575,0.08681,0.07905,0.05352,0.05539,0.05004,0.02662,0.05520,0.04234,0.08094,0.00736,0.04576,0.03425,0.05363,0.06131,0.03643,0.04575,0.06341
814,0.03984,0.17823,0.01015,0.00684,0.00976,0.01101,0.01013,0.12689,0.00965,0.03045,0.09265,0.00807,0.00369,0.00742,0.00270,0.00346,0.16826,0.26335,0.00699,0.01047
815,0.01144,0.01513,0.02601,0.02513,0.02509,0.01166,0.02399,0.02620,0.02869,0.00693,0.02306,0.02355,0.01050,0.03270,0.00691,0.00873,0.01125,0.00966,0.64495,0.02841
816,0.01303,0.02628,0.00962,0.01842,0.02475,0.00843,0.02309,0.04351,0.02019,0.00684,0.02245,0.55781,0.01142,0.02270,0.00743,0.04043,0.09025,0.01231,0.01988,0.02117
817,0.02316,0.01033,0.01049,0.01424,0.01021,0.01778,0.07586,0.01625,0.18278,0.00956,0.03137,0.07444,0.00476,0.16483,0.21215,0.04992,0.06736,0.00801,0.00811,0.00840
818,0.03574,0.22216,0.00568,0.01991,0.05137,0.00406,0.01114,0.04244,0.00602,0.04688,0.16018,0.01131,0.00312,0.00640,0.00195,0.00279,0.15889,0.18382,0.00542,0.02070
819,0.00967,0.01960,0.01642,0.01714,0.02216,0.00433,0.01695,0.02467,0.01777,0.00593,0.01867,0.01539,0.00719,0.01902,0.08249,0.00853,0.00990,0.00853,0.65591,0.01972
820,0.01547,0.02076,0.02071,0.02556,0.02695,0.01151,0.01476,0.48232,0.01761,0.00689,0.01273,0.01902,0.00540,0.01821,0.00831,0.01028,0.04603,0.19089,0.02415,0.02243
821,0.05308,0.04832,0.08539,0.07305,0.07295,0.02473,0.06229,0.06709,0.02693,0.05568,0.04735,0.01699,0.00168,0.04094,0.00718,0.04680,0.07009,0.05145,0.05809,0.08991
822,0.03361,0.08176,0.11103,0.14215,0.05318,0.06690,0.03540,0.00662,0.00601,0.05682,0.03615,0.06464,0.00305,0.08825,0.02474,0.04044,0.05313,0.01004,0.02722,0.05884
823,0.01456,0.02950,0.04081,0.03204,0.03722,0.01252,0.04002,0.02988,0.02465,0.00918,0.02731,0.57547,0.00998,0.03129,0.00882,0.00271,0.01297,0.01518,0.02184,0.02406
824,0.06413,0.03355,0.06784,0.04049,0.03057,0.03484,0.05939,0.04827,0.07071,0.03219,0.05147,0.06511,0.08264,0.05117,0.03325,0.05715,0.05628,0.05115,0.04117,0.02861
825,0.02149,0.02833,0.02967,0.01835,0.08106,0.01689,0.09054,0.00831,0.05972,0.01218,0.09830,0.09737,0.00258,0.07385,0.04943,0.03029,0.00733,0.00710,0.20077,0.06644
826,0.00653,0.08814,0.01131,0.01161,0.01417,0.00468,0.01930,0.11810,0.04996,0.12917,0.25936,0.01377,0.00848,0.02442,0.00754,0.00462,0.05268,0.15143,0.01220,0.01252
827,0.05297,0.04429,0.03090,0.04358,0.05488,0.04355,0.08707,0.04658,0.04454,0.04223,0.02964,0.06177,0.06211,0.06525,0.04555,0.04989,0.05273,0.03364,0.04485,0.06400
828,0.01717,0.16414,0.18588,0.05476,0.01759,0.00094,0.06083,0.11530,0.01725,0.01652,0.02874,0.13492,0.00563,0.01695,0.00450,0.03374,0.01526,0.07713,0.01134,0.02138
829,0.01377,0.02400,0.03538,0.03521,0.02468,0.00924,0.03493,0.02924,0.41678,0.00688,0.07078,0.03581,0.00907,0.02839,0.11048,0.01012,0.05193,0.01033,0.01724,0.02573
830,0.08332,0.02301,0.03042,0.04835,0.02344,0.00859,0.06105,0.02995,0.09458,0.00640,0.01619,0.05397,0.01259,0.03336,0.01967,0.20273,0.20260,0.01233,0.01759,0.01987
831,0.05957,0.03318,0.00835,0.01499,0.04307,0.00234,0.05569,0.04493,0.06886,0.09121,0.03904,0.07346,0.10194,0.05469,0.05270,0.01313,0.05408,0.03844,0.03677,0.11356
832,0.04609,0.04489,0.01523,0.01039,0.00893,0.00740,0.01281,0.28621,0.01087,0.19829,0.07472,0.01505,0.00389,0.01368,0.00379,0.00365,0.00574,0.21910,0.00864,0.01065
833,0.07029,0.03693,0.07360,0.09766,0.01294,0.08012,0.05637,0.04376,0.03787,0.03731,0.03731,0.02503,0.03412,0.05080,0.03961,0.08067,0.08030,0.05189,0.00626,0.04716
834,0.10568,0.05001,0.00672,0.04444,0.01370,0.02011,0.06080,0.02178,0.13191,0.03776,0.06518,0.05533,0.00160,0.12245,0.08729,0.04168,0.05333,0.05651,0.01149,0.01222
835,0.01181,0.03060,0.02843,0.03719,0.02889,0.01104,0.02707,0.02770,0.02675,0.01236,0.02644,0.01968,0.01087,0.02831,0.05128,0.00990,0.01309,0.01348,0.53503,0.05008
836,0.03710,0.01321,0.01133,0.01009,0.01094,0.00477,0.04556,0.14692,0.07144,0.03416,0.03663,0.01909,0.03481,0.10470,0.03272,0.05396,0.16734,0.08441,0.06843,0.01240
837,0.03000,0.02671,0.31766,0.20018,0.02785,0.00344,0.02445,0.03656,0.03706,0.01046,0.02609,0.05368,0.00997,0.09723,0.00881,0.01385,0.01354,0.01688,0.02329,0.02228
838,0.01000,0.02593,0.03184,0.02404,0.02946,0.00967,0.02018,0.29997,0.03409,0.08055,0.02744,0.03669,0.00687,0.01999,0.00654,0.01056,0.01532,0.26648,0.02272,0.02166
839,0.02257,0.01932,0.02360,0.02184,0.03054,0.15671,0.01864,0.02678,0.02349,0.03390,0.02086,0.01779,0.43416,0.01936,0.00736,0.06092,0.00973,0.00965,0.02104,0.02175
840,0.00882,0.04309,0.02367,0.01885,0.30697,0.00880,0.06393,0.01862,0.01818,0.00579,0.01523,0.03186,0.00990,0.02278,0.00570,0.00714,0.00773,0.00914,0.01296,0.36083
841,0.01169,0.03107,0.02134,0.01581,0.01643,0.03821,0.04076,0.18584,0.02384,0.30991,0.09464,0.04088,0.02065,0.02346,0.00641,0.03104,0.01662,0.03611,0.01515,0.02014
842,0.10281,0.02564,0.01983,0.02121,0.02392,0.41650,0.01550,0.02701,0.02429,0.00805,0.02853,0.15134,0.01029,0.02846,0.00487,0.00896,0.01155,0.01521,0.03043,0.02558
843,0.01374,0.02697,0.07065,0.07311,0.01631,0.01483,0.02009,0.02537,0.37579,0.00638,0.15564,0.05660,0.00680,0.03281,0.03158,0.00873,0.01018,0.01353,0.02264,0.01822
844,0.01686,0.02357,0.02737,0.03741,0.02168,0.06615,0.02079,0.02089,0.05310,0.00714,0.02428,0.02128,0.01014,0.02901,0.52719,0.01821,0.01082,0.01654,0.02724,0.02032
845,0.02118,0.02995,0.03329,0.44071,0.02682,0.00654,0.02240,0.05123,0.13363,0.01002,0.03058,0.02684,0.01038,0.02263,0.01013,0.00935,0.01358,0.04348,0.03257,0.02468
846,0.01020,0.02715,0.55162,0.03011,0.02909,0.03936,0.01434,0.03039,0.03093,0.00806,0.03030,0.04380,0.00719,0.03017,0.01019,0.00810,0.01282,0.01478,0.03360,0.03776
847,0.01035,0.02746,0.02690,0.02089,0.01961,0.02626,0.07915,0.07666,0.02432,0.25899,0.07675,0.11295,0.00740,0.12566,0.01354,0.02404,0.01659,0.01404,0.01867,0.01979
848,0.02000,0.02740,0.04433,0.03841,0.03622,0.02138,0.03679,0.05099,0.03632,0.00965,0.03853,0.04249,0.01640,0.04289,0.03927,0.01555,0.02025,0.01712,0.39550,0.05050
849,0.01071,0.39952,0.12810,0.08690,0.02467,0.02469,0.01525,0.01985,0.03189,0.00616,0.02699,0.02625,0.00697,0.03872,0.01079,0.00808,0.01016,0.01266,0.01240,0.09924
850,0.03140,0.02674,0.03464,0.00800,0.03351,0.42544,0.01920,0.02961,0.05356,0.00979,0.03265,0.02737,0.01002,0.13900,0.02093,0.00959,0.01052,0.02882,0.02530,0.02391
851,0.14439,0.03929,0.03244,0.02749,0.02502,0.01196,0.02262,0.02540,0.04151,0.01265,0.03091,0.02112,0.03863,0.04306,0.01091,0.38812,0.01995,0.01935,0.02281,0.02239
852,0.01082,0.02976,0.03481,0.02397,0.07111,0.00769,0.01831,0.05440,0.02853,0.23461,0.30355,0.02371,0.01710,0.02105,0.01010,0.00854,0.02602,0.01168,0.03005,0.03416
853,0.01592,0.03836,0.02369,0.03172,0.04020,0.01270,0.05523,0.33857,0.03300,0.01831,0.01953,0.03764,0.01266,0.04099,0.01830,0.01236,0.03717,0.15305,0.02870,0.03190
854,0.00631,0.01991,0.01977,0.01644,0.03018,0.39411,0.02000,0.02988,0.01781,0.00619,0.02005,0.02268,0.00789,0.01809,0.00283,0.17287,0.13604,0.01826,0.01698,0.02372
855,0.00606,0.11334,0.00752,0.01515,0.19661,0.00723,0.12764,0.00959,0.01633,0.00241,0.01806,0.02853,0.00324,0.00683,0.01437,0.00303,0.00468,0.01110,0.15620,0.25209
856,0.02209,0.03933,0.03742,0.03369,0.05959,0.02061,0.03351,0.02647,0.01402,0.01266,0.04012,0.03955,0.01301,0.04236,0.44378,0.01260,0.01497,0.02432,0.02532,0.04459
857,0.00825,0.02113,0.02140,0.03050,0.03576,0.00715,0.02704,0.03968,0.04086,0.09069,0.06144,0.02932,0.46554,0.02155,0.00558,0.01473,0.00973,0.01689,0.02555,0.02719
858,0.00643,0.01399,0.01829,0.03116,0.02238,0.00570,0.02768,0.02365,0.04557,0.01019,0.03345,0.02682,0.00623,0.02041,0.63447,0.01259,0.00963,0.00931,0.01870,0.02335
859,0.15191,0.01917,0.00625,0.01124,0.01207,0.02900,0.06934,0.01439,0.01307,0.02501,0.05789,0.00515,0.00492,0.12123,0.00446,0.23890,0.19299,0.00454,0.01027,0.00819
860,0.03286,0.05342,0.02143,0.03210,0.02995,0.01320,0.01813,0.17793,0.03204,0.00945,0.04496,0.02096,0.01645,0.03213,0.00951,0.01746,0.37234,0.01319,0.02868,0.02380
861,0.01893,0.02258,0.02912,0.01946,0.03645,0.00910,0.03349,0.04022,0.02406,0.00881,0.02439,0.03166,0.01212,0.02317,0.00393,0.00888,0.01365,0.01327,0.57516,0.05157
862,0.29164,0.18234,0.02376,0.02433,0.04026,0.03144,0.02419,0.03246,0.03507,0.00987,0.02611,0.02489,0.00789,0.01992,0.00838,0.11588,0.01026,0.00585,0.03594,0.04953
863,0.08898,0.03111,0.04184,0.10411,0.07865,0.07193,0.06895,0.00775,0.05822,0.02544,0.03076,0.01721,0.00286,0.13928,0.00417,0.07607,0.03660,0.06089,0.02697,0.02820
864,0.01264,0.09960,0.03501,0.02695,0.01985,0.01060,0.18267,0.01980,0.02773,0.00637,0.02348,0.21062,0.00720,0.02594,0.04700,0.05320,0.05793,0.01097,0.03734,0.08511
865,0.07439,0.02357,0.02342,0.02483,0.01568,0.00991,0.01459,0.28053,0.03190,0.08794,0.05455,0.01572,0.01019,0.02389,0.00761,0.00719,0.01533,0.23265,0.02370,0.02240
866,0.02277,0.02767,0.01124,0.03448,0.02368,0.01974,0.09762,0.03247,0.15024,0.03229,0.01648,0.00444,0.14005,0.06061,0.10663,0.03026,0.04894,0.04592,0.03335,0.06111
867,0.04859,0.08354,0.04560,0.04261,0.04683,0.04769,0.06569,0.05463,0.01317,0.04585,0.07369,0.07691,0.03627,0.06202,0.03801,0.04805,0.06027,0.06124,0.01430,0.03501
868,0.01887,0.02948,0.03071,0.04218,0.03330,0.01586,0.02806,0.06800,0.03266,0.01069,0.04263,0.02132,0.00779,0.03345,0.01094,0.06445,0.35919,0.08653,0.03168,0.03221
869,0.10882,0.16292,0.01636,0.02359,0.01280,0.00729,0.01341,0.06822,0.01825,0.01906,0.05346,0.01577,0.00398,0.01788,0.01987,0.02379,0.12107,0.25982,0.01936,0.01429
870,0.07266,0.11641,0.02996,0.04846,0.03813,0.08561,0.07633,0.01474,0.04394,0.03639,0.09160,0.06258,0.00180,0.03795,0.03910,0.06004,0.05525,0.02086,0.02345,0.04474
871,0.03201,0.05633,0.00872,0.00668,0.06137,0.01385,0.09641,0.04141,0.10880,0.10685,0.11302,0.02356,0.00155,0.04766,0.14235,0.05109,0.03495,0.03829,0.00727,0.00782
872,0.01531,0.17556,0.02078,0.00907,0.02093,0.00608,0.01525,0.09248,0.01423,0.12794,0.20746,0.01591,0.00356,0.01231,0.00391,0.01124,0.04565,0.17592,0.01178,0.01463
873,0.00631,0.01275,0.01621,0.02204,0.01309,0.00862,0.11744,0.01296,0.17746,0.00420,0.01798,0.00938,0.00285,0.27710,0.23627,0.00336,0.02425,0.00797,0.01521,0.01455
874,0.01249,0.04714,0.03551,0.02362,0.16837,0.05817,0.05805,0.02442,0.07450,0.00987,0.01903,0.03653,0.00993,0.02151,0.29664,0.00840,0.01401,0.02610,0.02893,0.02680
875,0.01042,0.06632,0.01738,0.03581,0.01502,0.00833,0.02416,0.33448,0.02583,0.06318,0.03245,0.01586,0.00781,0.02675,0.00975,0.00636,0.00165,0.25597,0.02706,0.01540
876,0.03776,0.10100,0.01292,0.01756,0.03894,0.00965,0.01215,0.36451,0.02644,0.07021,0.07615,0.01795,0.00493,0.01841,0.00754,0.00533,0.04183,0.09677,0.02638,0.01357
877,0.09505,0.07600,0.11332,0.00957,0.00868,0.23963,0.00738,0.01179,0.01179,0.00274,0.00997,0.17348,0.00381,0.01056,0.00324,0.18465,0.01592,0.00441,0.00927,0.00874
878,0.06354,0.07642,0.05383,0.05458,0.04800,0.04361,0.06330,0.06626,0.03222,0.03159,0.03426,0.04688,0.05106,0.05736,0.01682,0.07114,0.05673,0.04780,0.03099,0.05361
879,0.04992,0.04183,0.09236,0.09781,0.00329,0.07720,0.06083,0.00349,0.04474,0.00100,0.00470,0.15274,0.02178,0.08346,0.09202,0.09681,0.05295,0.00170,0.00351,0.01784
880,0.06066,0.03596,0.03025,0.05918,0.05316,0.05601,0.09716,0.00370,0.05077,0.06561,0.06467,0.09434,0.02095,0.05906,0.02588,0.03783,0.00742,0.00990,0.05209,0.11541
881,0.04310,0.04399,0.04593,0.07633,0.04484,0.03904,0.05355,0.03022,0.05407,0.05125,0.04589,0.08055,0.05534,0.04828,0.05115,0.05642,0.05510,0.04678,0.01921,0.05896
882,0.00697,0.10993,0.01054,0.01374,0.27713,0.00677,0.08908,0.00994,0.01162,0.00387,0.01157,0.00865,0.00389,0.00999,0.00438,0.00320,0.00504,0.00646,0.10232,0.30490
883,0.04564,0.05889,0.07699,0.06296,0.06789,0.04869,0.04376,0.03912,0.03364,0.04755,0.04342,0.06238,0.01407,0.06253,0.04730,0.06014,0.05889,0.05815,0.02929,0.03871
884,0.00654,0.12829,0.18884,0.08187,0.13231,0.04351,0.01154,0.01604,0.01416,0.02286,0.05268,0.08124,0.00275,0.02159,0.00443,0.06931,0.04035,0.00561,0.01772,0.05835
885,0.06064,0.10004,0.01014,0.01267,0.12478,0.01475,0.11398,0.03542,0.00983,0.02319,0.04313,0.02859,0.00380,0.08911,0.01950,0.03693,0.04506,0.05442,0.05814,0.11587
886,0.01890,0.05214,0.04164,0.04673,0.03257,0.04355,0.02054,0.05887,0.06343,0.23000,0.11218,0.02423,0.00414,0.05795,0.02250,0.01223,0.06411,0.02159,0.04080,0.03190
887,0.10075,0.07075,0.01761,0.00536,0.01466,0.02020,0.06109,0.06773,0.04650,0.05712,0.08681,0.02531,0.00738,0.16881,0.02215,0.06029,0.05445,0.07131,0.01525,0.02647
888,0.03036,0.07874,0.01424,0.01521,0.04132,0.00733,0.08139,0.00513,0.04067,0.03034,0.07538,0.05376,0.00302,0.06103,0.00602,0.16294,0.19694,0.01205,0.01971,0.06442
889,0.02521,0.06620,0.03768,0.06627,0.05305,0.02885,0.01086,0.04619,0.03045,0.00901,0.05072,0.02862,0.00660,0.36310,0.03329,0.01354,0.01271,0.02730,0.05639,0.03396
890,0.01958,0.08593,0.02096,0.09996,0.02838,0.04491,0.01373,0.08340,0.03549,0.04213,0.07372,0.01335,0.00404,0.06667,0.01080,0.01520,0.06084,0.11878,0.11652,0.04564
891,0.02176,0.05054,0.06708,0.06708,0.06708,0.05291,0.00060,0.06708,0.06708,0.01201,0.06708,0.06708,0.00610,0.05957,0.06719,0.00810,0.06208,0.05541,0.06708,0.06708
892,0.03335,0.02473,0.05809,0.07254,0.06480,0.02183,0.12750,0.02680,0.03555,0.00912,0.03224,0.11085,0.01964,0.03649,0.01920,0.01410,0.02633,0.02102,0.02408,0.22174
893,0.01483,0.04842,0.03567,0.01910,0.02953,0.01423,0.02835,0.15177,0.01660,0.38726,0.01996,0.02970,0.00692,0.01482,0.00980,0.05820,0.00914,0.05780,0.02076,0.02715
894,0.01227,0.13288,0.02091,0.01467,0.01721,0.47973,0.01070,0.01557,0.01833,0.01372,0.02154,0.04163,0.00449,0.01237,0.00353,0.04683,0.06787,0.01131,0.01483,0.03960
895,0.11287,0.10535,0.16727,0.13285,0.00874,0.02334,0.07142,0.02253,0.01648,0.01053,0.04198,0.02008,0.00480,0.11120,0.00779,0.05023,0.03701,0.03213,0.00652,0.01687
896,0.06496,0.08328,0.02244,0.06190,0.03440,0.04957,0.07691,0.02231,0.04399,0.03996,0.04908,0.07742,0.06773,0.03860,0.02617,0.06987,0.05848,0.04581,0.03571,0.03141
897,0.04642,0.06610,0.04855,0.02514,0.12114,0.08470,0.04009,0.05774,0.01693,0.02319,0.02020,0.09006,0.06461,0.04072,0.02021,0.05216,0.02092,0.01557,0.01518,0.13038
898,0.05075,0.05541,0.00251,0.02192,0.06463,0.00914,0.05363,0.09441,0.00818,0.01965,0.04789,0.02819,0.01590,0.03940,0.00652,0.07112,0.13702,0.07393,0.10961,0.09017
899,0.01146,0.01442,0.01455,0.02286,0.01753,0.00893,0.00781,0.00600,0.09130,0.01671,0.02011,0.01006,0.00619,0.01324,0.17073,0.17541,0.34855,0.01028,0.02215,0.01170
900,0.05068,0.01441,0.01205,0.02082,0.07286,0.00697,0.02477,0.01468,0.01926,0.00809,0.04869,0.01282,0.43297,0.01309,0.00351,0.00283,0.00715,0.00796,0.08689,0.13950
901,0.00868,0.01768,0.01704,0.01570,0.02212,0.60567,0.01536,0.02063,0.05960,0.00811,0.05481,0.03070,0.00813,0.03414,0.00487,0.00678,0.01230,0.00827,0.03424,0.01518
902,0.18106,0.02486,0.01601,0.01267,0.01626,0.00660,0.01356,0.01277,0.01351,0.00376,0.08568,0.01700,0.00570,0.01161,0.00532,0.00516,0.00674,0.53075,0.01493,0.01604
903,0.01321,0.03659,0.03061,0.02619,0.01920,0.00987,0.02642,0.02338,0.02056,0.59886,0.01626,0.01997,0.00807,0.03521,0.01102,0.01365,0.00777,0.01051,0.05113,0.02151
