site,A,C,D,E,F,G,H,I,K,L,M,N,P,Q,R,S,T,V,W,Y
790,0.05379190994172759,0.031152454685479506,0.01688205244267556,0.026040049408737612,0.06273695853521215,0.0048414890601529885,0.05512766693268752,0.033431055234820255,0.05499241218387868,0.08336885225618203,0.07695812972803491,0.05718880761252624,0.06773040750910612,0.07221617339916551,0.03786954488545966,0.031266466926402954,0.09254960764319131,0.055151741372607054,0.02805822388644685,0.0586459963555055
791,0.11996595329395816,0.1083454856147565,0.016909288049711507,0.009438644828430523,0.014750454604206374,0.04823534924974208,0.012947220584868024,0.01759788727305678,0.011462936865028743,0.008276114459215405,0.010109676699883502,0.016752683082172117,0.5095597487454148,0.015605099505241825,0.002741055722308861,0.017356579193034648,0.0299711144823155,0.0045101624449381435,0.006609794632243218,0.018854750669473338
792,0.08166165251934944,0.048867408798018756,0.01437985142052578,0.03431396890385091,0.008965732414630003,0.0639186711864518,0.07363710886191864,0.011962937433504234,0.10503052954246254,0.02035727336794088,0.03948460780404268,0.09113073725334679,0.0009482805785187565,0.058468079258127616,0.10437077060711153,0.12541219948208385,0.07347845837954142,0.013099858588562633,0.00775509425048453,0.02275677934952725
793,0.05595420166789167,0.010940816512946474,0.013438263020354774,0.01612710890408327,0.012308316817298062,0.6001188508033223,0.0717154232863899,0.01766960173991136,0.01727236130327102,0.003593105243247196,0.01357887414574858,0.06676731627683125,0.0060212122028913476,0.02130408777365564,0.009362022235753118,0.02891664619474239,0.007309227923196912,0.005447140982927516,0.005191776071893548,0.016963646893643783
794,0.008764539138915005,0.014593946259565366,0.02258508312082659,0.01601915834404811,0.018482942324324805,0.02154562609677731,0.17644231421166043,0.048387178650695147,0.04146663935328883,0.010402960056305597,0.02174331678251273,0.02079053614858953,0.01365916831465174,0.029819471112865148,0.45559870778588335,0.00733715106271039,0.018694899621175678,0.007569475454386015,0.013002719421809075,0.033094166739009355
795,0.012106847424996509,0.01653348662940899,0.015596824682067448,0.019917951147171938,0.020357338375665033,0.004268437339613293,0.023527414037251667,0.015258088977509831,0.020750161159048586,0.00739927776331974,0.019620750427890167,0.01761638789608124,0.01927776427943465,0.02336257147357983,0.005000444877959863,0.008857658370838352,0.6845571509389986,0.0312700811079396,0.015153896746710567,0.019567466344514055
796,0.0025098538704803265,0.01460886492780567,0.015394466810293155,0.02327095671388701,0.01894651913480436,0.007044180388598684,0.019263066413943597,0.02917216732212452,0.02587716625182206,0.006444436039464181,0.018455412639412073,0.015456838614970506,0.011111345744646653,0.050712710850462396,0.005835350321965026,0.01626425154331734,0.6809267096818107,0.0067107307069478005,0.012059978144560682,0.019934993878683235
797,0.006636752003721474,0.019640455467848705,0.0221176605365779,0.01141938471783689,0.016399291967793144,0.009794475859478334,0.02970072057457744,0.023060837230431713,0.014336310717722442,0.0064055529925280035,0.01508753162261453,0.02457743916321353,0.012672582877164204,0.02103859333744132,0.010553274074609126,0.006542818335416189,0.011174145390875944,0.005454843136418012,0.7054493268583645,0.027938003135366693
798,0.009503818692417886,0.015097793408366192,0.016012248918958014,0.013970085376105973,0.021806169302905767,0.005209299748347995,0.03387052913229487,0.02107150410882902,0.02135778907400553,0.011751211804566529,0.0185349478259994,0.02846164050759715,0.03545745255135339,0.02104155693285337,0.005492176396742924,0.6593691022509809,0.019053507458314925,0.008589808251313903,0.016164305810303443,0.018185052447742853
799,0.003884994297473613,0.05671449288684299,0.007920471417483477,0.005337227434141782,0.02905413258356465,0.0017255853081631297,0.007873867108527043,0.27797217580797146,0.006852040441078952,0.476017676247513,0.03437747715524778,0.006238605543747237,0.004685111109840907,0.0070682063444304595,0.0015328321267977646,0.004370892107392252,0.016020279583305933,0.026647613347691574,0.005177801350244755,0.020528517798541115
800,0.007701028467676074,0.01636946868593805,0.027862062519999575,0.014682567726839008,0.018736509653951575,0.006120032597815336,0.5673623463229874,0.014402376773656474,0.01675409127089922,0.007992018005711378,0.055866553064154674,0.06728210291101276,0.018677623085048844,0.03390413093150114,0.05095298902402046,0.006060694856329314,0.009500239106226521,0.007874009082454178,0.012234732821204464,0.03966442309257359
801,0.052326524442977064,0.05555688001615076,0.015273849659271687,0.007255407662735251,0.014486968315170079,0.2566922230874266,0.011844442706141654,0.012614065088612708,0.009298011017365057,0.003972881148604694,0.010825209628291485,0.14272326112863606,0.005437738799945715,0.009883007342086378,0.0029271433785705583,0.21105804813828402,0.01728032479661738,0.13585654443492848,0.008841084863741,0.015846384344443312
802,0.05434366430937529,0.062418046835567585,0.009800794248129518,0.00901927536021272,0.011105494223233143,0.10588875397077707,0.057871357278902434,0.015212815950834199,0.1160555984947279,0.0017957036514110987,0.008211268609366712,0.016229529643053294,0.002133894267572037,0.06362377450853379,0.06847854242916164,0.1621273207999383,0.15946946207040227,0.013367821778750713,0.013391519529180574,0.049455362040869755
803,0.18194239477590976,0.07122399228014814,0.007577253211615232,0.014679139914458473,0.040403974903549474,0.18101375390897875,0.01831180177824418,0.00767861037502171,0.008053339523538471,0.023768743933099506,0.033110040850088,0.03432123189832258,0.0038939146068347214,0.07645754904642758,0.010275328536232609,0.23109348966390475,0.02770089953042609,0.008276558921332026,0.010998770242685437,0.009219212099182523
804,0.012819005881674226,0.008569099225396738,0.4455731987272819,0.3011566496923352,0.011506607239373058,0.008736782104576091,0.009208393761305016,0.014647394354158814,0.009506612582116086,0.0033697122206043355,0.025525966285370835,0.009110717839570613,0.0038985931558829195,0.09979024383257866,0.0036962028454601142,0.0033930118825456147,0.005322801468458554,0.004053706181586357,0.010692466164573573,0.009422834555151319
805,0.007469857738131262,0.02612730360274265,0.0212378185126381,0.018309488231527227,0.014759119788948402,0.006029208475018442,0.01983810032849734,0.018836801134724815,0.016517777246678685,0.008007190939622516,0.015196337943954585,0.01789382717809144,0.006592964241074923,0.014729393044146754,0.017474227834236435,0.006716871481325686,0.009373251600262367,0.007001636533365178,0.7324643869029471,0.01542443724206613
806,0.05458336990225996,0.0629438987430445,0.011673200612023038,0.008511835066462118,0.037611034180537045,0.053509551881954866,0.029531484137826067,0.03654118656894057,0.021150286152251924,0.04964606030709096,0.2671884180377026,0.011334192420938832,0.002742396184240625,0.21584873571822916,0.02256034218040598,0.06993383746087266,0.01785798619699876,0.007326418034864214,0.0060225452668751156,0.013483220946481056
807,0.040773859189546326,0.16741220059342773,0.03458226880708231,0.0046770229403493135,0.003962297647031681,0.15345983217640466,0.007058563650417787,0.013645100576172837,0.0048668585655302354,0.0023184442203679693,0.00443971913681393,0.03522645885040027,0.0010992900550329326,0.005272752062009954,0.0013588157367872486,0.24137915118690745,0.2153491205588998,0.05534106707831001,0.003558992897612927,0.004218184070894588
808,0.033590098012548524,0.09784863503153911,0.06043122398735792,0.04492681215816816,0.0025478101328225335,0.035486636737823075,0.06966087181960255,0.042833762239330365,0.04495737254777063,0.029261955446015262,0.08650995572795776,0.09347675854840731,0.011786237896371584,0.09242221370870658,0.05556177238982506,0.06631431489530656,0.07227519036451595,0.05353192124026019,0.0024084320652809307,0.004168025050389984
809,0.07685291004719318,0.044059547514555535,0.12040698533287586,0.10845693771182215,0.002897749196869628,0.04030415380461772,0.04877643288688454,0.010283686715233126,0.04548309014316798,0.018853330718193475,0.04110243157445811,0.10157710111997253,0.001554885679894402,0.12191592625490943,0.03193223540792956,0.08810019958520565,0.06478045273827633,0.022283808269211846,0.0021328702161261845,0.008245265082602793
810,0.04860495407724469,0.11964688347617651,0.2834642592254208,0.1303168471114444,0.0056678349239732105,0.021872013681363805,0.030317929799324874,0.004906803792121091,0.006115105537635254,0.003086333217017435,0.006860690766956795,0.13069197343148392,0.030483294517211452,0.025527355892044457,0.0036698627183472526,0.10566172062183708,0.025784384636432744,0.003809862320199315,0.008612029187894811,0.004899861065870104
811,0.008783898825076753,0.026130549519750787,0.015587020480360843,0.007054001705936039,0.014000865660966854,0.003339222880576079,0.013426148648913465,0.2048821852790963,0.007616196051183375,0.1764784846496811,0.34215563970836477,0.014138000422393842,0.0032232570064164145,0.015494774991099336,0.004264669381871786,0.04296202779504691,0.03309700935130332,0.04768828724943245,0.005660953091532445,0.01401680730099721
812,0.004896189889885935,0.009009435360375908,0.007720746164235272,0.011813118887796249,0.015385527139924507,0.004227316151223216,0.008590303931715214,0.23079705206439718,0.010026658549483258,0.4933880853508344,0.14356458285561488,0.007041678027289677,0.00531620445205135,0.009557506403098102,0.004308265637083762,0.003391570182457029,0.0040786671944208425,0.007048186092570049,0.011593854982632011,0.008245050682911249
813,0.049704501659755734,0.03922761436253042,0.06493748860498118,0.08760023326096522,0.05850648144871207,0.062050548376604196,0.06053540969362589,0.03720987468103951,0.024749099634134377,0.05488019199601027,0.045538432520027185,0.06677839288889077,0.005803763584302715,0.049175948268744496,0.03530361674336435,0.05839275012152793,0.05312069381914014,0.02942792667135703,0.05826921459830587,0.058787817065980574
814,0.020290354617201942,0.16051860812601607,0.007833069506062862,0.005240592982963464,0.007563469526493788,0.009589531458591106,0.007834692396089065,0.15148336618347272,0.007504556863789251,0.038045775156515284,0.06166856684789298,0.006193890555367277,0.002851831677073552,0.006355608442605739,0.002088717615933551,0.0026864654962698072,0.20386605086584372,0.28496619451298305,0.00536873586265008,0.008049921306184734
815,0.008918465218298975,0.016352733854411425,0.02023934160599015,0.01964452555182572,0.01951854596253352,0.010108618720679988,0.01869232276025803,0.02040234124129556,0.022416705768974924,0.015251256842540126,0.01798499721560921,0.018321197928459203,0.008191819649769196,0.02551032669381185,0.004255607931557261,0.006805208216834935,0.008776709530123415,0.007543754516465186,0.7089246177607375,0.02214090302982376
816,0.010324801559796789,0.020934758122092532,0.006907575966658142,0.014605451176329727,0.019771401182852224,0.0066738972178350025,0.01856217718456466,0.03937072238672257,0.026300473863310983,0.005425344208544251,0.017758211791652094,0.6284241213485101,0.00908732533060279,0.01793755148417746,0.005909373724557176,0.02104169202366825,0.08079505179315481,0.012207303687745738,0.015664167702176934,0.0222985982450478
817,0.015787467203666878,0.009710642910662197,0.008974218922934351,0.010762567727934024,0.00854764278307128,0.009667641968248061,0.052687064586734285,0.010997011301986428,0.2476581675162973,0.0058432253399419015,0.03327113185786245,0.05209385869469,0.0040494603539631855,0.16362656359890868,0.2640043995519879,0.025915818616609534,0.05683542125508681,0.005632986076741372,0.006867431555758741,0.007067278176914624
818,0.01870394833989131,0.2014404080135412,0.004512411593726185,0.02155970289758676,0.03353073406234684,0.0049180779407878876,0.008937081542101303,0.08131517355374085,0.004778138830863694,0.07051848232072232,0.15331286522882684,0.007401527296061799,0.002475067486282444,0.005076096437693312,0.0017421410751389801,0.0032458139695820732,0.1531838835343684,0.20689975821352713,0.0042937382685520435,0.01215494939465865
819,0.008789503871624955,0.014092913614040895,0.013119922894223401,0.013699669548745496,0.017727000020595376,0.0038391567835749443,0.01356451440123998,0.019755154963795905,0.014249775104914085,0.004668880185451882,0.014933955801082673,0.01223857293240767,0.0057505471206760845,0.015726421408376146,0.04203691309916607,0.006977884895402041,0.009051233317667995,0.00682284005283033,0.7472135927258133,0.01574154725837072
820,0.013223220847143148,0.017738160459091813,0.01763387383531013,0.021953654827808963,0.022892936674153153,0.009779791799212895,0.012540863313244367,0.6095726697228142,0.01510924995232397,0.0058780368922523064,0.011005994251585854,0.019402707624530214,0.004607703144608605,0.01556504189292801,0.0070772538490271,0.013947059942791433,0.025557088832282013,0.11679151215574153,0.020626839221700333,0.019096340761450108
821,0.052978764758826735,0.049171259463753336,0.07641405349554235,0.07818353800208054,0.05867303649845276,0.01336806637429201,0.06131162750382605,0.06488064928891715,0.018461241185422556,0.06091913156025614,0.05014239995242539,0.022949201140541848,0.0012819125754403385,0.05566151099886344,0.010618233347590517,0.05636072790538316,0.06567997839778138,0.0516757778408971,0.06643312439068018,0.08483576531902698
822,0.03889631567746499,0.06679085879844147,0.10951923557762573,0.13480850718386259,0.04196676141667877,0.044122972110328285,0.044997585935304,0.004676775314274981,0.0122933539435448,0.05728946277535996,0.05726526104544014,0.07579443032126798,0.0021652977945316814,0.08306039786582937,0.020357130433402513,0.07019156636724982,0.0639814678544657,0.00550013067400076,0.019634347446111627,0.04668814146481478
823,0.011592210724996834,0.023472804140876106,0.021538551449132432,0.02553789837343247,0.029699847541449137,0.009643949467834648,0.03418164256297372,0.02384075139624754,0.026121918159102173,0.007305827559908468,0.021700589427648683,0.6649690609155224,0.007932698257541853,0.024888196811496108,0.007014512579409015,0.0021605481717127824,0.009783682520985012,0.012078586840249955,0.01739999239298085,0.01913673070649981
824,0.0646217889526534,0.039213659884089994,0.0685111057554064,0.05459985764227585,0.026738753141965676,0.02650140582899106,0.058025513715675714,0.046482753759333424,0.06015732664102005,0.03532152809799861,0.05102119293537519,0.06114785202367936,0.08409473230219909,0.05035769824705813,0.03638894555071561,0.06234553564505477,0.05972276763858914,0.0494795610299027,0.03780502952520898,0.02746299168280689
825,0.025755309197445533,0.045209249271168796,0.020976690098703624,0.018601611243420288,0.10860751457537632,0.013832869441852755,0.1025192427393215,0.006654412015868573,0.07404573410742944,0.015935461625674698,0.09727620616003406,0.06406201127889231,0.002057561944666568,0.06903590583562937,0.041617181266381545,0.026271687603982293,0.012601696201791893,0.005214912267362793,0.18727866763631826,0.062446075488679385
826,0.005792394018482746,0.13445765562031528,0.010103201640396872,0.013768909568255326,0.012523709882397094,0.004174209214576469,0.016981589378363016,0.08896554417934997,0.028697447422026817,0.1536261795310234,0.3430970956496214,0.012378527956896736,0.0074476569076059665,0.02100759930569064,0.008845120447234907,0.004071857728755404,0.0274895606911434,0.08475305987898196,0.010831018099413994,0.01098766287946861
827,0.04941156429524932,0.0414501636417021,0.03955892638656392,0.0463029572775257,0.05904224274096143,0.026938286328944256,0.0836486520074153,0.05917597016893376,0.04448431089476398,0.04640537290037136,0.04103840985690702,0.059661729655217384,0.06561239543849409,0.05481462168858814,0.04390500064002446,0.04710528227238805,0.05126597278883552,0.04295174884848305,0.042033978987921605,0.05519241318070947
828,0.010443658894308074,0.15453079864792799,0.23718780098254832,0.043647104981646055,0.014958192005510044,0.0008081791310579805,0.040121672467977036,0.10654081599988625,0.017204337923008066,0.01656540137357807,0.020344091487126875,0.13825093208019404,0.004258143315902701,0.016878039280574308,0.005688964982955201,0.032354321246397734,0.02657027952659687,0.07642020950157985,0.009787871131418638,0.027439185039805854
829,0.012004065454556213,0.02096207082282733,0.03095087486260475,0.01924506991269693,0.021536456731588032,0.009311874939809622,0.03043108991210718,0.025499153397144942,0.5416888368770182,0.006006186362491033,0.04188014464947398,0.027590493918441972,0.007923989425243477,0.06313773243524239,0.0559992565507772,0.008847119284810441,0.030331254608981114,0.009033514347796564,0.015060277311736122,0.022560538194652504
830,0.04556237005817487,0.020360847088560233,0.022131522434457592,0.033640835695645264,0.020570566092010484,0.008571527995409297,0.05306342320317146,0.01748872911911053,0.10035777383377777,0.00737380873876443,0.019916905437156723,0.04998550840041449,0.009173182525096465,0.03777761222399367,0.03759717583355263,0.20576841660481135,0.2621243391040274,0.013446247464353751,0.015506245150266029,0.019582962997245577
831,0.052220079174254336,0.03200049881976226,0.006537405956464331,0.01520902505003356,0.05697461371058655,0.0018611201297294249,0.06550388975261806,0.06524773087839755,0.054259938644506726,0.08862956452099112,0.04571873395775275,0.043888557932442375,0.11618004266064717,0.03512532147688462,0.05654803057087973,0.01789374793977911,0.03511244002345821,0.0333874051191557,0.07146145724186669,0.10624039643978977
832,0.023623755449334052,0.049551425693889595,0.011899859975547135,0.00812765926918579,0.0069790952631199376,0.0058236103689660625,0.009995494902733895,0.3132756975566966,0.008487035083631805,0.21854341057684454,0.05275129601268788,0.011704372072335718,0.00304233438495337,0.01063028370444438,0.002946430731192285,0.0028444231921707975,0.005036431270010879,0.23971237792432296,0.006739186357565609,0.008285820210366694
833,0.046508453299798413,0.04284226125347342,0.07485617606812252,0.08940108712593674,0.020412596971047192,0.06669341436400554,0.05773787650356101,0.025001118843281128,0.04700627947774739,0.05246728675463235,0.034839108702912194,0.04265838610396922,0.03188322846891755,0.058418943018102965,0.03965731825493286,0.07461395950356224,0.07246591351537504,0.05371569887254868,0.020638394659732353,0.048182498238341136
834,0.11153953790208111,0.07282914847286863,0.012764706678809091,0.022866107906640423,0.012204727575458619,0.019486376969796618,0.06723424401544655,0.011982603702119803,0.1271390215777062,0.04174509883264058,0.053309201909821226,0.05740575737619615,0.0011449698905012004,0.13393695242011558,0.060586952456562114,0.056298934351926753,0.060701507556973816,0.059105243390584206,0.006676994957033962,0.011041912056717276
835,0.009580057476059474,0.028742794195171836,0.02319025894603599,0.030328812502089995,0.02351441595386003,0.015824567834474047,0.022073059833723513,0.02587706446172564,0.0216971044713626,0.010279166292664215,0.021515829555757624,0.016006562860942968,0.008845397594498254,0.02306588988075725,0.02764887618502196,0.010168562719795505,0.010649146857810909,0.01100792469254906,0.6279820510107762,0.032002456674922915
836,0.02289904172611142,0.009726572085135837,0.008325145748109001,0.007423686893559857,0.00805004767580997,0.004343806109271381,0.050911474415099627,0.09055276615846979,0.08306381494460473,0.033242998050451826,0.06593012307206604,0.01708182968497446,0.03225932772498035,0.1349605520867481,0.05066796382454935,0.07276240831588283,0.16778770782857175,0.07231203126487244,0.054679162141238385,0.013019540249492853
837,0.03034461683285219,0.021952042459843415,0.37940019581087897,0.1704903986681695,0.02285878272667627,0.0022244885506869376,0.02294751838294626,0.03026019392266457,0.030275242498137168,0.008043400858819775,0.021448055242571467,0.03498942506248811,0.008237501490052146,0.11665976936987223,0.007217903830152347,0.014924707406695105,0.011080889754186586,0.029027497343404596,0.019241832614972428,0.018375537173929986
838,0.00808957100933916,0.02102272579174624,0.025634204505857443,0.019389128406014117,0.04345294008717495,0.007781151505505065,0.016214932795279895,0.3481880612969776,0.0276355230218866,0.10242119696377772,0.03145374829767353,0.03910765142999655,0.0055485098878205715,0.01611653753533329,0.005294390156524424,0.011556320995095149,0.008308219451057574,0.2270328683881344,0.01829520904096724,0.017457109433838543
839,0.014720460988682129,0.016371333462865876,0.019925267241436166,0.01841454354125421,0.025844956472890885,0.12700791301271372,0.03102373825002902,0.02263652570253664,0.019712568534482642,0.018831834908083708,0.01762490447262081,0.015132396566569471,0.5389008345502212,0.01633524707167995,0.006776956037604367,0.031953562566402104,0.01444849269857381,0.008160471649416514,0.017707288964659285,0.018470703307277354
840,0.00660269302969961,0.022890305673638766,0.03169418261699242,0.013956760950501227,0.38897422820683775,0.006533568545200458,0.03301445697191378,0.013923986921459977,0.013610813596378868,0.004304656620732157,0.011500288959405957,0.020312620660866483,0.007449628255708423,0.018456595561916467,0.00423377630714175,0.007329549492561634,0.005816504083091906,0.0068040049035288964,0.009735407040627921,0.3728559716017956
841,0.017689693368807238,0.020600723245193513,0.015872384850521868,0.011793552975502108,0.012241349032683419,0.022617111358404315,0.0246712077411228,0.201886461555819,0.01779329705770475,0.3190255615007134,0.1285707865366631,0.03176354543162444,0.010883238255742994,0.023135528978442028,0.007618493540136488,0.0250051606406268,0.019475482595840525,0.06306234583285841,0.011304714198494001,0.01498936130309879
842,0.08853900375602497,0.05769033592155759,0.014730927654171928,0.014612602906735474,0.018124599787280735,0.42840647336148097,0.013119802158456475,0.020172627770366384,0.022620985339783264,0.005995887722415691,0.02131220528197301,0.17570181554358114,0.007708115530823719,0.04015903468341226,0.0036491451451670536,0.006679533510172172,0.008768624777941693,0.010216298133748964,0.022707980453209573,0.019084000561696943
843,0.011908588859093301,0.02351782330354538,0.05939074892198396,0.03968686295174544,0.014113823567277672,0.012002422332521525,0.017294900656739564,0.023883736584834586,0.48411072083908363,0.005499227769429672,0.14389371211882748,0.03718283563191623,0.005891549528498873,0.04007686245322438,0.016802439631762648,0.008410158109241212,0.009100215939978734,0.011765172249571744,0.019596980425184003,0.015871218125539894
844,0.013863483498841103,0.01919770720314214,0.02238876058047991,0.0304169383445614,0.01771039855402593,0.03370582009755107,0.01700666135234402,0.017038354289246885,0.04559638450616946,0.0058462959746244,0.03129531453488984,0.01729999122745006,0.00830666777073333,0.023864307771554277,0.6224678498730645,0.014091513564425506,0.008848266398609618,0.013581883164855453,0.020879076773913475,0.016594324519517725
845,0.014413014894816346,0.025327452159574947,0.03520007855732459,0.5465503263554551,0.022851358120956854,0.0039217178434318425,0.019066061721889238,0.0433063299134824,0.0888644464021383,0.00850950760514771,0.02589301866946729,0.022793181048842384,0.008834098385151075,0.032329002883946696,0.008609860192546247,0.007987817084977979,0.011561797659286,0.02503735595628225,0.028019779860347153,0.020923794684935732
846,0.022415924172326452,0.02157274237892835,0.6189864682427729,0.04982662686451225,0.023002989449928724,0.02056193180513684,0.012512617160317383,0.024100575756818825,0.024422050952690903,0.006380438521496694,0.023870863725275915,0.02809734530234642,0.005710470904514463,0.02393559303577898,0.008093299199120356,0.0064321812525540084,0.010187879190935556,0.013049613721510298,0.02676772407298895,0.030072664290045747
847,0.011135563479686581,0.036031973283583894,0.02151234176751642,0.016884449689147027,0.1087550968931364,0.03732209815018193,0.060169721565801366,0.04508128147498108,0.019758031870386765,0.29566204397622436,0.06569047771292326,0.09292663389951371,0.006620193800504615,0.09191353140000254,0.01372972467275954,0.013378730876179778,0.01317959755278468,0.016180599820258455,0.014688546006677133,0.019379362107750462
848,0.016814219511735617,0.024906956101331156,0.03701190234754442,0.03224440038050506,0.030433403828965814,0.025350049320882456,0.03112095532226714,0.04249233920633371,0.030590255746097306,0.01599054282398869,0.03263245297644258,0.03594606691251159,0.01376824697883023,0.03629831965344454,0.021016486492464792,0.01337407408256056,0.016881817159160626,0.014418986993111012,0.485806643366077,0.04290188079574586
849,0.010308932543075541,0.4946346543625433,0.10344596027827645,0.0673049485925145,0.02126797681292326,0.017119179195401915,0.012909959135426653,0.01689864290417417,0.026980420274792416,0.00837952795567008,0.022860669462596895,0.01982607120326602,0.007755565969486337,0.02583719478527187,0.006115034011753087,0.011919937066013407,0.008667124679803639,0.009742388394231794,0.0409186560479614,0.0671071563248173
850,0.019575373893901536,0.023002626814922305,0.030715329487118127,0.006812030687839143,0.028909309341513395,0.5465692427140803,0.016721797635715446,0.02544590702119329,0.04580017264410496,0.008421957706960331,0.027835087087223754,0.02354229841520845,0.008580753757548807,0.081443421493625,0.012111107185921705,0.008231663624727692,0.00905154675769774,0.034875328225512627,0.021711914122342395,0.0206431313828431
851,0.14867987264890348,0.03215301581421118,0.026483829066201753,0.022440087094087537,0.015559056538371354,0.009766589806386295,0.018440852172568332,0.020666753058795666,0.03388327392367332,0.011808835810196538,0.025116232006297774,0.017259184593905207,0.019944684136311317,0.03502699053983405,0.008892123199930794,0.476430875196361,0.020979796801431323,0.015786846832520334,0.01873096900534968,0.021950131754663055
852,0.009267689215822134,0.025951953823253895,0.030402378522366755,0.02109558063148158,0.07345963509525473,0.006614886556459074,0.01605141718152312,0.047703562990842246,0.025102186756641377,0.31530460969784463,0.2700009327716717,0.020777202904278237,0.00913521659903592,0.018374793676946503,0.014876874916874838,0.007463862049119371,0.022749450877701957,0.010125106814522358,0.026450035701464477,0.029092623216895094
853,0.013508433538466182,0.046801961247038455,0.020011057077103298,0.026997874780336065,0.0340505192862372,0.010738013158989389,0.04551866070951573,0.42937016081033424,0.02948626899788116,0.07510384299561033,0.01142091898048603,0.031831543184007806,0.010637836956247542,0.03467157263288206,0.01788399835240266,0.010453425147959149,0.02173219236678957,0.07863191208353161,0.02415960610242344,0.02699020159175801
854,0.005042085537996754,0.01501747882243508,0.014916581207824854,0.01590333019862703,0.02271094917401263,0.42404483381493024,0.015078092610602126,0.022518646283400567,0.013433575690149774,0.005187352838982341,0.028600113516449654,0.017090524358967706,0.005949416050847811,0.013645737465735481,0.0021299230397736615,0.1335342879210957,0.20028193296601746,0.012726954320312676,0.014317283765040207,0.01787090041679824
855,0.00449950579453052,0.07305620982536201,0.007206380969690496,0.010100665391820274,0.30023173884740983,0.0048297188792683935,0.10850469923296141,0.006287997296109926,0.01076814488028085,0.0017700526510458009,0.011858950631347629,0.024863841028044748,0.002064085590142137,0.005726035470494845,0.007305600050220286,0.0027635384508758187,0.003100462000186993,0.007344427251701928,0.18664275485650375,0.2210751909020022
856,0.017917103407444915,0.032425301407408756,0.0304662455927527,0.027024437529577092,0.048348749440308175,0.011240213200882115,0.02732288481323118,0.025365396331446577,0.031506123192538905,0.010246175498991093,0.03260461492788965,0.03204979783563847,0.010603176996043915,0.03456724163998957,0.5246527422275357,0.009135385680972481,0.013801887606321112,0.019788634330331654,0.02472227576973833,0.03621161257095761
857,0.008957464306988969,0.01756361864166935,0.01779045024582465,0.025243954882435082,0.029559466127182507,0.00593336941890377,0.02367623684044921,0.03275431018074334,0.03383077952882844,0.046796399942843785,0.051354857142000165,0.024465093081651904,0.578848611832866,0.0179171088645165,0.004800251222670365,0.014169612750828765,0.00850608037839903,0.013993163720810832,0.021199601206252375,0.022639569684135035
858,0.004911103622343614,0.008469180607310967,0.013998154152380086,0.023929662616138322,0.01711932661958551,0.006148904670279328,0.01552504728670683,0.020496341563678123,0.0349398135930109,0.006567082103160917,0.025649029328183432,0.020585837958523902,0.006941007056149799,0.0156717479312147,0.7152697451890813,0.017224750311960742,0.0073712143416584915,0.007138097700082447,0.014228324970016025,0.017815628378534596
859,0.12785430858394795,0.056660699274578195,0.004185994577483708,0.0074933909034943505,0.008879390428087183,0.024911530569313944,0.07463884219252477,0.007668405076668906,0.009731343870779589,0.025749692891007064,0.05428612208660918,0.0068066137509393285,0.0041115203568376025,0.1931779277636936,0.0035542913232381977,0.20343755250351006,0.16697152253857228,0.007561649654028414,0.006847144283082022,0.005472057371603718
860,0.017615512384033808,0.047818282431363275,0.01913631316958744,0.0285622003345386,0.026660897014147412,0.013248721234005051,0.01613502110573159,0.09303067574161637,0.028589974729575515,0.00840568817466429,0.040018105503036916,0.026554536614118926,0.010315252246739404,0.0286485308320947,0.008462624042553055,0.029320365135348747,0.4990294316478015,0.011750217385957872,0.02553828908571985,0.021159361187365708
861,0.014667345871116655,0.05755308006458976,0.022418488132195807,0.014996872492381227,0.02805069532180564,0.00618882844178041,0.025819816218885006,0.030948599984523827,0.0185135554110305,0.006807709710412883,0.01881491735916147,0.02442895206593453,0.009346876981825345,0.017874068677179892,0.003039181339966354,0.009463177139914073,0.01056337035674877,0.010200365803879655,0.6358588286166028,0.034445270010065386
862,0.3529343791007293,0.158654084744516,0.021785764996515578,0.019999525229700405,0.0332578160239107,0.024982690365466725,0.01995646879682481,0.02671397447009466,0.029105563081422883,0.008150532273681706,0.021287975945705463,0.0204351804927962,0.00922220820437852,0.01638829314450634,0.0069156425975155965,0.1436951670640375,0.006610963211246074,0.009507112030816925,0.02953955741424973,0.04085710081188488
863,0.1014500645144704,0.04158867063909257,0.03940121200547918,0.1029775946337806,0.07838918638368583,0.04240678960621045,0.05764537571167125,0.00671094210134045,0.046164417266961605,0.016840664306588368,0.04226319556638802,0.017137339444725487,0.0023279917059030666,0.14659587447807748,0.02060985797163183,0.08144662786031116,0.049825145134940796,0.0582688043573145,0.028347770326068972,0.019602475985358022
864,0.010615417905720516,0.06767380466148658,0.018337493625618245,0.023113592355081248,0.016827564320222792,0.008714303746952987,0.21109266034886162,0.015441462480527858,0.08497690900175238,0.005239948444945312,0.019853606593823906,0.2570856923813896,0.006100109108074553,0.02121822407777521,0.06964938918489609,0.027107259250990296,0.03107070421202676,0.009108808097673152,0.02621795615531149,0.0705550940468693
865,0.04564651145848273,0.019578758102005017,0.019190950917696417,0.020608433526251566,0.013249191786529576,0.008171537342212194,0.011982249650846861,0.3403254852713031,0.026519338841745465,0.1755334358887278,0.07784984893511256,0.013030061137041355,0.008438489355871439,0.019711437345392692,0.006257508446148766,0.005978457917495644,0.0083666059137173,0.1417220450944048,0.019391558226167466,0.01844809484284736
866,0.024815432573182836,0.03284258116830637,0.007925622032238596,0.01759006899125203,0.03498514045154424,0.02323009878216195,0.0985675521959432,0.05529577605515729,0.1418378125795137,0.03834773893219379,0.019334903725043824,0.0031319716755703986,0.11282488069248624,0.051576952085983396,0.0818838580914243,0.03465805051191596,0.05490571257858153,0.06320688187106936,0.03633062038224628,0.0667083446241848
867,0.0550248869288373,0.07947248823337029,0.04744614743343256,0.033175104352154525,0.04180194892563568,0.038903408554198916,0.06004210560271953,0.05292379562052837,0.013321809328754023,0.04437869022366062,0.07668936867100554,0.08442290944615521,0.036590567545378504,0.05887969657917443,0.04075917396598716,0.057887681352299776,0.06758913282640369,0.054478658505919715,0.02142448015991052,0.03478794574447359
868,0.010245591868782438,0.025836558974017515,0.026430956070126303,0.03645242866097079,0.028984738417833857,0.013744819363562118,0.0244420340498131,0.03796446602608657,0.02796901568707227,0.00920409393488098,0.03707938894690784,0.018494137845870468,0.006742241092940336,0.0288818432539284,0.009491277582738862,0.05804010224082171,0.463524104976196,0.08113768757164101,0.027395847913015626,0.027938665522793785
869,0.05499061772358412,0.16764831917540088,0.012415884639749688,0.021425252941074346,0.010758142654651867,0.00863709495198081,0.012186174926342606,0.06869928687609554,0.016642312074821974,0.011696775384956134,0.04204540046083319,0.014386469950632167,0.0036265633009886964,0.01627612100083505,0.012823980767391852,0.015198975489665728,0.11818455399769003,0.3616924686064493,0.017645514234165414,0.013020090842690605
870,0.07703879724831612,0.09815893801224518,0.015124050256087986,0.044451963067551614,0.04302902033808408,0.08418808225137825,0.07510875393473272,0.02179644284405968,0.04369187077983656,0.03548223444748938,0.07688041807146916,0.06722555777697735,0.0012333030451712331,0.03830775763229829,0.0721857669616499,0.04737404689269558,0.05055215979390623,0.02631106417123218,0.0368821367094666,0.04497763576535193
871,0.0370356501711727,0.047318665554407856,0.006453673587019145,0.004948479062695296,0.07965068960660479,0.013598582511403272,0.076837474100591,0.048258527998497606,0.14324557388751344,0.12240196626015058,0.11530287306943736,0.013717114574744142,0.0012848387606236072,0.037022131147637555,0.1571757561052883,0.043460192141039834,0.020401922377945976,0.019325086113726398,0.006769268947431974,0.005791534022069128
872,0.008296750439500743,0.16574345246695665,0.018778966080686733,0.009719829234142873,0.018804253710974005,0.007833337076443425,0.01383565092088679,0.1004240994317856,0.012854705600885167,0.11081684183231517,0.18735398748569818,0.014293793197906135,0.0032146536822935837,0.011018528352687724,0.0035193641120321445,0.008751665461909919,0.03830345526919096,0.24256932825224806,0.010675305693810836,0.013192031697645304
873,0.005726701142588765,0.007224108855824931,0.014642021410972405,0.020057456789418115,0.011909366440187768,0.007096074912995506,0.0925613258039971,0.011714588301682158,0.15346098241748163,0.0038008183173559216,0.01609358708800777,0.008522186325263829,0.003111911686472962,0.2533221060740411,0.3343795804086549,0.007357701670471985,0.014684946788428556,0.007291313215855781,0.013921782713293663,0.013121439637005114
874,0.011779783726662043,0.03936411102089841,0.029641406009617514,0.019738854761878356,0.14649334829887944,0.029840485248403673,0.04938358282378047,0.020410897905174797,0.06983053044261112,0.008261855045563355,0.03009279477219916,0.02840497156656104,0.008292532708510316,0.017970003701503767,0.3656434267038066,0.01946245762219326,0.016316725794002594,0.026001436837011272,0.040600385721016236,0.02247040928972657
875,0.009976229764399701,0.0536466186107433,0.013943545382412428,0.02851613810871663,0.023209105755512452,0.0067112622495454815,0.02151012517894649,0.38586742953637704,0.020517669205812817,0.09513002123992402,0.026097965175237343,0.012658180244576463,0.006240315743785481,0.02135916534711781,0.007793625595151534,0.005414721121741355,0.0013195141165106116,0.22486969265157306,0.021640925088794238,0.013577749883121768
876,0.024520154045442968,0.0974086162990349,0.011233014329696736,0.015101796174840783,0.02669929811671849,0.008368190127282897,0.01054874506461031,0.4640715436703295,0.022754388447959156,0.06928333148598147,0.03941186722118619,0.01785262493095869,0.004263238376429622,0.0159006421994598,0.020792836074408284,0.00459972862660708,0.021967614853883637,0.09058646282031774,0.02301789070170605,0.011618016433145669
877,0.07146368957861775,0.09169186365196373,0.0944237999458059,0.00787689465156048,0.007126049998038428,0.28544570087316934,0.0060494859952164885,0.009603206915927845,0.009627734722075895,0.002243921715679253,0.008118172378592385,0.17242921036038397,0.0027957630263070916,0.008602419569377406,0.0026539565045722445,0.18979520725738971,0.010281022950118962,0.0050185768257791875,0.007612263460105254,0.007141059619318691
878,0.060755057612849085,0.06630847018092716,0.05372227231766147,0.05408651388267862,0.04377757659098557,0.034507671064097654,0.06777972677993187,0.06944602572192367,0.028267706108652313,0.04006648509639064,0.040884853569489656,0.04261737724537276,0.058269999506559235,0.055291560172141124,0.020951100131407496,0.07129607233649896,0.06533740439406928,0.04806351153809308,0.03355985345324063,0.045010762297029695
879,0.05691966445014013,0.0492671805018639,0.08959280026678822,0.10635511489620408,0.0025496130619304747,0.04949841448783765,0.07726699682845971,0.002710067848659611,0.04010008832618248,0.0009417819152306271,0.006380830759322425,0.13500794562745969,0.015878861766258082,0.09299816211573352,0.07678139981716592,0.09497885055822758,0.06890583488145666,0.0026788398626383836,0.002719663382852867,0.028467888645588066
880,0.05410142735220494,0.049385102214958114,0.030474091575316265,0.06835067734171447,0.060975165755702866,0.031067001072922564,0.08958975816759647,0.002521344238594583,0.04525751504169262,0.07347898000578922,0.06309798017754378,0.09974200959739894,0.0162453462105327,0.06602340243109549,0.02846234200190313,0.03798881947535547,0.005264225900979823,0.006803300521677662,0.06886486759185291,0.10230664332516792
881,0.04816471628596262,0.05616281115431832,0.04642257475099385,0.0439000258293197,0.05002578777331912,0.03832237420166601,0.05268568460996672,0.04117891873768103,0.05624945878019741,0.04850007057011518,0.04326800248674115,0.06259390292326583,0.046958704630693036,0.051630940178965856,0.04576953678048611,0.06501937981525562,0.0588157851698006,0.05178787985042719,0.026756898293845328,0.06578654717697936
882,0.005909698259251458,0.05607889375033261,0.011820483744311121,0.011577722643040557,0.33091617344127433,0.005734495583227203,0.045928237346399316,0.008425035070490833,0.009905977021501124,0.003272574576164248,0.00980576603070551,0.007827999617492198,0.0032943195258436247,0.008461454715320919,0.0036966963543202266,0.0026873451136183823,0.004253937491089931,0.005480904450173283,0.08008848751406315,0.38483379775138
883,0.049008369346743,0.06087991663307357,0.0676228079622409,0.06784606938610906,0.06757175573159296,0.047249177166096175,0.0472446792774024,0.03374751165937175,0.03965384277159448,0.04638693864183088,0.04319612031170308,0.05563068167436855,0.012452963483511421,0.07517526375387555,0.043895432727697255,0.06051416628379025,0.0490266915154187,0.045234514331324464,0.03491593231346779,0.05274716502878779
884,0.0064164571494282315,0.123651098040316,0.18014995165749423,0.07275570333625538,0.08501100687117912,0.022008523823678253,0.013359231157226677,0.011311440147375021,0.010019164463033506,0.029084085596606413,0.09662565423311766,0.09128933699357326,0.002384279610944167,0.02821044657428737,0.003115291324368196,0.0841815252592658,0.04469303989208267,0.006115088539068521,0.027256697098174205,0.06236197823252543
885,0.07654939710435854,0.07352691971776118,0.012784571227690814,0.012173332594128347,0.1558338070795653,0.014004351484921415,0.08853954709743589,0.04721514498563434,0.00886139447317648,0.03441314264124456,0.044524508121366636,0.021289562948698725,0.0030451288821082734,0.07041955713723715,0.014944228927536149,0.035212406304025085,0.04260257480201552,0.05581700844440555,0.0543997482912712,0.1338436677354188
