site,A,C,D,E,F,G,H,I,K,L,M,N,P,Q,R,S,T,V,W,Y
790,0.06795348782060662,0.03843735365237216,0.017304435710786346,0.049112559986158745,0.05539648193543483,0.010902575926745053,0.04956102544825833,0.04424713469530266,0.04882484727257918,0.07690611393436199,0.05556199405180148,0.04591371399119429,0.044881718399845845,0.05693805432901353,0.04480703624163377,0.04083734647695877,0.08004008690845583,0.07794547046939759,0.03610276291850365,0.05832579983058935
791,0.11685065259330553,0.0995409998361046,0.012484846911448653,0.007802390281454174,0.01162850082504067,0.04935221762608429,0.011676659356123343,0.012458556685221158,0.009866714370950738,0.017704584199234413,0.011058790552365425,0.012178312000568457,0.5204055685710809,0.022990177361273203,0.00254050683515109,0.024906098794100915,0.031011889302772867,0.005656087567436404,0.0060237289258588895,0.013862717404424229
792,0.08031059514164869,0.049378597967594216,0.016195712079022217,0.03539536548672369,0.010281353975300032,0.06307650932482657,0.07242478762184391,0.013525270553269199,0.10127400472190863,0.020680905349307197,0.04041592277607559,0.08913131840275475,0.0020122316680084044,0.0582761637653036,0.10327822445490888,0.12406494945333245,0.07320185850382899,0.014295913611752127,0.00871627214258699,0.02406404300000386
793,0.05461774190163695,0.008457188304515589,0.0103221853109099,0.02757093446761606,0.010112917509303819,0.5981795329392341,0.06559263889307695,0.012952771591592221,0.015193755966501068,0.003694685316861281,0.0120700446424383,0.06211518929179024,0.005452883008853538,0.022361302765600933,0.017019484260473214,0.029716617663555423,0.006225581609653886,0.008078555648982052,0.00985787369472721,0.02040811521267732
794,0.011986722679542644,0.013915365190325114,0.01914940526637007,0.019413334967759974,0.01652252019273194,0.024916940522459612,0.038052880876478526,0.03947407751330348,0.039155237040978015,0.011249440065976701,0.021865824097256428,0.017166663090214987,0.01280311606968082,0.022253053666005718,0.6093101400880994,0.019901024625538145,0.01857086216288625,0.008506474599234483,0.01303138592028473,0.022755531364873016
795,0.02258322138533672,0.012306045433078153,0.013054987014626124,0.013999145178982472,0.014224342032272833,0.004865052945710019,0.015652302196604614,0.032001382834869356,0.014423640526181706,0.007225670865955777,0.013777559974806605,0.018812243545221662,0.022978134210853526,0.015610674322445742,0.00434807237510208,0.013839400403159901,0.699631964138364,0.03500510423323542,0.011573451793256084,0.014087604589937026
796,0.01569905871015649,0.011641659719926555,0.011512929821430212,0.01570981399070864,0.013990202295317722,0.01037570913094617,0.01478880364485975,0.03620036583486103,0.020080335043821205,0.0066725806279249456,0.013104698199146793,0.01623827178275778,0.01795323187910382,0.024496745842044244,0.005507381261783242,0.022594646046034384,0.7136286460345133,0.0059094518743096685,0.009892343197961674,0.014003125062392478
797,0.006046179128262504,0.022938349336061065,0.015232760692668526,0.010459315583203038,0.012374689499813222,0.014199208090691176,0.023392569005773082,0.015509197931779262,0.011187191155370887,0.009553925621084763,0.011627852953405704,0.017177635296553948,0.00991836789667609,0.015582903820415809,0.0176865552441885,0.008267663805960989,0.010811967478402636,0.005008856063482607,0.7423751057980631,0.020649705598143223
798,0.016752048756371086,0.012145849641054992,0.012585794878113399,0.01251126210617875,0.015159942230936469,0.005760055972933734,0.020199187976652554,0.014897457429319722,0.015182024823006166,0.022641622818785494,0.015601850873200354,0.0177217660648518,0.03751118700535086,0.01491772709208341,0.005092072967497366,0.7006129197820371,0.02533538959593765,0.0073506569651450885,0.014405477852106224,0.013615705168437848
799,0.00535166115970036,0.05691633112936711,0.007945706404113252,0.005216953467615168,0.032323453054873226,0.0019026109689904242,0.007161906152765213,0.2833023527867659,0.007481399646839651,0.45512391486823695,0.03634480372518647,0.0065520827275981205,0.004683190819140805,0.0063482482182590965,0.0016724595178042884,0.005350537246520685,0.02120524686969009,0.028236867991475085,0.0053886452979977064,0.021491627947060388
800,0.006949510004213327,0.013889318102185001,0.022721608203783907,0.0114945033752345,0.01394802871659976,0.00641212415844718,0.6097772602496255,0.01158131299431975,0.012794870460947282,0.012443338349806168,0.05247096821723137,0.049216118644593576,0.023393707854996573,0.034290030364406136,0.03960391722335944,0.0062218522888073296,0.01105693828101328,0.008197622493153972,0.010270024563893974,0.04326694545338197
801,0.053990017144395976,0.05585235614954486,0.012802539641333063,0.022605212402543835,0.012743168291294153,0.27384209111396135,0.008834934666426519,0.013273374747518073,0.00829972674266296,0.003967152915059104,0.009006168899908469,0.12752708229358903,0.005116546807639626,0.008068871401305328,0.008984654929141673,0.1992202311879524,0.02063422816935875,0.13496340650936695,0.008464711189935836,0.011803524797062113
802,0.05531596981574564,0.06281226880411116,0.00966237763149385,0.011432989422955833,0.011766312582609705,0.10546717895451023,0.05820544806521059,0.018909939493272347,0.11728035595096638,0.00222267837749392,0.011292646224874072,0.020213815632523835,0.00207994943688956,0.05843750721865779,0.06766839542176871,0.15583522175473416,0.15013494200128413,0.015042550567855277,0.015133007820485914,0.05108644482255692
803,0.17354883891816328,0.0692556639307199,0.008286734912683037,0.01996028163194964,0.042944502328778805,0.18316774740783523,0.019004790604022107,0.006822785601004307,0.011345007386676353,0.025420454031018388,0.03397332833076112,0.037429736272454585,0.0040637663448349895,0.07186391728495496,0.015687585641889133,0.21968699862850918,0.030474234676107187,0.010355612246061434,0.008827970050360569,0.007880043771215756
804,0.017869266733128237,0.007994170583164035,0.39786125140568696,0.33038156870395397,0.01206916985206114,0.015056756373106245,0.010360464195266771,0.012047121458826561,0.02179811071068534,0.003374189275366352,0.02408296118979458,0.008267151913926277,0.003942121413455515,0.09302559746184617,0.004417865431820694,0.004894475386219637,0.005140663502151836,0.009637843511453902,0.009330432428920317,0.00844881846916548
805,0.006610454004183651,0.02717309887295545,0.014874996471480183,0.013770257469424757,0.012940022878560489,0.007603249917653103,0.017345696486393555,0.01341292436825809,0.012185410227452934,0.0136375898382783,0.011830993895107271,0.014794065539480846,0.0067366243961039,0.011258046210373364,0.023764983541969643,0.007994073137573611,0.007926515796319943,0.006784850447801228,0.7573354358339479,0.012020710666681618
806,0.055188839200904456,0.06192585184435819,0.009738389155399893,0.009194912038351247,0.040271685467630734,0.053294244788999544,0.03088419614739328,0.03753285616745014,0.02592328726123393,0.049817716348824446,0.2715567898876607,0.01274299667374388,0.0026007054318392575,0.19001492908212328,0.023913571517068175,0.06965549321189553,0.02293932395631207,0.011461867413845002,0.006741251142896799,0.014601093262069494
807,0.04061139139291948,0.1573817898129603,0.035788566314595906,0.004863974774052122,0.004432066562554608,0.15103653996904517,0.00894553011769241,0.020494818587504827,0.004944915975520234,0.0033278872447832643,0.00411252136929739,0.036686179611251146,0.002960266318356396,0.006600904645739603,0.0019431010949818868,0.23524447232155798,0.21646550469440248,0.05583652940801173,0.004192465903797397,0.004130573880975691
808,0.03389387992567852,0.09587154246283475,0.05997387378627997,0.04642455929394185,0.0024080827792180115,0.036395004146086866,0.06963830782101009,0.041285062003813176,0.04639991193830428,0.030179413092381344,0.08525992574667403,0.0907435784413469,0.012764788736671534,0.09008717806923595,0.05615983738667666,0.0672917915042079,0.07319434823622534,0.05399009683296311,0.0026916953122862095,0.005347122484163551
809,0.07633678138698201,0.045162354754799384,0.11658705481782418,0.10941095582670536,0.004191837216356623,0.0395598531568686,0.05000323537492152,0.012609371846026047,0.04372614142850323,0.01981464882043134,0.043250893143959725,0.09859909600456729,0.0018145028462041798,0.11761278186232184,0.0325589227064133,0.08821328882431044,0.06555913994807831,0.022778373672471378,0.002023264147507036,0.01018750221474823
810,0.047856063935445274,0.1117743456692523,0.29140190794636706,0.12398036435259813,0.005291668992609507,0.02311221625805208,0.03339408612889409,0.004591824652690158,0.007063432513621307,0.0029450886327056984,0.006025596061884701,0.12143292569970725,0.033224758827858414,0.02544067179805343,0.003931821491169145,0.10631151339154231,0.02787526595101847,0.007154155900926815,0.007485645876553545,0.009706645919050336
811,0.011599871126609115,0.025238930783415197,0.01267771956363963,0.0064856610769896865,0.012941377098181916,0.003801531391772842,0.011490338087608033,0.16174046479502346,0.009852188287069973,0.17920141566573225,0.3683730967333647,0.011670477899123198,0.004154207537404209,0.020585356429843594,0.007453414630269834,0.04657493545965527,0.03732994629991763,0.05048498966642808,0.005308321350713674,0.013035756117237715
812,0.005009768238463577,0.009988573288972463,0.006562430195903787,0.010653678101666236,0.02428680816107634,0.004006514979494172,0.011834634016469024,0.20765472360648363,0.008049406046129986,0.5124965119449006,0.1302235048454412,0.007630415141059669,0.01225032995393834,0.008182431624529684,0.007307039935643771,0.0035330317596666094,0.004407734074463228,0.008682367670324006,0.010032306523506387,0.0072077898918673266
813,0.04981462861224297,0.03984386632208365,0.06501036964951538,0.08618897548930182,0.057944663495068965,0.062030543309277104,0.059775994930687616,0.037355637582261285,0.025259663632147045,0.05502162373767553,0.04542026573529117,0.06682720763688403,0.006227288903681145,0.04957632880153142,0.03552441591312544,0.05833768453375008,0.05337450107404152,0.029094149846755745,0.05834266345500629,0.05902952733967178
814,0.021715361607777376,0.1510591899062189,0.007139290642373321,0.007485528761494761,0.00667610467029213,0.012654707333141113,0.008122916291674678,0.14218022627051327,0.006863425098645019,0.04012067971484303,0.055284081327605095,0.005712395245007026,0.003272848456823615,0.010682260181691139,0.0024839927674705146,0.002646288867090025,0.20065287572496351,0.30243792988022977,0.00557107020244556,0.007238827049700115
815,0.007740191126421326,0.024679240735435256,0.014340575318278101,0.014360897800445924,0.0157208026816421,0.016520444603053328,0.013406745806377782,0.014137209874521176,0.015332257518728727,0.01750476611400759,0.013219919810958061,0.013004669204001675,0.00814007905755777,0.018747278085398947,0.01593338568352088,0.0075168890239146816,0.007414283310849162,0.006660552998149113,0.7401467099197011,0.015473101327037225
816,0.008446902625331845,0.014365806090859015,0.02558568535663963,0.011130165274285885,0.013709604096990858,0.00889334925096834,0.02360241037834791,0.03887084636775193,0.03275159441294533,0.0054989025712715535,0.013284550747544416,0.6431183856262704,0.007736830050530379,0.01249986785837063,0.005932367577556222,0.025187869118224532,0.06331825426259292,0.012445311575744009,0.011803823301015023,0.021817473456759145
817,0.01896291167264839,0.009686986970739468,0.007799178956552649,0.013213753244698152,0.007691907688351357,0.015645340902511993,0.054158959552423995,0.016295207551710617,0.22221273745546566,0.007433462649911675,0.0372062708069125,0.054279749072628426,0.003775581102584665,0.1463930606744019,0.2771508516210707,0.03041034999198637,0.05761784861943365,0.00631743213401915,0.006625390708702167,0.007123018623246471
818,0.0213491179116973,0.18948183408745378,0.004685503597864549,0.02406959726593468,0.03419290503745034,0.00662613000560847,0.010397142243241455,0.08039812950861819,0.0044110432738463995,0.07225207761303469,0.1432716249388571,0.008822052216768054,0.0023933692612841256,0.005420774481634108,0.002071352499287491,0.004548856990670737,0.15212932783560626,0.21495833143530987,0.00450988694054819,0.014010942855284184
819,0.00850032020279238,0.02557288497478648,0.010179177531054115,0.012203273041834111,0.012384574069163776,0.007905586929717332,0.010565649664330207,0.01546742520603312,0.012394014261072483,0.011036201002222258,0.012468627471093771,0.010464058236955972,0.0057429738859788694,0.013980276375151457,0.03891242079233963,0.00924153919783092,0.008370935934347483,0.0060536537765818145,0.7570545926018171,0.011501814844896653
820,0.012807566881476657,0.013906370741382621,0.01409275564778257,0.017419477259285592,0.022794240819319415,0.008404732927172639,0.010757985444131873,0.6514165658509458,0.012579305938619724,0.009953967740303032,0.017716404298513542,0.019976310023978056,0.005780540548933307,0.012631530397697292,0.006523930675287661,0.018254502493274163,0.030525451338034953,0.08450514308712109,0.015763229148069647,0.014189988738670334
821,0.05274893010355191,0.05001299067650891,0.07430281569587237,0.07796561065215003,0.05800036845783751,0.014301093931858681,0.06129843561617974,0.0647294561964145,0.01951200670893017,0.060717128033365715,0.050642797930303074,0.024805206454364032,0.0012145733146890706,0.05610797395865436,0.011542451093445668,0.056547574568817933,0.06552261044127057,0.0515992117260674,0.06595478420478258,0.08247398023493578
822,0.03915086830394998,0.06513054893586755,0.09680059137955498,0.13614331387083498,0.043008361907032035,0.04269868166185594,0.04796217633817712,0.004719390363812331,0.01636834050564655,0.05752242860627909,0.05833441310245075,0.07490597881564089,0.002262212148851242,0.08195151294314644,0.021580741106536017,0.0707632406524683,0.06419672841358844,0.007649783682516502,0.021697884098178122,0.04715280316361279
823,0.009225410386581352,0.015775530140339798,0.024747047198416996,0.017916872625133997,0.021129949231234808,0.01251111848965441,0.03399815755546911,0.026502479015974217,0.030907279708414812,0.007263046432573248,0.01449205548268317,0.6657425785595843,0.007360921342752134,0.01640765630675482,0.006738501867934759,0.01637328374306594,0.020096971287035203,0.010894265945367984,0.012675725845190687,0.029241148835838254
824,0.06430208817597698,0.039657464818357455,0.06826960860695563,0.054301809605393596,0.027478181224225403,0.026133222312804617,0.05790644078229553,0.04735177553547493,0.059784117117012286,0.035584651177318655,0.0509517327771119,0.06080127607109481,0.08347767579962512,0.050586363372243585,0.036564852986509015,0.06236423326836659,0.05957126430548503,0.049404115958789276,0.03799429423236622,0.027514831872593386
825,0.028055193372623726,0.047635664814349506,0.025218638574464377,0.020992953163250214,0.1004728283165579,0.01598932667526208,0.10730605971485281,0.00692158368549458,0.07614647455935596,0.01896447271271959,0.08721182358135132,0.0626052380763632,0.0045314672768669104,0.06705204955587009,0.04279447523124864,0.02911024764616996,0.014421840357362043,0.0071916076498123845,0.1760361045818856,0.061341950454139094
826,0.005463028449233762,0.12338350007736655,0.00903238945679694,0.013544451067057227,0.010654785765141206,0.004468585152136975,0.013133613756410931,0.06439803288563486,0.033299786902540124,0.15746431117266232,0.3714827306284776,0.010794546342691301,0.0068312849693124116,0.02705396962513465,0.011754378829102415,0.004643843136047965,0.027514118346687173,0.08615173221974536,0.009683463055501537,0.009247448162318603
827,0.049323375771834925,0.042569301929738394,0.0404968352172305,0.04600593463929475,0.05823149134510893,0.026729735404000438,0.08087563820909473,0.059428894952535144,0.04445957149169397,0.04638874899543518,0.04174474171059262,0.0598820690495147,0.0649261477081171,0.054745880315747654,0.043743924021999246,0.04753513712579025,0.05113705061212299,0.043206420367357924,0.04279849536531969,0.05577060576747087
828,0.01446735224271567,0.1399624632313181,0.25423480761094897,0.04607952649801248,0.013759772769596864,0.007632348826736273,0.04394487794375703,0.08995919229629978,0.020731548407253372,0.019853589273141337,0.0213047048050676,0.10949557058924231,0.005308527051437337,0.021268890632364076,0.007452696814640072,0.034789573297769764,0.031126663467459525,0.07722130045014607,0.008506638993446666,0.032899954798646755
829,0.011564500463006092,0.015509426009657353,0.019871180143168132,0.02663543120410324,0.015559122917723274,0.011635941395782431,0.01937356194533267,0.0174740949033231,0.5808707165287988,0.006420289501146107,0.04282269322855616,0.035228146127537156,0.008422980473912595,0.05197629001694029,0.05006073534035662,0.00904267089929888,0.03794418636111422,0.008121538943458531,0.014073967808794233,0.01739252578799012
830,0.0501904298610586,0.026612096301341353,0.021077283518322346,0.03357455300088648,0.014580344034995604,0.00959005215303955,0.05276036641266566,0.03102502784782515,0.07968227505702984,0.009322562548112688,0.023225538019340634,0.048340629866517056,0.015754666363298322,0.03725114306738528,0.0395882041710211,0.1899419661523775,0.2685646336004425,0.015610326200233006,0.013972546629351275,0.019335355194756047
831,0.052559284408490024,0.03465044832286755,0.005834477345790814,0.01894728254865063,0.056170642930283704,0.0027832466876816717,0.06477473447178271,0.06370990959186694,0.05295534673983143,0.08668133953048641,0.04677022270660114,0.045200620203881804,0.11725293835096513,0.03665511772247274,0.05719890254052353,0.018843271240863164,0.03507250807286303,0.03463066195504466,0.07041683908248896,0.09889220554656397
832,0.02579437972593657,0.05615571778774581,0.012958560602344968,0.011923409032370996,0.00691888957716075,0.008214409243440393,0.01035648050739064,0.2367224251412592,0.008119999058820306,0.2356646719355622,0.056767403134704776,0.010677195436057434,0.0035258530748305747,0.00997406267595388,0.003624721395354773,0.0038138037242736295,0.006272268274721249,0.2780553967824935,0.006708151976867603,0.007752200912710619
833,0.04551315633300277,0.042936672696111795,0.07304084748126893,0.08624228839783188,0.022329421977306054,0.0661023857902827,0.05745928018153607,0.025858646987775586,0.04701510078098906,0.052219714497286435,0.03648576696568073,0.04476317829315781,0.03194943312787855,0.05849223907833984,0.03968488695768598,0.07390923768074657,0.07205833315906703,0.053425967323723796,0.021826750958949936,0.04868669133137845
834,0.109308469478402,0.07158848748778178,0.014197708957885517,0.023125297051531667,0.014881252759130893,0.020226958663626206,0.06648190554189437,0.015875740436692307,0.12761619281456313,0.04244410411945277,0.05450936138693263,0.055879867424556216,0.001528169238560145,0.1275735034349124,0.05838390685884919,0.056605941698701846,0.060245008393081105,0.059015549483023344,0.008258815287606995,0.012253759482815528
835,0.008315394342799513,0.03230706445030349,0.01564855906545431,0.01900481501051204,0.01868766282235069,0.020478813862862308,0.01580658720092816,0.020690596457252686,0.01527338461415255,0.01716648761136379,0.01584668350897384,0.012071848152570975,0.008425945175202116,0.01692299203097977,0.034400172800479314,0.011537292265886996,0.010171234992114917,0.009424083968321782,0.6676518487963632,0.03016853287112767
836,0.023519500742038898,0.013177389102437995,0.007174565035258865,0.0067417951484391135,0.007667612402221937,0.005229047642762319,0.051771607587182834,0.08275227152791077,0.07942965835785894,0.03599558915166649,0.0662255397689474,0.019686834472976342,0.03377306517356632,0.12384598334033124,0.05255645313231186,0.07063803199812986,0.17492886775516028,0.07260648111336296,0.05580566155070074,0.016474044996734796
837,0.035603437024519076,0.017136663015460452,0.4442331795476169,0.12339532475379777,0.01711874732304807,0.014666524032730936,0.023795576721615322,0.019930982517700774,0.02026263861790607,0.009158022164690699,0.021984164957333203,0.03853656411741069,0.008076718447541317,0.09749477042669323,0.006933287372676741,0.02013638818314926,0.010362168198140885,0.03391320406167209,0.015402536442301265,0.021859102073995298
838,0.008918504281553405,0.015870977702123975,0.018227173925609904,0.014923373257728237,0.03895037267541627,0.007426658449324022,0.013255902333022485,0.3927009912891075,0.018966178336408044,0.10285362089306609,0.035266760270664936,0.033354883312742015,0.006270273716423736,0.014855642125063136,0.005614405522303373,0.01760045054327795,0.016539657178029587,0.20971633529911196,0.014526880965528843,0.014160957923494548
839,0.018535163783385603,0.01354697293710755,0.014710626613346286,0.013832999403509925,0.016394006615952576,0.12559405974448198,0.026108213700422937,0.016830712848511474,0.01440783673366802,0.026427014618949026,0.01401313124905708,0.01235544687059024,0.578298394993504,0.01434060076458834,0.009070805765261824,0.03401434917294155,0.017015380130829413,0.007433196625690874,0.013363757993291715,0.013707329434909507
840,0.006263458031914945,0.025209716395156415,0.0389695846008546,0.011556808281139174,0.31937963666643276,0.00793355876318934,0.03202417333460439,0.011647288739893479,0.011910487677513766,0.00721907987859216,0.010180443006115644,0.027449149238276127,0.007088187444510914,0.01619450709746992,0.0043424568757585765,0.011307458422966462,0.005598484084505531,0.007319746125994948,0.009057845058955113,0.42934793027615575
841,0.02053128065371949,0.02797414880527258,0.011995138181066275,0.011813725550716697,0.011877287764614773,0.026777742812383876,0.02679393642387462,0.16441713329198462,0.016527753370760432,0.3362376691363636,0.11627157176987535,0.036609149754139515,0.01648868810476333,0.0296809376302947,0.011416830390267594,0.02848024213085686,0.02126708680583884,0.06336408743475093,0.009631854575181146,0.01184373541327474
842,0.08544681466867983,0.05513307383039213,0.011881268611835609,0.030196856802008978,0.013301542245384065,0.45268825962617304,0.016183539572923972,0.015077946766155334,0.02020910681503982,0.00662130510858842,0.020395490308878845,0.14501485029522532,0.007360828847660486,0.04175164727689814,0.013840252917508176,0.007418061634483664,0.007651330720577078,0.01663126218927265,0.016345760472611416,0.016850801289703097
843,0.011981512280325388,0.021056244855890232,0.028337113525516933,0.03360388377938973,0.013319268214176503,0.016093971705214257,0.015180412315123126,0.032919376219306844,0.6016660233177662,0.006123797111274306,0.03786199273720779,0.03937559109486143,0.007414412924771627,0.037442805648615206,0.024528487999583102,0.009505276182964689,0.017808992094875662,0.013006788144255982,0.01659280057124683,0.01618124927763424
844,0.013133357099463264,0.014080869544262088,0.015990256231011146,0.022186704292847456,0.01340590646011833,0.031026842352414163,0.014993126099481793,0.013003365910116442,0.040430207643961984,0.005379148429128784,0.030844205922047525,0.013194798220304118,0.007171636704751559,0.019075138972456874,0.6635536290898615,0.01871024569911525,0.010065086151505689,0.010936942626798419,0.02971328418714417,0.01310524836320954
845,0.023286820166242016,0.017353541986328252,0.040724191769596386,0.6032447272398419,0.020188326234817342,0.016692062745413887,0.01696962239120785,0.02379596101165456,0.057550476840283825,0.009051137944814212,0.01910609019736687,0.016205628521944796,0.008515933426059266,0.032581440439571105,0.007877432648867267,0.007083690352791345,0.0116656734938088,0.03467354964008314,0.01776019024879012,0.015673502700516907
846,0.0247384726428618,0.015248388807677614,0.6542315836894175,0.04266521513072605,0.01565759200290577,0.02524140978752733,0.012936555932210743,0.016765655691046998,0.018841390516492435,0.005987917442411418,0.016664861250249297,0.03637731144474823,0.0059849940457011854,0.016648526920149516,0.00816309213867237,0.005749254720827954,0.00853629212700921,0.014867836382054597,0.018243055963087507,0.03645059336422245
847,0.014648953583400397,0.03357176290933004,0.016049930363110587,0.013127967465692059,0.08409448940502247,0.042173148370789275,0.05063034827701591,0.04720590667450416,0.015004656162754098,0.3270677340653861,0.06220833941232304,0.08488370909867778,0.00810602665280513,0.0868951182519307,0.018829776467153853,0.023018415029152,0.013116979200097759,0.024392865207914134,0.01567537020386726,0.019298503199073253
848,0.01399544973976323,0.03361227109597386,0.022590480061128432,0.021490569520671087,0.021017176877337177,0.02982181175435014,0.02102080676686412,0.029171571319574176,0.02071546243078257,0.02429969428215709,0.021614432123133315,0.022501652794562246,0.015588678890285519,0.023394221348805293,0.028460727426164786,0.016297604345175867,0.014092390469246305,0.013124998110932562,0.5760239759236384,0.031166024719453858
849,0.012434574579702562,0.5278568877627631,0.08240082972088514,0.05909440418893643,0.024439235157097713,0.02514981333356219,0.014210228024721607,0.013420407624354624,0.018304707438854942,0.008377459586079147,0.016765331259972177,0.018220366379499548,0.008058422932368574,0.023484802442112818,0.021318576739232844,0.015626276387580743,0.009102304888130878,0.011598807158569271,0.03803648765383623,0.05210007674173955
850,0.02506695401652277,0.01639591717652075,0.03219243325877236,0.020635204680328416,0.020008403122410347,0.598247173044509,0.015601720515447346,0.017968394607422167,0.028323150780666818,0.00947917241964225,0.019073203426650344,0.017584153504213756,0.008972543098640566,0.05299233531137887,0.024961990052819603,0.0075797662756175955,0.013234702220252728,0.04013213939065089,0.01650602722705443,0.015044615870479082
851,0.11819434594331307,0.02456308408072766,0.02090666374356448,0.016173629372166844,0.031536036098162044,0.010271476625432834,0.01487357462233927,0.029364959670967663,0.020708016245345448,0.011545680799789076,0.01783981899460654,0.013795674680158626,0.02582010177787446,0.021318620312037823,0.007954736374929139,0.5366631014173181,0.024679884542580684,0.013298568117114688,0.013836623756443326,0.026655402825128238
852,0.011411928954737013,0.020682701981717618,0.02544451641239409,0.01749488334096205,0.057206981113960054,0.007080021919847447,0.022923482549778385,0.050659318680837034,0.018951127130177603,0.38665501709463673,0.22508512602178166,0.017703347039951463,0.018560430924693682,0.01695137711982107,0.021812042555908673,0.008568944804679422,0.01968884659156934,0.012440256081006858,0.0204967107504038,0.020182938931136044
853,0.013762631695088198,0.04603505497929577,0.016276353200579505,0.01860394450084581,0.023681991083785853,0.010032701510855314,0.023192136302524962,0.5039639178560202,0.024834764536379922,0.07203882695130502,0.027721732247090018,0.021416678661101366,0.011471129479282137,0.02278104114055933,0.026341328322592606,0.009790330945736255,0.029851327949254224,0.051633356528355066,0.017481478284098694,0.02908927382524966
854,0.007164446377168823,0.011611580336978079,0.012875982358118333,0.029031423000327617,0.015391627511537553,0.4385127812839324,0.01183555962937439,0.015515795141514225,0.013686162157376463,0.005394587033522681,0.028179393534878375,0.014149938001577196,0.0052887131194483865,0.01308273197948094,0.012057952037093552,0.1296292432536443,0.1834901282825955,0.018310681540758402,0.020256939687721548,0.014534333732951224
855,0.006619618057253389,0.07504650279126984,0.009641865706779362,0.009013597981289782,0.26032390445068704,0.005510102686243916,0.12620912688952526,0.006062623775739635,0.01028748197901683,0.0038347706977328437,0.012449149910556678,0.029864525148054166,0.003796782494529328,0.006844824046780235,0.009892475621643939,0.003588015747981378,0.0032886028870695544,0.007779995866821157,0.17636674695253265,0.23357928630849298
856,0.014069822086784029,0.021025723933007275,0.02029856664833445,0.018839598548528735,0.026320842300596184,0.020127206189012564,0.018401911216287675,0.03331754083424319,0.04197844174071244,0.009698648142772099,0.022222262117859094,0.020037698588168396,0.009676989825097104,0.020698749882290663,0.6012374868708784,0.019641326569701127,0.01688363259513406,0.015300463011994267,0.02708532810746118,0.023137760791137066
857,0.01480278995171317,0.013938596966350658,0.0142266514564739,0.01800205296969103,0.023264384709199754,0.006766640617230681,0.029953760249866707,0.02030624836603212,0.020829168599559408,0.047721640104460915,0.025800993633025637,0.016573379874473826,0.644228295930472,0.014453007813113887,0.00615665589924225,0.024637470782432322,0.011728344949868403,0.011640773481850249,0.015903264407912395,0.019065879237030663
858,0.0044867315486029355,0.025596414614278338,0.010850301934241047,0.016208715078033325,0.013993891031838216,0.008928082055511296,0.0247840904198757,0.016840042380200215,0.020219005990055966,0.010427153127928995,0.01753831589157158,0.013823396799134845,0.008963362509154754,0.011605782512121894,0.7348364815998928,0.020551025621071587,0.00683652050067501,0.006885410869757772,0.013860035171663463,0.012765240344390194
859,0.1226240639336222,0.05918910781334696,0.004024431214582771,0.006764898390990044,0.010383968302952887,0.02735392470231349,0.07562164014597549,0.013185785554898688,0.013237986754588468,0.028371459254539235,0.052149595584373896,0.010150316216839999,0.00573575107121144,0.17091866169847658,0.005021864102686025,0.2015890814952214,0.17384642144951315,0.008743104636823361,0.006027592815972174,0.005060344861071746
860,0.024945971856891864,0.02386648707205811,0.015064417969236113,0.023539419556709976,0.01958675590008124,0.012945894170884311,0.013293440818023824,0.07424853675169317,0.024536647477594226,0.008398505547089255,0.026713487192406266,0.0308835941588553,0.01728994178807787,0.019780412055434207,0.009152452094354974,0.03556009362166547,0.5722470317047111,0.010814444015473957,0.020732761783246307,0.016399704465512404
861,0.012027811566828991,0.05264263518073504,0.015817681069737213,0.011644952320281158,0.017918537066355964,0.011111101367651853,0.017318938784693882,0.019071247155368565,0.01363356604807868,0.013728899776085837,0.014262531133618873,0.016752601311820204,0.008479927313022027,0.013571758661369863,0.01568943093887182,0.011048276670588518,0.010106185068283464,0.011440521579381935,0.6873388444556978,0.026394552531528306
862,0.4545109855685166,0.039266307737873395,0.032918158531764045,0.016607400070346487,0.02292420695418852,0.034133422833552474,0.016817268581502606,0.022758073798298552,0.020786564923918196,0.008671025407909948,0.017041138885863942,0.018543137167859988,0.014967472239755975,0.014864084960488237,0.008639767526761849,0.15977741810698978,0.021033872551378976,0.0285388869071639,0.02162701899435443,0.025573788251512106
863,0.10042798151214026,0.044215952555745945,0.04011815660903975,0.10509943865076381,0.07778826033145508,0.04253623605411911,0.0554615256028921,0.007219432298914308,0.045005160145741484,0.01849283096350494,0.04489010312430818,0.019971417257211927,0.0025852588688498766,0.12958967084161274,0.021622902140844613,0.08190385058157518,0.05076419792884271,0.05875355360587361,0.031388244633470924,0.022165826293093455
864,0.012273575656317917,0.06460793133056086,0.02397690168486485,0.017078073890676008,0.016247043108556212,0.012013124158270832,0.1762670209437055,0.02178503960297616,0.07829773290492996,0.006333914508122325,0.015483966149923123,0.2955338588222333,0.005989025522613275,0.01833652560888335,0.07506284140656362,0.029164169823820908,0.03510651819465825,0.008704922898684206,0.023133241167307406,0.06460457261633186
865,0.04562340274366545,0.015143336155554701,0.014245411373026788,0.01778822705589812,0.016946317596326005,0.008690374547846389,0.010508189903080828,0.3743714683649107,0.020479065981031146,0.16813037470100836,0.07576473421381326,0.020132670545419205,0.008006337904687955,0.015331925594606664,0.005984224146282542,0.011235274619917473,0.016327169303238746,0.12674251140088982,0.014380287385546461,0.01416869646324937
866,0.026434681979924563,0.03528881866234584,0.008971196560851736,0.018731262267018378,0.035474580671962054,0.02501056268132265,0.09269008322035266,0.05437313624995883,0.14215010858972,0.03890855186715319,0.021484892359625016,0.01237668984018459,0.10769989779475551,0.04853557051943311,0.07635735274784407,0.035711714688351985,0.05380250732476279,0.06291309447333716,0.036975996403450506,0.06610930109764535
867,0.05489258644067862,0.07804924951374394,0.04713549518707385,0.033926656186831,0.041920120776423396,0.03873211006824968,0.060047088152489436,0.05282081408123566,0.014594357727643456,0.04447804737636512,0.07622089825770646,0.0841650119934934,0.03655452460594585,0.05859178682327315,0.04072353535294022,0.057526716612556324,0.06749537057007733,0.05470947586187603,0.022371055416019966,0.035045098995377146
868,0.021853611697934334,0.01809073766230897,0.017978793439339096,0.021503367796215405,0.020957750980893555,0.012397692104509228,0.018493841403313182,0.04111016306455722,0.03226650351514126,0.009768299598364264,0.025321863960358293,0.015004991400919524,0.013944957927796658,0.01899866271909166,0.01053404973185037,0.056813483894978645,0.5276217355346128,0.07920958433146025,0.019257474978540082,0.018872434257815252
869,0.058382990993323954,0.14334926324758654,0.01757796771932309,0.015693444274882864,0.012410405722098311,0.013991380935351122,0.010306218124518866,0.05288798730148935,0.013182223537788895,0.016528723417061353,0.04478090718687979,0.013294225789161179,0.003661872007023094,0.014023326589143417,0.014844359470587086,0.01849074759371468,0.11720448643650046,0.3933112899555935,0.013488418260059079,0.012589761437913356
870,0.0761290287573422,0.09394738210682908,0.016870441503621953,0.04518853645010262,0.04400813890554162,0.08315075050481831,0.07400315763010355,0.023436151077038125,0.043814137517369844,0.035921459851999425,0.07467303849821574,0.06703361497955558,0.0018921773990590992,0.04001556592396833,0.07149958400884528,0.04702173478029761,0.050373745594590326,0.02727820335186497,0.03847516319468288,0.04526798796415344
871,0.038435762474004355,0.0443595801089944,0.005858020155387347,0.004468086912177992,0.07854153734351195,0.015560714632989118,0.07576284643577058,0.046079664254321806,0.13597877554366924,0.12297104187603469,0.1180035013901855,0.017158528080303555,0.001608398578611302,0.039373889825876064,0.15496361757713398,0.044787937648442765,0.021908515514663034,0.01985042232558956,0.008935641598874628,0.005393517723458125
872,0.01760530054292327,0.1435461389268285,0.015412991605574166,0.01704171760582271,0.01498266254520643,0.01219149932872897,0.012303764326400644,0.06196345364533833,0.011926833153494612,0.1210530642210852,0.17977355882232152,0.01219862213619277,0.003978731054995326,0.01140863364552667,0.0038371905562340543,0.012548044360429602,0.04453709314838658,0.28180672349350794,0.010237448170003499,0.011646528710999164
873,0.005519386573919298,0.01576850481300274,0.012634994975460083,0.01579884314482748,0.010694125711255142,0.01130115841062719,0.08732379709148923,0.010792008529169457,0.13609799182028554,0.009803063562943679,0.01236162822687846,0.007942898532536354,0.0057942881583170425,0.22339177388088283,0.3746851761057499,0.009653450949578124,0.015647950828138097,0.007143910601388702,0.012487613385449813,0.015157434698100948
874,0.016044587325483212,0.031169753061197847,0.02076606480345229,0.02045506659740608,0.04460803864957632,0.03164501790214035,0.05411662501965699,0.02389647911271837,0.05359910340663971,0.009780577036897152,0.03000137797764721,0.025327578742286003,0.00989011374556925,0.019454439690717237,0.45300928894271086,0.02625421897880716,0.025544292530584434,0.03686642744946294,0.04646913771211073,0.02110181131493577
875,0.01473228236128078,0.04994468825124896,0.011257101288674293,0.018306997084792463,0.024739628377475852,0.006800351231760939,0.01867857748699425,0.40881431542154,0.014705539612146388,0.08937599688580039,0.027756413140436823,0.022036137331279553,0.006483779346447152,0.01790856095160803,0.007955430065774873,0.011680992501119111,0.01109366228321196,0.20884609826641798,0.015008518511690466,0.013874929600299781
876,0.02866469770851753,0.07797654957902721,0.009617449722284713,0.012037979390590814,0.0314828693109328,0.00889159851264631,0.009082420872713824,0.49576447363070675,0.029765080531078996,0.06642071033972105,0.03578677202925308,0.02177198607674984,0.005474701388522703,0.012205876666144283,0.023902842898318566,0.0066930273752733105,0.02790187085424337,0.07005429540423179,0.016665613229082468,0.00983918447996064
877,0.07467056094058637,0.08648614144772637,0.0824016015930043,0.00727350457064124,0.00659175571092251,0.305822381230928,0.009795397863999659,0.008434186709903509,0.008522163221877163,0.002505277796064983,0.0072834028707092005,0.1626249023510399,0.003391185742652478,0.008591232598586672,0.003913693534465728,0.18816380084426176,0.013451254311677345,0.006940803111297138,0.006843948356580281,0.006292805193075416
878,0.06041719818642866,0.06569286294744932,0.05341055175082205,0.054132749728617764,0.04447468012289119,0.0342809588452276,0.0674635599428208,0.06913064852986783,0.028899778382908622,0.040219102369911906,0.041879519146926614,0.04219083349910094,0.058275196886777895,0.055204933884354,0.021331575429541703,0.07086744904018434,0.06524006369700198,0.04770307140858617,0.03419646491189225,0.04498880128868832
879,0.05689992852657554,0.04974511860473249,0.08747306962707008,0.10690706206894092,0.002969938211703447,0.04901140145079738,0.07696441736388858,0.0024794224226408934,0.04104023205906872,0.0012041161182796015,0.008272110171927673,0.13090795028782878,0.017102782464171497,0.09114409908365824,0.07650700836842592,0.09486294897098872,0.06909172251452178,0.004024688992369004,0.0032263792720547383,0.030165603420356013
880,0.0539548887592386,0.049732097803468815,0.030747398425948053,0.06818528389818714,0.06129742637691721,0.031719947610125164,0.08878807499057044,0.003960650545059578,0.04484647000555963,0.07333806552958035,0.06299388761067594,0.09782374256594634,0.016674531303398632,0.0661923553659366,0.028738466107161218,0.038234072186549804,0.005807382217470081,0.007929076099384324,0.06895048815445566,0.10008569444436644
881,0.048147222993345125,0.05624823857997099,0.04691400826911337,0.04377342717189089,0.050596280406183976,0.038570196940427896,0.05265301155100491,0.042029575497848574,0.05577567224236182,0.048471240685483696,0.04262087425013894,0.062292070380194554,0.0467970965386773,0.05160472136093044,0.045200254094848596,0.06442880501070662,0.058777685782544144,0.05190979970172832,0.02823422549673291,0.06495559304586694
882,0.005827122165282763,0.04807102262260634,0.013381325994788605,0.010044090743146628,0.29704258464320765,0.00545150274070979,0.048717660614994975,0.007638381720220283,0.008888879931644826,0.003320836997219694,0.008844902408973848,0.010961363973678355,0.0038282250137138198,0.0078093690092049355,0.004285039259904752,0.005181267778975361,0.005451025238478663,0.005348213571762223,0.08032396729928144,0.41958321827220507
883,0.048878650914747614,0.06073591790009911,0.06708340322803918,0.06762130114674647,0.06733035541236183,0.04735378041247463,0.04728139600429152,0.0338910492296215,0.040268796745564224,0.04636671483103671,0.043013314653839285,0.05500962312870563,0.012771806393370213,0.07441724117566018,0.04401157962102725,0.06059114677000905,0.049361553258877144,0.04524652441826163,0.035553375550888076,0.05321246920437878
884,0.009500140037030097,0.11434813451945382,0.18912230952711395,0.07076462927946799,0.08071647447219098,0.022970871322372976,0.016418730235013206,0.012179159330708622,0.008541462019010784,0.031573247938916575,0.08853187572965666,0.08417387881989719,0.0032787576870425966,0.03167028113868841,0.0032891952986192075,0.08645696905959727,0.047360952677279126,0.008955018999324315,0.0291511802839463,0.06099673162466999
885,0.07654548746622201,0.06421542345528018,0.01788342359399482,0.012544986796473806,0.13709672695496433,0.01604349619935631,0.07994387248702314,0.049943679921275685,0.012355583471113376,0.03684219844994141,0.04707588902105881,0.029592724743357533,0.0029961640266320945,0.06890156950190343,0.017217494401758012,0.03736199473012301,0.044543116802374445,0.057197755042283416,0.05451663797510514,0.13718177495975903
