site,A,C,D,E,F,G,H,I,K,L,M,N,P,Q,R,S,T,V,W,Y
790,0.055911843566876715,0.034701517321442645,0.016877471093806964,0.025417786612752402,0.06834042564654735,0.004760530777126033,0.06078821650760423,0.036254917472365325,0.05266682509627006,0.06619817379057602,0.06785578990596347,0.06552330380808309,0.05805238979149242,0.07178113291997743,0.043545041450474685,0.02869696399644608,0.09304206937336951,0.05317645731009854,0.02686101793786959,0.06954812562085746
791,0.11117094021899526,0.11679136194970452,0.017004496035650334,0.009482548004677863,0.014826118003468213,0.05341113600059243,0.013016912586711313,0.01770188704406594,0.011519003672592199,0.006432191516810942,0.009759369782660754,0.01683874001255164,0.49217705297142583,0.020384261528981505,0.0027543335072145584,0.02469187503267053,0.03190748747792154,0.004534046124512295,0.006641445489032774,0.018954793039759596
792,0.08730686677637078,0.04720979322789989,0.013126046981284764,0.030008670748934,0.008175260408269979,0.0681540953269106,0.07494472046754443,0.014782225089850866,0.10261469276283253,0.0198951988029193,0.037312557368028076,0.08957338968091809,0.0009243976374487239,0.05838798400590487,0.11034660892491642,0.12446864517058301,0.07212653632911323,0.012547420729775422,0.007526412580680335,0.020568476979814718
793,0.04495065149480721,0.011001022129589696,0.01354304057432315,0.02183814445294935,0.012332810686842445,0.5830272187453739,0.07694599381032513,0.017786087396893885,0.016729717313748713,0.0036268466768662943,0.0136951643535077,0.059574457047390755,0.006082483269863877,0.020551986849743364,0.022506662255889702,0.03583930080774392,0.0073684912012578286,0.00494059143678693,0.0049640527283284115,0.0226952767677678
794,0.00837062073358671,0.014684275865686198,0.022734291689608516,0.015633061114996013,0.018603745643765778,0.03651743981876401,0.17508235288440244,0.03832215822784916,0.061317005204185246,0.01046275363744204,0.02187135859448998,0.02091226949047243,0.013734495724562186,0.02998669321696705,0.4349121898260927,0.006619073612303701,0.01629514765861715,0.007614326707133075,0.013072724285198047,0.03325401606387765
795,0.02002550461734124,0.016908438120973843,0.016018069119451504,0.020439038295993136,0.020936996367011393,0.0043825864251644244,0.024149324694934644,0.013153674610723164,0.021308494056777816,0.007574933139063173,0.020033948897054538,0.017445242078886623,0.020203782221352683,0.024121849237226912,0.005127335977994392,0.010137833220661304,0.669946868504938,0.03257129620321489,0.015496773728886477,0.020018010482349826
796,0.006241962006319571,0.014906672167171129,0.015683510663937774,0.023646195717216892,0.01929631294415974,0.0064731118017585295,0.01963471241194696,0.03748098782183686,0.025487257766869036,0.00657907188256015,0.018807211349008077,0.01703200514007393,0.013230780909091598,0.05141157823335324,0.005960005108673741,0.015696812871035196,0.6630891782976339,0.00683077187728856,0.012258496300089542,0.020253364729975534
797,0.006902994045026925,0.017589429585490295,0.022984143639091348,0.011875615908735504,0.017032217475033817,0.009074545505808277,0.0318754813582886,0.023942244844081226,0.014901784027691089,0.0061237185116878355,0.01565739547424884,0.02552446232079864,0.013169667911617902,0.02187345667866785,0.009941807648960584,0.006572449391389896,0.011128312095946237,0.005679895431363172,0.7002559068762833,0.027894471269788754
798,0.013439884258745696,0.015692399694148918,0.016621555543420822,0.014529172678054524,0.02259469549259694,0.005410726052873105,0.03519513463059434,0.021885273420003584,0.022229008673513274,0.009500077502203722,0.019242784670273357,0.029382943055205682,0.03313307813352853,0.021868397586023013,0.005703131892704872,0.6506394179488375,0.018310471474443316,0.008914227131835822,0.01680330233698506,0.018904317824007928
799,0.003557531563144462,0.06076269055284216,0.0076678140766604725,0.005338884169173522,0.030427210386041254,0.0016695657739175718,0.007912695978738947,0.2672092383392173,0.006630224105235875,0.4626262021424636,0.03450734116102544,0.006182204321331757,0.004698077582832483,0.007100492669038164,0.0015357696429166205,0.003649409343873539,0.03095323547201169,0.03150583429651985,0.0051956801248725214,0.0208698982981428
800,0.00825889609224937,0.017588646820307117,0.027206335815346244,0.015726479281034447,0.020158103045566516,0.006574894570333428,0.5843828358009208,0.015477864998851796,0.01795881399654433,0.00905959807319649,0.06435319536506526,0.05273164208014772,0.017048456337254884,0.027708033777909598,0.04758256798864877,0.00650152323872499,0.010126527444509873,0.008102525069106165,0.01312887509291635,0.030324185111365944
801,0.04506615226567956,0.047695508368274145,0.015794984142424823,0.019498712280848072,0.015691812230518555,0.274565480753317,0.01274963025034924,0.01319882921427935,0.01003854556127757,0.004298532000354659,0.011713281597267974,0.1377767455427379,0.005871376813237047,0.010670796372152033,0.002736069846564152,0.20258340770573358,0.015363219925975486,0.12796587586630445,0.009556071726664254,0.017164967536040143
802,0.05276635792643072,0.05630251854423199,0.00905639550840018,0.007857646415008248,0.009810292169239947,0.10948290153144591,0.053514530466458696,0.016338895602610454,0.11350566391494492,0.001762618856363098,0.00649703982307211,0.014654031018947876,0.002174609493307839,0.0801187491643099,0.0705682358886633,0.1643739624971855,0.16172715125148954,0.011246810406616398,0.011826986691844494,0.04641460282942893
803,0.18040149831542396,0.06556528758950905,0.007917188831674877,0.013850174962727804,0.03567509914530077,0.18026389744195842,0.016363996028930343,0.008023696367149518,0.008427744795208638,0.02424193024885539,0.027775791841087003,0.03222285267688699,0.004061341655744819,0.07602194792404948,0.01195285579189066,0.2500298416060951,0.027635044431009427,0.008457689969726796,0.011489626324544864,0.00962249405222623
804,0.009663784162042973,0.008310724390279543,0.4638718960855106,0.2757718878913388,0.011224414446844876,0.013883816134477688,0.009679807932615955,0.014227799036688015,0.007642249509977899,0.0032922464259837344,0.028374531440178707,0.008876585822966927,0.0038003782781345285,0.10579405705033033,0.0035884960262083493,0.0033098540974678846,0.0051904034515275295,0.0039530925665344566,0.010392408046234348,0.009151567204656838
805,0.00780123500418364,0.021103071604285168,0.02216716318385199,0.01914259083821213,0.015376674839540848,0.005519759177654526,0.019683788619819224,0.019655048958241987,0.017269336553560072,0.007035030536541458,0.015861787342149238,0.01865055277961794,0.006881413383404048,0.015364024110276804,0.018125858386291327,0.006649992149355358,0.009786330480759203,0.007297513220387743,0.7305410500621711,0.016087778769696207
806,0.061163705586901825,0.06601197852841251,0.012254946341175792,0.008558195485644716,0.03763265926327478,0.05469870612007594,0.024942390887464885,0.047754476777734735,0.01799955122422403,0.04899908691521932,0.2659876185104511,0.010784223478003209,0.0028689116060062,0.18975767962860235,0.024864185184865203,0.0727460611388338,0.020120019743489176,0.013490018668806615,0.006699887102585012,0.012665697808228758
807,0.05439181585564666,0.1622753474932669,0.040223627289171324,0.004668029644567564,0.003963162626422303,0.15983029156578502,0.010923844443434022,0.012934280518318696,0.004729500111183982,0.0028216282961951995,0.0044423559670508685,0.038159327661354187,0.0010997965184083695,0.005814433747491983,0.0018951052130560938,0.2248745139417126,0.2039852139920427,0.05521441487817068,0.003543203200739955,0.0042101070359808705
808,0.035246185519156564,0.10436553204545056,0.06192679849777764,0.04402793674128999,0.0028952814287996945,0.03357803270682226,0.06936479225908031,0.04445206268039333,0.03851954695682189,0.027837047345312622,0.0840411225107431,0.09028049591215373,0.013026404939559076,0.09554551068373444,0.05857282916106196,0.059415342956232346,0.07167279123798165,0.057813957233662214,0.0024725621465723083,0.004945767037394346
809,0.07735283829617494,0.04205954104648252,0.11095806786177795,0.10425442414418062,0.002920118246647424,0.0459659591455405,0.044891946082770584,0.010828606421714666,0.04704335956092634,0.020317802367331408,0.03767243541924096,0.10149708912189519,0.0014295665604460762,0.12528347535563478,0.036742318385714554,0.0887538464843936,0.06706210294424797,0.024450691602439463,0.0021359447291226857,0.008379866223317808
810,0.047515864867602314,0.13465677472700735,0.2743000513372895,0.13104405231935007,0.005709223488451605,0.024771818813332885,0.028973090744616365,0.004936363318034637,0.007315316502172518,0.00310653159083993,0.0069115691899389745,0.12266189892335705,0.031343206220418855,0.023699603588276007,0.003695244503579164,0.10440770922934957,0.027552986382454233,0.004429019370714758,0.008670861971019527,0.004298812912194665
811,0.011463507700157867,0.02589420310625726,0.015367957155361076,0.006904183118979434,0.013749836196160147,0.003273821555106502,0.01316803614278197,0.2060664645001927,0.0073127236377534995,0.16729375000569335,0.3158708154966059,0.013825363668376278,0.0031760915940640577,0.01622583069665031,0.004510457166220505,0.04384728669658328,0.050800719940972,0.06200639488438179,0.005554969673126094,0.013687587064576092
812,0.004920731632116602,0.009072134181680411,0.007782753228971706,0.011898717264786137,0.015478977098456356,0.004260075247043474,0.008582902208346142,0.23213961285986512,0.010101326540197436,0.4763932111663448,0.1515283584461694,0.007091568291620032,0.010185946211118763,0.009606349675704048,0.0047920147792026736,0.0033100595355704913,0.004120863837757465,0.008736119603642694,0.011679087779688489,0.008319190411717692
813,0.046572713249434655,0.03955634520082053,0.061623261229411565,0.08824139577332234,0.06286501914591579,0.05874290025424524,0.057930624402060205,0.04135465571390006,0.025136716544199744,0.05430871087230599,0.04439015419282389,0.06995251737887885,0.006205474797453074,0.05190238764168027,0.034508491689824124,0.05690050564077677,0.0550858096793951,0.030566782046720913,0.054421376473816,0.05973415807301489
814,0.030166491840661717,0.1638227785260685,0.008011554559137005,0.005451007864985957,0.007731058271146177,0.008156838908821124,0.008007757345449356,0.15091384663500854,0.007668354748067614,0.03691696437712981,0.06845087284270014,0.006345906487102277,0.0029177000860447326,0.007111901551214723,0.0021364915442884363,0.0027425268863757535,0.19060526665284086,0.27909052602314943,0.005497804173083013,0.008254350676724932
815,0.00912289028755786,0.015094041843359505,0.02072574361948492,0.020057531837353197,0.019991552582065933,0.011498180530208374,0.019119904832500156,0.020887798326027412,0.022892611502253128,0.012090803398328505,0.01839763397764178,0.018778681255656564,0.00837729269557445,0.02609052693090257,0.016941580470472478,0.0069606331570015645,0.008973317817653108,0.007711070707174871,0.6936290949559056,0.02265910927287794
816,0.010531485687783088,0.021266446721318492,0.025161705032895484,0.014877690889399034,0.019974590625074413,0.0068250439838982374,0.018915844603078324,0.038255876515801965,0.02336585397833178,0.005534431627185186,0.018171356218436754,0.6109556189659606,0.009242536737947952,0.018385442876799527,0.006006475084167115,0.044264334861545004,0.05985123240862619,0.011587542859209205,0.01606387463505633,0.020762615687485237
817,0.016746798318995327,0.009243560963741314,0.008795705507475124,0.009352405189134744,0.008460161989484823,0.015261487637186448,0.06333761300925211,0.012537004626425643,0.23006001608556792,0.007421443541003734,0.03411366917217219,0.058033775117077004,0.0039808014746567305,0.16403357793921342,0.24398041516165897,0.029024336444738355,0.06230061991141681,0.009565365629059307,0.006769329563308777,0.006981912718431272
818,0.025534270464158463,0.21256796979729042,0.004452215332250835,0.01850046379435031,0.03662096596290179,0.005647332414351228,0.009855469947161188,0.07107579106578253,0.00470505255271264,0.06248326554078062,0.15929382231164227,0.00645432617999088,0.002445197374754397,0.004999113999157852,0.0016566626778284725,0.003418344363472695,0.15635216087599177,0.19534949776799013,0.004235489918431475,0.014352587659000085
819,0.008768913520148119,0.013721830679476025,0.013686930096586695,0.014288914662884768,0.018485511530926504,0.0047732742193508475,0.014141701578304513,0.02059313810589384,0.014847353078535278,0.004816266070120317,0.01557366980489483,0.012786178045308579,0.005997685540855942,0.016206987266322883,0.0399474459821354,0.0067743641728944155,0.009013721543514755,0.007114758033350853,0.742036563197688,0.016424792870807465
820,0.013236659430612429,0.01776431007012954,0.017645520444717407,0.021988949823276968,0.0229015182366374,0.00978556067581108,0.012541622681325802,0.5766692949682911,0.01513154690327752,0.00595560657082074,0.0109144999734977,0.018313222673378544,0.004612045570221416,0.015581033311316082,0.007082445514705379,0.013219597020015607,0.028086587008038615,0.1488063831363997,0.02064900964284273,0.019114586344684346
821,0.05099511889053711,0.04616144483773568,0.07667698993420718,0.07765342759118964,0.06478875817554093,0.016968511435502022,0.06134869800690232,0.07050611435263004,0.0195510145841427,0.05881544356801184,0.05114211838537439,0.02069608025808302,0.0013333746400474077,0.047538960761556164,0.009681994843779145,0.05490626407103297,0.06816268097745312,0.052786110365795294,0.06580112776333008,0.08448576655714896
822,0.0414992582559099,0.07062942633896133,0.10699308028381135,0.13667231055717555,0.04030795354402686,0.052632362548158486,0.044144784301581474,0.00488249677654603,0.015056442971829571,0.05955322680323072,0.05062044253202858,0.0697327982192367,0.0022589563510884564,0.08579707308038342,0.019941538401219042,0.060153565348227515,0.060779183937187,0.00813495779662461,0.02033144409474746,0.04987869785802591
823,0.011669841084383356,0.023606689330538198,0.023242389977903018,0.02565687472714158,0.029789274918085862,0.010156537063031608,0.02948258045338668,0.03130531193333911,0.024066850302551863,0.0073511473968173036,0.021869098866908358,0.6424855875981149,0.007983499148607031,0.02509833869289558,0.007056354000585858,0.007602823177244911,0.009872630094434289,0.01215551557596554,0.01750609795749222,0.03204255770057274
824,0.06465385827621363,0.0366995916472545,0.06810599642203018,0.04918452294198241,0.027989625426600814,0.028537866019213123,0.06142149030369835,0.04657919094189231,0.06214392146713151,0.034590502428861206,0.04922158664281203,0.05997333397459121,0.08552408145308782,0.051373705763259565,0.03375766385194571,0.06003995250731083,0.0583770229054166,0.05150748864881388,0.0428981219399214,0.027420476437962957
825,0.026672496564647343,0.040477242296269374,0.019052737573182137,0.019295216981083954,0.08871108051431477,0.016446349697165616,0.0982711888172588,0.0066660864335260335,0.07294476306093245,0.01573450212000392,0.1035093917078094,0.07256504701908612,0.0020621671933369933,0.0752956561515768,0.04713038036323496,0.027201313321393958,0.012060286327846809,0.004384388574911051,0.1897602530849618,0.061759452197457695
826,0.00562584910707086,0.1189031649435364,0.009819702291537486,0.012328641332217012,0.012167477230948045,0.004050485196390345,0.016487465498699085,0.09283885970937937,0.047581568447704295,0.14789205037988987,0.31545266503434327,0.012008109538613584,0.007270502311768557,0.022841294806985792,0.006810027681200583,0.003961565547098117,0.03909392113942692,0.10363359066822211,0.010530380057633711,0.01070267907733452
827,0.04977235204116034,0.04742653794928826,0.03634095999105917,0.045312562029967994,0.058275597135702836,0.03247248108148752,0.09302868000104167,0.0537114910443712,0.04583578235375307,0.0446011487143974,0.03541237782868786,0.05563721419271136,0.06369317061737753,0.05665301595067376,0.04486229244097927,0.04816347400464357,0.05156538294591209,0.04006868695610352,0.04020344323705941,0.05696334948362214
828,0.012150552723135193,0.16078469283476413,0.2200647715667453,0.04294232529367645,0.014646585572159134,0.006646434849267547,0.04242283025202397,0.10055506468374645,0.016076382267027865,0.021092103455135038,0.021906825317532276,0.15146722680173752,0.004158201045672081,0.015742687502934512,0.004992630407608042,0.030281868754932835,0.023592622262209276,0.07602990935599703,0.00958972568157599,0.024856559372119377
829,0.012199344364312558,0.021304568377142827,0.031592452227467246,0.054009726727957924,0.022008382547665625,0.009047140340820537,0.03083102080818191,0.025897469491600284,0.5147038771793923,0.006110512916087362,0.045266500369992274,0.032422237534347836,0.00807101036725489,0.04957043887439078,0.05546054029855579,0.009004066334180261,0.0248788273274173,0.009217467126267401,0.015314924612831892,0.023089492174133024
830,0.05522483860639795,0.018547595972514944,0.021399910730614972,0.0401002681885551,0.020145946326909334,0.008113377437031034,0.05110788623325929,0.02569107914887593,0.09545191319977447,0.008561162621859308,0.02051269689227461,0.05957197922812865,0.008268027553030957,0.04220828261670634,0.030641457346551246,0.20411237358736312,0.24410480460618977,0.01238373742912118,0.015244833045758771,0.018607829229083037
831,0.055598653566368936,0.035519154632035095,0.006645402696662109,0.012224635408996425,0.05206776544094939,0.0018760911024942066,0.06510257374229528,0.05976125871020632,0.05155590915072869,0.09050133900629155,0.046396345786342566,0.05494996759431516,0.11143019759900286,0.041762705692092415,0.057558575177991775,0.01838249836346887,0.038722076720959515,0.033532680244826446,0.06107942883343445,0.10533274053053798
832,0.022578424739110998,0.05005960835030577,0.012173943366389627,0.008310711461176106,0.007165052734734047,0.005735911130790614,0.010256361910659442,0.3099372542835895,0.008697733061721533,0.2151166637536949,0.06208456974422533,0.012019456859263412,0.0031177417264610695,0.01094334733421406,0.0030208549870942483,0.002915840342245854,0.004963710932907253,0.2354976039377687,0.00690714794462213,0.008498061399025456
833,0.054784400131127495,0.043522541449787865,0.07392339357141627,0.09761948279563841,0.01768606767696798,0.06956310487668617,0.05734046834137856,0.02504872757351194,0.03878447726310206,0.04782742733769907,0.03502574748516407,0.03808976000393934,0.03272235315599251,0.061659742970493196,0.03766196887856691,0.0763989875628088,0.07362512472229316,0.05439418320542438,0.01646438370724323,0.04785765729075856
834,0.11207136153665785,0.07192966841794249,0.009995799499574803,0.031661155416077606,0.012481664914778316,0.018336183925838138,0.06391855728218328,0.015116689053582944,0.1292994160095451,0.04120773609664103,0.054850472740447416,0.052410213786731566,0.0012016274272554335,0.12052774352622052,0.07451070219655578,0.0524748657635854,0.05573426889419608,0.05963482811081154,0.008861676209125377,0.013775369192249285
835,0.009759934931807726,0.032354499552818855,0.02344534355827162,0.030692532597931428,0.023918707757439695,0.013667016894471619,0.02242895462224287,0.025123670997542362,0.022110142298817744,0.015247107068906621,0.021885035470255356,0.01625654117672016,0.008996162335323346,0.02343346759867745,0.02025768182446026,0.009579317688255649,0.010817998829228072,0.01114764497539796,0.605319839066071,0.05355840075536013
836,0.02954956223657609,0.00995531293287747,0.008498037932069324,0.0075953833660807974,0.0082355799557156,0.004144227904308363,0.04579237393856981,0.11028901033583385,0.08063608266442303,0.03080725873246333,0.05870138284271283,0.014201286489351301,0.033626407150620125,0.12952251193491737,0.039886417884736736,0.07295685165253812,0.16590340522282998,0.07916906294662586,0.05939582887868124,0.011134014998068735
837,0.03143928846764494,0.023084401085550026,0.37756869515099445,0.16345794864791152,0.024035486379501633,0.0021158209904143742,0.02317480904636841,0.031680304789061906,0.03217307047210294,0.008807078368631404,0.02265502348133596,0.041991762489454215,0.008634585442167301,0.10821344881314866,0.0076419008486120765,0.013709750484497981,0.011720082466673243,0.028528719303309833,0.02008040835086744,0.019287414921751744
838,0.008141320570561052,0.021147380469525225,0.02580920531610339,0.019516307989293376,0.0370213655258553,0.00783556734866679,0.016334517614602685,0.33391827239375516,0.02779356534979338,0.09548483307136027,0.026085702168945277,0.04814577605155743,0.005584923810720633,0.016223050778129508,0.005327156910034512,0.01357674986254568,0.01970724521963975,0.2363547807872996,0.01841806551407427,0.017574213247536788
839,0.014894118099285024,0.01674889385823791,0.02039143497056455,0.01887794804294794,0.026487499001206116,0.133139564554437,0.026692294661915097,0.023184491373491226,0.02018670224070275,0.027055718644433586,0.018028951666817592,0.015470875195389576,0.5221220922327041,0.016721986141951764,0.006745620185499639,0.03283438728610941,0.015081994332408458,0.00835292802213775,0.018108991142311768,0.018873508347448647
840,0.006738916800475372,0.045496614530260854,0.028763007326721164,0.014307688847950984,0.3656586532786431,0.006684555788542311,0.0268689042254846,0.014219247118741007,0.013887902648884187,0.004404284720828362,0.011705955517954041,0.034593803122946666,0.007594098973584617,0.018357510000299424,0.004333684719602545,0.006779641680826693,0.005924332192142474,0.006958271047515037,0.009920739161974751,0.3668021882966218
841,0.018184153468900895,0.02062063281118903,0.016350180097039143,0.012067355576328674,0.01252885874613735,0.02584547799237047,0.033593349462896625,0.19847382153017937,0.01820245864630015,0.31502324343494553,0.12017428210236789,0.03444554166766713,0.013033100874142058,0.029619433370995263,0.008082933125000165,0.023617502956567317,0.01677116028147746,0.05640207511252747,0.011596813279749433,0.01536762546321857
842,0.08814033134171251,0.04555351041673576,0.0153387272637068,0.017089861305231532,0.018668552707362177,0.4285860455477797,0.014210230111671933,0.0210260762100911,0.021837328743531264,0.006233269825014792,0.024068853548658724,0.1706759564607148,0.008009464380254525,0.03592872376257245,0.00840854966555802,0.006956146451780768,0.009018809879691036,0.016770317955155448,0.023614452504710913,0.01986479191806578
843,0.011584073600505644,0.022824393970140393,0.05828369464578932,0.06989094679343652,0.013696555940057222,0.012042019967464079,0.01681713542249755,0.022750825910703803,0.4449619301191449,0.0053480113085069,0.13887688258081857,0.04270366271216421,0.0057240540746940185,0.04135229137436826,0.02917839731717189,0.007914483708199728,0.010186226191133681,0.011414841523340397,0.019063520358310947,0.015386052481551829
844,0.014561605365788753,0.020236325802331777,0.02352422598348719,0.03454780911263258,0.01862997653851227,0.03662838542627329,0.017883992206374662,0.01789343808258325,0.03583658360429415,0.006144343545827319,0.028498386920861058,0.018219019129799337,0.008726465336576152,0.025060186932229025,0.6198180053354725,0.011783626631629305,0.009298158373675964,0.014256321980166254,0.021021670973368174,0.017431472718117163
845,0.015667171927375014,0.024884983932985116,0.0324715131802134,0.5118602444680463,0.02251668132968152,0.014136567846369812,0.01875886036578985,0.04314106436478868,0.11372180252159272,0.008407312869027956,0.025567009861745357,0.022464415740368424,0.00871303576129675,0.02774509382477422,0.008500601024702084,0.007875817480521914,0.011387698316046939,0.03391028571417571,0.027562513421194437,0.02070732604930385
846,0.022285575100658025,0.02245592400847987,0.6150519673139045,0.042186302256977476,0.024006324480952183,0.03176194605646259,0.012612055980630537,0.025114563587812597,0.02550397806625829,0.006655744112057401,0.024958451538166046,0.021628101661733408,0.005946256840246057,0.02493547635321157,0.008427961475893798,0.006698189483757945,0.010605427704162401,0.013091164172717489,0.027826090288656236,0.028248499517261536
847,0.011732485750075464,0.03649640046670068,0.021668638219759864,0.016922702207684978,0.07804159185111147,0.030277173179263497,0.07106283790052131,0.057329920138746146,0.01985628071381655,0.2845742903036446,0.06133663681766778,0.08330314034040123,0.00643524739205824,0.10800654784034486,0.013867657600944619,0.017830721549047406,0.017474957684797433,0.02962570691757235,0.01585783897877111,0.018299224147070484
848,0.01714724741302077,0.024738751344115944,0.03786455865965843,0.03290371702607743,0.03108599967802896,0.021522502053287998,0.031672300972850044,0.043451476869082004,0.03117685841553902,0.013527325387425328,0.033244679031439475,0.03655888942530797,0.014051622932841484,0.03696857926176003,0.036114413943631046,0.013543064353335535,0.01725692383586373,0.014687232156319008,0.46894263427130567,0.04354122296911017
849,0.010115168207961251,0.47944436377783667,0.1073305838032156,0.09220440346553055,0.02019464191001626,0.019789187519938793,0.013235595703218968,0.01725055828684603,0.027626415587852712,0.007459866297961153,0.023443958872451712,0.019139232747956564,0.0072980170835388975,0.0272816323579948,0.019182415035912646,0.010498013841853178,0.008847175408638098,0.009456435031259501,0.03324526455041615,0.04695707050960054
850,0.026614061415405607,0.023000527281264768,0.03517195343990858,0.00861110923650591,0.028960715849933132,0.5161408134921177,0.016719871391939048,0.02548893614157047,0.04579653125552799,0.00844474501235295,0.027945414759658782,0.02357844945762317,0.008603402352736525,0.10321450121353433,0.01472612680535469,0.008245269987256873,0.009069270432427603,0.02724968786989209,0.02178682388504729,0.02063178871994236
851,0.16236744369559863,0.032271869628382105,0.02657783937154056,0.022501731373714973,0.02123258944369674,0.0097975348331078,0.018490767811410125,0.020723193316375302,0.03396733270694194,0.011347254176694263,0.02517646166982088,0.017319690500097015,0.028727691246292715,0.03510410593910762,0.008920206320707912,0.45215618848340317,0.017868156399059403,0.015838355528182926,0.01879808612968572,0.020813501426180207
852,0.009288673778362557,0.025775311731681908,0.03018275498432142,0.02098122594827291,0.06516611638482654,0.006610705461735713,0.015989304372325073,0.04174711703072646,0.024936237188325383,0.2964169124308864,0.298603236712697,0.02064500872201583,0.013718639251789766,0.022890898587968393,0.011463685471153359,0.00743523272243173,0.022641126567060226,0.010101754363762492,0.026271963549133692,0.02913409474052315
853,0.013068149658165724,0.03921324735962041,0.019361685535572173,0.026128899498467507,0.03297812123444081,0.010396161395275362,0.04408278924227787,0.39381701908218436,0.03001426549157257,0.0627183182657043,0.03718077412697056,0.030800141008507382,0.010295995055894498,0.03353527735311568,0.017990020000302122,0.0101137482377704,0.02754566242284106,0.10653060637048391,0.023385278354809413,0.03084384030602382
854,0.006455614996303511,0.015901306829410728,0.01579920488434345,0.0161031912456269,0.024013698399978894,0.42966971710472707,0.01596145898982122,0.02380500754915238,0.014230073373980526,0.005287752403875663,0.02496673531004843,0.01808145030712159,0.006299628203012774,0.014448822527800411,0.0022538047395211196,0.14396443688130098,0.17891707286585934,0.012111135861733409,0.012830729564858725,0.018899157961522826
855,0.004939263885152521,0.06985067880077972,0.007543919828269995,0.01093566087773209,0.2604514878057037,0.005220433814308764,0.11612542487550843,0.006843059464131547,0.01171082679907613,0.0027996155251062004,0.01291648649370911,0.03799756725998064,0.0022263895076342056,0.005705859633240076,0.012489006678209178,0.0034401411945078012,0.0033681996629103986,0.007962070318379163,0.17372779328370191,0.2437461142919583
856,0.018301568568972727,0.03292859263075533,0.031077791620087312,0.02771589253133867,0.04937715500806988,0.01177858822803176,0.027855197536290986,0.024522495786160985,0.040247033871772656,0.010474309137436811,0.033279168721407744,0.03274130657531112,0.010810850305699074,0.035230566635647435,0.5092080510110026,0.008700921340331584,0.014826421457138111,0.020190953664214174,0.02376394648942833,0.03696918888090275
857,0.011190144390634668,0.01833175133986473,0.01856946924786143,0.026364997180976818,0.03087844053201842,0.006194794307929423,0.021310331666974994,0.0342293824770532,0.03532837512362781,0.046111108373816746,0.05355234997360784,0.02552385569420197,0.5691687870132438,0.018700902806397135,0.004948336297010627,0.01123056351379929,0.00799489874507995,0.014612575791484065,0.02213380745077899,0.02362512807363811
858,0.004964845312646377,0.01440266326511989,0.014139997103840975,0.024078069158416558,0.017244602798506224,0.005594228368045857,0.02699690031523407,0.019875426848082942,0.035200713822514995,0.005835497666996608,0.025896170268308833,0.02070602344255033,0.006550388068917251,0.015778054397240372,0.7011548640386138,0.014504680186112404,0.0074404924649306885,0.007184415331343169,0.014413614108681146,0.01803835303389744
859,0.13447681220507257,0.0560614136821672,0.004384167207626417,0.007871644843642537,0.009008923543020105,0.024680537997596726,0.06700199114847702,0.014386328525166978,0.012446224660743278,0.023734285112685386,0.05415250493754197,0.0060777559006007925,0.0033223418676898513,0.17538105214100508,0.0038812686981891434,0.21163420822318238,0.17235188757754977,0.006205338065289228,0.007199021844614474,0.005742291818139109
860,0.021010023052842212,0.04936459518106102,0.019643003602355158,0.02912644128435257,0.027213059849896408,0.012969026887889434,0.016464039837321483,0.1039140387072884,0.029303768981707144,0.008569263502429404,0.04080212396981702,0.029369918754484827,0.015214443319410955,0.029316097669521687,0.008617567048243605,0.022126123712689714,0.4773980797768728,0.011993706372473755,0.02604965264970697,0.021535025839635465
861,0.015101308328811684,0.04688820621706759,0.02309766940958507,0.015445430205738544,0.028907131498588232,0.00581424712586082,0.026582428273246417,0.03188685518080635,0.019074585919792837,0.008032350433759432,0.019379603028310273,0.025165711304557428,0.009626658846775979,0.01840879323616355,0.015558089244821771,0.008798747170972442,0.010879138434842752,0.010506295737950937,0.6260448981180402,0.034801852284307704
862,0.33990867293779464,0.16369383932996734,0.023825086359256214,0.020358625252747686,0.03382831551229251,0.027682321769607172,0.020302678683008536,0.02719280848942892,0.029589464099542828,0.00828969306866039,0.02168533350492124,0.02080329952468346,0.008514725915577956,0.016678883118749026,0.0070355415673882295,0.1415296495619514,0.009058670578035489,0.008388482534908846,0.0300621382729334,0.04157176991854467
863,0.09754875551738909,0.035637049789205705,0.041144148583368394,0.10342862570701239,0.07968485210867186,0.05468081516779479,0.059087961712450884,0.006576567800633474,0.052407974707733035,0.02229536722785895,0.03673892062533312,0.015578311944091504,0.0023301346661046642,0.1453135077101057,0.01591280397709231,0.07794535095057359,0.045359369061393894,0.05627059801173784,0.030637969217143363,0.021420915514305458
864,0.010991881919326174,0.0699336570062407,0.03520232662739259,0.023691668815687753,0.017318754705442783,0.009074396724817954,0.19356607309953025,0.018521238510462737,0.09239048949255284,0.005447487646243497,0.02048233094193903,0.25165514196052,0.006298406683549638,0.02219193844657165,0.06401685419897948,0.030723854331066083,0.023385052785331192,0.009432978015668027,0.026759978648230022,0.06891548944044752
865,0.052722935043741766,0.02056208063428855,0.02003708901143675,0.021622068183486512,0.013805752657883068,0.008596612701574078,0.012602608683608425,0.3354171403435281,0.02763837411611824,0.16248600409399747,0.07144784836260948,0.013764351843493623,0.00886160628854526,0.020634253321409987,0.006579444799924996,0.006261183346152432,0.009703923211300225,0.14763510936505908,0.02029336202513504,0.019328251966706976
866,0.02613174183976933,0.032939728240766894,0.008488536615674475,0.015232610269563605,0.031003325682728636,0.02271849500322216,0.09620856768648026,0.05611154542076592,0.14745640857520584,0.03681679833666904,0.021221252124594005,0.003570613460918196,0.11818162085899127,0.04701403041668787,0.09435956539442714,0.03340716251084555,0.05396753490813552,0.05824090491997792,0.031137116907029434,0.06579244082754696
867,0.05314281433608492,0.08057378584210874,0.04704503100872869,0.037122676552879284,0.03939539858716124,0.041153714586728146,0.06264935432696411,0.054675804641366815,0.014632332720554907,0.044674936824701666,0.0761817030024316,0.08142101699305242,0.03774156531224858,0.05879056262109714,0.03878805743654709,0.054135968739393,0.0679873678861404,0.057174910138003084,0.01825494314258588,0.034458055301222285
868,0.010276335292513173,0.02648457492601494,0.027467049690875392,0.037923936644773844,0.029960555638710362,0.014222228301358324,0.025293114889776154,0.030699602859166546,0.029170376576275765,0.009578502912900709,0.03845438667545904,0.01921184415509389,0.006996154354600187,0.029989420266325548,0.009815663139468621,0.05270620097243453,0.45076144323426753,0.09370904630740745,0.028441406769570847,0.028838156393007092
869,0.07008773840189883,0.17146869334269726,0.011681154978692956,0.020905286087797542,0.010168766186772265,0.007186501855557585,0.011896871742853522,0.06972619840730393,0.016232896319830777,0.014900240481199709,0.0443121031401558,0.014054139361874012,0.0035380454173658694,0.01584995142088521,0.01828434591803945,0.017657665859358688,0.12052603574936309,0.33159606944564424,0.01722659241704087,0.012700703465668447
870,0.074073068125866,0.10029172829929012,0.019562698695542176,0.04521677177294117,0.041786786709294824,0.08613858956713549,0.07844762337306367,0.02074491684198389,0.04307834139024502,0.036212220381245025,0.07913799363280932,0.06551280163458609,0.002101004119837567,0.0352241241189798,0.06560680675678358,0.053134219072406,0.04895695547609886,0.025349587121402135,0.033085366647019145,0.046338396263470104
871,0.03700391470315978,0.05469358972776722,0.006565363349432689,0.005036049930572146,0.07583562715441722,0.013260643329336554,0.08627836801117089,0.043269052422738374,0.1279254008233753,0.11871833253612905,0.11317456705267308,0.017397204287627824,0.0012595644307688409,0.03860539666773874,0.15426851919535692,0.044724238482571184,0.02526672197064493,0.019723273193496666,0.010172674570517893,0.006821498160504626
872,0.009260115891088822,0.16492055200691574,0.0192594502402839,0.009420562476437543,0.019331016451460813,0.007240570098521193,0.014169336592511276,0.09304892164419029,0.013179851919313574,0.12138789106241789,0.190124059380107,0.014699769247843799,0.003296173423320599,0.01134580740011867,0.0036150585828788437,0.007808636170172734,0.04133755869809795,0.23208764241231306,0.010931767280275444,0.013535259021730833
873,0.005646199607919292,0.007390931459230863,0.014439430338785728,0.01977217013862683,0.011740025391895776,0.008150891440355697,0.11062041020460203,0.01154766447588301,0.15049957488277516,0.004169361132778058,0.01586551472119777,0.008399970452884634,0.0029088207655942897,0.26449665677161377,0.3099328034297749,0.0058774548196655636,0.014684458517560403,0.007193872325193342,0.013729783405775152,0.012934005717887703
874,0.011525164673484781,0.03962509080020472,0.029887899675211285,0.01978388113018483,0.15123207293974394,0.03319782920827929,0.04271652758004463,0.02067731595852004,0.09023277433469723,0.008432175529984494,0.029903119965154157,0.031684386711266145,0.00835201209722006,0.018125714708161055,0.351572241107686,0.018134929988464436,0.01422392641597683,0.02476788365045134,0.03283869459269672,0.023086358932568034
875,0.011607809911331158,0.04822654103012618,0.013870012784669464,0.02847263739059154,0.029449420500533254,0.006666898444373469,0.020701746758801817,0.3654140602974357,0.02048928085884026,0.08413791509154772,0.027977664689813855,0.019234084735959375,0.006218125946166464,0.02128605562808268,0.0077615828674215265,0.005285879726967826,0.0013146136660579755,0.24721887899414272,0.021563144756120818,0.013103645921016129
876,0.03325269374398569,0.09007386917543382,0.0106944523487369,0.014395900092811454,0.028105637120621713,0.007969143863318815,0.01004614411889443,0.42007788702120014,0.01993218781624072,0.06268114410064118,0.06494975547210939,0.015174723380344365,0.004059461981817034,0.015154035825883106,0.016715259554030578,0.004381215488875511,0.025939078323819045,0.1233771587325305,0.021940607633237755,0.011079644205467854
877,0.07227795180434884,0.09477440965222629,0.1241342086122563,0.007723629698330421,0.006986405980306101,0.26635895716850255,0.00593383062949506,0.009420874427255053,0.00944742559206023,0.0022008115549793164,0.00796575535306062,0.16090557980454323,0.004446573545996311,0.00844088372476668,0.002603560543824433,0.1834283014699033,0.014003692809458136,0.004475660919777619,0.007464783060379943,0.00700670364852954
878,0.06127532360757658,0.06922259543438294,0.0536717294537306,0.04952520074721883,0.046257152685616115,0.035490020491345434,0.06864317258816653,0.06532254005658256,0.03178404489224018,0.038344352779497416,0.036825910085320795,0.04767884895125222,0.05672471720528627,0.05712181781608783,0.020827791286538073,0.07006445136394372,0.06350939702351587,0.047116441360998844,0.03373200753868205,0.046862484632017164
879,0.05583587983907975,0.04444074446372341,0.09338985082094917,0.10186760201562167,0.0025459872011262,0.06077020864822956,0.0774266102008835,0.0027067228524507918,0.039644435245896587,0.0008858993024425066,0.005142132020269492,0.14148255515058386,0.017035202849668234,0.08760943189253187,0.07820152177707568,0.09390367938630775,0.06791122813252176,0.0022224918865186064,0.0027161381171815165,0.0242616781969381
880,0.0560761487439141,0.046668990651833414,0.02816147336743536,0.06454462363098545,0.05823750026164135,0.03783420689007412,0.0870942122841884,0.0030730076550877956,0.05161719002245906,0.07293388079022045,0.06114458482342316,0.09568390450288744,0.018591866615259484,0.06467997491142632,0.028922717598744867,0.03666115628650586,0.00593832220902719,0.00938320510794312,0.06568906357095854,0.10706397007598449
881,0.04721056320516963,0.051056087290285684,0.051329048037003354,0.054326968596521544,0.04781535447928951,0.03900112168536518,0.0543438581039875,0.034375750468044586,0.055840589317592774,0.04890390085578015,0.04692842387415893,0.06383863473845747,0.049575589534731936,0.05136422311128373,0.04645263436609182,0.06583752642052713,0.05919256280375018,0.048180870639124185,0.02510187900807558,0.059324413464759126
882,0.005777171841099451,0.07927779206524826,0.010638440000331949,0.011321781664464271,0.323269047659784,0.005607724380408654,0.05639649141872188,0.008239494160895254,0.009688429494566693,0.0032000737972715403,0.009588591911467569,0.0075058888092664295,0.0032210017500292057,0.008276735776614879,0.003614083875674039,0.0028008930754544067,0.004159907623414433,0.005356802404457829,0.08335309535255944,0.3587065529382698
883,0.04956177392880401,0.06206957673162539,0.07063938558608923,0.0698700039588303,0.06459849839254088,0.04759799205303673,0.04478203875091739,0.032755072927664115,0.03638385399563639,0.0478161716584241,0.04338580435143772,0.05405660208000281,0.012516642773291857,0.0724872083365784,0.04554567805688656,0.05883908048330636,0.05089565765299381,0.04848528549303541,0.03322394169340351,0.054489731095495056
884,0.0058944979132722515,0.12284190966208566,0.18272196719241404,0.07723780256361101,0.10204397446422205,0.03711244394116726,0.01096210001949245,0.011988188106235139,0.010562193100908461,0.026068818312677884,0.08001361137992792,0.08914463260619163,0.0023423154484391836,0.024668215211672853,0.0033127169283708297,0.07987439556818748,0.04234525695334503,0.0056104868780351876,0.026507607586777424,0.05874686616296627
885,0.07365397327532901,0.0772159555327046,0.012946187639420362,0.011412947414753884,0.14253794409958287,0.014429866632793387,0.09535253893683847,0.038846176323262906,0.009200278486759675,0.03234969724848119,0.042145256196630086,0.0364982374657469,0.0030192807524496664,0.0730451243499353,0.019122526009540633,0.034830482676438554,0.04705772337449009,0.0533062183875712,0.0567019489445315,0.12632763625273974
