site,A,C,D,E,F,G,H,I,K,L,M,N,P,Q,R,S,T,V,W,Y
790,0.05372213287920822,0.036323832237799204,0.013210989767994613,0.050542193298039086,0.06923999947939802,0.007837400949398386,0.05081137745169657,0.04932702046587544,0.03905554367840419,0.11526381867154296,0.0709181057550946,0.0460560431194711,0.05100982897906168,0.057880419034618935,0.031740665675160165,0.021997215908607207,0.07615325942852423,0.07886351757761802,0.03963333331673214,0.04041330232575522
791,0.16794964278315902,0.08022553333277693,0.009374685663962283,0.005998895212966365,0.008446355042982134,0.037041763856466584,0.011081012338386854,0.010162744332909967,0.0083473361106555,0.014082949906394276,0.012093935017636856,0.009796489101085513,0.5434959155981972,0.021364726483354038,0.001805449966612631,0.01808004596377989,0.021263656504196954,0.0039471930703258535,0.00430244725784515,0.011139222456306027
792,0.05461128613618536,0.054321663298016985,0.021090091420333218,0.0464177092860571,0.011860739177754357,0.05573134894041407,0.07412246673293729,0.0034330352033380995,0.10099739540568191,0.02290119352751882,0.049091809269475206,0.0874712296461853,0.00159053799424087,0.06365364874521211,0.08920443166566766,0.12473860136173243,0.07973566749785603,0.020945479806997166,0.006941283906916247,0.031140380977479787
793,0.08765145736943432,0.006440080564820973,0.007697304778151743,0.02232471588907441,0.008136194975729148,0.630528018798361,0.05716939193519177,0.009882511647641147,0.008349298557497107,0.0031797594539918514,0.010347470044423204,0.05602848709253431,0.0038082481604042456,0.022768416728135704,0.012583447181339398,0.016117741731408987,0.004496707727771089,0.008042661742982696,0.009748766289956306,0.014699319331150798
794,0.013426057884957932,0.011688232811266885,0.015667907893495786,0.022389014103488435,0.013730589927331033,0.006384087918493912,0.03571218661747918,0.051136457703836034,0.023003209802026317,0.008573385360091558,0.021603263667811286,0.013899887632001532,0.010558253876553994,0.01831182886775769,0.6563576710156489,0.01843333652637937,0.024260594914431957,0.006440642558108882,0.00990369370221138,0.018519697216627964
795,0.011561220318091606,0.010242232570689227,0.0118445596639961,0.012016344012843481,0.011287050410402504,0.004766693500958106,0.012765367300855352,0.021326838141412886,0.012121526393756845,0.006639777023959068,0.010910681936219475,0.018926665904068368,0.025910003947608215,0.012627497632378096,0.0032349746485755165,0.01488548627531805,0.7501519917551955,0.02842290641937242,0.009336138267034678,0.011022043877264423
796,0.008894317022230654,0.008929183753484263,0.008961018499046255,0.012638445257041412,0.010846385617816924,0.009111309853987832,0.011416772271926471,0.03504698279007009,0.020796963292461446,0.006044200737706454,0.010347172289727447,0.017991228026841697,0.010345309074783001,0.021358844121694715,0.004036373805902385,0.02783372259050954,0.7522477932612163,0.0043759663251282,0.007486679029181219,0.011291332379243735
797,0.004443416862345844,0.02079021479141532,0.012626638905322549,0.009343721005467234,0.00932093945480228,0.016077808503630473,0.014314246756535136,0.012230585046326103,0.008502030572027867,0.011169921992832755,0.009485359684463407,0.01438138357247387,0.007578322902277788,0.012645755126297136,0.008905289724756302,0.007962614298905624,0.010952239379855478,0.003578784363522811,0.7839854700209846,0.021705257035757586
798,0.016556926258427352,0.009426350547390014,0.009998571291960148,0.011720267020056121,0.012364881015915865,0.005083300106318116,0.017212382709282187,0.012174233537669025,0.012139228552610612,0.01483647941456224,0.015148530740958004,0.015561049082849243,0.016734105627362595,0.012236071895810371,0.003775319262612967,0.7582491894877297,0.027462164724523477,0.005655465854936988,0.012981045738381963,0.010684437130643149
799,0.003841670721065223,0.04111320732635936,0.007729516293536014,0.004539469011251127,0.027217699465578244,0.0018137637245066597,0.005177987393083839,0.2995360100620431,0.008058369709557277,0.4914329953273679,0.03915886521669813,0.00632563302287072,0.004028583290300568,0.004626054437375381,0.001406851681911454,0.0074135270842816585,0.01201197466132954,0.006091999291832659,0.004483133109237405,0.023992689169813744
800,0.005302022720152445,0.011852149895198208,0.02648236955739454,0.009087372240742462,0.010699353772038041,0.005794904340297267,0.6546882945495517,0.008751516337221099,0.009850580204223995,0.008262722132141987,0.03268952353766943,0.07045570997053315,0.019264213982060522,0.04500609666941068,0.008926689221965389,0.005434827056819566,0.008985144335010638,0.008144479291371642,0.007922511091685605,0.042399519094511645
801,0.08145966113315363,0.06907010440981738,0.010684775067444774,0.018037789248555813,0.009989605991467594,0.20864913583342537,0.005172477374453034,0.012546997053854597,0.004330858923441837,0.0019699885914445784,0.005135734548694669,0.136740879076111,0.002454115440700333,0.004399753013856421,0.007057346258035123,0.2170297362302375,0.02508685001606938,0.16738525612327204,0.0056479596612814854,0.007150976004683456
802,0.05231174137011119,0.07996495483795396,0.011413118751358425,0.0022284562354905274,0.01547924442354861,0.09844749950835423,0.08103297046746101,0.021153687424408166,0.12221584910508672,0.0018283733213554064,0.015070639183696994,0.02236730570319917,0.0013817472002764814,0.06525954579703,0.0459712166843713,0.14258724622580507,0.1349298122945564,0.01792685182536938,0.008993925121705423,0.059435814518861534
803,0.15756085736197145,0.06997820186005344,0.008044129542577693,0.01732453607691978,0.05058285314704645,0.19801434327837267,0.026995127026107707,0.005131309194638881,0.010660138275531446,0.023311380498190818,0.04287108557939292,0.05693115939956397,0.0035410227738871054,0.07983769679992918,0.011780487833505634,0.1935187836985038,0.019690739436229173,0.011438629761906302,0.006835919945064058,0.005951598510607471
804,0.02435089294419378,0.007101603446394429,0.3510560375902359,0.41296219177401206,0.012464857328508579,0.004848051139874931,0.007859684016516365,0.011082647432801811,0.02590246625233834,0.00301891523426426,0.009566093599404718,0.00772933259461163,0.003568814801431654,0.07964507896009003,0.004660240273536232,0.006100146815448212,0.0045292394998258795,0.007155332076769151,0.008699341099258734,0.007699033120483284
805,0.0046943984271658155,0.03873586218531629,0.0119832951139583,0.010752564372448627,0.010917109240736312,0.009508078120639923,0.009373950361591228,0.010419255479343055,0.009243168496956602,0.01590752558805673,0.008978148738666121,0.013883250554038759,0.005766861148337178,0.008311835417860921,0.010099935260384264,0.009304936977546889,0.005831833523988885,0.005695229593069162,0.7912740190442721,0.009318742355622718
806,0.03272023143389369,0.06879574068246226,0.007721523917617001,0.010028279676867735,0.028209559590550274,0.05191024346207782,0.038159631741890604,0.01759585247223339,0.021407869504046852,0.04637483625070165,0.29290882234720783,0.016322467839167864,0.0020045144979570187,0.2600207733499666,0.01850082451700715,0.05130942786992692,0.012064185472781111,0.0032846475758264754,0.004086617199256869,0.016573950598560903
807,0.004018842074590627,0.18203431172828446,0.011186512699055582,0.0036298022738987953,0.003083412567147489,0.12431576366835938,0.0035300985336970763,0.019049329912195472,0.00509680713407282,0.002775386169919582,0.003510941033176019,0.026540388437981274,0.0026263156047807846,0.0038524473404885286,0.0012514335420413596,0.2835935904859424,0.257158072055112,0.055193431076496206,0.0035779500671604663,0.003975163595599716
808,0.02722139881443175,0.07184297679211725,0.0553117292416235,0.046126886171968036,0.0015824310792973766,0.04222707027942091,0.05758278040266448,0.03682283622723557,0.056998905520629105,0.03574144131728024,0.09066774174377856,0.09719719063249906,0.008962655832322535,0.09484786179506118,0.04563987007030362,0.0901309275669948,0.07446485763997114,0.060900982181886366,0.002258710563995478,0.003470746126519064
809,0.07781571950237491,0.04872314410567383,0.14232106858799762,0.11743465136687144,0.0026245035313365098,0.02490474299181839,0.0577736366044207,0.007104815598130959,0.03409241383354713,0.014066260513410615,0.05631077341533014,0.09993038259404051,0.002136579233698675,0.11946459639738065,0.019333482248867464,0.08862405437050493,0.06285912677250531,0.013847575815974305,0.0015116367335027212,0.00912083578261322
810,0.0500848643536592,0.0772057635852488,0.3041215737954781,0.13572745199329458,0.003933138304704173,0.004450763718582946,0.03121695538226484,0.003348327199097279,0.00518464919133971,0.0021003683801080497,0.004556544383923858,0.16584575364833917,0.02764524316763155,0.031442036878892826,0.003479736266858026,0.10168412438600444,0.024700277703823006,0.007325684222520745,0.005701781415543935,0.010244962022684745
811,0.008743884432421032,0.014990041408737864,0.011679610185370061,0.006152789374342886,0.013943398690952631,0.0038952869771701816,0.01075206210860089,0.11710484603621707,0.012400362767469886,0.18859197679651438,0.4739799360808865,0.011317892782202965,0.004730703706238579,0.021405148160595522,0.007441161404485849,0.04402634874241665,0.02194645508640121,0.0085707569987223,0.004871412677577917,0.01345592558267568
812,0.004449934954836888,0.007542685950833292,0.004847488399123862,0.009745299137854347,0.014773205033299736,0.002924500515260032,0.007048561770196668,0.23647899415366433,0.0060185734692510375,0.5356617669321662,0.1186653823420306,0.007694075256741897,0.006608697459778577,0.005648167337121587,0.008177783830939927,0.0033422613199039094,0.0037764262151685677,0.003742805566211926,0.007617707739290787,0.005235682616325916
813,0.05690845332756117,0.04509245819299059,0.08386943102654927,0.08783348081739324,0.038610826495106935,0.07072321370102515,0.06462651706038121,0.024482918378162462,0.02335818493013414,0.05457687385738185,0.04856550890953404,0.05322195829910944,0.004568002093643018,0.05276296018605903,0.03658083895853658,0.06279025278638839,0.04498599887043745,0.021564101513394062,0.0704142875412565,0.05446373305495549
814,0.006552821634396379,0.1341416821865646,0.005124678730522354,0.0072927645383798236,0.005005952963173569,0.010545765466900925,0.0072327996151420855,0.16264714879788864,0.005135634999913088,0.04686476644789626,0.034231161142441575,0.004204504378275706,0.002888378439396107,0.007666535149727837,0.002232358971724359,0.001941528341684781,0.23111422405620127,0.31515287405210707,0.004791875376289356,0.005232544711374191
815,0.005666863579405928,0.02538699264292929,0.011065798787483252,0.010944515813386476,0.014740879905064746,0.013174638215851539,0.010703466856158682,0.0110411293040844,0.012542096930735007,0.02368880429908138,0.010224114345701836,0.010175438205787144,0.006953655681443943,0.018088714284863156,0.009065219348145111,0.007204692929153958,0.005365717050934824,0.004819861350803229,0.7765043978290288,0.012643002639957324
816,0.006331236087565241,0.011814337857122907,0.015930276567970542,0.008696611540393131,0.011119053545121096,0.007640568022812204,0.020716253137784454,0.033820840114073825,0.03675012664701426,0.005144590838244365,0.01062388608343469,0.6902446131502548,0.005788997451992599,0.01029154450269963,0.005106738361543875,0.008626781435227816,0.05997080984594483,0.014772135988997181,0.009237464492230693,0.027373134329572033
817,0.011351895425111993,0.010235212229226872,0.006990051822421788,0.01044738799035772,0.006188271304803734,0.007602242509203657,0.03309468960571473,0.013373488087339158,0.2791374819661167,0.0036372814210892807,0.03790897776393714,0.0331739010620633,0.0032183753730273593,0.1473974857661574,0.32686613641650947,0.008233016622744711,0.04748189983462825,0.0032369931100362827,0.0051932834229882424,0.005231928266522155
818,0.007796074096418938,0.1703225387102337,0.004226239888873708,0.025547866499365388,0.018462857293098562,0.0073646256689211655,0.008630059300793438,0.11522289282789694,0.00348993547780675,0.09527864680032205,0.13836383837205207,0.003193662935666843,0.0017752755957297702,0.004741251903465354,0.0022528670715608076,0.004986086794333748,0.14458518228468284,0.23450087024728936,0.004257006548056216,0.005002221683432436
819,0.008390635779684014,0.02299664877851886,0.008220862551005813,0.010797867999129532,0.009969889877314122,0.008730575430563626,0.008091544880595705,0.014319525794715427,0.01155105712838776,0.009594627724783424,0.011176634009265265,0.009416308795509896,0.005147706558166365,0.013022240397490939,0.011263227592816033,0.008352262637893735,0.008660070754991535,0.004378742147665241,0.8066597675257029,0.009259803635799662
820,0.012800725070370786,0.011297787234203395,0.011833424882541911,0.015969472982421042,0.020100827270684216,0.0067291847492638905,0.008924027534562505,0.7285199331127005,0.009852676208159236,0.010442750926955693,0.018853629746624957,0.022775555312355786,0.005999648607730089,0.010553430979897811,0.005152561612995382,0.021418184937875423,0.0181956193056318,0.03529149441337429,0.01331483180832803,0.011974233303323275
821,0.052551064315147424,0.05091872288422509,0.06543155201168716,0.08257677474468487,0.04510860300320348,0.004273058970599689,0.06031211171187308,0.06310262299711425,0.012516971771811873,0.065425915348141,0.053512914555518785,0.02983113056989371,0.000867485095701788,0.06928632016613098,0.014654389478312308,0.06595430392507269,0.06122193389513501,0.05167928770260267,0.07301705947958799,0.07775777737355617
822,0.04478538493886636,0.05224253788145224,0.09708366693149788,0.12889491185371363,0.03254620733050127,0.020749349697679238,0.05578663740129336,0.003738245970541802,0.017827774888491167,0.05815335657561375,0.07805336957958596,0.08587157320813271,0.001696088498259817,0.07881425302265337,0.016891691745638083,0.09964785042477498,0.0750794896194844,0.0023809933236114494,0.012928345230836418,0.03682827187737215
823,0.007141068681513437,0.012768147822568625,0.00897295606206578,0.01666247837288957,0.020774616934641967,0.008742156048182957,0.02602469590586191,0.025379577865605362,0.032198193769652515,0.0064086156519735475,0.011587591142757087,0.7257274439378364,0.0064825199892713905,0.01327372366807767,0.006021183702505342,0.00848819112420964,0.018203028875354785,0.009745701041340335,0.010028202530538549,0.025369906873153072
824,0.06500159065542781,0.0450792046957185,0.0689260838669528,0.06771098382714887,0.023385466369663873,0.01808327937186413,0.05675383552654142,0.04552814574707543,0.0497758701578361,0.03863579469736328,0.051083900248283624,0.056548675633281344,0.08494351233579678,0.04965641249223071,0.039470960091335584,0.06747929717951683,0.06301518426332793,0.04775277971033604,0.034823440437158376,0.02634558269314059
825,0.03187375805477435,0.06324873647359369,0.01746435097141452,0.022862653330322825,0.1240747867063952,0.012212558296176868,0.11845856865386895,0.006279545122450894,0.08819802848390855,0.021351581902080734,0.09097103461423521,0.030861835071817622,0.003875710771384987,0.0627986038225244,0.03530860175653008,0.02439783866928118,0.020308484353188865,0.004062217818468581,0.16363698803771606,0.05775411708986642
826,0.004728489430282575,0.15866763189159078,0.008202520960460273,0.016956252203177546,0.009200909501865253,0.0044011941396583385,0.011992206925491529,0.043809147409663886,0.015279195642225582,0.17417901642943623,0.445351067473894,0.009201278630817314,0.005919037374856361,0.02117514850908593,0.011805225938768477,0.004646828719793875,0.01028278685452779,0.027318388357425765,0.00871795415787425,0.008165719449104257
827,0.04583317148183886,0.03973819304140014,0.04880077907319332,0.0485651731385414,0.0628117344503723,0.010110716092380135,0.07858796610646447,0.07151256362106516,0.044672537983011656,0.050517825848361814,0.05234280651162438,0.05773241550257177,0.06836608505537752,0.04470630067328413,0.04213796493091964,0.04453450227054257,0.049641421434932574,0.05219065580725879,0.04019782517271587,0.04699936180414351
828,0.0077204092383485945,0.13155783469225357,0.3080450344756817,0.035871894388044986,0.013815117458605216,0.004814096507106187,0.02458845864085787,0.07587995949886847,0.022100070107725578,0.019710966107820686,0.013647880276582473,0.10958067369352091,0.0038753700215256384,0.025658420411459545,0.00937377913996077,0.034235342253119756,0.04168661346415147,0.07460491698141607,0.007246694658052129,0.03598646798489843
829,0.010857507877088786,0.013101350391166805,0.01766730780093111,0.012663180072774729,0.013348347333420203,0.01206002920760505,0.01737199274107908,0.015309078126071454,0.6704377996600139,0.0061291956374390985,0.02948810603880522,0.03088267919797735,0.008201952998512821,0.06841437857939385,0.00808138986623444,0.008721822766928936,0.022120199999474347,0.006572962945007251,0.01404931846317659,0.014521400296899004
830,0.019853589804635044,0.02458537735081054,0.010785864685124531,0.02108825199508658,0.01292830648003502,0.01116869255515487,0.046967991148370164,0.025685367687621283,0.08712173650741949,0.010563148486822917,0.028703657867520504,0.046272256852338656,0.013646671932476033,0.0452530669609453,0.054104500340085813,0.18106405045185617,0.3114698338385992,0.016701057719777628,0.013879217386301516,0.018157359949018754
831,0.04582312765438835,0.03313942248025221,0.004591821484154902,0.018222157062411374,0.06935635867401231,0.0027510401594605816,0.07279166886989628,0.08155043018374662,0.04076988232781521,0.08498722980748297,0.05236069525769079,0.018332116703395566,0.13142202106177572,0.01812135458820885,0.06109460308903255,0.02248726161513723,0.017071845325291237,0.029707298776649727,0.10275308290879938,0.09266658197039819
832,0.007150790096564055,0.05831796463378425,0.01235585832514611,0.009596528026898187,0.005238801603268472,0.006685894312923677,0.00914645197972669,0.26836393755440136,0.005833577211732635,0.24842788311261152,0.037795974392579236,0.008043251943746658,0.0030179967567267874,0.007573762317683172,0.003233559304278088,0.0036317625438013006,0.006535171249393348,0.2885072190814801,0.004802403676215736,0.005741211877038614
833,0.021934074660960517,0.04857343216631998,0.0749927819113332,0.07930893771302135,0.02866465272510801,0.05366778506029387,0.05784181912493794,0.011943783405640155,0.05546553786047021,0.06687893083625714,0.033881138044084845,0.060857078261601444,0.029524050730433783,0.06603731068494655,0.03967821886460457,0.06824114041340519,0.06383027079586635,0.05504607668389585,0.03510799912201982,0.0485249809347992
834,0.11500283080049056,0.09263652307897596,0.020661792844004344,0.006499901929866395,0.012724057227014696,0.01907087111333573,0.07211653699972483,0.006654622034775979,0.12163210380541963,0.046134269515220316,0.04276505050034193,0.057396825787259916,0.0009030905749876651,0.1400049059936793,0.03268741155288677,0.07048995597982076,0.06680818988776141,0.060963954240603684,0.003156346335034832,0.011690759798795329
835,0.006069840483808182,0.03401738877440372,0.012686839222818368,0.015821113619985866,0.017919538765242268,0.024397555977819257,0.012934402958782995,0.02239470711571284,0.012002709821668699,0.01823615457753675,0.01300879476573192,0.009955140502063942,0.0073679671305139525,0.013915844928138974,0.020551391416023204,0.013734399553898019,0.009337160962049033,0.0070823335598030395,0.7172408270360027,0.011325888827996414
836,0.01225110269797026,0.005957440304923793,0.004936066034140375,0.004662729745497129,0.006334773582391634,0.004537154303218067,0.05759279576301948,0.03262365793671263,0.0906971491137526,0.034157689386829906,0.09204081681387273,0.018696293850272213,0.03030355499616676,0.1518994477155063,0.06972837026551347,0.08963326003824858,0.1724779206040544,0.06066713063847202,0.04310061118640948,0.017702035023028154
837,0.03547340662089962,0.014572605056535631,0.49894859266632635,0.07739579830661963,0.014385796293474834,0.008423257222797473,0.022933280120616652,0.017302574504368062,0.017268598044177505,0.005756773630369079,0.024714047828002503,0.03442188012299403,0.006449891462085585,0.10717590403951616,0.005607674532663012,0.021251684013877142,0.00856611525626638,0.04072018378166984,0.012704835716310064,0.02592710078043051
838,0.008205256419680942,0.012846653407206005,0.015658108509247388,0.012224827695218527,0.045163052869026506,0.005650037816751215,0.010840148639925393,0.43569834862534823,0.015804686729069334,0.12427658326204942,0.03932869811013795,0.037430150364228136,0.0058612565453140765,0.014456322182974192,0.00482793374916109,0.01816729883996973,0.008572831775373916,0.1621071182222685,0.011478506412971911,0.011402179824077575
839,0.009212225704670082,0.011630008206508417,0.011761161730126935,0.011437076621450812,0.01448076827128645,0.09385435678673226,0.03791584158442191,0.014188007817814102,0.012452209185506677,0.016546880243499155,0.012303064480363946,0.010163923677493478,0.6549459227451675,0.01412714218434546,0.008873889532790972,0.013527382245911346,0.023512694484233376,0.006360278167147351,0.011068213540120593,0.011638952790409171
840,0.004570904481813554,0.00999582769089379,0.04301189304169984,0.008694027281089657,0.3865661765020852,0.00733376865596768,0.013607289029857183,0.00880540583398749,0.008729348444244901,0.0047424112654994065,0.0073497653111564455,0.013743923363546165,0.00510879713248514,0.01535046015138584,0.002935365115884655,0.011451824465490945,0.003860797469265128,0.0061249670206186685,0.006503856349160758,0.4315131913938676
841,0.02625256098950556,0.018388276873526354,0.00904570664727857,0.011811621360837429,0.010588634161447516,0.01070764606577526,0.013273694451952743,0.17253366459276198,0.01661768524493224,0.3417024102794519,0.14433839057302045,0.027621311528998965,0.005339061152230047,0.02729806086977221,0.012885552688864826,0.021594516469794472,0.02546622012781448,0.0891357027587288,0.006897007712965919,0.008502275450340302
842,0.07236793879092618,0.08106654860977618,0.00850920083227698,0.023785870805613608,0.01027757301794235,0.4485590027671183,0.012355424326219592,0.010878826788039512,0.024018038613676032,0.0037339680744502544,0.014972173856118225,0.1680635659246784,0.006360673011329129,0.05423129538612384,0.011595113159556426,0.006975601851321996,0.005471387919009343,0.011585871047559206,0.014546284417179969,0.01064564080108447
843,0.009858530837406405,0.020112705942168654,0.025560490940217107,0.017075001473440567,0.010387045099343468,0.011288580969110132,0.012426446087431854,0.03468268337020851,0.6681498488477423,0.004719046909450467,0.03582609121483079,0.026986811934422737,0.006807018969907761,0.03826763198108297,0.007609308659248786,0.009621810913301785,0.017789362206376655,0.012409417841565204,0.013840729442498409,0.016581436360245578
844,0.012712737600166798,0.011338129118625773,0.013555425358089346,0.016403252837839683,0.010656770866026276,0.007755613780491571,0.014374176768746397,0.010731987374758112,0.03611904738856329,0.004193385138631313,0.03494930687758512,0.010641996582577307,0.0055262095376291745,0.018637725179392012,0.7289028864034234,0.014376164858734697,0.007412963125838623,0.009066245728038163,0.022169307682149576,0.01047666779269336
845,0.019311195805415824,0.014201536287779032,0.04558638915501954,0.6540663794027807,0.019767122748823678,0.009445345517084596,0.015544900645498731,0.02026383107038605,0.042081824517662014,0.008151595998270996,0.015998396106615954,0.013595798241056778,0.0063680781095254895,0.04395781290342257,0.0060162378004239665,0.005600015412022891,0.010936105550472785,0.020785297887272437,0.014902464562921859,0.013419672277544004
846,0.033966186694379966,0.012257189305879879,0.6739026937962715,0.06482693475710494,0.012448055656582682,0.008996754427338815,0.013856495710063949,0.01317255271489791,0.018437769072302743,0.004229536954424572,0.012702377328963593,0.029260727439113815,0.0050111470607888545,0.013386926919379469,0.007044066509827426,0.004148934298234745,0.006415665628264029,0.01739501846982453,0.014375380180300672,0.03416558707605583
847,0.0166667854889965,0.0478246646137822,0.012842116342796764,0.01050443193182867,0.1432928829968332,0.05128499933482119,0.0459237118384119,0.02956389879455651,0.012394473484505513,0.346262527293869,0.054057114975417576,0.07294700711496843,0.006937868868477061,0.057858237446454686,0.015865529595717735,0.012513671419281662,0.009053854620936564,0.021989478407619455,0.009265472602008584,0.022951272828716802
848,0.011677982403811247,0.034265792914164976,0.019219027962410696,0.018028356287012926,0.017921919993057662,0.031120006360987943,0.017293002675133454,0.029958132045440428,0.018530807859717162,0.02747895986973949,0.018314298718862827,0.01939660692009478,0.01605204647249635,0.02106950466614661,0.012428677859646797,0.015551501194512313,0.011345209472126597,0.01052000232398233,0.6230655932665509,0.02676257073410449
849,0.012215687637953351,0.5940165337032076,0.06594804683461854,0.04384369185868301,0.018041719377075802,0.017348997304483037,0.011736726175088807,0.011170428936108126,0.015308383965501798,0.010884173634417746,0.014669974741255752,0.01107668718693317,0.009426000899441218,0.010536804681287598,0.017678260285296628,0.020956765299167165,0.009009854938956684,0.008386294199522769,0.05965427239892279,0.03809069594207849
850,0.012709918157709804,0.0138742613054315,0.024414116684211614,0.018246897577844635,0.017026692214360508,0.694088162837769,0.01164262884363576,0.016454093388157745,0.022583161631827137,0.006321060274870169,0.015981854164926913,0.016001565790583042,0.008501680624602026,0.0167968478551293,0.0195033880677846,0.006390321908134054,0.00901825312608556,0.043123200317910865,0.014374033643246563,0.012947861585779286
851,0.11438133157217194,0.02196436692368263,0.020116242549090012,0.013252160226582583,0.027598527774099994,0.009561571354640962,0.01153527470068374,0.030112119473266346,0.01739194496384695,0.011699777486452956,0.014199879159718598,0.010872934514763448,0.00986689583469871,0.018009008213734617,0.006257618875772492,0.5840096817732162,0.026565964812070398,0.010993380748587337,0.011473422866139832,0.030137896176780216
852,0.009526551519911384,0.020634350902905652,0.027479917849311763,0.014663044906435966,0.059658769881598954,0.005648666847440197,0.02157165293628804,0.044124939927163265,0.016716094943196955,0.4483735797887191,0.18817823703978562,0.015439407840021388,0.010031428192049203,0.017283320910996883,0.023639280955983628,0.0074924327887142044,0.020055852643810726,0.013846367415972527,0.018089259596903374,0.01754684311279121
853,0.012977582265891052,0.050322691844752986,0.013253491443796542,0.01557463938604216,0.022599046966168296,0.007811257597083312,0.020015896586457152,0.5463480995027673,0.027088918022210712,0.11522095961308663,0.01584885883492173,0.017600460624173645,0.010382254108495742,0.019097615126988,0.022787220998444574,0.0076588212554308905,0.01619793904822577,0.016240477984180945,0.015198736760009062,0.027775032030873618
854,0.006016367950731269,0.00837493457653254,0.011318688849419091,0.025424469597456745,0.011983879421885562,0.45095824742699236,0.008475438546414346,0.01170678404985081,0.013481850083126334,0.004875732111409245,0.037837882344034623,0.013228163109303201,0.003701144849074106,0.007974934703732076,0.011384110502445066,0.09132418534252117,0.2372770833660629,0.013188232281534878,0.018203313981797975,0.013264556905675745
855,0.003922240282657414,0.04014292448288206,0.010881128846333826,0.005592405012971023,0.3476635719300078,0.003961057446504034,0.10303992087582514,0.0033356206607849347,0.007136423785331453,0.0032367612060654077,0.01035645435960965,0.02528320319421867,0.002442109019955708,0.006992417173557836,0.0016760363731079242,0.003960712575472866,0.0017776964003075142,0.005476655282326377,0.20785142315242414,0.20527123793965618
856,0.01207236038532656,0.01761644564839141,0.01615592726378647,0.015728972954652625,0.022525973707367832,0.007978257020981257,0.015719631860292155,0.03401110074893141,0.044960191451361355,0.007171715185424425,0.018045564285204898,0.017346203143683393,0.008154274740613943,0.017638010764501066,0.6548500565786396,0.017214264345104393,0.015493752912438976,0.011759838890714398,0.02757893726274509,0.017978520849838742
857,0.015250536275039722,0.011258702689822703,0.011139962981537632,0.01468667315402331,0.016486802247665203,0.006248815102191027,0.027047942193255292,0.016968030574502118,0.017653171486128688,0.017979336629149908,0.022243596228909025,0.013704236444563566,0.7175592389260644,0.011383175248869346,0.006516978598584577,0.02221886404466196,0.010961601083954163,0.009737042516918351,0.013104030257581533,0.017851263316577375
858,0.003146134283207166,0.01760501118637527,0.007851700652829294,0.012783023159915837,0.012368232995194245,0.008744795159420326,0.014227047994998243,0.01735772802660417,0.01702875745462683,0.005975499680867799,0.013352872740993166,0.010802720678612493,0.010333556893811829,0.00849634962788602,0.785898102076751,0.023807802070918333,0.005819638814356695,0.005826491447368111,0.008050876324441729,0.01052365873082131
859,0.1041458753827099,0.09324599971406432,0.0021570274597179705,0.003930857215285031,0.0070959510790809125,0.02263629814523581,0.08171058699648111,0.007385173319901466,0.009186367451000578,0.028494922588999393,0.05180525804277592,0.01025125910960559,0.004293329136393261,0.23366427082162336,0.0039384544619839755,0.17087455515122044,0.14665206850932325,0.012280713842159091,0.003467026691417805,0.0027840048810209
860,0.0113352055585723,0.021599588733444097,0.012779265131733867,0.023352627463266412,0.01679289599651795,0.01387753287537514,0.0112987856590225,0.025075083994440032,0.016705886427458728,0.0067506675031945755,0.02686935158322748,0.03803592574601009,0.01065434431431161,0.017447859500964606,0.008817216359887326,0.04273446013297493,0.6526970575283939,0.008884858655986372,0.02014264050240071,0.014148746332817347
861,0.008999627743647287,0.07623894845499672,0.012078580126817631,0.008948345227950733,0.014269121852974333,0.007702313132284317,0.013508827695453517,0.014944790362346728,0.010769191433929647,0.011590947951038849,0.011025714867360486,0.013227504772543199,0.00618643754182041,0.010235031594139701,0.011724163683819662,0.013735678039762382,0.008907930344048161,0.010984167135458979,0.7221053186964426,0.012817359343164691
862,0.48742726200883385,0.03924473023530411,0.033861763574424365,0.013404810504574689,0.02021872810761194,0.024653993799941955,0.013883234301948164,0.016240694735318997,0.017670483074920782,0.006848009181943278,0.013785686876422974,0.017431678369505623,0.017603742118847503,0.011634780478565504,0.00779234154768887,0.17355723780833696,0.014744449340348034,0.029340374570573684,0.01796042795113571,0.022695571413753047
863,0.11242380466103137,0.053426502048241876,0.03778682925151255,0.1025102119675348,0.07819068314008702,0.01609755091833588,0.04688510574133028,0.00754780010680774,0.033491552612074045,0.00940690684943702,0.05448273364402537,0.01882407116286672,0.00237406785571938,0.13881373777764414,0.03761977993071866,0.08672704925793802,0.06315193024592088,0.05501434255779089,0.03163298915727608,0.013592351113707242
864,0.009682372451799948,0.04278481496829902,0.007934246023636468,0.014815219773297176,0.016380264352341103,0.006623594869763672,0.19826997818899672,0.01713123695277744,0.12304139272657715,0.004248985824088905,0.013379032571887299,0.33702910503947153,0.004927695530730548,0.01750817064843121,0.09619204885738643,0.005324917153383496,0.012026564947785279,0.007009707625298903,0.013151418088290923,0.05253923340575676
865,0.020297815891361235,0.012815422874369474,0.011591841180250334,0.01743001407669416,0.015242746768943728,0.008248391845398976,0.008527206097000457,0.42541895005019387,0.020552752891173715,0.24724683818591586,0.09100790180017171,0.015830679373644425,0.006530879774972023,0.012662688649466241,0.00485376849937393,0.011854362865706186,0.007068889036812402,0.03847439937242573,0.012079964490212288,0.012264486275913256
866,0.02775102872176574,0.03960754288128993,0.008942170490014173,0.004273250731212611,0.04621130763150855,0.02743131433950527,0.09363245906126484,0.0728820569565557,0.13277527118096344,0.04448717872594116,0.023813356713578163,0.01152498398292851,0.08348200405463858,0.03918636456204053,0.05435358319187969,0.03946644104331634,0.06003804043821439,0.07933408705078256,0.03933740727228427,0.07147015097031557
867,0.06128810380871622,0.07486871116023969,0.048886925788138885,0.02498564978635658,0.03709172495605064,0.0298434342829464,0.05433795715914954,0.05177967413525525,0.014357840972624504,0.042967290358534034,0.07914378640709441,0.09127272935037244,0.036851946511715854,0.05552507157405701,0.043264244441976824,0.06718762343135849,0.07485068577198441,0.04752915720368839,0.029214032342035862,0.03475341055770456
868,0.01006584580417418,0.015985119469244562,0.015599496337483344,0.01953239967664276,0.017860595805520792,0.010365759751321675,0.016169469535687,0.02763913330069794,0.026186978270840072,0.009605162480687745,0.02607758990825761,0.01288140818922931,0.014436118058974845,0.01725317395223942,0.009466126701769129,0.04500567141234374,0.599535147387196,0.0732221597020773,0.017009833847205405,0.016102810408407223
869,0.009138863554977792,0.14680319171675119,0.01545700163688214,0.014417624750622854,0.009254569329193614,0.015191318388108402,0.00974737855006398,0.05047259953698835,0.012452119681094276,0.00881934536245898,0.03410559005366027,0.013711391667105985,0.0032527812364236304,0.014131614021691358,0.005394026714449989,0.00798733537409633,0.11381684539927389,0.4931987328140297,0.012330577353814244,0.010317092858312976
870,0.08018766663665926,0.07863125131069393,0.004041924610760336,0.04111430456702739,0.04818613516994006,0.08170873281369391,0.07252488458496555,0.02990155454639157,0.04414083797403525,0.03496775489948429,0.06186704323243133,0.07133287256508421,0.0008815743953979075,0.039968619122396326,0.10277246544624286,0.03430771271485419,0.04554611870855659,0.03233766585827597,0.05064801235767407,0.044932868485435006
871,0.042321472754687145,0.04171237217384604,0.004142391627466282,0.0030570881854782646,0.09365827632042752,0.01454255999432437,0.05847783358981973,0.05350941192704189,0.16848889704235867,0.1367064480038718,0.11835062460799102,0.006258250434853097,0.0015713325919145757,0.02881315156755228,0.1681266239078699,0.036511562424566914,0.008773924635243333,0.0029390218627082625,0.008405316497283294,0.0036334398506956325
872,0.011412996985852047,0.13423653238560504,0.01440552940312279,0.019801678579935224,0.01413667547496781,0.014607609375248123,0.01135610416877524,0.07068537692889108,0.011048789738199706,0.10005985442222771,0.15048479613630616,0.01153753244778985,0.003953409265444901,0.01173873576364927,0.0033116740781355208,0.010474916087360219,0.03565888960282401,0.3515021657295601,0.009162972612139136,0.010423760813965963
873,0.004927379022512182,0.009941306364458653,0.01149607953161097,0.014536624678788334,0.009560328287131834,0.011661634187570333,0.06122132050271448,0.00935065412557284,0.11540219306447802,0.009191022966976697,0.011166274740423787,0.006956989470658002,0.006095960258209015,0.1975806396998172,0.4687754610291073,0.014608661170733348,0.005257914297753002,0.006420637556352307,0.011616660427782947,0.014232258617348842
874,0.019327887468128573,0.035215027572831084,0.017576260199363505,0.02154794796589989,0.037050003103565536,0.007450030162561165,0.04751080365992474,0.02329492907703069,0.049999231070311255,0.009242413725911511,0.036711998010858046,0.015889264727081288,0.009259875304381026,0.01665910633475474,0.4949444414730753,0.036332378784271736,0.024395276365490052,0.03326499908854466,0.050401689108715765,0.01392643679729938
875,0.015541963833553335,0.039853773440038924,0.009047802553907705,0.015423626624722341,0.03155364960820876,0.006083037916594185,0.018858474473890937,0.450054628951051,0.011742765277734149,0.1193119771516871,0.021011170102450977,0.016395012982197043,0.0059775555146133925,0.0172762787557833,0.005301076485739992,0.009546919771417263,0.006973817127313144,0.1721158862053219,0.012812605873186078,0.015117977350588502
876,0.013973202388885534,0.07243166298194263,0.007953495713171888,0.010142328764997072,0.017721017334168834,0.008492282979729269,0.007706117437963141,0.5754099350060813,0.02358048607493741,0.06214223897250911,0.0213918210725328,0.017445538757368394,0.006002218937685507,0.010855280572443551,0.033571733571372366,0.004732895552008997,0.014940531257126624,0.06863314107115433,0.014624493280318895,0.008249578273602428
877,0.05029553832693886,0.10078432446622397,0.06588390826897676,0.005990879478851549,0.005211538506916397,0.3490555711935741,0.007570412344517407,0.007113214581882074,0.006869488869686617,0.002360485732373491,0.005831597676558769,0.16155083153109379,0.0022380080758655717,0.008101483970887785,0.002976854685250526,0.19218172277425305,0.006555716046965844,0.00840377806111512,0.005953966107712622,0.005070679300355694
878,0.05753564304891581,0.05609552169360912,0.053254152048564846,0.05387099674040832,0.04017458608285942,0.025361648099671303,0.07219937074032738,0.072092277816406,0.025084254822544325,0.048648292641203406,0.04836062255660769,0.03800933757945719,0.06553647032031573,0.05288545678634002,0.02534790491967391,0.07103101723470333,0.07334028602991392,0.04803393542362853,0.03674261900550727,0.0363956064093425
879,0.06369790788565159,0.05743739044208448,0.08551917912481583,0.11538740250159861,0.002864331918389124,0.022202833264683863,0.09298829667680704,0.0018207161313863567,0.03354855142014301,0.0014367483249138318,0.009948277525330002,0.11471403720039745,0.011188775286857659,0.10015189501032194,0.061350575712555,0.09284528853710684,0.08418561723276818,0.005185869546846287,0.0031437411552385497,0.04038256510210438
880,0.047402296215063984,0.06201758326742777,0.031003897617163878,0.07723921405783463,0.06883680438056786,0.008240252498273292,0.0817625415537009,0.002242290792509301,0.03963897623112891,0.08092824195949433,0.06150395133661926,0.10327803266854535,0.011903777127272442,0.07321347361663362,0.03118486267635287,0.03836388989329558,0.0035735029249420558,0.005095286326418535,0.08508043107220693,0.0874906937845485
881,0.05296646386653501,0.06831137415719091,0.04758131241414578,0.013296592775559696,0.05564768307130364,0.03791123521672266,0.051550036007255946,0.052374681063727446,0.05783502174518929,0.04557512583998282,0.04024071792839303,0.04461585202888408,0.03842705010066502,0.05514631708861378,0.03985776967945089,0.07285850472307087,0.06257504317921715,0.05645583156255874,0.03578345261473464,0.07098993493679857
882,0.004764409816941152,0.011603826494783963,0.017138732593907254,0.00839200277731303,0.33424911850448263,0.0045614302506546064,0.012549640650979604,0.0063596743758386086,0.007293352823899146,0.002632760412810374,0.007449580662114847,0.011932457866924073,0.003648813571338874,0.006233986514490901,0.003996579757448749,0.004962679070413386,0.004579265753608692,0.004346147191612086,0.05776475745672164,0.48554078345371643
883,0.05178872976998971,0.06295422383386323,0.05890107326849262,0.07230038762099734,0.06722135754016051,0.04574723099383196,0.05086172095740334,0.02849971002341307,0.04582211644823,0.04528292857129506,0.04272872994793019,0.048782834111254086,0.011109071232927661,0.0867426052579608,0.04048943170092272,0.06066643943646501,0.03977150345167201,0.03250599165328527,0.04094581068005443,0.066878103499851
884,0.007844510097634766,0.11315037760145234,0.17572394479039857,0.06121117129483222,0.04070566461658305,0.005855076190411815,0.017970262359920688,0.006146752473152034,0.005644434702684134,0.03659621480582499,0.12677779564099356,0.09523386109085502,0.002672623731235677,0.037551610587017704,0.0022760643758878026,0.09942583480481837,0.05090645459659709,0.009029754876052608,0.04052247416811506,0.06475511719553252
885,0.09176263847116255,0.0403678412996093,0.018473470358059862,0.015161342062990238,0.16497958292085277,0.015536519701737875,0.05515415234932436,0.06114739639548792,0.01066742947320771,0.047226566474417676,0.04789062944409358,0.023777519748436338,0.002304619846546728,0.05287236198828865,0.012513671428896365,0.0346488163761783,0.041895408411054554,0.05822767433649962,0.05086746866559403,0.15452489024756164
