site,A,C,D,E,F,G,H,I,K,L,M,N,P,Q,R,S,T,V,W,Y
790,0.041564936127772394,0.02583083562064778,0.011101928070320783,0.03242726030008164,0.07755321764609617,0.0036381904673499985,0.056904327288802625,0.037581171110928985,0.03923163785874396,0.1380413149110781,0.11274877337053248,0.04153514011863918,0.09155486981488509,0.059986307962686176,0.01924995660634216,0.01028847287520472,0.08014319126789328,0.05693208735919423,0.023269197231347332,0.04041718399145289
791,0.17750096147138525,0.08670456353515414,0.011852416959924714,0.006672433930966355,0.010460258999506493,0.037179309036511836,0.009096634553986507,0.012513855699396925,0.008020672568405189,0.004623080996881478,0.008706476685942736,0.011981487039091354,0.5499217256661474,0.01666085600359986,0.0019424188216137443,0.0053974681720895526,0.019602810021233,0.003194772662991623,0.004647244204580544,0.013320552970591495
792,0.05516984481714047,0.05367663320930175,0.02009286786599299,0.04540611257502702,0.010862572549300738,0.05631146322669852,0.07510033483691776,0.0007575484785343575,0.10512481358403936,0.022541050738744784,0.0480402473496945,0.08939149848035004,0.000603986110167544,0.06456084123527077,0.08958314714398685,0.12612977906336756,0.08004826957967978,0.02019878131040359,0.006195563815061286,0.030204644030320398
793,0.0934331698258981,0.007667791931351592,0.009400446322526266,0.006658574944474009,0.008672705322508514,0.6510484853028644,0.05950388522711547,0.012379322399019857,0.010408457383284206,0.0025102940130895105,0.009488591134484088,0.05839021221061086,0.004201323606744298,0.019567651792671115,0.004124207409043466,0.0149311166320599,0.005111175560583142,0.005930646035540738,0.004660861737826979,0.011911081208303703
794,0.008451827348672131,0.011398926157550173,0.017536062608132428,0.01427778982360721,0.014354459112236628,0.0009921400723068277,0.1714531875476127,0.07489865395247086,0.006870063691700956,0.008151380182233915,0.017037201671654876,0.016278849765186672,0.01072431261189124,0.023416835286963214,0.5305704521521548,0.007414472740362217,0.023651788827243683,0.005929089895857394,0.010233607254677535,0.02635889929748456
795,0.0019143952449429064,0.012262822911136234,0.011508182334688729,0.014708995913593132,0.015014729781085074,0.0031526289679003863,0.017390575972175155,0.006221422042371592,0.015317737949035154,0.0054770544196886236,0.014569358794139432,0.015089457755452418,0.025656108735601146,0.017156254756847417,0.0036968558917508504,0.010104607122847395,0.7592048857492503,0.025820805660005986,0.011229163350218995,0.014503956647269079
796,0.0018224030505494399,0.010605728908715568,0.01119669109362248,0.016982813775265882,0.013756381717950877,0.006085324194544786,0.014011719811701786,0.02484177805447856,0.022131869097273393,0.004673531391470128,0.013426825024531207,0.014958297872613697,0.004009274504604446,0.03717598036583015,0.004226442422081201,0.023868460993337046,0.7479727193960457,0.0048853964242212685,0.00879804884359013,0.014570313057572296
797,0.004825590879101468,0.018583616234466742,0.016109211461192267,0.008305566635520603,0.011957821365159224,0.013708226367857167,0.019035442905479927,0.01682354693101345,0.010436115844768163,0.006491200057640908,0.011019531783136305,0.01792118648537726,0.009229764329178465,0.015308078076762696,0.0013895236949965732,0.005561007576448114,0.009815607415540247,0.0039576977481105835,0.7751951655405641,0.024326098667685637
798,0.01112770773918236,0.011660576725364672,0.012355012282972977,0.010789777733536907,0.016838526804768963,0.004021764754202372,0.02613868412874769,0.01627069334222617,0.016471773183249456,0.003451225605165151,0.014312070114530942,0.022003288357340823,0.0018969630787050605,0.01623966242308025,0.004237982321118414,0.7547838686735685,0.02423543343700967,0.006634403720434169,0.012488991995326729,0.014041593579468848
799,0.002763708464196404,0.040205221949735,0.006660326700629792,0.0038304227069274476,0.024745111156883492,0.0014595761301250418,0.005544544334014789,0.30116450782709175,0.005796858133592931,0.5232818023672969,0.03821893493956593,0.0046891364641530354,0.003328064839034321,0.005002050540799049,0.0010928834033811035,0.00592065348268721,0.0009744137685419574,0.001002586731663161,0.003672194625697095,0.02064700143398352
800,0.005503279774356715,0.01162314525359833,0.028410021589813827,0.010537634681125006,0.013231350120239493,0.004345139184878943,0.6236365426077551,0.010210278807496765,0.012001155242276984,0.0043859904869879875,0.02910076544580577,0.10960994267006746,0.016835306176553603,0.051634398600407895,0.0020338172937509284,0.004325291922161966,0.006989853979233931,0.006719770898535906,0.008720279352475305,0.04014603591247803
801,0.08140979733980201,0.07103142033785943,0.00959327776377013,0.00811567821455947,0.006910596713877483,0.2043306805738434,0.005520531513806667,0.007568702946905228,0.0043905084706043615,0.0018886754663698616,0.0051428701922560365,0.14762354957655835,0.0025670872373848705,0.004655834490304337,0.0029724065923467835,0.2309519268566995,0.022689892363986438,0.1708963791507386,0.004184206322052165,0.007555977876274887
802,0.05159664354370808,0.08093933486933523,0.010072593567840757,0.00045685518787152117,0.013094562153468908,0.09852930886590346,0.08413626972959458,0.017310758303009974,0.12140265448922143,0.0014493501885362713,0.01255464929775553,0.020399854651030475,0.0014227302873262057,0.07085852485283625,0.04701256050850069,0.1466555332911946,0.14074846140279906,0.01681072277673601,0.007208925294893909,0.0573397067384371
803,0.16625237387039724,0.07117459615564237,0.005492308820181477,0.013675107872613217,0.049743193556052806,0.1986764707785538,0.02250051822713244,0.005565048365746324,0.005835045285150761,0.022430701661967218,0.04109877697596833,0.05707519828992238,0.0028234526285904776,0.0869257123521418,0.005925206105137131,0.2030486879815305,0.016501140942706116,0.010599973786123892,0.007972639344246012,0.006683847000195878
804,0.0216296598316527,0.007708730445188157,0.39754498245174963,0.3821396748449459,0.010218475582310883,0.0009001166777853777,0.008237683201984236,0.012985334206413316,0.014297034068478903,0.0030143210239368637,0.010688746196031239,0.008180000547159066,0.003495639169807012,0.08622065887524265,0.003300766607508776,0.003017206494414184,0.0047779372557422576,0.003634513398447946,0.009582242748281733,0.00842627637291916
805,0.005293474747648821,0.03965563754418978,0.015047093044091728,0.012985715522411128,0.010521875405646697,0.006918770474561363,0.012194141081522525,0.013358384201672083,0.01158906925828101,0.010207818631305883,0.0108196640267767,0.012744565858588693,0.004677357113783341,0.010540174002953637,0.0018840010042612515,0.006001729899624196,0.006624766491090332,0.0050181347988283755,0.7928986111600418,0.011019015732720738
806,0.03218472199766995,0.07109787453139221,0.008386960411945345,0.0073025465476365065,0.025705893230833,0.052441497763526614,0.03546220038915518,0.004621508673960329,0.01760759399655619,0.04686547374096207,0.29266336912040863,0.01182727072117016,0.0019755714933424127,0.30244466756257127,0.01767531296991117,0.0512714981619441,0.001649201032458597,0.0006294500834220725,0.0033693444976675836,0.014818043073466701
807,0.0005090393208493712,0.19365036981922015,0.008767293922705801,0.0038160888970085287,0.003219654009915135,0.12588188359092234,0.0029699985582190267,0.01394275260059819,0.004461198876461126,0.0017949587105249385,0.0036048374254963995,0.0251118188161355,0.000893022058871794,0.003131869049813708,0.0009886306476345173,0.2900165424515609,0.25601881797143844,0.05486272210240928,0.0029175710312977373,0.0034409301389170355
808,0.027186782055957235,0.07127691201445148,0.05642855154969148,0.04458991973260993,0.0016795731681168824,0.041352873125991126,0.05696336415912511,0.038646036840143776,0.055533744306622355,0.035206628576713216,0.09342712040870059,0.09912516485333873,0.008276057210261778,0.09666650147365458,0.0453184344401181,0.08979224901106453,0.07396793113674395,0.06106936366333993,0.001586119038637726,0.0019066732347175887
809,0.0788400966811985,0.04743615226737177,0.1455711923842287,0.11668834411237655,0.0020031589652270616,0.025272813210775635,0.05693415816344827,0.005748789659051523,0.03548318668880545,0.013540586664056366,0.05473154351925482,0.10199776194561445,0.0016013084306722512,0.1229720913982214,0.01855721218256441,0.08827484075811011,0.062161810037141746,0.013778096926050483,0.00150809696283925,0.006898759042991348
810,0.05208563396367677,0.07923892919874453,0.3024091954989749,0.14164249105550883,0.003950455038274239,0.0005694844733681143,0.029451155738010534,0.0034254670856572887,0.0042862854536491685,0.0021572269263779548,0.004782908415010514,0.17465416884872043,0.026190978013396607,0.03067818152210806,0.002561675682008482,0.10264269723721293,0.023243122619406253,0.004516105855499089,0.005994895995236248,0.005518941379159175
811,0.006112314348312632,0.01487653233191945,0.014254737827236871,0.006518093084500988,0.01286047525629292,0.0030745909430279373,0.012325475628437594,0.17567550994259082,0.009084448746988272,0.19105269042870707,0.4470396439199993,0.013119083384939598,0.002947931332506731,0.016973046280716206,0.0038592783063533284,0.04171192593136178,0.009081434514562637,0.0012124100681894503,0.005182248751629496,0.013038128971726994
812,0.0034379442024433985,0.0063189305292635405,0.005413501873468906,0.008288089978946348,0.0032295059579446803,0.00296437314275517,0.003344949500374691,0.2600849032472458,0.007033861104888607,0.5281257814372419,0.13135698535773968,0.0049401483811777665,0.0008007632364932798,0.006710787100156116,0.005529663961023185,0.0028082879655371026,0.002856547848161505,0.0028420133687879017,0.008135093639875917,0.005777868166474518
813,0.05688694145020784,0.04455464441425613,0.08412390015046578,0.08839120085046827,0.0379596338511315,0.07057750507062051,0.06567869892384585,0.024379067424934984,0.02287357287921649,0.054556320736208065,0.048735341531098104,0.05262049003006622,0.004246393518274813,0.05259566242714781,0.03635280046270475,0.06315185397087936,0.04493045502445164,0.022430705718472544,0.07079199614165793,0.054162815423891265
814,0.0007412198848460558,0.14280406241354812,0.00551328752095221,0.0036450247507033144,0.005369488276824282,0.008166031841905516,0.005536551769285141,0.1760805122310821,0.005359321616397118,0.04563825022806775,0.030689867130248794,0.004320735625955529,0.0020128329292599936,0.005294038637828136,0.0014810729866926112,0.0019095377781132045,0.2394754115339318,0.30658270607246285,0.0037454669424014145,0.0056345798294942006
815,0.0063958196004558964,0.01757729388993044,0.014473026491896848,0.014156249757492377,0.013949663875736368,0.008556082486115493,0.013392652738077956,0.014602248139619703,0.01614296884480659,0.02357340134265638,0.012906430657180584,0.01308849025487572,0.005880449364543364,0.018318672149778704,0.0016051312554769823,0.004880789343397941,0.00630119246739309,0.005425518306029502,0.7729006558629495,0.015873263171586587
816,0.007620267832287283,0.015592954421392935,0.004194750959286195,0.010795235293258475,0.01478876559239529,0.004919086625612592,0.014031635230550144,0.03523602368111755,0.032407277646471146,0.004013623353575471,0.013069157093750243,0.6990419515147531,0.00675175084356092,0.013172944370044029,0.004384025953721051,0.0016569178189652135,0.07134383248846511,0.012101312284677262,0.011450269715876158,0.023428217280239676
817,0.008415971024017059,0.009095637475107178,0.007460617880357438,0.007286183187889911,0.006884913854314251,0.0015559763238751003,0.029518666576653377,0.00574200517900448,0.312535139036428,0.0021247752170500595,0.035172745647639225,0.029747053219287778,0.0033390620555240323,0.16242680561799994,0.31585797269309257,0.0019080199803481563,0.04631062398853073,0.0032554871362020167,0.005629269625274926,0.005733074281403833
818,0.0016638752840141084,0.18072097513359853,0.0033473350509759477,0.023205927446287494,0.01569585966347106,0.005771505655922382,0.0067296162492813,0.12018840308838545,0.003539634979125116,0.09415395952534612,0.1464505539209363,0.00349174515201618,0.001827955207856647,0.0037494105129216118,0.0015309584532997285,0.0036967408443515782,0.14747598605471718,0.22998262860860522,0.0031655759752718684,0.003611353193616265
819,0.007908960843250023,0.008589872563286702,0.009817988923829056,0.010260197472690587,0.013292204876249743,0.003350195906545493,0.010182218383260125,0.014838333073555568,0.010727233822824284,0.0034070110052651357,0.011194177964473398,0.009089895884873087,0.00430799771528357,0.012431446658190326,0.0015804655886124729,0.005422097400842633,0.008198877304843033,0.005115869505995151,0.8385170795441151,0.01176787556201455
820,0.01097794990454388,0.014716174859707566,0.014560470799905917,0.018344092498436358,0.018836557350568498,0.00804580639752394,0.010317688076537452,0.7368294811671602,0.01260524834137028,0.004867136365317107,0.009286113751401657,0.019786250904861972,0.0038116077965554425,0.012918422978508067,0.0058399162469173135,0.017616150976672112,0.005079806991872402,0.04269139283665074,0.017103455713113783,0.015766276042375446
821,0.05287297300433602,0.05002487541074233,0.06743614057545377,0.083316131098691,0.04439738590161461,0.00200547952122646,0.0603318557981784,0.06267424128547601,0.009995201616340417,0.06615786975313122,0.05293481600914176,0.02891328822355968,0.000882613095032043,0.07038027600090414,0.014056523384046027,0.0659186278200679,0.06126722858101499,0.05189810104512951,0.07477302634697057,0.07976334552894314
822,0.044177696874909266,0.051821617134837045,0.10800430212709049,0.1274656018232395,0.030752841065051828,0.021341572038131223,0.0545958450676643,0.0027364239030461235,0.018573726073851132,0.05775725742523665,0.07838414115969937,0.08694912826078244,0.0012767180404707026,0.0778702445059531,0.01597725345764722,0.09994125062771962,0.07483372820322537,0.0009601777131996864,0.012045991694008192,0.03453448280423671
823,0.008621634204207293,0.017448088790784726,0.0022714975333555927,0.019032204460191927,0.022181004891259622,0.0067685701969598154,0.028348223495771707,0.01780505046416092,0.027595747112725808,0.005434329291629653,0.01609399968032268,0.7544672001961364,0.0058871489127201885,0.018485073571893863,0.005210396269841864,0.0016073886688088299,0.006592903423525485,0.008975743559380647,0.012958597247044784,0.014215198029278148
824,0.06510891443694468,0.04487307127948207,0.06918342902123036,0.0687063017343804,0.02290964461759827,0.01815809646025246,0.05665839373663068,0.04469720564087495,0.04960151375235433,0.03845564276010716,0.05057191250000531,0.057190071676912584,0.08554548271901734,0.04954588198811063,0.03952388614021247,0.06754083581266485,0.06316370062058121,0.04780622138884305,0.03444107448088766,0.026318719232909574
825,0.030015809746361772,0.062088001753202636,0.012285554116638753,0.018854969015451844,0.13615025647941803,0.01077391922419412,0.11449773673384163,0.005000508310010029,0.08837169705610425,0.019694416175283936,0.09625457279240791,0.030751226730875585,0.0015374664911795965,0.06422616964086496,0.03380579417102797,0.022252969486374022,0.01786856880105624,0.003328514767848101,0.17378954117703635,0.05845230733082224
826,0.005050453759808795,0.1807708820255676,0.008891658488542132,0.015931166204350897,0.010876856214783225,0.0036639132769145624,0.014658316625182457,0.059828711964906134,0.007438709112843968,0.17808696214948558,0.4268329113543435,0.010991831621629401,0.00641824247452735,0.017596492851005972,0.010149049749591557,0.0035229688569508553,0.0022946271180252827,0.018079799320534634,0.009465995444218776,0.009450451386787366
827,0.045857183630612974,0.03860956438504753,0.04821913856397863,0.049029077603357306,0.06320843407468967,0.01032688625894169,0.08022353893292514,0.0717699806377545,0.044431827317113474,0.05058161615376861,0.052432430237519666,0.05755809212600164,0.0691171790455987,0.0443816489555188,0.04225796484706099,0.04431987726447634,0.04980682722390222,0.052264926627152465,0.03922049320472495,0.046383312909854695
828,0.00371340650965296,0.1449187069451434,0.2884937468902847,0.03253238465457558,0.012325222001863805,0.0006743584961992416,0.019413735780731082,0.0977770219599778,0.017161280521862738,0.016613185174529133,0.011944821316722518,0.14157739868181315,0.00288148654857434,0.01680909567740582,0.006878832494090099,0.030969924262981566,0.0378781543217598,0.07570734891965093,0.008231974056281052,0.033497914785900286
829,0.010240237141121655,0.017920376809511328,0.02652075402009904,0.0032839229741219197,0.018391427568429274,0.009382379222545359,0.025927428747722078,0.021754262416349982,0.6665993834471432,0.005131842107120228,0.012984133489686293,0.019368174458168328,0.0067734094430244385,0.09788202591799851,0.0015219300392730836,0.007572036162216772,0.008734467194365303,0.007734950056860049,0.012882398669992821,0.019394460114250296
830,0.0078032677461544004,0.017715782521264534,0.013844720176933842,0.018929286107808918,0.017698908263706434,0.008553063128471315,0.045076984772456835,0.0050247996749758946,0.10613321700099897,0.008350790804684635,0.023639034972929532,0.04600372126651813,0.005755196018478133,0.042197767402337626,0.05552578317287537,0.2088100423437074,0.32164671083245794,0.014567024081207774,0.013424255740953383,0.01929964397107891
831,0.04487249265756806,0.030817878806492633,0.004727975659635419,0.01542452212268857,0.07087617759992933,0.0013786775267481011,0.07531417302764644,0.08557019286821103,0.03966323006442258,0.08604965108331569,0.052402279116060935,0.014312899272364689,0.1304171912987503,0.01556474816458351,0.060397893361483795,0.02266204948418327,0.01614097466798661,0.028334830393375875,0.10615483551146095,0.09891732731309229
832,0.0011601270975134228,0.054216476846559114,0.00856844503545475,0.0058684086577847315,0.005023923828429454,0.00425161091125453,0.007182507582290534,0.34034053619601307,0.006103090216598405,0.23879965830146951,0.030782161028807053,0.008362182008801703,0.0021938608888536714,0.0075811175608267,0.002107764915230449,0.0020416913500949235,0.004332773992900845,0.260324531904544,0.004835774234243673,0.005923357442329435
833,0.022723328856730132,0.048750648657148205,0.0761158365660095,0.08114464869558675,0.02788048327348125,0.053267860259291644,0.05910811956967552,0.00624282625197731,0.05614216630270252,0.0676216961415703,0.03237157379942772,0.060290637702169185,0.029649427475723546,0.06603512622758649,0.039700587529756984,0.06855796711030258,0.06463521504955907,0.05554024336488266,0.035021229518343654,0.049200377648074924
834,0.1173954699122301,0.09564603488183597,0.018811048028266896,0.0012878153137167636,0.010704520357822671,0.01886384374363961,0.07367154322490195,0.002181292884910476,0.1223651060534851,0.045727395234391545,0.04143448696269789,0.05948650869095895,0.0006937047126169632,0.14542158050424017,0.033886767059738206,0.07091901567791098,0.06807131379165089,0.061703584607492666,0.001867583050596818,0.009861385306895364
835,0.007347885974918117,0.02688175373064734,0.017953541870879264,0.02346857307118209,0.0181344690450844,0.020609050369469483,0.017078137897752085,0.0240561530470598,0.01664901949149403,0.008196438805888396,0.01658795128966636,0.012337024538812235,0.006820191764860143,0.017820944821361203,0.0040138438601785955,0.01044145039866197,0.008207894720625187,0.008532981011429304,0.7209341853350351,0.013928508954995025
836,0.008702321453023352,0.006240459047786895,0.0053164735310754175,0.004760883956123912,0.005160278109107407,0.003918022858368905,0.05626700093611203,0.03418687603054213,0.09469215882808914,0.032323652032163634,0.09523112025817737,0.015074416542483203,0.029708388099114386,0.16521981001434627,0.06861459179461293,0.09156424106881135,0.16823797744145622,0.06021582888884955,0.040928740031367566,0.013636759078388303
837,0.030691446366647685,0.01719277766184618,0.4411428097494105,0.1407959077512976,0.01786730275608508,0.0010079707880761236,0.02144336829379133,0.02395608994088665,0.023485731244320796,0.005624463864796515,0.01680318557073099,0.01630261058483984,0.006505894221093659,0.13609193806356681,0.005627609463676693,0.016000395034607973,0.008623142783922804,0.04117411517104277,0.015194858492348293,0.01446838219701182
838,0.006174831492250888,0.016113337110643177,0.019428144400732664,0.014734603578437025,0.05744932230914271,0.005891473000665432,0.012249850728353892,0.3964101474719826,0.021181628868151697,0.1242967972208882,0.035468510487957884,0.041529395159505884,0.004222132706736795,0.012244034189853837,0.0040458298215037825,0.012555043678908431,0.0012938277959291956,0.18758753366308803,0.013870405768014538,0.013253150547253267
839,0.006866141627326072,0.013423414656153404,0.016254745958763715,0.014988381102255095,0.021149532677372074,0.09730494945230385,0.04340295197525975,0.018497400393714624,0.015937708103631754,0.0037682138671113925,0.014389569876392283,0.012477260469331434,0.6436439106782709,0.013314105934086115,0.0061916510667787165,0.0029860706341027676,0.019166046582210827,0.006670894680817716,0.014379420822905822,0.015187629441211806
840,0.0043841274361026954,0.0026863823535364273,0.0397138757513851,0.009066853795947849,0.4709798137432983,0.004267774344642859,0.0020951023392382583,0.009225249753420704,0.009046557343097512,0.0028157345192930876,0.0077695624444708055,0.008769652343764785,0.005002577040476511,0.014134106155099474,0.002764655950878985,0.007520754313343251,0.003898608151672544,0.004463333083674363,0.006511597134288376,0.3848836820023682
841,0.023684791233851935,0.010128931359876909,0.010400833375408274,0.007778359777007856,0.00804805826169809,0.007025658392458025,0.008585556856737354,0.21793270578356938,0.011746919257687389,0.32814402316109664,0.1624993733541741,0.022646981852461667,0.001120916086721906,0.022808610788967384,0.008831883156087994,0.018975095666815284,0.02233167794343527,0.09001684419178807,0.007457237009058189,0.009835542491098264
842,0.07427150716689396,0.08973891448185511,0.00962823995344581,0.008011920200689143,0.012326356648504075,0.44031485668678694,0.010739000441270767,0.013331389102753485,0.020952817063829402,0.003943952630928269,0.014093199985414416,0.2000589789346443,0.0051246727288484254,0.05185697798680944,0.0024257857011333807,0.004399988577890253,0.00598754236387414,0.005220995732612636,0.01498284862952533,0.012590054982290697
843,0.010072230322336983,0.02006764945122894,0.04812831477385626,0.006260156790679969,0.011914011824210072,0.00917408148595572,0.014498207413514874,0.02239991218856988,0.5924305431853485,0.004618258387861718,0.1321436927188299,0.017762138474525384,0.0049867877231252545,0.04734054501667342,0.00202013093112541,0.008087192846486714,0.008018042995483095,0.010001827037061865,0.016549849794773384,0.013526426638352665
844,0.010869482971628095,0.014829550176638097,0.017407440307678382,0.02341934247494902,0.013740050067775128,0.0012600199080764721,0.013224649918761017,0.013190075240931978,0.03808818988358437,0.0045525938134272905,0.038311218913323654,0.013319318445622792,0.006470368529673215,0.018713944865047735,0.7177425281062456,0.009972769151007472,0.0068765932583064624,0.01062220716040404,0.014519627582619902,0.012870029224299431
845,0.0076437657854386415,0.02070140995748834,0.03710706301314806,0.6523939301865074,0.01888632494772657,0.0013041901962338599,0.015732703680924023,0.03538566098285338,0.044100869486237364,0.0069991630313536194,0.021205436988422335,0.018744035604037115,0.0072892714228604836,0.04202485265204579,0.00709073348662658,0.0066208377369741216,0.009539951364273427,0.006592034022247939,0.023466209618887457,0.017171555835713503
846,0.03462847461959786,0.015992337534010005,0.6863498136965873,0.06954632979747453,0.016912031758891707,0.0017621590190371377,0.010681884732194622,0.017808104542048227,0.017912942552794287,0.004697950091306832,0.017440055687879253,0.012394060979866957,0.004229341020995023,0.017697367565895048,0.00599228589048923,0.004762656527317162,0.007552576076037918,0.011321727893020219,0.019934039280429024,0.022383860734127552
847,0.011921131618032618,0.04460372456840638,0.01612783870072944,0.012876798223955516,0.197903085448816,0.04838800481276564,0.04119121621456986,0.013507289205373363,0.015194489032690363,0.33233110983088593,0.05462658965663572,0.07290419941090974,0.005842716298434534,0.058163964409259354,0.013917810954137924,0.0027219990734711715,0.009773305048325364,0.018323359834553656,0.010711801805612936,0.018969565852434467
848,0.013625074852357965,0.022417452925094294,0.029691823719281873,0.026075505346520464,0.024642193278102787,0.02932382728744687,0.025447174901150334,0.03399308541035433,0.0248567571279686,0.022329711786636574,0.026735802218072233,0.029402291047319493,0.011132232611800347,0.02970729705288336,0.002766946842948035,0.011199892390473712,0.013509992355507731,0.011720965740876358,0.576117026227844,0.03530494687736061
849,0.009906406554259619,0.5897504355757016,0.07879505628989834,0.047712512029921904,0.017866562864773984,0.009551907192167983,0.010570637147662222,0.013945433719360712,0.022070819783561627,0.010596114180931959,0.018726393282232443,0.013400817886384177,0.008537784779747261,0.01295857274300749,0.0014360785276558256,0.015755903523116687,0.007178338020037696,0.006826218163415841,0.0694420900536589,0.03497191768250381
850,0.007750161629503738,0.019262723121520452,0.026789590934353822,0.005623460228998571,0.024310612390768427,0.6676978661749189,0.01424525496850617,0.021278382193217326,0.038038430846423076,0.007056475011616232,0.023018634633407267,0.019712351060481,0.007141497349430888,0.023890607122866055,0.003291585608031113,0.0068762092055782995,0.0075859837756698245,0.04092880903753013,0.01812781544521921,0.017373549261959643
851,0.1529686070199415,0.025020812671494207,0.020526287332434983,0.017385797538995263,0.006102143259493843,0.007575291480945888,0.014261636878292494,0.015935101755437376,0.02626116182324402,0.010966335643786499,0.019320710104318337,0.013403304127296595,0.0012557513129065865,0.02699861769347808,0.006874991944940828,0.5647382472612289,0.02200996758209568,0.012226456292111679,0.014656643691543965,0.021512134586013407
852,0.007713088108158936,0.022142416551036225,0.025994080328334977,0.018224672757235386,0.07580905937160291,0.005540217559184771,0.013790441430569551,0.041002490274057654,0.021678280800174615,0.3959945869437392,0.23645202149275893,0.01784226598575309,0.001166145753174928,0.01569707482289115,0.019650183384117916,0.006384802125042139,0.019478150489738656,0.008567656605987534,0.022850237236114457,0.02402212798032705
853,0.011092692583503058,0.055244523260195445,0.016335826049129688,0.022278141452222105,0.0279007841536376,0.008774633443034733,0.03580437761030666,0.5201693996701366,0.025970306483844074,0.1318995400202216,0.0033106945389783315,0.026025713074584376,0.008614688190884125,0.02835685004964408,0.017464849753365555,0.008548005809379719,0.006290524134768799,0.004214350536579761,0.019623097745383223,0.022081001440200306
854,0.0037753908733196393,0.010127864312421866,0.010058531160151278,0.015369781129463604,0.015244082643779447,0.4539807141825727,0.010154316293832963,0.015160354992935518,0.009061812000401008,0.004181446454931635,0.037153410345925696,0.011499818651508639,0.004011092322572269,0.009197862347984725,0.0014345259330232356,0.09420095627473435,0.26451889719822513,0.007198478092946371,0.011652417680186765,0.012018247109083148
855,0.002943266257455302,0.03277019214839254,0.006896151560644556,0.00505586181612322,0.4038545985032793,0.0024272760994826794,0.08937323509249316,0.002988404631429889,0.005203525950903012,0.0011338215633833273,0.005661667427185257,0.021196940294053584,0.000887321666146681,0.00462128798869577,0.00023730818850006236,0.002494257091612419,0.0015237980944369034,0.0035933738242059144,0.21708144382061442,0.19005626798096187
856,0.013741668408762354,0.025515840919290985,0.023517298406935682,0.02036211342758812,0.037109856587997564,0.0018709233141698176,0.021137439398479313,0.024263532323467812,0.04899701950432242,0.007828648572850032,0.02508488398330934,0.02454674626222018,0.00819827461846309,0.0267758133813171,0.6055264081392538,0.005667138730305852,0.012638294741400503,0.015258573528699054,0.024127577464323226,0.027831948286843825
857,0.009663436055811936,0.013998770358942819,0.0141760185166079,0.01998405162652049,0.02335749500704848,0.00471536124529531,0.020307798488378888,0.02582641775941312,0.026799651055090454,0.002897812291442063,0.041272301932062626,0.019611951469800385,0.6921592397655113,0.014283640268397929,0.004017234222364419,0.013610877053851368,0.0072837620104571075,0.011093809714428136,0.01685268577631381,0.018087685382261427
858,0.0033908493417725383,0.0029452664994086444,0.00970763778837479,0.016696079089464206,0.011858931017802698,0.006593296388243962,0.003374321822396409,0.017337872149661784,0.024313092054877684,0.002946747222606183,0.01784734509880032,0.014355139803977505,0.00764740664549064,0.010934594883322565,0.7960690337602832,0.021863632824755546,0.005108703390177098,0.004969164316296405,0.009757866929322548,0.012283018972965335
859,0.10379859123576708,0.09415636320958327,0.0021183168363704406,0.0037489956890188196,0.0056839029863831846,0.020822401395923996,0.07993751026900757,0.0009503729934121034,0.0063946660941100715,0.02649255903874442,0.05067858023366253,0.008462491622671566,0.003300277413645169,0.2651217655150153,0.002646788176141257,0.16797429392722116,0.14095228185944983,0.010578318646570703,0.0034287051553044783,0.0027528177019971157
860,0.0023674963076625428,0.04221995996919709,0.01683932069762187,0.0250260470777463,0.02337040529978825,0.01329313393123283,0.0141412648028458,0.008129971364015708,0.025141435170027083,0.007366338954082219,0.03507128435516287,0.03214955820768834,0.004180256368040853,0.02516812494785543,0.007412283132163325,0.04117786674820143,0.6257189355146706,0.010305700446715322,0.022398663027789468,0.01852195367749265
861,0.010407210945491024,0.09252414851072484,0.015720016897678855,0.010538111248755,0.01965457549572366,0.0032794621021884486,0.01814661802966754,0.021672764014270058,0.012970383620000447,0.004808890907359555,0.013237604632226055,0.017199146712458206,0.006573513632441091,0.012574366563495124,0.0021460189080620726,0.0100470034211136,0.007479738545194167,0.007134912915797302,0.6965616192043876,0.017323893692965293
862,0.4142331220123061,0.1349644462513324,0.019807098012580657,0.015670908777152246,0.026259367115141947,0.018523622523497155,0.015719058065691724,0.02097054872034393,0.02314123593924416,0.006432578373054924,0.01646224659943844,0.015984146545293707,0.010558101516442021,0.012855780626324712,0.005455998461383778,0.1715130010575799,0.002960855053954438,0.01316033850047979,0.023140148774347568,0.032187397074410214
863,0.11391571965817264,0.05206887860410112,0.036958903691089735,0.10184113341584329,0.07812676039380176,0.012885404960510992,0.0463429313973825,0.0056675698749082,0.03410578071885941,0.008244280219684331,0.0537629038010815,0.017065072336850617,0.0017978848128840338,0.15391373121615953,0.03705349063582323,0.0868264003912262,0.06304562484572061,0.05564270823146331,0.029728128179736354,0.011006692614700594
864,0.008591712567994896,0.035748269868592204,0.0016629757011084035,0.019279327968296983,0.013804778964217343,0.006832911330278459,0.23951555058184118,0.011082950953999629,0.14222376622764743,0.004111849627644888,0.01622328207123536,0.3035489412298493,0.005001530362878352,0.016496758977591137,0.09230074357513245,0.001012429483230448,0.004210610218380043,0.0072497134847203425,0.015098905004582594,0.056002991800778536
865,0.01690276446348979,0.015582869249446957,0.014964222280198535,0.016383108968749772,0.01081385211262379,0.006435451206886514,0.009372082084404586,0.400121735865346,0.021138495834908438,0.26312232368768135,0.10115465396648317,0.010338629119877969,0.006689761259541828,0.015534713325612662,0.004902274200237768,0.004767688118211883,0.0014039116041992539,0.05079576486187936,0.015079479650017985,0.01449621814020253
866,0.0268639855457658,0.03801080059141287,0.004607762821157217,0.0007004183892837107,0.04629428172942699,0.026716445361685066,0.09951167035645174,0.07812286754893537,0.13343750948211183,0.04440990634090186,0.02219433751391825,0.0018238857314000427,0.0856018853115063,0.04253976975885875,0.05713563478390452,0.039054056807730844,0.060866780117952345,0.08049052514752024,0.03931119403611288,0.07230628262396337
867,0.061456743429907625,0.0754029808331188,0.049290803924809445,0.023739817494018257,0.03677335978504554,0.0301141725958487,0.054389516967070166,0.05121790785846852,0.013477388155369191,0.04290409716499557,0.07969050435711818,0.09193241369489769,0.03690636265968065,0.05573493206427634,0.043510642788473775,0.067726434627925,0.07490420238424429,0.04771750624475809,0.028544437891105237,0.03456577507886887
868,0.0016227966068818555,0.02219125209731271,0.0221484673667862,0.03072693596433776,0.02467067715521264,0.011629918311972605,0.020821964186587678,0.007927743906737434,0.023274164936191794,0.0077220412134686766,0.03153275864545531,0.01566514711711929,0.005690741910153907,0.024314730784709682,0.008039220626019448,0.051634433317340495,0.5678561146939464,0.07574868134489172,0.023113981477532842,0.023668228337341512
869,0.0011627244528659225,0.172379233024029,0.008467290640613719,0.019262358091888667,0.00871880256141616,0.00998654588345436,0.010960846880594025,0.06918157524051817,0.015038039684191496,0.004331641300861034,0.030634351928109798,0.013001271866318104,0.0032749154925623748,0.014676118013396702,0.0057791893393954255,0.006603172331794448,0.11530169349443702,0.4635620097295841,0.015927914718540867,0.01175030532542855
870,0.08141449983585136,0.07991009731979441,0.00028588401844991377,0.040447609132721746,0.0479285035862525,0.08276725219465503,0.07389199950310858,0.028856975539791316,0.043439438998560016,0.034576021724498675,0.06216029045657282,0.07186887907679997,0.0006623931388199992,0.03866612295015861,0.1052746103832828,0.03470532720552815,0.04585880840121415,0.03176020323045676,0.05031022407760354,0.04521485922587971
871,0.042057349892235224,0.03830968607849134,0.004189831721461539,0.003218334978764737,0.0979320167726943,0.01334950866817603,0.05726060135761305,0.05510315575104372,0.1776913924032685,0.13795019982139387,0.11758926830443577,0.003871230246641846,0.0010152480308008025,0.02638511533252383,0.1720001026211917,0.03583003929878301,0.005854377362409683,0.0003650676058026267,0.006265944639448728,0.0037615291128196217
872,0.0012788542507456457,0.1559286329961598,0.016773543522605305,0.010371622699007073,0.01667476468147328,0.009586965642616872,0.012421648708231198,0.10837007740742417,0.01148077369195194,0.0936914948914756,0.1672437518126441,0.012677262617147156,0.00287403942789455,0.00973082782593307,0.003129527248458708,0.0062652957303334575,0.030954792609603793,0.3092236528064808,0.009571052176407656,0.011751419253405856
873,0.005146010661965417,0.0016978267342994174,0.013075682450790568,0.018075051678615606,0.010726664350237239,0.00557102164084046,0.06768418112010559,0.010472903350619825,0.12945795031670695,0.003397697424188549,0.01420883356957827,0.007661875563375743,0.003371516082788409,0.2295405536089333,0.432493762486914,0.011355509611005477,0.005121183903586578,0.00661671167918721,0.012630109039859444,0.011694954726401923
874,0.011071175498772476,0.0315861495394587,0.023771693441947888,0.015858421141449114,0.12462152464404054,0.0015102960049467734,0.04072124121473051,0.016403908057514377,0.06516305795450567,0.006657034122070003,0.04115370736689486,0.0202792990537301,0.00665895925181059,0.014432593870403252,0.4346419033231035,0.030528568608221607,0.018623425631264064,0.025906706537779375,0.052269618271917555,0.01814071646543898
875,0.00953263180985727,0.0409720682881334,0.010505839923009108,0.02121762288786508,0.031402210397293566,0.0050878536537427395,0.018857805057571925,0.43725887056434454,0.015201525255810096,0.12707563291548127,0.019745661835934333,0.009458130913132643,0.004668452474047748,0.015972055997172534,0.005842248726422534,0.00447215146372795,0.00098856230445352,0.1937653552832991,0.016217276494514942,0.011758043754185675
876,0.011279211382948314,0.09382200395922624,0.009548856715658915,0.012644907586170914,0.014458915170676887,0.0070851433624958176,0.008947829404968343,0.5636308552520242,0.019064270632280635,0.06835257997819144,0.0026718601198202144,0.01775159271403565,0.003600628116257543,0.013395571664412749,0.034050599318673234,0.003868630805492447,0.002108554073521304,0.08440566542252557,0.019651093975187776,0.009661230345431851
877,0.04787998910277894,0.10738556632620637,0.0755232400019453,0.006180010298688163,0.005573651022701759,0.3312625985414666,0.0047198951143120026,0.007416995818711245,0.007465740762638763,0.001750109016439209,0.0062677581756275524,0.17137909831372763,0.0017813090860251707,0.006641165118882133,0.0020633386008040103,0.19493756359000844,0.004637793622908665,0.005630950050825594,0.005956339810950764,0.005546887624351617
878,0.057966406929106436,0.056194986895451056,0.05361537399513904,0.053591281226575145,0.03955062629752414,0.025405546433656834,0.07226299322170975,0.07262862485262263,0.02431771617304942,0.0485402239869161,0.04750599818245436,0.03835413264691855,0.06547997320478305,0.05322347504857602,0.025087020348824565,0.0714548372412267,0.07394788018912705,0.048329771096801,0.03613444538090894,0.03640868664862929
879,0.0639180530109018,0.056708676646372504,0.08682489403445319,0.11490280875223863,0.0018068361333431007,0.021800854966511723,0.09369907867253147,0.0019283765952691453,0.03545931344055421,0.0008788219804568674,0.00806338916132842,0.11727366705517171,0.009975316207339139,0.10253223798258775,0.06153983103024232,0.09314896580018206,0.08485948550966015,0.003655523020003016,0.0019277851670388292,0.03909608483381412
880,0.04754274742676526,0.06280681359036608,0.030699655233166506,0.07752552188845886,0.06878796714781837,0.006122517055308904,0.08202144043925198,0.001345859917478858,0.03974172524418466,0.08135002997877899,0.06153053467798805,0.10514129711297203,0.011542209752535906,0.07298319909868163,0.031039708020558766,0.038152007198508676,0.0031096091753888906,0.0037069838387143645,0.08564230878736834,0.08920786441570477
881,0.05323334223972126,0.0683315518557732,0.04691907170817339,0.01146527619312788,0.055208288723563585,0.037609391589106186,0.051822410548448404,0.05214174867089047,0.05842939403632913,0.04575042296293507,0.04064141603590714,0.044635337618186825,0.038578164853720086,0.05498389213362803,0.04038809291278162,0.07361685473821655,0.06252959242413174,0.05679939401676634,0.03430411199178167,0.07261224474681144
882,0.004848881531129338,0.0022289644508976746,0.013098972507918269,0.009417615474587233,0.38470205314603606,0.004696333467314078,0.002776690562436256,0.006906041244865699,0.008188677708885405,0.00267482090710185,0.00804198052500805,0.007001296661231966,0.0027003918802917296,0.006928677421193263,0.0030168734714327117,0.0021742286411805273,0.00347254579076032,0.004503167175908274,0.05785443614648136,0.46476735128534
883,0.05237969622386116,0.06287097891647571,0.058254839040722595,0.07272720262792948,0.06725101741348412,0.045804693836903165,0.050725809394839394,0.02837905491790489,0.04567264563915926,0.04522596121916395,0.04297460553359064,0.048881012694908264,0.010835630151993686,0.0878219520938281,0.040490607440053346,0.06089098120255885,0.03916150194500148,0.032316471163385214,0.0405462802132093,0.06678905833102745
884,0.006295068897707308,0.1190128746923047,0.17145941742713214,0.06364006028063234,0.037711812823911034,0.0005053847424199457,0.015180043154432797,0.006578383850888704,0.0058736077127247086,0.035308212747878494,0.1405666059571462,0.10133935184065367,0.002014976175098566,0.0348357234544437,0.001805065142664656,0.09905718433903304,0.04903641775290037,0.006615871298055916,0.03679032440051489,0.06637361330945689
