site,A,C,D,E,F,G,H,I,K,L,M,N,P,Q,R,S,T,V,W,Y
790,0.05052723865336486,0.028047092975951565,0.010619375451644908,0.027365893767853696,0.06590304139331425,0.004394177398012021,0.06305916699651841,0.04051424364198423,0.04658650476972346,0.08127471645445582,0.08217591734002934,0.06298568674403975,0.0598894628593157,0.0835314334484265,0.040552302299490396,0.01731611057672972,0.08255558244055823,0.054104772133774626,0.01888297235866494,0.07971430829614755
791,0.13540995883192983,0.11617905828330587,0.011567657274589296,0.006474119464947479,0.010140112166219706,0.05173055741568916,0.008863988474250203,0.012127620492011765,0.0078265485928931,0.007046627564041997,0.007322635382985416,0.011564224267078413,0.5323022435001391,0.015644379321980834,0.001882872718487489,0.018884786672864834,0.024468917559113613,0.003099554066255635,0.004522764442243157,0.01294137350897321
792,0.07955812677725592,0.04811809237040935,0.014439666154107656,0.03456936522906231,0.009398757862831794,0.06372315344361586,0.07502388121581476,0.009879462305848035,0.10131566597322288,0.02087348017853588,0.04089880013908345,0.09030894704996557,0.0005152185713335519,0.05925058198245849,0.10571065192840463,0.12520463580141936,0.07422347974032341,0.015193522125746558,0.0075051189419187625,0.024289392208641788
793,0.05697302381300993,0.007394792644794063,0.009090934061150696,0.021719958774094772,0.008342389139208086,0.6259584138587896,0.07433822057889689,0.011958568160600416,0.011347602297469369,0.0024323870689997693,0.009182018987974,0.059837881203168776,0.004073149759096936,0.015640150297106383,0.01513732089297253,0.03261678653806849,0.004944411883527529,0.004749758085951099,0.00376731307757512,0.020494918877545728
794,0.006882846323957046,0.010881138857409387,0.016776092619838246,0.012337574095450748,0.013736729404591199,0.03309938784294187,0.16988086666811597,0.043754414362769244,0.05272086383072033,0.007784775780723727,0.01625373833730059,0.015544300009935709,0.010241481534533782,0.022343084001411346,0.5020376836168352,0.009486895674252744,0.015842615788321912,0.00565664004214438,0.009761265706939306,0.02497760550180733
795,0.02359878250131574,0.011889228785861546,0.01119994010903945,0.014305889360754416,0.01461914738392806,0.003066193295274779,0.016905021989889496,0.010517579196371767,0.014902976663239129,0.0053174916185851845,0.01411238015981972,0.013118214305444298,0.01970933552169175,0.016758538652190205,0.0035926818495042785,0.008965782652952014,0.7365297772309128,0.03592965767561855,0.010893175609572573,0.014068205438034172
796,0.006326464463024505,0.010577193572080276,0.011151705319320878,0.016874703000931527,0.013711590445926724,0.006005989872728302,0.013956690367561378,0.027704449216418636,0.01946666118761801,0.004664029261622446,0.013372012410376513,0.013094287211159355,0.010995870651398074,0.036835539038139416,0.004221013379549734,0.02052004457848235,0.7424487479193408,0.0048624004696292186,0.008744351560465814,0.01446625607422615
797,0.004870087928725264,0.013749224458205424,0.01623745152472105,0.008380545646031887,0.012048191159585678,0.010350914674751752,0.02148177731652409,0.01692820170825586,0.010520322820664773,0.005083896324336089,0.011099092998747978,0.018046290692779143,0.009306725627490018,0.015434959836244372,0.008071905544661386,0.004967429037942468,0.008548660002868204,0.003998797994792652,0.7795454938359808,0.02133003086669102
798,0.013245319241943714,0.011492906154571903,0.012151092058969618,0.010640457841219005,0.016548379050113218,0.00395987684257615,0.02573455265012968,0.01602263878135693,0.016228574506164592,0.0033954685787676124,0.014088835949319055,0.021583155609588792,0.017409828220542017,0.015992593158853863,0.004169531508883869,0.7415544141222711,0.023097999867179766,0.0065303921830912265,0.012315993271973892,0.013837990402484
799,0.0022895720327781345,0.054174354262530755,0.005579033027737749,0.0035922615968496294,0.03141097184204004,0.0012177155616122264,0.0052696534117525175,0.28304026216547035,0.004834786501962501,0.4870654463757855,0.0350453579555983,0.0042526631261145175,0.0031436803285751816,0.004737715146754379,0.0010296596540924723,0.0036602833444317824,0.018552905790387833,0.02443904362814765,0.0034726986048928023,0.023191935642485718
800,0.005797821235035271,0.012309139960306352,0.022602639751999398,0.01106204590297648,0.014086134102844358,0.004603991124200316,0.6549720256022431,0.010834819586322703,0.012612334622398308,0.007360647435476706,0.053467882305523934,0.062478426634747085,0.012385320965692453,0.0354220888422078,0.029042095866378997,0.0045631816144869625,0.007194033705922337,0.006140375683861206,0.00921086580542728,0.023854129251948963
801,0.053722869870585555,0.056417204326807024,0.010289807829867053,0.005739376647628555,0.00926307729291931,0.2742151676083377,0.007522312779635523,0.008424229861153397,0.005924850214105837,0.002537331689362994,0.006913811377419168,0.14463498773542455,0.0034652655314483635,0.006297187317414371,0.0022442941233921515,0.22340975233647428,0.017895281266737725,0.14531071165695872,0.005640046825091306,0.010132433709236463
802,0.05196812233715478,0.06393040553863748,0.00729473270353338,0.011289775501353244,0.008724321440076543,0.10853169611383463,0.05929344729376776,0.015066595269275227,0.11699961096074342,0.0012361620820580694,0.0071969120884211235,0.016847629609184695,0.0013889393214988348,0.06965292002584482,0.06606178579558643,0.16122203870585924,0.15892400986693953,0.01270875441076793,0.010249845686645427,0.05141229524881752
803,0.18066887551695932,0.06510906686196687,0.005304808789762391,0.013751497679146301,0.03933656125429966,0.19140165254758848,0.01503466592885183,0.005391120458918736,0.005649030004614706,0.025236489622888974,0.03037707114017789,0.03871593922926838,0.0027277627137693634,0.08114585951495404,0.00859325976366531,0.24473937603350118,0.02396601630692229,0.008691304503122362,0.007702598513004838,0.006457043616617176
804,0.011815161716299141,0.006210961998037827,0.4586874145342066,0.3075850287127033,0.0082946020769759,0.01696291264121128,0.008054028530044955,0.010555912268589785,0.008325937365162482,0.002435466956437691,0.020867320898999328,0.0065958071207332415,0.002820846382599882,0.10260580051664965,0.0026712694204231884,0.0024471137376279044,0.003852858357027042,0.0029329115617018216,0.008591636160295983,0.007687009044272925
805,0.005319830429426998,0.023318621254737226,0.015118007746478174,0.013052918737436955,0.010514890840324838,0.004881824394354601,0.017616301107574544,0.013410232210866582,0.011733091082341498,0.006712058940123735,0.010835525825080697,0.012747833242990303,0.0046952325499052565,0.010515609213713572,0.02088788938880455,0.005059389122406474,0.006668176227642407,0.004998548191655104,0.7909090350970941,0.01100498439704245
806,0.054602555007272256,0.06771361802859392,0.007909738147811502,0.006079209280687014,0.0350234082150677,0.05424258199482665,0.024768242836004498,0.02916944895062082,0.0155962125088584,0.04905918255822677,0.2742498829780106,0.008608883763473773,0.0018609687048930102,0.22119369517032517,0.023765653325643954,0.06480261399271124,0.02764320033399198,0.01787850979939776,0.004718664885534994,0.011113729518048102
807,0.04245568188712742,0.16848833926780626,0.03135803040600744,0.0032570045718446593,0.0027548470436215724,0.15207705232653015,0.010323839257729048,0.015140553794088525,0.003512312754775384,0.0022430672935048568,0.0030860196311533502,0.03529037753414004,0.0007640196371585749,0.004890401859955139,0.001642608280871859,0.24371417524685998,0.21830902161079838,0.05527132665173281,0.002483318144675714,0.0029380027996188107
808,0.032734844770604656,0.09170885084188003,0.059040245655769645,0.049013649543901326,0.0018899540890318382,0.03636969754675369,0.06514245300411922,0.041109644799062636,0.04331941657311127,0.03060746671870627,0.08604047080869752,0.09264362549320677,0.011527118895578337,0.09775795422733842,0.0543151749176937,0.06675977871027088,0.07294007751061476,0.06142646209761898,0.0015675414350119347,0.0040855723610281934
809,0.07893315988605852,0.04434043730856674,0.11816019290984825,0.10751112983522275,0.0018720212147064123,0.042149568134543756,0.04966935333049952,0.008359160687000692,0.042788310478565426,0.01807383002325357,0.043761742609579775,0.1038493347253382,0.0011469252441757445,0.1249692869720027,0.0317135355000378,0.087290728754247,0.06557172589750489,0.02143899820568911,0.0013897702281108933,0.007010788055048355
810,0.052623660058216,0.12136229462847647,0.28420719452564125,0.14627121839925614,0.00373790382734443,0.018776827460961067,0.02735418941573246,0.003224827744312571,0.006260583570899543,0.0020331879622992283,0.00452679858400844,0.1325750399381433,0.029553267316121002,0.022575268520169767,0.0024189610223280616,0.10366515036469454,0.026325406162631185,0.003094703321535181,0.0056669842831892255,0.003746532894040227
811,0.010620756263028613,0.02285529307393049,0.01159897667489746,0.005259850029594952,0.010424353862740274,0.002487398349840453,0.009988975284886629,0.20371524510705327,0.0069494100694353815,0.17772494510221915,0.3599494752639854,0.010559032343604021,0.002398111044232556,0.01916539142421002,0.003467998011633187,0.043397733935457074,0.04268603930245688,0.04206911258846032,0.004207100832913111,0.010474801435420731
812,0.003297647340046029,0.006069466960323395,0.0052071856469092116,0.00797033767693165,0.010767954368306104,0.0028505338577833046,0.007553963554244766,0.24481376864764104,0.0067651220565885005,0.5061867337817127,0.15416766730589834,0.0047487657118548115,0.003179945803737124,0.006437765569418922,0.004514245289418386,0.0023962388282226126,0.0027533705349880376,0.006931496357579695,0.007826330989737286,0.0055614597186580675
813,0.049199018538117846,0.04088515441731187,0.06633576986547303,0.08910622763882993,0.05785557759908549,0.06224226187941301,0.060172051902546854,0.03528152318001392,0.023569864718512235,0.054020300501297254,0.04576298367321389,0.06368760124068358,0.005537596663831554,0.052899847208395606,0.03489805042677974,0.05890032156884049,0.053582434004129126,0.027682351218054763,0.05921770546989072,0.05916335828557897
814,0.02075794546576773,0.1655330037665004,0.005270215417621067,0.004198073572631769,0.005117981931131052,0.005665533782320016,0.005282221662169017,0.15397158070205316,0.00509897842183378,0.03899949252328123,0.06272319630144212,0.004149482275569774,0.0019237380561027825,0.0063099374768382024,0.0014135509241535898,0.001816173697933343,0.21049326301978596,0.2922676227607985,0.003594282850573735,0.00541372539149283
815,0.006348699983104147,0.01296057272804354,0.014388201504592182,0.014016093159223718,0.013872128353303523,0.010349135024123114,0.01330144154074063,0.014509749484270626,0.01598904171919915,0.013694437598195748,0.012806207523323601,0.013017328835350365,0.0058340116514992634,0.018170007605722304,0.024416961708479526,0.004844616699589677,0.006251166633345237,0.005377023070303403,0.7640952337766714,0.01575794140091893
816,0.00750803014705945,0.015284866669820906,0.012188633208038433,0.010617186854585105,0.014391444855769054,0.006234433767624184,0.013664763349042847,0.036210288907571594,0.02218136250110603,0.0039555233019572264,0.012931623819623412,0.6873549954334054,0.0066284263301705825,0.013063102980457262,0.004299757757915628,0.038357588147546355,0.056474706204724105,0.0095579981773145,0.011360589991961358,0.0177346775943065
817,0.016414288420394427,0.006972314956317334,0.006199604944587107,0.0075615945317473905,0.005839049088820295,0.019427519068763978,0.05327795815721668,0.010906005462524439,0.24671849856487812,0.0055619622766644415,0.038651534058599196,0.05028691762218882,0.002790141179662186,0.16290590229374227,0.2640249705971883,0.02363974776991008,0.06159890753306818,0.0076573382884444485,0.0047248018172930594,0.004840943367989199
818,0.02045753169211219,0.20616085517632562,0.0029697270815993125,0.020332456699550517,0.030562996782571978,0.005932007696081434,0.006787781683053437,0.08422569604166497,0.003139317209487223,0.07325486877367195,0.16281151970293695,0.004274902114173762,0.001627048298689257,0.0033312173646468865,0.001210764483659012,0.003639109836825701,0.15168078023560996,0.2037087493196601,0.00281811667174363,0.011074553135936178
819,0.006759834043008857,0.008463285113551842,0.009670423840466487,0.010099177803645235,0.013075558327533092,0.0032719044372406816,0.010009096292573792,0.014580211723040637,0.01052542309921447,0.0033472403420391783,0.011012845139300233,0.008993572956657488,0.004240124803681157,0.011735424471619453,0.023258249958164223,0.004755682814307431,0.006972776287779661,0.005032379941605266,0.822599880973205,0.011596907631365732
820,0.009577845468681885,0.012873347932341343,0.012739699192084593,0.015962455286628388,0.018581971259389738,0.007058663471874896,0.009029654062369389,0.6415308074492695,0.01097628531433195,0.0042983448618475065,0.008731331288684216,0.014935703821229185,0.0033342211807174172,0.011274073257106151,0.005114120489738842,0.01338931305973857,0.030469143560727437,0.14136725195158564,0.014941191608056714,0.013814575483596644
821,0.05466245770807137,0.04369376481319262,0.0715797384586515,0.0793472081282851,0.0585727127145023,0.012539179268883907,0.06351148386913118,0.06995664808187953,0.01675167604146601,0.06171638525184356,0.04954453832557116,0.023204970862093065,0.0008476717742101771,0.0516301972379456,0.011147587892633972,0.058618199906585365,0.06559855811887517,0.05473901432789765,0.06958805190348136,0.08274995531479944
822,0.04415017502460028,0.06527976720911806,0.10778231428358938,0.13485882342463165,0.03514981858134602,0.04876594716364235,0.050024057630500406,0.0029243042042437547,0.01771407587691917,0.05736975272916,0.058296838197733285,0.0734313929496236,0.001357212038541124,0.0803752540671757,0.017716598343760905,0.06915428845739112,0.06279954515791981,0.007718317815814075,0.0198437070988504,0.045287809745438924
823,0.008603116163815408,0.01742013882781939,0.004664058529934232,0.01895052347024973,0.022036350480205025,0.00642408698278579,0.01991193043638549,0.02468355021742881,0.030379705280289503,0.005421900365976464,0.016107034759345145,0.7478464135584139,0.005887617620529208,0.018472395757182163,0.00520592343538199,0.004718164740307434,0.006579231540816732,0.008964265390631759,0.012912536517926667,0.014811055924575134
824,0.06527355070117592,0.04044794125311681,0.06819114372601294,0.05394729956138105,0.026488411041269422,0.02711929911304964,0.061098806079904616,0.046809702130534564,0.057002805031648486,0.03518286509682792,0.04930222890516458,0.05857764095908773,0.08560491387777125,0.052004742229709966,0.03474725990556637,0.06136622241576204,0.059295316623432244,0.050219536522276564,0.0402470915013037,0.027073223325004243
825,0.02757889045699725,0.04308252973158772,0.014814048912541677,0.019606584765785296,0.10050862300502517,0.01565639195897717,0.10269676385777216,0.0044802661589421035,0.07928177865120498,0.017856726997296544,0.10671284455837278,0.05690421932099573,0.0013795240583512798,0.07450164994166032,0.0472415447057065,0.02627809584164489,0.013888414570478194,0.004231741246200612,0.18210853773548927,0.06119082352497033
826,0.004237149419904056,0.1350661244963488,0.0074250574228338995,0.011013830782299748,0.009145128490269843,0.0030621931195787375,0.012361775993538363,0.09254645740240687,0.039062741589065746,0.16361116913883125,0.35745427647512834,0.009130252528759255,0.005427291928785486,0.021729025172538958,0.006366263337287279,0.002969421565901334,0.030114987788086772,0.07334866654796234,0.00793447824568915,0.0079937085547838
827,0.04901758706758557,0.04447066460079852,0.039469533806476886,0.04629693587637088,0.05875470287989463,0.025205833207814776,0.08755721168183356,0.0601724102462017,0.04775276407302767,0.04674647328768312,0.03982659987880422,0.0561875429692254,0.06660391656871016,0.052249255101535885,0.04525898571987716,0.04669655773226619,0.05049390410183779,0.042793045900813315,0.03900402637928332,0.055442048919959276
828,0.010758695012591775,0.15607976131127066,0.24621301032519297,0.03655040537529296,0.010622061471588508,0.006044504490521761,0.0370453200169217,0.10172167705382713,0.012955131824459941,0.023274592978239143,0.016904268311611993,0.15628523916722825,0.0032294601214612542,0.013768499101517595,0.0045774799198446655,0.0294396684231846,0.02682355413673621,0.08068567574802682,0.007059249171833207,0.01996174603864874
829,0.009330679703418198,0.016311284143928417,0.024120585764067327,0.039188901399064884,0.0167569423776195,0.007524217110385084,0.023632974518651328,0.019820089565291483,0.602614267221637,0.004672731317177068,0.03804726559554158,0.03260178058940785,0.0061667117440490846,0.05782537691229531,0.03974014668786691,0.006889002754692203,0.018382335341582626,0.007037231612584086,0.01172285433450203,0.017614621306237976
830,0.047381492669676374,0.015454426322697492,0.020315760866259438,0.03532855188512499,0.01447501460852769,0.006350864475709282,0.051623241043570356,0.038361138826320744,0.09658402265718968,0.007226981198476028,0.01952595021796199,0.05357978452778031,0.004746863528449907,0.04309581309532653,0.036803780702760316,0.20388100629742933,0.2648837757020868,0.011108020474872452,0.011004271679506123,0.018269239220274097
831,0.04979433283859613,0.03428902576153697,0.004367410017954314,0.012718228419908285,0.05150209479789814,0.001425400351346219,0.07138132330532412,0.06816555979122257,0.04876543559959213,0.08969924836745354,0.05037693465692688,0.04632433790261789,0.11704597794621481,0.03280209043414948,0.059159636932304034,0.02369785261508603,0.03219112381734266,0.032298059000424935,0.07186731614408425,0.10212861130001662
832,0.014915919697652985,0.05547428692415002,0.008286865355178873,0.006619649141448945,0.004879632005148672,0.004132759809963388,0.006978667938322435,0.3178174297146899,0.005918866237930913,0.23126903944428887,0.0552763290207606,0.008158244115052109,0.002124306370665415,0.0074250070456363835,0.0020510161976034294,0.0019826942024557636,0.003681646690229091,0.25254341167411165,0.004695860466187002,0.005768367948523517
833,0.04770239517500136,0.04462439128217588,0.07369907176863807,0.0921461420546615,0.020162643016420494,0.06378827786575003,0.05727298833343819,0.0253945986950674,0.043537987081464675,0.050930803166777845,0.03644403511371947,0.04386075204658438,0.031237072803610284,0.06302516529245163,0.037398044892669326,0.07549683367957717,0.07107039164842924,0.05400114233857953,0.021029405202980442,0.04717785854200301
834,0.1145969695884197,0.07976491517281827,0.011799811650815383,0.022688393886843294,0.01292191877498214,0.01891768120951842,0.06849269578894875,0.011194395172953226,0.12812993387727115,0.043544889069816295,0.0517039241683764,0.05294261525222536,0.0007277630686068655,0.12221001102829517,0.06494697924494702,0.05906224463906787,0.058938473335803425,0.05820025595476238,0.00618896813270568,0.01302716098282325
835,0.007082609302456466,0.022217460492154274,0.017104842006390463,0.022377310067022982,0.01737813216826891,0.013458882297646817,0.0163087109372308,0.019974472650339355,0.016042469852919156,0.012263941667449556,0.01590075383633684,0.01182299583418544,0.006536744262317364,0.017040408271567647,0.019061076367316427,0.008059149965812007,0.007866461711304257,0.008124288339257752,0.6863221038975741,0.05505718607244947
836,0.023019823645310394,0.0069173446991793236,0.005297123942286537,0.004759202545677019,0.00515695102771594,0.0030778200348158904,0.044303975357331264,0.10537513435283084,0.08112208069220946,0.03180440210858378,0.06953626578662349,0.013781646270736534,0.03313004388984359,0.1391527763346225,0.047920411583606486,0.07856159804141047,0.1674199093971357,0.07716946378311074,0.05223586256218632,0.01025816394478376
837,0.02251129591801059,0.01727260541719574,0.4394333582062205,0.16622753377097496,0.01800638139274993,0.0025064110351532606,0.018620549465453735,0.023745539844244365,0.023768152191950453,0.006929315796083976,0.016821163563856868,0.023036123324386048,0.006466913229030786,0.12341554170767492,0.005666114859856888,0.014489285879677398,0.008713408067479516,0.03278100135753261,0.015153203867545031,0.014436101104922473
838,0.0058757353624267926,0.015259730965637703,0.018543216837840028,0.014026573831959412,0.039305501345875925,0.005633946088397571,0.011766456625237861,0.37521545692702113,0.020000243534357764,0.10602373252636367,0.022897707639955616,0.04270502035088991,0.004021697479470027,0.011662364347550075,0.00384050383760263,0.01289580360529336,0.015580652556193043,0.2488886156431014,0.013219660440586116,0.012637380054239934
839,0.011049464869720712,0.012517047213594529,0.015189723631406861,0.014064710539296837,0.01980285191576778,0.13274219569458356,0.027456106947300853,0.017304633527262622,0.014952324301908848,0.019677365370666833,0.013431117890457601,0.011599971369876297,0.5994776013036347,0.012451907319093245,0.005893550220512686,0.024628625190225326,0.01397644565222772,0.006232367097806637,0.013436422285432023,0.014115567659224388
840,0.00440103647425977,0.03671093628856517,0.0364782267460164,0.009277418971579255,0.40157556336194594,0.0043259455080274555,0.01957979965500865,0.009284048988376753,0.009070572831136535,0.002872266055010121,0.00771737618131346,0.03216562126130082,0.005000981991899999,0.012840279075353428,0.00280914475293652,0.00555471166440532,0.0038792956644278947,0.004517412381453999,0.006493065013744994,0.3854462971332375
841,0.018772959217303025,0.01642468079913898,0.010911622812655557,0.008052561928649763,0.00834968712409403,0.023047792792308317,0.024197977122295072,0.20102385842990952,0.01215064541946565,0.3389872395118403,0.12771793279316582,0.03127997982697408,0.009742088856537118,0.03222654237486383,0.006835469721057756,0.02541525210614443,0.017618616795234587,0.069256690415553,0.00774792759783189,0.010240474354977346
842,0.08211950392976458,0.0544631704240473,0.010029100341055556,0.027480048777169475,0.012472899128881401,0.4546030979825079,0.01055248387555748,0.013843028301793464,0.016875329113027502,0.005070206873733479,0.018226852088610093,0.19132330072524303,0.00528839173204648,0.0407805675701968,0.0037893796900981477,0.004569820984883335,0.006038784864515347,0.013890414439091977,0.015523214935174674,0.013060404222602032
843,0.009274300474356947,0.018319787237715213,0.04592147514419165,0.05417950605438367,0.010895159708189514,0.009184578745410376,0.013356629252487482,0.023588947395634174,0.5413907785286489,0.004254858530078615,0.11623340391009894,0.03141145588163051,0.004574249886826468,0.03493579251486594,0.03195560697354479,0.0067280597144199795,0.007112906458060232,0.009128596932960545,0.015244530844960706,0.01230937581153528
844,0.010684818276377817,0.014696109213162873,0.017151258387716216,0.02567707868033844,0.013565316181147062,0.035756924654837825,0.013044127155432702,0.012999694980748969,0.027807941626283823,0.004485563371616464,0.02664977479908369,0.013192871905663128,0.006371094811014641,0.01838953420541861,0.7053355179400304,0.00865918468763714,0.006777169872779036,0.010438189555059485,0.015634504862557953,0.012683324833093779
845,0.009742740460170428,0.0194903110928046,0.028868984174600085,0.6160080242284872,0.017778799865073705,0.007572242932712396,0.014788058215729526,0.03397413626921167,0.08611386454845031,0.006625563932142385,0.02008994411531961,0.01768387676966585,0.006875282427995257,0.02808935672079088,0.006702507194756083,0.006231358308688668,0.008980806828260546,0.0261479215307438,0.021928828673557374,0.01630739171083962
846,0.026696201020629806,0.016269858185310238,0.6984500436283224,0.04393353762742852,0.017300028231802777,0.029109518576408717,0.00970356278646855,0.018162069968151076,0.018346647478029176,0.004801209954164357,0.017908962090602668,0.009154283890638824,0.004306248006144946,0.018034364885803646,0.006101473421310744,0.00484973789805746,0.007685163224519768,0.010172322721705205,0.020226032311198267,0.018788734093302856
847,0.010845746106085732,0.03346811096523991,0.014739490653378784,0.011538161164422703,0.10512125069417917,0.03396920944918808,0.06386545591755838,0.05577976565276179,0.013603130837784382,0.3025170793509772,0.06359537512799275,0.0787367245128636,0.005717545923666853,0.09269481680400511,0.01345092141895051,0.02445775926143223,0.013033294364826017,0.03761372942363933,0.010811935828308257,0.01444049654273921
848,0.013288177026782604,0.027412589943454486,0.029205996228948847,0.025474512544467726,0.024065929522647356,0.02415942888901906,0.02463926276907909,0.03349278698635758,0.024188718474474374,0.01429059860785422,0.025866391680653255,0.02845257493554214,0.010877691798184737,0.02875780154600004,0.03398021192030573,0.010638981582708993,0.013305441896304669,0.01139957743872542,0.559256652682166,0.03724667352632368
849,0.009553510148414627,0.5262814459805034,0.10625265106553843,0.09533633054533681,0.014353383390559726,0.01853775045860871,0.00947474196742167,0.012438842792104823,0.01982396213972257,0.006988352231014052,0.016772941582648405,0.020959889828479256,0.006175743872657201,0.0209528587818755,0.015914653235461155,0.010093427619897696,0.0063779497725472345,0.0070008566362447745,0.03887428660125635,0.03783642134970765
850,0.025544591725344446,0.017788491411168905,0.03545144663350625,0.005254598994663326,0.022390361206370803,0.6134980407203109,0.01306075977016414,0.019679149034449592,0.03534376819986874,0.0073216067315220274,0.021477545543055244,0.01821238892386809,0.00662958788276046,0.07922700195599042,0.007265461626464432,0.006364355054862362,0.008007229569653973,0.024709184579904207,0.016791800108301346,0.015982630327770458
851,0.17261499885145695,0.0239803019059148,0.019689160900583817,0.01671868442078415,0.019653475045202415,0.007274371436044177,0.013718529628513262,0.01533165994994535,0.02527329407018092,0.009172667390376475,0.018612538183100158,0.012855975673232574,0.015928359400503925,0.026019627761781624,0.006604148692157985,0.5353463368206463,0.018117729014571125,0.011739062351552164,0.014044662890369096,0.017304415613082828
852,0.00704142235807279,0.019743645949835843,0.023135918262999672,0.016105146117471467,0.06725528994213416,0.005026088339165905,0.01224766717126618,0.03308275339541648,0.019151690403989487,0.3511205650702505,0.3182670425668269,0.015833373438722542,0.007190595033561334,0.018693178626631776,0.013136190347593975,0.005689614190625323,0.017337670873802162,0.007704842774999676,0.020180490672067012,0.022056814464566823
853,0.00990879585644798,0.043008269591948735,0.014630233727120204,0.019908479415287162,0.02507371979406324,0.007879495871812532,0.03260480503386847,0.46166334196816217,0.0221721799163811,0.08867365574517959,0.04072312172885561,0.02330227906962742,0.007747304629695491,0.025340964474377253,0.017018450302066637,0.007649716052923483,0.028229176905849803,0.07962788143895619,0.017637482027360186,0.027200646450016717
854,0.003673313667354602,0.01055565445339871,0.010480052902783222,0.010880606040819175,0.01593998819964375,0.46728073575644363,0.010591421245812147,0.015840920067621087,0.009439128733295929,0.003799118275446916,0.024103869055202443,0.012006485600364908,0.004180883393081605,0.013510379073520705,0.001496952050506774,0.14065565057832513,0.21478263056051425,0.009747350013950707,0.008478465125718143,0.012556395206196254
855,0.0037097048612420706,0.05866593862735155,0.005944678960140548,0.006329088118500269,0.31046487470364886,0.003026815627729972,0.11296082864340636,0.0038780465609374996,0.0066804149786116465,0.0011672067823080081,0.00733234825994349,0.04170117597901352,0.001596584670878709,0.004015016318359404,0.010115083330702164,0.0035962205033694596,0.0019344729693667173,0.0045656400246339235,0.18501805198741228,0.22729780809244357
856,0.013902600981197962,0.025471020627060734,0.023730632531589805,0.020814976613721295,0.03752527963767271,0.02067778871807427,0.021289325952100733,0.02056616666437355,0.03297009073592019,0.007932284141320765,0.02532550851736838,0.024809923790891933,0.008257926914080756,0.026950278310087727,0.6078657864725311,0.0071485929327137964,0.011085536792748464,0.015406957920802808,0.020155191477369962,0.02811413026837305
857,0.01003970989754092,0.013739553923442381,0.013917326370361268,0.019688339277830907,0.023038755408635803,0.004636318873551848,0.015547808821387834,0.02552819889075421,0.026384166066970083,0.036858285525740324,0.040300944502047596,0.019197606623026147,0.673142348707002,0.014019561394483439,0.003787463377013514,0.008247224375896705,0.006703201315601589,0.010920818816071909,0.01657022512072477,0.01773214271191688
858,0.0033843396597551347,0.009704562898356186,0.009662529259319283,0.016522578021961748,0.011786196800301912,0.00479297822408524,0.022233898767570332,0.014883803425424029,0.02411361505777498,0.0046509697816102145,0.0177289966265296,0.01420602004222415,0.006051999860607331,0.010825423547328872,0.7844207981526773,0.012955543049675942,0.005083811317596691,0.004923912506627181,0.009786096701127038,0.012281926299446808
859,0.1316104283874964,0.06659018620607746,0.002510022341298469,0.0044724283989616325,0.005654278232188724,0.024437146949611705,0.06760300191853706,0.010620233155807181,0.010274752633719289,0.023066050665940422,0.05671149851157692,0.00535419548493744,0.0025406405572617765,0.20355998780013515,0.0038246199559799766,0.2009251963411175,0.16654051799378486,0.006339737949739098,0.004090977535413146,0.0032740989804158327
860,0.02165034548834711,0.039751854448061404,0.015709770057860926,0.0231097974500838,0.0216169811373304,0.010990161795379061,0.013073324047425809,0.07719991689256704,0.023393340823804957,0.00679626158658618,0.032365423561889616,0.023063680727621452,0.011680430647409812,0.023356968936380427,0.006824894338678041,0.02636182577039008,0.5758117709953011,0.009526514389068192,0.020672142476205975,0.017044594429608595
861,0.010640722119775743,0.057459975895463776,0.016203471007264967,0.010837495801627435,0.020281904802600132,0.004221657255221173,0.018638111506291983,0.022355421440647325,0.013375483769298162,0.006184156842958495,0.013609698497431462,0.017684939183606047,0.006757925140628594,0.012924485668141396,0.013827632533270642,0.007570106450942182,0.00766282271965141,0.007356207224897012,0.7083025511570944,0.02410523098318766
862,0.4082659519058897,0.13097735629705887,0.020279580348615742,0.01563545344946014,0.02603276689019199,0.0350892627351592,0.015612794734981625,0.020898742923936346,0.022819288078966004,0.006377553660044912,0.016582247409329415,0.015966881295593673,0.008575972676904067,0.01281140751431091,0.005413800666745692,0.16972509839762084,0.005425277947917203,0.008456236931902483,0.023077163929476185,0.03197716220589492
863,0.10289035304277143,0.041684192078427745,0.03728722628194708,0.10418910934809329,0.08108228519949008,0.04747943934770712,0.05148381390993553,0.004696216512892793,0.047094166120829305,0.01994874823526149,0.03775295829690455,0.0157153091624353,0.0015859026503756708,0.14670899882348906,0.022340202695363992,0.07862833089948675,0.05073577662910994,0.055601093867542584,0.03406011286939994,0.019035764028536337
864,0.00876517980963649,0.05530424458679983,0.03350302579330507,0.017136924765900254,0.012394664577077533,0.006303055175846477,0.2211781735926627,0.013538297620924289,0.11609782895013433,0.00421855995700518,0.014588434279699003,0.27575323340219227,0.004483995922399888,0.015274690566529074,0.07707470839865313,0.02133744617423068,0.011459216949135568,0.006634579064988995,0.019404567333193467,0.06554917307968572
865,0.053067635952825605,0.016637920923891613,0.01434645865585704,0.015495809038583845,0.0100146954697774,0.006127075234434318,0.008965985752165723,0.3779066433462879,0.0199558641169612,0.19442929827765418,0.07723589826733622,0.009788352579659322,0.00633975672120548,0.014782639758815413,0.004684560222626756,0.004499537879920972,0.010871746093617038,0.1265422739273069,0.01448482227628479,0.013823025504788327
866,0.027009162221254268,0.03461983889385989,0.004963354128555533,0.014751249785966048,0.034876785216595756,0.02307241824089561,0.09487657557785378,0.060532116907873544,0.14250157479875872,0.03719982726485086,0.023330779915568176,0.0033895979466329815,0.10867509713126632,0.04491613173783248,0.08389883592838403,0.03471911057217413,0.059777759611425896,0.06318221383029231,0.0359021163377664,0.06780545395219337
867,0.054208123027609106,0.07918207440488668,0.04770663819325411,0.03262176158575927,0.04018341802503434,0.03917857236147479,0.0603156716264468,0.05374750590156443,0.01503510369237523,0.044260406931344844,0.07646965622032005,0.08400761133795924,0.0369108283799562,0.0578632570390957,0.0402334927892787,0.05841885896704541,0.07066269353373614,0.05444082162250849,0.02047962651236223,0.03407387784798817
868,0.009608370820296114,0.02049143680084614,0.021001987177655473,0.029013357890187007,0.02304037646291089,0.010918964298994277,0.019443007671279117,0.026483103309457856,0.02673452721621993,0.00732027477632794,0.02951699495334915,0.014722842966445835,0.0053608740432685075,0.022960553596111544,0.0075394665354795816,0.05143087883710242,0.5303699869704864,0.10008320569458488,0.021786385307154793,0.02217340467184216
869,0.05768578534730636,0.1829896505089448,0.008596887942980412,0.015704517438062077,0.00783103944190934,0.008416731865962437,0.008939171076849467,0.060491775423226986,0.012282151543024929,0.011872708958323161,0.041866088058936435,0.01062371570798968,0.002674281154244951,0.011971761517331236,0.014629954392365765,0.01835452821526631,0.1256325741997449,0.37683678639386814,0.013007176485343988,0.00959271432831865
870,0.07607926004188605,0.09846695635525433,0.01639902723680349,0.042045065023708215,0.04584454912465255,0.08388881176896464,0.07889164356112204,0.02140577130440156,0.042412285536696674,0.03459378960646147,0.06988865039280713,0.06714356552983215,0.0016070217059104474,0.034410385099003744,0.07643227091127798,0.05185906040801616,0.04688479312583171,0.02844455375783839,0.037819840420570176,0.045482699088961215
871,0.03845593320129387,0.04810803313756474,0.004130391857352785,0.003174444197854986,0.08018247979138389,0.014032920817311336,0.07420404795092884,0.04531407238261478,0.1437473457788996,0.12248810630370573,0.11539520627501838,0.012679713862811763,0.0008703078033531178,0.03865146198373506,0.16024050598083303,0.043795306307622156,0.023443033139519353,0.015626526824017713,0.0109667147261044,0.004493447678074394
872,0.01961240481554599,0.1739225787569932,0.014491143664460762,0.007849329556963098,0.014493531852455938,0.006597822815941939,0.010690496351904189,0.08157524230495428,0.00991353482932445,0.11358566158506346,0.18890346233718147,0.011026299831521508,0.002481414281691936,0.008492049599150986,0.0027143443745243604,0.006488192062221565,0.043629533507491734,0.26512802736731583,0.008238325081089,0.010166605024204236
873,0.004238515930772391,0.0013991055497119785,0.010792707283830444,0.014874416957602832,0.00882899234530691,0.007192121696491557,0.10826552993853193,0.008645585684030154,0.14929309765213608,0.0030992195383757796,0.011786171207339243,0.006311939520643178,0.0024443768306082643,0.26666852824444476,0.3532376205858789,0.006563576355408444,0.010907661371621984,0.005423924867410174,0.010360501352218566,0.009666407087636447
874,0.010552242389752269,0.030123009765690056,0.02269182337607696,0.015087032420788167,0.11944424397629701,0.025839053207757656,0.044158373190901344,0.017603203079003846,0.0977109127249836,0.006403505862488376,0.026580564904059144,0.026300784949394283,0.006353017333128853,0.015679311037704907,0.4136506061293299,0.019133073877076807,0.01617172004662935,0.027779654379744667,0.04121597749465805,0.01752188985453469
875,0.009631869543298864,0.04591244763539679,0.009869013483758755,0.020289361161315436,0.021563878802880992,0.004760344075892024,0.01586209334883139,0.41015291058759534,0.014475208624268434,0.10032240789715706,0.020654781947882526,0.011897044390204054,0.004413246280746048,0.015108655809884325,0.005509425761743549,0.003937931016729491,0.0036028154109641274,0.2567106872255016,0.01535962921177074,0.009966247784178402
876,0.026924582426577155,0.08501118943814216,0.007922607413492147,0.01059620453779538,0.022911811401692947,0.00589297801190079,0.007436963372541742,0.46973739890529215,0.014217678262127715,0.06679513990889152,0.04282466210469637,0.013187928565221699,0.00299718511268395,0.011188205600436894,0.019665997739117487,0.003228789413070317,0.030105856403969154,0.13490234191686815,0.01632271574218389,0.008129763723298428
877,0.06653728656151785,0.09583385340556887,0.11362970285813963,0.005406676103705905,0.004885419108987972,0.28894296470281317,0.006481003026210586,0.006544515410681405,0.006570884677879571,0.0015359494853364776,0.005530530745304671,0.1686288344929572,0.0038500172106777884,0.00586026826849194,0.0021720539358100845,0.19199896892207255,0.011618466994291735,0.0038763388911161583,0.005218587277439624,0.0048776779209968755
878,0.060686406067912806,0.06601192507551007,0.05376889025412618,0.05182216769298419,0.0436667464873133,0.03351756445069513,0.06879175013139621,0.06805856909789569,0.0286809259382494,0.04124506450158991,0.040309053871825096,0.04553310069512773,0.05777117667124416,0.055410729297352336,0.022618445515160648,0.06968139602746785,0.06787532403092754,0.04776290733124735,0.03454928039179735,0.04223857647017712
879,0.05924207053824018,0.04602191956054119,0.09335134797209939,0.10509699361100842,0.0016551941833501489,0.05194177960841773,0.08250695426722256,0.0017672486905250322,0.04056732724586108,0.0006687362974128556,0.00509091766865359,0.13624658887453242,0.014895764388949843,0.08900989821572898,0.07163514832204511,0.0945408634454017,0.07320696698615971,0.0022156829639133437,0.0017669235599955576,0.02857167359994116
880,0.054346737134884714,0.051329342893433966,0.02968487506375118,0.0675574830927567,0.06170911700344529,0.02883180360589306,0.08576485545093461,0.0024799702666988745,0.04914830813851594,0.07573747996386994,0.060309250566843935,0.09646042977051604,0.01649340972655799,0.06533242121149847,0.029036730817484504,0.03684138164066722,0.004999550952021874,0.007382450974384814,0.07200498724983938,0.10454941447600152
881,0.04832053211178988,0.054069536673414444,0.05079886390930438,0.04376630605466347,0.0500718823656644,0.03832924032384593,0.05468992731156647,0.040716046661029674,0.056711787573913784,0.04638498552402998,0.044288880777383445,0.06059449404672997,0.0461129311119175,0.05192865293061564,0.04561271145917351,0.06925550217792155,0.05996121863059972,0.05059173793714389,0.026990500833398184,0.0608042615858942
882,0.004183774521834025,0.06030567063907433,0.009171793832550484,0.008144810870752098,0.35745397225030295,0.004053022343369972,0.03409683792326918,0.005957777889452173,0.007045345229755251,0.002309969743530172,0.006937629979816441,0.005686454291735563,0.002330225009777369,0.005977917389424852,0.002607190633776448,0.0018759296151304537,0.0029998923243591048,0.0038848125798391134,0.07593277941169078,0.39904419352055914
883,0.05173522657838345,0.06253588993490145,0.06448298681904403,0.06914292082876444,0.06118608228573408,0.04608901294033504,0.046709315486035574,0.0323695549044379,0.037867576469455766,0.04702613695525679,0.04379441246192719,0.05449123429396371,0.012269631825042896,0.0778548602015597,0.04418301183102638,0.060853840936813695,0.047304949865311606,0.044847633764808346,0.034840139816250795,0.06041558180094723
884,0.005645837542305041,0.11890803088552997,0.18645729730444235,0.07468077484508434,0.08822333174575908,0.02252646329384753,0.010942560787335623,0.007383329231836604,0.006519273754696571,0.02927861489903587,0.09917809806632166,0.10144920922480473,0.0020326982464725285,0.024531238809828406,0.002044135545026808,0.08493156529113338,0.044607000019121,0.004726172680627085,0.02693288209761162,0.05900148572917979
885,0.07889369499916202,0.06378225398669195,0.017388562171663843,0.008742680043368702,0.15479016807099275,0.013323055614289295,0.0931211710119204,0.041759051827202326,0.008395643619592502,0.03546182867427359,0.045848216710320765,0.027206169754812135,0.0020250022035500706,0.0682888036499778,0.01630516115327468,0.03386182861115794,0.04786860616392772,0.05277994619116256,0.057000971903110494,0.13315718363954848
