site,A,C,D,E,F,G,H,I,K,L,M,N,P,Q,R,S,T,V,W,Y
790,0.05330734582847153,0.028050515220961508,0.010391455298624475,0.02362169923268682,0.06056941030643818,0.003399269474722722,0.0696269925935504,0.03938283537600008,0.042812013120910895,0.09323062247048214,0.08876144935861935,0.057864735025675046,0.05003530378119932,0.0693269194819941,0.03871789034813723,0.023522054560317578,0.10311953268646022,0.05234349684987631,0.022077872966111727,0.06983858601876032
791,0.12098041800765766,0.09352281502595201,0.00965798729077813,0.005350647293904257,0.008512072838931269,0.04035271137816714,0.007383789297579731,0.01040138452586838,0.006406348173456347,0.005353963337986997,0.005935512625325105,0.009828722435743875,0.44473838367436813,0.16117322503659381,0.0015686400532496628,0.013355111794858501,0.03830308602137387,0.0026074926325622225,0.003719710653140858,0.01084797790250208
792,0.07623183516531323,0.04625274521415103,0.014367396230573383,0.03721431105934047,0.009807591128680819,0.06558500570895331,0.07230050917519885,0.007659605373485108,0.09624748552352352,0.021350249088407845,0.04516568929723783,0.10527176817087987,0.0004888087107754248,0.060765565216814865,0.09588035793855271,0.12480781358561137,0.07241244328110177,0.01748347658089437,0.006941631404542676,0.02376571214596153
793,0.05959742986158773,0.010614187064337659,0.008150754254383745,0.01539833342807162,0.007409499378086877,0.5585294868085965,0.06077296401481632,0.010698787147488991,0.009944344976217708,0.002171660369021617,0.00825133733426824,0.04841111128695865,0.00365084268589917,0.01660598704116754,0.012314839734270873,0.029362720224072436,0.004434027722746106,0.043964261162574854,0.07278875821081605,0.01692866729461749
794,0.005433452814803834,0.009124045828086798,0.013834166732591024,0.010098735264845718,0.011269763486162139,0.02225126057414665,0.1324902418061513,0.22312345953115845,0.03914138279006785,0.006435080597189826,0.01363893669354874,0.012900278060067587,0.008431093966911139,0.01861459133707426,0.41918926630353126,0.006958761252764266,0.012046943253066872,0.004748142856877671,0.008125764865302388,0.022144631985652224
795,0.01631534989248621,0.01103847837396474,0.010369248249236983,0.013242243337595518,0.013602632648928747,0.002847704727525152,0.015731135292865836,0.009409800371671858,0.013819400340870584,0.004917832688031359,0.013071100092321961,0.09847791471819375,0.015043697926948105,0.015585829402983774,0.0033298131877717305,0.007807893266586114,0.6798357021045005,0.03243783061292124,0.010070166245866752,0.013046226518728993
796,0.004989498113460244,0.010169585558598107,0.01071945984947413,0.01621631553923951,0.013170473164982132,0.008454902981203062,0.013419756693932887,0.02050592099107594,0.01795403879704248,0.004483906144370595,0.012856837160223566,0.06091797881265129,0.008510278085721837,0.03540768494480549,0.004057301934455534,0.02054490374022858,0.7106366318843221,0.004673202627111543,0.008403658416873967,0.01390766456022707
797,0.004228199249276329,0.06071736822272619,0.014092412035896368,0.007278475240611472,0.010513893767798902,0.007486036920293571,0.01810518801184947,0.014582723479540994,0.009096701662987148,0.09450042499382914,0.00979452257784861,0.01563009140662064,0.008115776420584909,0.013326957726687384,0.006114983111163421,0.004169454847801661,0.007105144148593053,0.003453613139839428,0.673899842770956,0.017788190265095313
798,0.010917974724787791,0.011676588185177993,0.012361019230029914,0.010817055376746126,0.016766192541448368,0.004024529718874932,0.02619555708387728,0.016275915196773547,0.016576589594042554,0.004655381518098011,0.014305208939500118,0.02171215760987283,0.012352872649043063,0.01627834121476954,0.004242473073392562,0.7483969262001485,0.019249244182606536,0.0066233252187988916,0.012501767411107628,0.014070880330903753
799,0.002098796021734657,0.048013604570764194,0.005162569178779059,0.0034690884296193266,0.03476240662332042,0.0011217673832864615,0.005088991221747314,0.27161459311469643,0.004450473942037216,0.49366090400227264,0.03450389121481657,0.0040655278334330285,0.0030364956009290285,0.004560252332721353,0.0009943584659341297,0.002878782410725976,0.019561635115902906,0.0343332343201272,0.0033503717203100442,0.0232722564968421
800,0.0049715328564368865,0.009831016992064325,0.01731960709400375,0.008724370503240774,0.011011549556548345,0.0036187326513871195,0.5170036045355473,0.008443833525692284,0.010140831159459634,0.005298274468135984,0.04367164374835497,0.26073998574596335,0.009041497967317848,0.025866228024037055,0.020347879930352055,0.00357655457059071,0.00560991006903265,0.005786551811618083,0.007193427434020493,0.021802967356196287
801,0.05511590935745812,0.055610204629922465,0.008623930753267261,0.004377201146073025,0.008096878523925127,0.23863179288433184,0.006553364857624159,0.008917135662802677,0.005153864075891811,0.002214153137451818,0.006042269399837012,0.13415810008267684,0.0030174118688004394,0.005501232196536202,0.002213128151964857,0.21459275471985262,0.017770109347744492,0.20962051411655008,0.004924920917914782,0.008865124169374404
802,0.0437694601899056,0.05826225752111162,0.006096667761215319,0.007642522561356983,0.011502202615528702,0.09586103515778106,0.05777733233934888,0.01363037067253364,0.10768207250763855,0.001099178438635495,0.007343526006001722,0.10911673358874138,0.0012737794469524857,0.06374012782056596,0.06409644474190992,0.14210703293570995,0.1426027173637277,0.012529724184982239,0.009397065706400292,0.04446974843995255
803,0.16211094397985765,0.06362771742881952,0.004833270992490346,0.011222937533376741,0.04351600735129978,0.17332253956638918,0.01689381446631904,0.004900962903351149,0.005848146387430911,0.022395090273571047,0.023718963405487434,0.04093033103015492,0.0024955205022712643,0.06768077339071707,0.008857278532815692,0.21720374029821585,0.0203781133285108,0.0958553667643199,0.008311114633788525,0.0058973672308132484
804,0.009085036127733353,0.0069213119830376256,0.43709432956442373,0.34007986430587994,0.00926533085216893,0.011636898897695779,0.008402267303205306,0.011626496332514495,0.006944428508261696,0.002754257528290211,0.017848428630575175,0.007430360083266512,0.003177821785972671,0.09691367119138497,0.0029616310152382396,0.002737605389379313,0.0043496493260614735,0.0034066609896207293,0.009208358181516246,0.008155592003773547
805,0.0043177794670162745,0.11184136968437669,0.01223170315512325,0.010667462482956174,0.008545233709702163,0.003964695435850279,0.01361364345657357,0.010855577557840333,0.009372211713868029,0.10125469732713722,0.008859361314935081,0.010360094240717245,0.003809392007944966,0.008661774749555335,0.014282132833861419,0.003973062542855768,0.005374780653641996,0.004115675809271406,0.6448695292107968,0.009029822645976128
806,0.04738800910076478,0.06181484415826452,0.006808190367279431,0.005156962064849221,0.034324266729877324,0.04571348014199568,0.01865848218012145,0.14876036081698235,0.015743052124952812,0.04666796884736993,0.23899912611839,0.008002354986895293,0.0016127211189678203,0.19048435233020358,0.019159818045526276,0.05586885445306663,0.0241098800399212,0.013545719617693835,0.0037833592727255835,0.013398197484152337
807,0.03506575292696793,0.16546545580822006,0.02256321891309596,0.0033770877705948357,0.0028451472400034903,0.14899665108909718,0.007814813233773896,0.011605699643484301,0.0036943009748451067,0.0019179789448082489,0.0031834724983977893,0.06385475068868293,0.0007905894402653804,0.00454147968105378,0.0014019941528733526,0.24279826384720382,0.22411769467360912,0.050342897919815735,0.0025838337157813463,0.0030389168374257663
808,0.035148581581031034,0.08245637588654457,0.06002813497860829,0.04745193230633864,0.0018223210316393754,0.037543233950190213,0.06304227141357023,0.037686089105805606,0.044603699245556655,0.030224466943306785,0.08234231306717771,0.110211734730638,0.010999598316452407,0.09705833626966642,0.05304757738841845,0.06871334257010142,0.07279675048454427,0.05984743998492321,0.0015710609622912632,0.0034047397831955223
809,0.0749133032952605,0.04248327843557168,0.19473439894496636,0.10117442490874506,0.0017679570692737802,0.041711172966592845,0.04528222484985037,0.007445444567417931,0.036966914318069505,0.01554240732936421,0.041912104954196824,0.08916554316824288,0.0009716174391077204,0.10926680750139568,0.02684006806962712,0.08034156687235622,0.0626318890991817,0.0195164209167714,0.0013225033999415404,0.00600995189406674
810,0.044086784550233724,0.10209286988663427,0.25629644507079574,0.1611364382988449,0.003397710201349516,0.015530278479296951,0.023608197935452564,0.002919003827828703,0.006377201440442372,0.0018367030566822625,0.00411342891535364,0.1149594438454576,0.023415569820431456,0.02334147660834522,0.0021916677807739906,0.09195969980527526,0.022782454960348565,0.002430486926968445,0.005162196956141383,0.09236194163334349
811,0.009319843978569851,0.01925597042933041,0.011504189794856727,0.005225668497235479,0.010338800286132889,0.002467969009015505,0.009890936059237148,0.245460105353288,0.006036302987311882,0.16410989729941367,0.3549041081640697,0.010517153095187609,0.002377386831388879,0.01861369674677832,0.003212877023066202,0.037759572437559646,0.04223535706760469,0.032171343305760984,0.0041584236153089545,0.01044039801888349
812,0.0031330557318405405,0.005774936113374897,0.00494908772595682,0.007563810985268272,0.009296331746233715,0.0027094684137383513,0.005949436199587429,0.29097163794092695,0.006421139083980751,0.47958263973346366,0.14424403905229155,0.004509943728034736,0.0023393190720942076,0.006115841839282612,0.0035331939541654402,0.002185219885518198,0.0026182601989206485,0.005392202714215871,0.007420812197288405,0.005289623683816894
813,0.050556629018475546,0.043470640992178185,0.06592856921335201,0.08613881488997935,0.05391985492139595,0.06074590835286068,0.056346763001529854,0.05214221410591594,0.023487542756638655,0.050515917649950545,0.04509406427806965,0.05928427506697875,0.004290376118398314,0.054496691364913204,0.03306849004802151,0.061172323447030115,0.0513256083123605,0.03134413914027134,0.05884278085647346,0.05782839646520636
814,0.01973989764630811,0.15233378227106362,0.005199225876696844,0.004135347150060613,0.005031617821191811,0.00424140600389732,0.00520977001787292,0.16266641712970809,0.004999239665293134,0.05407980899099623,0.057555055318486356,0.004092951833373184,0.0018924383142814559,0.006974394472165326,0.0013874328401983465,0.0017918327306269773,0.21263450786850802,0.28717077543551706,0.0035511354948913163,0.005312963118863316
815,0.004911927750611433,0.1861229369908182,0.011110089200150865,0.010883228377463434,0.010711740218222372,0.007283753434590665,0.010374188710420187,0.011187103267600761,0.012425042748121076,0.06414472102632836,0.009853066747364154,0.009924722626136853,0.004507168134611567,0.013970313737156835,0.016451578914482897,0.003752037312192561,0.004849084071420404,0.0041349874456363105,0.5913075898042969,0.012094719482374429
816,0.00793530460706627,0.016022615645068888,0.009744042091172333,0.011201908039067211,0.014993884553210688,0.0060667944358530615,0.014357738147368768,0.03012253855008314,0.018368235358971505,0.0041748225718921195,0.013718667675442725,0.7229085704206912,0.006964364204850114,0.013890617176762952,0.004519998183004585,0.026461698921125845,0.04075449029577922,0.00913721750916649,0.012118632065740174,0.016537859547682734
817,0.011761357347800773,0.005908505457561851,0.005524268386813377,0.006012117069670545,0.005073715579687394,0.013232253768667287,0.042013740892668947,0.15349695968122,0.22416087988702682,0.004157815746140662,0.031069687390360996,0.03951423109526072,0.0024800959062740097,0.14137424802303436,0.23051096657067058,0.019159485676120917,0.050426753065620056,0.0056645283862299224,0.004215326014299533,0.004243064054871329
818,0.015858115768928902,0.19039813953386706,0.003074661227551509,0.017199955415553664,0.025750846161408537,0.004326288613972195,0.007506752083705492,0.09540726288717215,0.0032392066876712317,0.08671177471255026,0.1584585876670965,0.003995208831617081,0.0016816596549045228,0.003430291104361282,0.0011785763345479332,0.0028422804644769864,0.1576326427573721,0.20891626897667395,0.0029035792852092736,0.009487901831359445
819,0.005129870912691165,0.1775393550087397,0.007402073512324906,0.007859716805436717,0.010099948511098255,0.002471422695525008,0.007776763753291633,0.011365284935079033,0.008288410764417522,0.05813888512866076,0.00857651010775675,0.006858072198442596,0.003271049968767951,0.00911639970365259,0.015886629575910985,0.0036002632831424247,0.00527428751722913,0.003897766482360262,0.6385004127121174,0.008946876423355073
820,0.00952585952367059,0.012732196082915417,0.012675739687250087,0.015838825340048143,0.017822252168092873,0.00701190374283059,0.00902354246205677,0.6338997208148721,0.01089599479289095,0.00425198826783347,0.008391768563056543,0.013842188140547076,0.0033110046078222285,0.011209358718364652,0.005082068945812138,0.011632449200343502,0.0217730681901982,0.16254297230392126,0.014838322106572757,0.013698776340900675
821,0.05271535200528686,0.04128294046471365,0.12447461768695176,0.07517038625759793,0.05600545725671873,0.013690668857035194,0.05461892891209155,0.06973092539075312,0.014770317074499606,0.057195141725143554,0.04958697130015754,0.023397697219980692,0.0008073037647073867,0.05175673664500263,0.010183821973206282,0.05091279972212753,0.06239358116595814,0.05107616608847463,0.05999527114043436,0.08023491534915887
822,0.03653257037230004,0.055163713479947495,0.2405055540442782,0.1157647171849293,0.027561087994618233,0.04345203387969017,0.04192390967623888,0.0025368975278459846,0.015949502956290117,0.0502015635301406,0.04978642097257229,0.06440835710489494,0.0011748514352779697,0.06947721851182082,0.01361123103509798,0.06076360876127965,0.05435247541263303,0.005344222656595553,0.014473748551654814,0.03701631491189393
823,0.007540878347683406,0.015231846682752999,0.0036466246380641026,0.01654966106862323,0.01919121709608722,0.0055291857750640406,0.015565869300193694,0.020127813485051087,0.15592694344843838,0.0047474735433748385,0.014134790120867907,0.6545580136770494,0.0051525272167624436,0.016245109087165106,0.0045532276413209295,0.003527759411031623,0.0057483917022538075,0.007848840577017955,0.011309642989365378,0.01286418419183251
824,0.05984369172124672,0.03708266294435668,0.06277502136266809,0.06132579872014801,0.024695535849612156,0.02602371266913814,0.05679242818246625,0.04421351755542076,0.04878433741902599,0.03202942295224623,0.04280198579324602,0.05387615366889583,0.07798267306797288,0.04993894020874198,0.03144269037365168,0.05641205616606279,0.05638101059095335,0.046755583060362066,0.03327305651740961,0.09756972117637482
825,0.024438640312726967,0.03660795729613962,0.01111917355550439,0.0170249858461328,0.09102564608352101,0.012224427054652159,0.08852387040453599,0.003864331597889683,0.0696883842677355,0.01721815203685512,0.09464309552508439,0.17537815662770515,0.0011905952709683992,0.06751920642279868,0.04358447360357294,0.02131281735843384,0.012299634516959077,0.003726676199847484,0.15539447971794115,0.0532152963009956
826,0.0038479108658628727,0.1146934682741465,0.006632871866186709,0.009110251245171093,0.008329853087647934,0.0027732007446939393,0.01139497500902404,0.20596166973284383,0.027619330031655794,0.1399898526647942,0.3208461360321253,0.008161150432663357,0.004842819701704905,0.01888642817681919,0.004929757058381131,0.0026939611626350217,0.020823192688836173,0.07407338878845211,0.00713761237635205,0.007252170060003853
827,0.04708977212408908,0.047207790869574835,0.0875419868415244,0.04463534288961414,0.05737594983278454,0.02447452215729666,0.07653183176952216,0.055772758838432995,0.043788479244139804,0.046193661971116164,0.03826039164215915,0.059781923054654254,0.06188389627102374,0.04717151059126549,0.041221965464290876,0.04363535802969213,0.049440485346928895,0.04340529314585778,0.035062509660333224,0.049524570255699694
828,0.007655938280112559,0.11507040986591677,0.20151629108702768,0.07191572772359563,0.008679971630545673,0.004115718815282741,0.02575946226921036,0.0812148115715165,0.010419213206221255,0.017909769167319175,0.012445096207556378,0.12362795343598168,0.0026857209023557396,0.011668822176227195,0.0034294567366820695,0.02258087554478307,0.019523387332616556,0.06310606807737898,0.005902613875553428,0.19077269209411649
829,0.007678090168406033,0.013584938005419048,0.019593225150123503,0.026638250417448637,0.013189315986067736,0.006008569140498939,0.019840606516644252,0.016411068783346534,0.49321988252196114,0.0038442004374525792,0.02754084607835804,0.23053351567519195,0.00503343646350109,0.04058658972111762,0.02670810736702333,0.005706166386959847,0.014181078507681586,0.00571019837337285,0.009748104666253093,0.014243809633172242
830,0.05198330303493777,0.015683303734381936,0.016239290394681624,0.03379872729510656,0.013197850310913447,0.005525095319506489,0.04211962518032089,0.027215138095339694,0.07114922765523381,0.007231143221968195,0.018627425683138386,0.13611844145692215,0.004329301625961564,0.057639698874323325,0.04470500642734709,0.17957496769367773,0.24088516976681104,0.008833112631011907,0.009979155919348144,0.015165015679068274
831,0.05032626564134899,0.027546732136042817,0.0041231235356154455,0.009939458339906053,0.051434927804522926,0.0012937784524857119,0.11397169495187562,0.05530648713146922,0.042441089491499766,0.08157180956715707,0.04136398672553576,0.03439904327441371,0.10980468623873983,0.027442707710007917,0.05217105828132471,0.0204069942287062,0.07892444673376658,0.03149146085357294,0.07428361721696591,0.09175663168504283
832,0.010262003048379976,0.05292242391911092,0.007811464466211264,0.00596780235553627,0.00458193086446334,0.0032568600039851914,0.006565940983000219,0.34204121768217105,0.005573632246549081,0.24106646430110062,0.04887485621416397,0.0077026485748158385,0.0019961931314538117,0.00700002339952982,0.0019382180907689959,0.0018691003917461074,0.003319231359259549,0.237369400082348,0.004428824838204,0.005451764047201845
833,0.04836128038895146,0.04428698118773971,0.07559866600078297,0.08769617508304714,0.020373027948890045,0.05818572298868607,0.052976480327628805,0.02941199192816715,0.06329507867478615,0.05368619002113415,0.03726643938473748,0.04751902617120681,0.028953671180546623,0.05846114719951553,0.03850780191242959,0.06907765622653979,0.06689317876872922,0.05031670751906218,0.02147304222902292,0.04765973485839617
834,0.10970928720567628,0.08171913727279402,0.01630041512668155,0.02534226363036352,0.01136646306357798,0.01755701773193122,0.07566406308275635,0.009914073579292441,0.12389047725863454,0.04324392204937108,0.04470323009485187,0.0566279924525935,0.000708162822840141,0.11702377941092895,0.07287754543068777,0.060711566907654974,0.059293666089085977,0.05730088603767822,0.004718154444494552,0.011327896308105039
835,0.005422766101165682,0.1948449036547738,0.013644768657350884,0.01769457680735655,0.013164092869211231,0.009685892948583946,0.012293960719605259,0.014918298815111515,0.01221597012573563,0.07112030177357073,0.012070287122652406,0.009153595473063492,0.004966110347167681,0.012974420797661961,0.0130702621261864,0.0060462047799022004,0.006073025694808578,0.006313439781583111,0.5264788423865664,0.03784827901794251
836,0.0276479754342664,0.01409882094270225,0.004917925936410325,0.004371900641330594,0.004736763262369184,0.0030554860440259912,0.03877763259070659,0.09208786469682428,0.11042809280354564,0.02929347517946014,0.07571644072855405,0.01145433421397086,0.031180405819370354,0.1336462090581137,0.04899281061652912,0.08230489497782528,0.1532675160491503,0.07889445836813956,0.04630798883876164,0.00881900379794379
837,0.0157282143482504,0.013175397952361348,0.3376624820300805,0.18239423560031773,0.0136495286973937,0.0017930683078241757,0.014321307281200695,0.01821491140642811,0.018729057475315225,0.005158885743358089,0.01316884611642083,0.017244564177095942,0.00496097947569467,0.0919143599586037,0.004434358376418174,0.011915264968026456,0.006745216717169004,0.02261420199231227,0.01133081081006327,0.1948443085656657
838,0.005927990357652879,0.015494206778267842,0.018754910878586,0.014227789519517456,0.03202655565322244,0.005678085035093605,0.011760446178302002,0.37779447320416665,0.020463909599598748,0.0970757704534257,0.019083604664137742,0.0370900569731193,0.004065089511524545,0.011817136688435379,0.003892800752401759,0.010116519517864861,0.011201723853793288,0.2773329889114209,0.01341409783037774,0.01278184363909119
839,0.008263685384696398,0.010105153017920194,0.01229167813167717,0.011685025069867154,0.016423567848292495,0.10144657957045272,0.12625069572179357,0.014196078696280444,0.012163522804132196,0.013641372135981355,0.010792421131292652,0.009292492877825097,0.48519040518759077,0.010115603604700743,0.004582644913077413,0.016847551067296622,0.10973821571499677,0.005064278731397169,0.010721219605250167,0.011187808785478997
840,0.004457896679627901,0.02541769625882095,0.02819915594994716,0.009342394224684686,0.4291926387035987,0.004385038809556961,0.014737854735880913,0.009392239763440988,0.009193507776305484,0.0029014780493419995,0.008887505380527764,0.024530497613745858,0.0050492154590162696,0.01251854551662964,0.0028405071020550284,0.004930715050666561,0.0039420544829132384,0.004573065014931743,0.006592309357656232,0.3889156840706519
841,0.01585238797556239,0.012774105357093833,0.008989784353177847,0.0065775589690891785,0.006775819821191593,0.017447648859136758,0.018089514107309204,0.3437829722550407,0.009940128190851466,0.2771264370052028,0.10408290513076822,0.024882114466635654,0.0067344922623834656,0.03327762285555302,0.005036706278705605,0.020034458956664003,0.014911106258841381,0.05897285063082405,0.006388524113501493,0.008322862152467476
842,0.06835087853492511,0.04101122882395264,0.008067454339705881,0.01984199494092082,0.010219061441477363,0.37209965209433654,0.008960410253475869,0.011384649677624366,0.013009498021721813,0.003954508531397592,0.017759086400776187,0.15070891983605272,0.004333966921613267,0.038030871647185174,0.0028952340839655667,0.004720805359140014,0.004950495716166546,0.19644189014829777,0.012609204295714771,0.010650188931549946
843,0.009588711826496623,0.018928343435646814,0.047492351604885776,0.04084588640937911,0.011219841760602069,0.010221439986984373,0.013765870661497849,0.02123780839345564,0.5568329147858017,0.004388367382181686,0.12082570251853003,0.037074668531096026,0.0047222378098874165,0.02825277842341816,0.022900321562685018,0.006599056097138452,0.007237670543105326,0.009417437190233966,0.01575501605085826,0.012693575026115678
844,0.00845835504714716,0.011649532428639938,0.013415520392203882,0.019724492559570615,0.01066403903396037,0.024296450871529377,0.010270604481572692,0.010050746653045355,0.021593955470927212,0.003524917066770864,0.21799558156816248,0.010324018634944565,0.004992969612581656,0.014536566461192588,0.5516065514073086,0.03141655314945329,0.005301983174507316,0.008185727167894334,0.012133859671131692,0.009857575147455968
845,0.007892038119774191,0.017646841604556228,0.18280381597390466,0.5320770120661098,0.015339646212297279,0.006302602882688186,0.012941976595812164,0.02804635184224802,0.060913397373136974,0.0056872299774460375,0.01751294743613514,0.01543921749687537,0.005919936389018586,0.021540092239458197,0.005760511018570561,0.0053122656441000156,0.007804673015544623,0.018671862822780078,0.01846557397333816,0.013922007316205789
846,0.01841341267757997,0.012471097276837692,0.5383137386598453,0.09206831798384574,0.01336382075326618,0.01962907449124414,0.0072894194840093995,0.014182496844142812,0.013978749700055547,0.003711760574774317,0.013697511736577838,0.006804165894910848,0.0033357688244125875,0.013803688424195989,0.0046895292943083915,0.0037451406156129765,0.005949954604603235,0.007810211423129689,0.01569768898570994,0.19104445175093737
847,0.009050567830521033,0.02705061611676486,0.014530394943613849,0.011465666899598844,0.12229820645483207,0.04153798620277811,0.06295454203413715,0.06795243617004446,0.013498212672656613,0.29709844897044824,0.07672817702822624,0.0652677650644839,0.005130118579911031,0.08941478092746197,0.010808738414806528,0.020728454022556148,0.012288865820323172,0.028900690480616036,0.010316615509908002,0.012978715856311836
848,0.01051522484264341,0.1005730200261896,0.023313187367703127,0.0201898161690664,0.019436244317966055,0.017747752318442084,0.019578740698825387,0.026280922909401046,0.019167134579037598,0.14312750455582457,0.021013051939718582,0.02242149557086818,0.008632149289917585,0.023172941544466027,0.023715683790612174,0.00850761757602835,0.010401103094528125,0.008972020952465472,0.4444857818449413,0.028748606611354872
849,0.01017671644447183,0.4986566814152935,0.09631638618030458,0.07470139215999022,0.10250606155785451,0.020548174052754286,0.00900009817115277,0.011782432589622987,0.018821602677591944,0.005744085749611383,0.015934113046433593,0.019264707507037994,0.005346361743940705,0.01817024802381241,0.011170208619269456,0.008342525619310454,0.0060389797647398,0.0063873995155985805,0.02810425120775138,0.03298757395345767
850,0.0185546784581954,0.015169892283883154,0.02667373798598617,0.004647069555228866,0.019574052830508844,0.5329117230961642,0.011321636279975851,0.017089393500026282,0.029884670618778877,0.006269979318616388,0.018902699691205973,0.015810062590479745,0.005788885395306701,0.05713927132828833,0.007056728156082488,0.005518541300570362,0.0067828190756550515,0.17243342988796928,0.014838602403973432,0.013632126243104838
851,0.16669514805518548,0.01980551430650091,0.015704601860085772,0.01323118707826783,0.015093652676157044,0.005786880948267607,0.010830104036649617,0.01206382128774235,0.019960597114311564,0.00709587028069829,0.014559799626658534,0.010273463763012476,0.010788570809146083,0.020364866630075053,0.005233813725301931,0.4254903778121036,0.012948681563554491,0.009330597217440444,0.011328115448315057,0.19341433576052586
852,0.005851652030480579,0.017525530782180512,0.020577431370511948,0.0139309599141461,0.05009746097594642,0.004274905832529449,0.01108612188850159,0.20831080209785188,0.016766831165228112,0.3022551030147586,0.24062797317998985,0.013905678987391657,0.004996824654625133,0.015363634091956652,0.011589832658069458,0.004892960263337385,0.015033796107902267,0.006596852883018551,0.017682348433694338,0.01863329966787959
853,0.010152528457718236,0.04573775054608365,0.015055337275125282,0.020236139723049634,0.02550781889016059,0.00805936955391874,0.03446195164387453,0.47238402188066275,0.022047985277065967,0.08089576339359483,0.03914063773387336,0.023934777866759523,0.008011181746278597,0.02610177133651473,0.013732832137901892,0.007862381899345352,0.022617937717199225,0.08056903776698134,0.018174955965701668,0.02531581918819013
854,0.0029524858991207556,0.00855955456004021,0.00854982867134851,0.00855059812927839,0.01373016499351802,0.38370823731508646,0.008768128779815202,0.012952710649725894,0.00766445643198418,0.0030413073503382103,0.018028124862642412,0.010007988123368311,0.0034083780688683096,0.010864483077727062,0.0012310309519934313,0.11308159020572892,0.19109197115565474,0.06002783313504387,0.12327404949417026,0.010507078144546926
855,0.0028202158450353764,0.04391933885838445,0.004481954507744622,0.005274008000070757,0.353880076000446,0.002524610980707701,0.09408880634664044,0.003240011833338003,0.005571596948693172,0.0009430670177602266,0.00611715557103933,0.06267462351478818,0.0011619076723967672,0.014004970459156836,0.006824035990853586,0.0026641930721732145,0.0016111264974128737,0.003812504498816439,0.18224986127088172,0.2021359351136603
856,0.011459485058170033,0.020123587753809423,0.01959627662442467,0.017922878041623753,0.030838485130097418,0.015434855234154367,0.017315930651654127,0.20221982507207376,0.0233898867316269,0.006527598828667666,0.020617959311050607,0.01993553485803573,0.006701084923184501,0.021874400211262725,0.49863719658287053,0.007098241379434856,0.008901936704210404,0.012761279209547283,0.015712757530341088,0.022930800163760232
857,0.007736044572274243,0.011395620887970486,0.011496123188177925,0.016347551810960315,0.019050797495891655,0.0038274074319049473,0.16875828285320893,0.020519144022025346,0.02213415892829374,0.02625526015426227,0.03391488074053988,0.015649269936894365,0.5556235080260428,0.011573781573515822,0.0031034694403521326,0.005958144006111983,0.029359381825114748,0.009062359511587488,0.013608826885850526,0.01462598670902056
858,0.0030020411951105393,0.008339493775350289,0.008531507292094823,0.014752074644758553,0.010616377772435232,0.0038710352938952095,0.020770688135527307,0.012658685348281885,0.021486830654171955,0.03471067596779606,0.015586343285666418,0.012727751649832086,0.0045307536536969934,0.009630182216068461,0.6976259113593256,0.09271532631955563,0.0045156146116043785,0.00441021220912881,0.00869573164837488,0.01082276296732497
859,0.125352758793594,0.06458726975680279,0.0021801886749627164,0.003908510756998584,0.004768948103354795,0.02030568709864508,0.06873134998681715,0.012248897334567715,0.00830357258994452,0.0219872476862476,0.06318809371275586,0.014745863042147585,0.0018777343228401483,0.2456029581284674,0.003439176207436201,0.18191533182007374,0.14410405806088378,0.00614461221670971,0.003585058948234807,0.0030226827585158158
860,0.01498595191530379,0.035710642211682166,0.014273390067277958,0.02127080123898787,0.019858129816606153,0.009746800286960618,0.012017282890042185,0.05982684757963235,0.02131932523519037,0.006260209260903506,0.029804288230681028,0.12980109983221136,0.008766819176274681,0.021355304534861345,0.0063013575693265725,0.019062068678202974,0.5261086902297064,0.008753654014877429,0.019025189828830547,0.015752147402440894
861,0.008641879985317963,0.1746670911892513,0.01286113457344346,0.008649353937270685,0.016058365758234137,0.003275018557795727,0.014908824314895966,0.01770361901008727,0.010600602581704656,0.07797985463609725,0.010878276316669454,0.014140426625031205,0.005400309898258629,0.010334094078686415,0.01158863447835135,0.0057095324193881,0.006192764864175043,0.0058244245851081945,0.5658570305702312,0.018728761620001942
862,0.34817288190340373,0.12911512048020107,0.10708022260077489,0.013432761907565597,0.022237720333370525,0.03430105427480715,0.013359897261223412,0.017933944319598123,0.01939594443510142,0.005448695083335469,0.014372804568032686,0.013733130999785265,0.006682957226569423,0.010995713313700322,0.004628007100457524,0.18141397212593477,0.004162347753313499,0.006345338447514486,0.019822054949560058,0.027365430915750562
863,0.09624124128619765,0.046058640010076944,0.03371354119970736,0.0964514684254547,0.0827589306831767,0.05016141341509259,0.053207621397175955,0.006227353814732336,0.04300536675283864,0.015236628019817396,0.0408201652391077,0.015559657170498077,0.0014156242502878958,0.15772023631772442,0.02235260945605267,0.08165536884451227,0.04979040185659726,0.047026110064571816,0.033848618246818465,0.026749003549559155
864,0.007584870672017758,0.040382951417323135,0.023308103682242877,0.015253332319333117,0.011009049346031946,0.005576679873718184,0.1957358449002344,0.011288687703856775,0.23639012414213909,0.0036317491406730076,0.012982739698677087,0.245722007045459,0.004003055784115489,0.013557573436672521,0.07613322353624218,0.014606779823099957,0.008981311637533745,0.005860253715461848,0.01595235224350987,0.052039309881657995
865,0.04175316767722292,0.016059919712395742,0.014097345828064795,0.015526980165242989,0.009904325856409253,0.006118239184761636,0.008907315737007284,0.3753073663767965,0.019877745542640664,0.19734604455394844,0.09842972863000517,0.009879469659643952,0.006346843887791282,0.014682405210829755,0.0046574899228004375,0.004509092391833818,0.007796649054532873,0.12084058214340081,0.014244922792564547,0.013714365672107149
866,0.02634645043638642,0.03589868727531831,0.004606238882262933,0.013195096116847637,0.03718547938229469,0.0257625219799747,0.1013213338129845,0.05716414050063902,0.13253248764300424,0.03481331428829065,0.018978882522281505,0.010285471941367672,0.09878187483707279,0.04389517387161703,0.08864889041147868,0.03283519257169622,0.05825534263172763,0.06360586429764108,0.0404293697563002,0.07545818684081412
867,0.051848462995179534,0.0699659204346599,0.04647710307659306,0.03574063715667922,0.034690341266853435,0.03906984466094987,0.05754892897690865,0.05012567122023079,0.01486290748563985,0.04269583536276774,0.07262604622711202,0.07876812802481886,0.03344753955657577,0.054131688343333484,0.03752963101458287,0.05809441112455111,0.06875146058160045,0.05107300573608048,0.018630675022001216,0.08392176173288168
868,0.00811814371421871,0.017867808752030992,0.017943054192717942,0.024952780747519502,0.019966021555473987,0.009407292185729778,0.01687132760687754,0.026367873950798412,0.16628436597746143,0.006265630238721648,0.025588669985946222,0.01271893680700683,0.00461203674291517,0.019705323668109145,0.006501343237506165,0.04423056908283244,0.45679378830581463,0.07795733782734059,0.0187389669591194,0.019108728461859605
869,0.05446752904907673,0.1856587167951443,0.0077186320097274545,0.015078158608013675,0.043654116063752996,0.006593114021310418,0.008583136053765926,0.06435338485056397,0.01170841159487842,0.01031372548895883,0.04775783239517559,0.010144513543999974,0.0025520946599683343,0.01142230422209697,0.011117763559760397,0.013134614004995982,0.11600397780214806,0.35814739567152337,0.01242996105594944,0.009160618549189132
870,0.07861631462231167,0.09168881047137828,0.01762419941320979,0.03809602038923935,0.04690922495231787,0.08154848581355044,0.08230529423548737,0.01975368235560863,0.060930386220875626,0.03483878527030333,0.06408106326635317,0.06570769086046989,0.0012706360997672135,0.03767589515819488,0.07742920586648101,0.05475763042031537,0.043676228168935044,0.02469276614832611,0.03578842738118561,0.04260925288568942
871,0.03791630646667075,0.041121439703960136,0.0039719014271640644,0.0030337423403364225,0.07942334501203913,0.013277865720346695,0.05796446731050556,0.0856710234559526,0.14513343071329549,0.12111430956921759,0.11051772789395832,0.009598359069517871,0.0007995695473996304,0.03490033558907304,0.15614773839968657,0.04112282997854886,0.023997860830951446,0.01882098444965047,0.010474833310401221,0.004991929211324176
872,0.02678237081977407,0.17056851147408092,0.014371182383634313,0.00794282888070257,0.014376890364510607,0.00528661011153083,0.010603696470456423,0.06951582868145607,0.009827442960276246,0.13482264107662315,0.18680419652889638,0.010943669344045873,0.0024610664040230507,0.00842829865509163,0.0026926298143065148,0.005328277651005305,0.03924570922444976,0.2617548762330062,0.008166018764205451,0.010077254157924612
873,0.004105607156972118,0.0036845003670230737,0.01041125827200284,0.014446977597792602,0.008573892443780953,0.006145424771030503,0.10114815538533917,0.008386285942727442,0.13678418850856416,0.03151989719472555,0.011392061694177209,0.006136801481409103,0.0022137932998676454,0.24038164720470018,0.3423345832549,0.03914995940496611,0.008570592325190932,0.00521811523344436,0.010021337456361114,0.009374921005024921
874,0.009033604798966461,0.02536447515356462,0.01799229829212281,0.011677790720727709,0.09551071282233851,0.017458319009054743,0.03376336423117283,0.015030028082472884,0.07882182681118963,0.005257330334856247,0.10671173949307569,0.021896786130256835,0.005007497797540807,0.012181956023617062,0.33445222110493167,0.13134946329747088,0.012327009639558654,0.022646738559230516,0.028850213657851547,0.014666624039999838
875,0.009387528384130789,0.0400485685030471,0.009731331248078663,0.020062931020248132,0.02488915913225817,0.004682116441544423,0.017710733918536864,0.4035262876121784,0.01436211182798116,0.0992941716213689,0.027867325954088973,0.010811281244528535,0.004362595312232969,0.014936636618012521,0.005443184693194757,0.00409245955610472,0.005769095221644433,0.2584243158196199,0.015162219599050678,0.00943594627214989
876,0.020446883202415264,0.0817728108885749,0.007579693377214883,0.01005658262708992,0.02556369065425281,0.005628742390485136,0.007099754635922717,0.44484631899473837,0.012889451474946344,0.07607521130511251,0.057011356685164785,0.012980435778435592,0.0028661599257471483,0.010629662545439731,0.014248737973679712,0.00308179431572783,0.03479421961290719,0.14926541300104054,0.015466902199922337,0.0076961784111822746
877,0.0577725788665741,0.18443686479231403,0.10045565052446283,0.004857744085224201,0.004346720671989203,0.25700613238567394,0.005825476174328206,0.005772217024088886,0.005882015898947922,0.0013728765072607814,0.004902249438783475,0.1487332831958643,0.0029076991134838396,0.005193369862868315,0.002257636096269126,0.16665770708990083,0.009096795749780586,0.02347784029112356,0.004674298959922573,0.004370843271139249
878,0.0566114679383095,0.05678256578966022,0.050751173161683906,0.05011824756186423,0.037856882668279856,0.03518541628984246,0.061288662853686726,0.05872887830002138,0.02601488029155594,0.04258448596151785,0.03660367589927428,0.04134072866813244,0.05744026683757075,0.04931247844758131,0.02165762633903652,0.06249961297088223,0.06104861587231228,0.04444769769129414,0.033848241048465684,0.11587839540902833
879,0.05633747595236035,0.04577256425366595,0.09168727023185202,0.10545135492097171,0.0016813166736754496,0.05589324128650251,0.08787489952434552,0.0017867451140398914,0.045407756905271074,0.0006610687659948026,0.005717657068410411,0.12842147094214548,0.013495810882039074,0.08937741645571448,0.06675271875592756,0.09307006635569993,0.07340601870323088,0.0023666056369954173,0.0028987599084006727,0.03193978166275685
880,0.05264212364505854,0.051256994628857466,0.028119430409653923,0.06891242168631007,0.06830987539075346,0.03187574489819107,0.09108404838084123,0.0022104451924945616,0.04731446804761748,0.07298864183924454,0.05633323981152746,0.08784315730414549,0.015509432585156881,0.06896998802907815,0.028947369469787612,0.03568651720877054,0.004663319976761642,0.007763989325349578,0.07327389659338268,0.10629489557701764
881,0.04656931000855547,0.05366192333321143,0.05067712058150357,0.041500406315185305,0.045488762591303813,0.041171648654405285,0.057472319303938674,0.04677639538551938,0.05588129151577628,0.04391628105211229,0.04499835026991945,0.06595983491510708,0.04177428392105355,0.051197730043645355,0.04897740377328849,0.06592748983576519,0.055802983030763524,0.05510282603752034,0.026504142030044753,0.060639497401380825
882,0.004426622019517868,0.042178588367834835,0.008528660376265026,0.008601773467806259,0.36680285065762186,0.0042940853967717435,0.0236808295713155,0.006318539872327212,0.0075045794852687635,0.0024442779036044993,0.007353064393849156,0.005940054308085802,0.002467302403099605,0.006345334809981517,0.002753046275359227,0.0019871271671111734,0.003173542406795859,0.0041066792055390175,0.07203413673339645,0.41905890517844857
883,0.048934326588443475,0.05781956257489813,0.061280327435117826,0.06714276499525343,0.05758337380131019,0.045411738537680435,0.050556945455867176,0.055714736961608335,0.03994263185152605,0.04643168103300543,0.042793781839010156,0.05311537887936768,0.011523312998772984,0.07705822766098407,0.04012708309542383,0.059882256246898344,0.04930367416115347,0.04646469229925637,0.032914853650196745,0.0559986499342259
884,0.004049348888232117,0.10502345761188245,0.15487987391375616,0.09412187173213632,0.06727450120871059,0.017141320241704477,0.009776256342884683,0.006027760553463408,0.005361679929148309,0.024740118120153767,0.09316373417461415,0.08656155268704126,0.0015638256322029406,0.024668617208722404,0.001679023389704715,0.07464096725422625,0.03954259718343671,0.003565529724585092,0.021707841513590412,0.16451012268980378
885,0.07825118486596741,0.07988108611909056,0.013340709410752404,0.008367139346512972,0.14802703177846774,0.013127693903956756,0.09251296421033366,0.044483459842431926,0.008250044698923058,0.03878565442166915,0.05443529567154144,0.02361304134671751,0.0021245282605442933,0.06926963623170525,0.014153742203477442,0.032171860780811,0.04138689612934754,0.0519158473054767,0.04665062171826975,0.13925156175400344
