site,A,C,D,E,F,G,H,I,K,L,M,N,P,Q,R,S,T,V,W,Y
790,0.051269424074669424,0.03829402070559942,0.013650376386620788,0.05032139236277725,0.06903756764944732,0.007746423922258678,0.053144374570611684,0.049716977570351116,0.03765103473371505,0.11493957117469476,0.07285615655211916,0.045487029102923494,0.05702411341270055,0.05928960137962597,0.030870089925423946,0.02201896757769659,0.0744347411838752,0.07657191847569082,0.036710685423475664,0.03896553381572312
791,0.16781493032540382,0.08018899209724022,0.009605987926932758,0.005655332296092515,0.00845472144220464,0.037973504129411015,0.008093825766863615,0.009357307521594489,0.008969665973041212,0.013950732200449907,0.011606608631763984,0.009245232084411166,0.5443789570964456,0.02483638946424921,0.001936672123266159,0.01755289081665123,0.0223198936386384,0.003967601570578906,0.00417298559673199,0.009917769298029218
792,0.05448438642640333,0.0528035197377986,0.022015627589571336,0.04545614132723655,0.012060524990204317,0.05532892834102787,0.07405156259351046,0.0035131136768102923,0.10229974178459282,0.02262596513981398,0.048557713961920414,0.08843098551773636,0.001500849507738583,0.06478563584015445,0.08871954735690883,0.1233765113098228,0.07987003114916393,0.020775491591147572,0.0070985919825895,0.032245130175847965
793,0.08544862395327953,0.006461192636364206,0.007563976468991838,0.022357225521998213,0.008535039756403476,0.6322095788748395,0.05607125289556394,0.009856736656351816,0.008171967355150174,0.0031124048624107115,0.010437133261526755,0.055988782538145924,0.0037590607636437743,0.02374119793778406,0.012275073714448193,0.01632213220074621,0.004548211086510725,0.008043640584944995,0.00935055770456318,0.015746211226332785
794,0.013545859522563578,0.011096789589064024,0.01560080862730946,0.01988262088862922,0.013412462259245745,0.006302108149833163,0.03649360246709339,0.05161588009299545,0.023712194225079423,0.00832778788038276,0.019296671658699385,0.013902514215182188,0.010132765104352194,0.019457852760885862,0.6579315378871401,0.018789784017219004,0.024862589382161734,0.006749466003534631,0.009533831431455073,0.019352873837173594
795,0.012039804464319829,0.00979257912668962,0.012195634770581642,0.0113472930079042,0.011405024608169015,0.0050457283307929,0.012806833054965203,0.021844691769668842,0.012236086134778876,0.006728485062831829,0.011276684648309302,0.018187816077971836,0.02467278124107804,0.013268870670689508,0.0033593335544443367,0.015211716724971777,0.7492326911985554,0.02939464614339335,0.009036110695628034,0.01091718871425658
796,0.00877910886661137,0.008910288351121273,0.009565016368499832,0.012914600954732923,0.011623730331758108,0.009163441094503136,0.011234206800593399,0.035300995077018234,0.021381386475368875,0.00581496369231263,0.010724754777813207,0.018140065141848755,0.009944059945907935,0.022368440855780557,0.003968379730749656,0.025424718335422983,0.7515006235207781,0.004374228267171203,0.007621040684570055,0.011245950727437818
797,0.004495710804138388,0.02015155977499607,0.012531436445401256,0.00953323452252739,0.009900771135729165,0.015394770701725046,0.013630365541204491,0.012970782549593546,0.008980564582721227,0.010843066308618123,0.0090702070386794,0.014191168160732225,0.008031399854090607,0.01236754522694723,0.009309453357455673,0.00752018958269463,0.010957065782397553,0.00364680210973455,0.7839935893993019,0.022480317121311617
798,0.01559273831748855,0.009649594541756264,0.009550933389180278,0.011576320646961492,0.012565527324391673,0.005149693245472542,0.0173192344273051,0.01273677252891687,0.012635792970337067,0.014349227054162516,0.014730852429804415,0.014810611305405272,0.01818594507995613,0.01215606834321979,0.0036991809766607248,0.7518820913946532,0.03343619396934944,0.006347859737098327,0.012972813327439834,0.010652548990440469
799,0.003746717838517681,0.04121892990989296,0.007652935501557126,0.00475243089212176,0.027771947159013228,0.001752709298646609,0.004976220666505447,0.2989571574334558,0.008322272426810712,0.489851618883631,0.03882307453332237,0.006554113382467984,0.004229775161466506,0.004698614047702432,0.0014343253105467645,0.007433883037608326,0.012862382617032722,0.006014779592547842,0.004507098343687401,0.024439013963465345
800,0.0051734523827676486,0.012169092764222839,0.026400731955735852,0.009122432065596006,0.011131070299055301,0.005492193001853263,0.654436909567749,0.00871699692809867,0.010205034292982447,0.008632843508033611,0.02934620072773526,0.07016360733914435,0.020017079244960666,0.044521603890000316,0.009145393639035505,0.00541130754902953,0.008714693968474909,0.007682921662665781,0.007838306716985714,0.04567812849587336
801,0.07821930310275242,0.07128578870475794,0.010740962146068551,0.016576140578810253,0.010587461779627232,0.21024036929458798,0.00523010195454006,0.012537819002281634,0.004338955711129509,0.0018513374194564691,0.004969648708416906,0.1342212883001009,0.002554307908821334,0.004609236525369213,0.007330975985953305,0.21655460166712515,0.025379313215863453,0.17018313437811158,0.005453185925042772,0.007136067691183397
802,0.05186820385609722,0.08293947631360464,0.011018828340403686,0.0023411069711328607,0.015815668800961646,0.09793279404298318,0.0798338306203566,0.020609606317404734,0.12254219435085296,0.0018533837063409205,0.01438256876013063,0.023416674555481482,0.0013757492882513073,0.06475152325001485,0.04568276610904496,0.1438626050434413,0.13393736521390023,0.018114481102031992,0.00901683289610356,0.05870434046146122
803,0.1558836995281936,0.06819500677184191,0.00820692179168807,0.017777028030942398,0.049742512669351924,0.1977424009616772,0.02666458070673129,0.004796465096606451,0.010425738348080435,0.02322609760131278,0.04369868009467282,0.057210155138436115,0.003326222536660836,0.08197770433393592,0.011359964625235688,0.19350268828756523,0.020643765398836483,0.011982792428871519,0.007458750349360905,0.006178825299998439
804,0.02523449196632487,0.007070867424530451,0.3547184486546254,0.41045511943946345,0.012196115252951478,0.004927547411263572,0.007939468034362481,0.01197366628821276,0.026202094262550907,0.003105592777569033,0.009469340641611331,0.007724588002870708,0.0035540160881089773,0.07636505497614597,0.0044723398543074335,0.006359811919349306,0.004852032238146149,0.007066213174023249,0.00849344690275959,0.007819744690822932
805,0.004703937124814058,0.03779461669055332,0.01168385444470891,0.010518570131817444,0.01160486794844826,0.009189765598363878,0.009686089619162765,0.010577948653629274,0.009468086573179144,0.015707966697463202,0.008953709424766804,0.01384114550487934,0.0056050129028288945,0.008650745898461785,0.010758114837527399,0.009119082054059492,0.005810388667184858,0.0057603510324538325,0.7916212253231244,0.008944520872572857
806,0.03318944344924519,0.06889075030046778,0.007269516279030071,0.009857696438604296,0.028661758691202716,0.05239850782959892,0.03846325567553803,0.017132759169729686,0.02060794498614999,0.04573721198520403,0.29123416964909415,0.016106610536580062,0.0019117281768618432,0.2626363510423002,0.018461184061042798,0.0507385432235119,0.012040339727107177,0.0034929545343603354,0.00399755480312433,0.017171719441246455
807,0.004252563815897583,0.18171223563170055,0.011104349424973597,0.003649878220432485,0.0031879097302667248,0.12460266107159819,0.0035594517780569083,0.019260225299248205,0.005185832447877262,0.0026934129066940537,0.003351262358019701,0.026300372894729918,0.0025276924663982323,0.003778647266063527,0.0012207286969454516,0.2840461200410966,0.25701924259710845,0.05499453029230474,0.00360587431921993,0.003947008741367926
808,0.026660882040284915,0.07060597001887471,0.057658130143549285,0.045260030272973074,0.001719036744369249,0.04198817571698377,0.05742633552036582,0.03666017012826658,0.05918297511115384,0.03614941296084013,0.08908451060334792,0.09643402721591078,0.008833715092603502,0.09602737250305078,0.046161227738049405,0.08867364432475548,0.07454520448865247,0.061413162994428144,0.002169309628281454,0.0033467067532586704
809,0.07909521278628691,0.04944069426900746,0.14147457381629117,0.1183303372925532,0.002675731930884036,0.025376834989787513,0.05707668051998615,0.007123976048912833,0.03411933841974974,0.014447373682604825,0.05536627217280587,0.09965715047303825,0.0021409107979709113,0.11986588846753322,0.019342934642518118,0.08807079530516904,0.062335497903996805,0.014056943958150483,0.0016164877426801498,0.008386364780073374
810,0.05063431067715565,0.0778534169368831,0.30455304589275706,0.1380985111383428,0.0036198537928628424,0.004445411390536509,0.030974673389064355,0.003176355795056317,0.00530465303574718,0.002103442474211184,0.004516814629274834,0.1621164386902129,0.02760904592079839,0.032138565053120266,0.0034056572678634635,0.10214963996296382,0.02462912356725457,0.0070384657813948835,0.005297936521105634,0.010334638083394264
811,0.009024163014656623,0.01591792679045201,0.012313719396870976,0.0062714586583194065,0.014338896742982969,0.003767580378251733,0.010006376989265897,0.11320914218551474,0.012412070446850774,0.1911569045539726,0.4751850258139392,0.011150342267358844,0.004722652355433024,0.02189106557963026,0.007685442159862693,0.04446532988805866,0.019619276350507597,0.008302760946643667,0.004996745164648322,0.013563120316779935
812,0.004324658545726257,0.0075883004740868835,0.005052438023914013,0.009454060906540324,0.014356895736297115,0.0027449523161831545,0.0074486159058018584,0.23839003472535883,0.006178552961074867,0.5337714571320445,0.12055083912429908,0.007305723797225672,0.006598649767057635,0.00571814749932571,0.007209915087872227,0.0033641380614090337,0.003618954233900433,0.003674898432565195,0.007022615261112972,0.0056261520082041385
813,0.05713771340324297,0.04546368085473277,0.08336970202688021,0.08768380259488419,0.03829077783711011,0.06979202180125937,0.06513298337031201,0.024455857459844393,0.023681550372010734,0.0541878029588686,0.0485487655141749,0.05283496484480473,0.004611967939623738,0.05220127116234511,0.03647670166770335,0.06298193560319852,0.04544010416679678,0.02295273914199622,0.07046763809814957,0.05428801918206169
814,0.006904361393698276,0.13326320762125296,0.005169178255487476,0.007661367823207578,0.005166715821924894,0.010598963316444417,0.007499578053441924,0.16016429759340708,0.005262159024490665,0.04697612370321052,0.0332849762764699,0.004215956726814639,0.0028451077590867517,0.007757756126994209,0.0021299641211770417,0.002014864426552632,0.2328992049843359,0.3161093284220011,0.004752093396993847,0.005324795153008229
815,0.005689853716198367,0.024917826583721273,0.011487105481593774,0.011666039416630644,0.01447540717867439,0.012882927805859784,0.01072029149847336,0.01156928907013618,0.012989312608381784,0.025396903349005615,0.010799984811656857,0.010325663504636918,0.006938473666995472,0.017488469191352343,0.009064377687869213,0.007324445125276515,0.005435652615178102,0.004925431981277383,0.7740476450661321,0.011854899640949768
816,0.00667485574039563,0.011463985890897649,0.015998545205555496,0.008889656959999244,0.011374847317420264,0.0077040553910305565,0.020790869365270692,0.0316637132702037,0.036479275950530354,0.005081343042757882,0.010535772702061167,0.6933441342237779,0.0057585667199150856,0.010726372484671565,0.005200443855020598,0.008817492539038518,0.06028716013234253,0.015014934290258691,0.009312021782670753,0.02488195313618168
817,0.011523536837363181,0.010208695549627313,0.006835950656743281,0.010008477564269662,0.006570041923290497,0.007918473942686004,0.0332321764104132,0.013205720906194554,0.2778244849921755,0.003525002094348277,0.0380266525619563,0.03248783703153877,0.003245261616774112,0.14651794535321871,0.3289799314038538,0.008739853067960053,0.0477338941727156,0.0030780474043846737,0.005282343259689203,0.005055673250797414
818,0.0076854314961145335,0.1704334393207226,0.004209476189499695,0.026198845472679453,0.01859901920813782,0.007526488592826227,0.008796543683598237,0.11639085578500703,0.0034458144829603143,0.09315988590666453,0.1379573363930964,0.003324447611742906,0.001767924468345023,0.0047677568053967005,0.002299774330853038,0.004968779710411248,0.14485796938338247,0.2346724400609669,0.004169766921731867,0.004768004175862987
819,0.008786959888711128,0.023224010210124407,0.007869402632813353,0.01077846876786688,0.010169629254028173,0.009445445359073495,0.008774315204995416,0.015317701854178412,0.010984841504937943,0.009334053350932578,0.01186851538612838,0.008986436392307682,0.005203946779230713,0.012634865453888281,0.010727008011082886,0.00842183755097814,0.008735168166854646,0.004359323492362731,0.8048436937619453,0.009534376977559449
820,0.012673047655358228,0.011250823581268546,0.011018594511318812,0.01490523689507217,0.021209476587983767,0.006922158175508162,0.008337279946714939,0.7270010856764286,0.009808978642046799,0.010488001069162332,0.018627494989114434,0.021877428961122162,0.006030785350929026,0.010380943592136774,0.005220105678816041,0.022385917461498112,0.01899532664424033,0.03785499217388771,0.012952998241377198,0.01205932416601583
821,0.05228369978325661,0.04968641495074958,0.06463293859968673,0.08333084623046859,0.04556264392671741,0.004463007711149034,0.06073215292057543,0.06171811849127359,0.011523461907985722,0.06592228852937426,0.05247673514168971,0.030079554271158312,0.0008547069959564283,0.0706496375986684,0.01484324366902389,0.06494149199504803,0.06146110706452421,0.05151248243743963,0.07420895276752487,0.07911651500772955
822,0.045481024570528196,0.04966478192554393,0.09939897570928828,0.1290620623023052,0.03247768417266406,0.02123730312033999,0.05474302305880938,0.0035556504538325974,0.0191607308908813,0.05873157407048432,0.07809670197332254,0.08559806796926193,0.0018194206172593202,0.07702050765385958,0.017311094411273858,0.09971295853605298,0.07565286773693926,0.0023840633181189544,0.013100873625624778,0.0357906338836095
823,0.007348487289910205,0.012324142884669204,0.008812282870201292,0.01688972438975113,0.02167666506792715,0.00908012653610311,0.02558356815216531,0.024814797455769793,0.03116894602595772,0.006312934177915265,0.01171087043501747,0.7277184266672337,0.00668443558562952,0.013052999289477347,0.006147019019153784,0.00833421525447997,0.018350834780869085,0.009794634549250314,0.009808169035186486,0.024386720533332115
824,0.06418043509836868,0.04593990628833877,0.0685494854766401,0.06820345846297633,0.023583596907424554,0.01785255372905939,0.05726854010797575,0.04568793979420366,0.050481479861094795,0.038185866588568644,0.05076420244785721,0.05595734110114716,0.08501678404029732,0.04989753451186287,0.039070558304978804,0.06717977271157206,0.06242902300773582,0.04830255553932492,0.03477043594378496,0.02667853007678815
825,0.03274425738163075,0.06214928469818642,0.017300307173872122,0.02334694508275444,0.12541700957780405,0.012440756868183326,0.11889056164251283,0.006006401479994615,0.08854725817294982,0.02077632704469694,0.09253033321465343,0.029851534467566037,0.0040189377487785055,0.06290575275279751,0.034688984392720126,0.024693713188732758,0.0207284030577343,0.004051432352599158,0.16145217697418565,0.05745962272764724
826,0.004729958543192071,0.15693621865765092,0.007902532637130094,0.017400001428193233,0.008915519085587966,0.0045923597293646085,0.011650944712150392,0.04796288319419103,0.0145205574193833,0.17328223460366746,0.44280198527431086,0.009228696815476644,0.00587961832155869,0.022225578753984118,0.01217419459642547,0.004690198824824269,0.010708069628679878,0.027501624224940468,0.00831767462654779,0.008579148922740651
827,0.045550378423569356,0.04004524191018935,0.047525358723262405,0.048580969452513556,0.06288856130230842,0.010351403090941897,0.07811166079393365,0.07211280446887658,0.042937689855981974,0.05018218950971274,0.05288651007690524,0.05939669677599375,0.06891673714312442,0.04555723836077511,0.04219898785508606,0.04434454174312785,0.04968211124467275,0.051995192685936546,0.03980880387598323,0.04692692270710511
828,0.0075618866607476895,0.12968756368875092,0.30825831048549157,0.03618980430493476,0.013727947699036213,0.004760041059327279,0.024664421473830845,0.07408229761871633,0.022743784069616007,0.020084386245101678,0.01407780484759216,0.1095600136680896,0.003770010103247731,0.025484775203476213,0.009155241424662753,0.034861997753061084,0.042205130435757,0.07526945052891194,0.008038675757390456,0.03581645697225779
829,0.01120288936088932,0.013696608776143577,0.017626094459660877,0.012229407043635366,0.013697556877396192,0.011786869128588113,0.01708194946779538,0.015539201553888557,0.6736146587051527,0.006352298380576579,0.028599468911147938,0.02964009276245741,0.008367275286796734,0.06819794150526787,0.007735145621337845,0.00887123314879028,0.02088889891672209,0.00677486757016841,0.013669400222020164,0.014428142301564528
830,0.019838979796843976,0.02381049834978979,0.010216958029842953,0.021339704714103288,0.013314809351081418,0.011292386162185933,0.04645852215297012,0.02550409687901432,0.08599094302106629,0.010713533790498574,0.029218235151881794,0.04686814908099537,0.013065857083662447,0.04552454943081499,0.05433831795065284,0.1800972468754908,0.3132315612784771,0.016880551845232763,0.01337739861067925,0.01891770044471601
831,0.046342263081489095,0.03295997202786338,0.004493730834889524,0.018776209638572842,0.07082521239481433,0.002699596339068539,0.072381883304403,0.0833377658780566,0.040679687389932495,0.08419047127272868,0.05423957809402787,0.01852995835843779,0.13135475945567496,0.016885666836678016,0.060854054851382594,0.022951790860085752,0.015928942584669883,0.030050854441051017,0.10078181688519307,0.0917357854709806
832,0.007007198960745243,0.057179526575609395,0.011124033550411985,0.009581447692089845,0.005354443792658477,0.0067030364740113075,0.009235672147502066,0.2739209834346195,0.005973774707591024,0.2488703452839687,0.037179683653415695,0.008001716550097165,0.002884486709650632,0.007088201598404985,0.0031385411940470158,0.0037692726431569727,0.006669373244982269,0.2856514931884327,0.00472692107966503,0.005939847518939968
833,0.021855480889259038,0.047975888550807866,0.07475538320900858,0.08004013252642483,0.02859643806717757,0.052200757865031,0.05969368928193471,0.012034987704749341,0.05541087670936593,0.06666705668416835,0.03325708076118126,0.05975657179324032,0.029677416139465767,0.06633758767449001,0.03904872324716579,0.06736072431385487,0.06381467553883444,0.055644057537969034,0.03594008672511749,0.04993238478075381
834,0.1150315343993729,0.09313038085410368,0.020203226683342634,0.006006349750833961,0.011854878187968335,0.019636175956531686,0.07135193532704293,0.00692319118142689,0.12180710135636741,0.04604098013393776,0.04204747456550545,0.057558024342317715,0.0009326799154579755,0.13945171595876973,0.033227795018134255,0.07052153974471452,0.06720421550163196,0.06189155313377853,0.0032244686458247703,0.011954779342936936
835,0.006538157109790496,0.033688279742349364,0.012791841543441769,0.016419494535228837,0.018255380283283086,0.022663385600044588,0.012690385428633329,0.022447362656764096,0.012426640824086602,0.018526064563822664,0.012383888870169097,0.009820754384644222,0.007369888916749725,0.01395681569861386,0.020414631215032862,0.012910235084177426,0.009455490987051313,0.007560747899657216,0.7189019514462437,0.010778603210215829
836,0.013564878578307854,0.006018776331369608,0.004996234912395009,0.004620438338395673,0.006336840367824084,0.0046990845544850075,0.0571489586319214,0.030949726323449164,0.0916723871764525,0.03396987972728315,0.09363085420581918,0.017992920301008464,0.0306127901486101,0.14995701029325442,0.06858411844609603,0.08955181512382902,0.17298317129694338,0.06141054833197684,0.0440174087331627,0.017282158177416435
837,0.034415093627858336,0.014824354868959467,0.5017578284410854,0.07693687371585352,0.014271451209801935,0.008479025268631693,0.023561391791164708,0.018340510081843574,0.017646327275384083,0.005956061746672322,0.02350231216581995,0.03319255749188092,0.006324572690577742,0.10462184709456433,0.00590958107630254,0.02171100955884485,0.008020145134628032,0.043481095023227424,0.012852207991397857,0.024195753745501425
838,0.006037708386344387,0.01386969560385083,0.015349354866921695,0.012851313083361801,0.04535744716264611,0.005933252661289562,0.010688506173008898,0.4354495522030146,0.016540730564314887,0.12207034140773555,0.03920513141994553,0.03726201981550748,0.005808557799834263,0.010731156369015357,0.004963348885386525,0.017838897741073733,0.008978994080428742,0.16740099215378654,0.012080407338212048,0.011582592284321404
839,0.009448540239816668,0.010637609751886483,0.012706398661355119,0.011914329497279752,0.01550118826903287,0.09218007976893822,0.03756402051360222,0.014143422282834231,0.012505956100119247,0.016134274684613766,0.011820759197061248,0.0103566880390187,0.6552015933298674,0.014521976895375278,0.009267386736640803,0.01412634245698311,0.02246709690385106,0.005907290550698098,0.011464232035444138,0.012130814085581518
840,0.004634207440550938,0.0093444733550619,0.04303677158944456,0.008251946224325669,0.3931523969171267,0.005603203886931675,0.013465507539482361,0.008869026888125674,0.00905660512241339,0.004397359335360532,0.007549516768215483,0.013826029144098806,0.005279895577488117,0.01574073986674535,0.002802601109768559,0.011787337081653646,0.004165450661590824,0.005907436608892375,0.006580327114663519,0.42654916776805996
841,0.02759900421241411,0.017968690269526993,0.0091874368293695,0.009172882680073177,0.009988550380511418,0.010491273432656415,0.0127604995209999,0.1755710566530783,0.010142724004840254,0.3397918855268323,0.14483576573415888,0.02624410142323094,0.0052480310723554795,0.03293416095690329,0.011439540811786898,0.022962763686872435,0.026419297925100383,0.09055995592908406,0.007066849690497759,0.009615529259707385
842,0.07305427484318529,0.08326050692549838,0.008421064735933943,0.027573434581549826,0.01110922514288342,0.4527855391270336,0.01218578924156493,0.011147917770557271,0.015048745482802467,0.003470738696438202,0.01578254967422476,0.16725746142541953,0.006447380426991494,0.052550364372594714,0.012694351975759256,0.0071273917360767025,0.0052570903146876265,0.011984466456414933,0.012038553192805203,0.010803153877578442
843,0.009504983587991435,0.016047422290737124,0.02510027134759135,0.017616493841422446,0.01068516497359999,0.008830903461025478,0.01238727580479432,0.03776642642245326,0.6718879455390466,0.004927946580231852,0.0349626868475435,0.026726045237602424,0.006915746438159929,0.039568066608518374,0.007384937751672753,0.009596769154227231,0.018307621568946195,0.012670884736772697,0.013336142179790718,0.015776265627872186
844,0.012951090577693515,0.011937837920807673,0.01339094271517408,0.01635067406785233,0.010849704784499129,0.00829040423072276,0.014187860885432446,0.01035980499159266,0.03726234737322521,0.004227521089338362,0.03464978011624719,0.010982267517943504,0.00561720789022122,0.018602457135238403,0.7276978205352561,0.014850740969670867,0.007382799665065136,0.008761676973613448,0.021283438982762432,0.01036362157764361
845,0.020056412160149615,0.013893962969520184,0.045145007438853406,0.6453110554969514,0.019080279805671115,0.00913985738247255,0.015243807864084247,0.020588172222346237,0.044618203691544116,0.008268019494757419,0.015086813277454725,0.013944222842493937,0.00641268689565883,0.04289458494010661,0.01439712953576501,0.005584157504466538,0.010399348448798994,0.0211024935951433,0.015567953885144169,0.013265830548617533
846,0.025695258553130828,0.011923432590196988,0.6776657995790735,0.0595334265435958,0.01304104549118619,0.008989442049863756,0.013808427322761907,0.013048893531552542,0.018698989995289354,0.006956381391962357,0.013072882585326526,0.02853399012282889,0.005194593870386117,0.0134541252791567,0.007227328315221766,0.004287234604442116,0.01446521098323734,0.017651324242065752,0.014357453170957274,0.03239475977776427
847,0.05105204961372506,0.050216862717180226,0.04565038628144722,0.050961020017938896,0.054153100079751236,0.05236309028528217,0.05293489417785154,0.05036732677324729,0.048356280052546156,0.04946181579238729,0.05175765892337206,0.04940926740701281,0.05100809120297256,0.046494650619106494,0.04760443775253262,0.0547098589990976,0.047279694486665504,0.048802128162694226,0.04815000252002629,0.049267384135162795
848,0.01198354400949068,0.028745480364113035,0.019244724379697778,0.02505296858407462,0.017989499029063116,0.030516250627135064,0.018017523538607992,0.027992231758531588,0.01715113221948437,0.030399680063642496,0.025511282198027892,0.020246275991000304,0.015780066134303463,0.019131794880211283,0.011319268780480443,0.015540320225849925,0.010440437977743069,0.009888611159453923,0.604839774971981,0.04020913310710782
849,0.012834356542405856,0.5891610731355258,0.06962883648329905,0.04479312929831445,0.01741399573643494,0.01834765792455513,0.009092842353348961,0.011715309059588605,0.016927692669858597,0.011052746244374469,0.013936327982016654,0.01096846858454914,0.009229288151187502,0.010607999386317778,0.016976930605270807,0.021112768174662958,0.009333128046661343,0.012369082297838523,0.05878805526525329,0.0357103120585361
850,0.013230196161288977,0.01979388421578648,0.025683726788884465,0.017359511155329226,0.017231661733787738,0.6915380784212236,0.011640438358928223,0.015071130827976337,0.021724177543099004,0.006419574720828568,0.016131143831135775,0.014732933890601823,0.008566908940876743,0.015168782310980436,0.017516250873939678,0.006079269345503763,0.009223500002044657,0.039890561239053345,0.019480359905050756,0.0135179097336805
851,0.11776345691739627,0.02274970793038454,0.015637808876045673,0.013391146269309961,0.027264311584879537,0.009347412326652692,0.012055260174978643,0.03206786096759148,0.017348850421869903,0.012049717084937813,0.014000061939114973,0.011165896765741876,0.01018428339785202,0.018187438002748513,0.006192421728745766,0.5839100416743973,0.022917215543102217,0.010550276867776565,0.012220140636362576,0.03099669089011155
852,0.009487285007438078,0.020735309286526404,0.028108640987043562,0.014534069058253355,0.05868832757085702,0.005519371651109997,0.022727156836492443,0.047627790038962496,0.016762172797137112,0.44764588916190506,0.1841515960684695,0.014271579253750144,0.01041650877234001,0.017583797002042382,0.02496132204355478,0.007972650261425813,0.020749129642235478,0.013346991194591077,0.0170294314519217,0.017680981913943634
853,0.013694304652191147,0.0499570773952449,0.013142157019648873,0.015659490348905295,0.024111471518239194,0.007694254046965362,0.020088579706092596,0.5486351897686759,0.026986877838953316,0.1167751308638907,0.016022527346156997,0.018302878177772833,0.011147353380705938,0.01872463677842648,0.025611921328311544,0.0070073499084858494,0.017021581095910992,0.016520734114009842,0.01538709769306054,0.017509387018351683
854,0.005699540997139364,0.008496804491002,0.011153958457412605,0.02601398247354192,0.011685787962057083,0.4514917372602045,0.008110198610704836,0.011461680886638037,0.013551165225436023,0.005077526212840713,0.03932409307435819,0.012782383555458592,0.003746329995867593,0.008219421619418452,0.010945579485658967,0.08853717978668929,0.2391015356501677,0.01365123161765796,0.018265187705008196,0.012684674932738007
855,0.004015324450485066,0.040610923793610525,0.011118149113377176,0.005476205949241372,0.3459793021485516,0.003946265804856404,0.10322104941617712,0.0036718682259803486,0.007433797555629652,0.003133588603405167,0.009413926922394424,0.02529040213326114,0.0024150533890076394,0.006183871012047902,0.001670119133696429,0.004079675703032654,0.0017926814917678094,0.005522132653459511,0.20924175692038885,0.20578390557962925
856,0.01161172263367081,0.017838520016790604,0.01718710047034491,0.015192299191839566,0.02359398374577536,0.007874353102085993,0.015285335849860006,0.035304072774416884,0.044607008927530334,0.007296668863155211,0.017530601456571763,0.017174773413062856,0.007609569291411214,0.019034179711314828,0.6508463830818032,0.018589340629731856,0.01529081635504568,0.012720088345494483,0.026250574576168053,0.019162607563926338
857,0.014916923981100616,0.010762787637386681,0.011609012293614406,0.014961820813775019,0.01668750804094406,0.005873578705382192,0.026151963591441476,0.01737339224533181,0.018068527594431658,0.017774846531590185,0.022038373704194328,0.014384083965414468,0.7166306888442434,0.01121493203122626,0.006289343004019416,0.022372949821715837,0.011763381643817022,0.009093441189327296,0.012853838931448374,0.019178605429595475
858,0.0031319559501782647,0.018386107406331117,0.00794434269954428,0.01191477217921294,0.013031531151263974,0.009012412313270355,0.01455937133218282,0.01739442144359528,0.01654588272015885,0.00639104646964822,0.013077101194555041,0.011009417336900564,0.009948623905577986,0.008324668431622913,0.7868638007336751,0.023584877686778697,0.006086804159434374,0.0054338762579641325,0.007768178709605244,0.009590807918499812
859,0.10379041545844796,0.09391334885108349,0.0020376357847315288,0.003641741956814435,0.007101505864084729,0.022253512859329305,0.08004840460290762,0.0073293398965374665,0.00906858564542198,0.02808988947090661,0.052920379686135464,0.010153889487270782,0.004386840339704256,0.23802657729299223,0.0037922502569995953,0.17021558475052198,0.14501422150356544,0.012267997400670048,0.003364441566938169,0.0025834373249368943
860,0.011109128485564437,0.023080247903661647,0.012696161196503998,0.023368908122170365,0.017342668564051384,0.013709756512840501,0.011775135886419237,0.027076083785973454,0.0171282045526619,0.006495610829324129,0.028325218886535386,0.03758255837540143,0.010736103406766529,0.017999039660705124,0.00861417247456239,0.04212226887685757,0.6464817759602778,0.009253822717101566,0.020992112481477528,0.014111021321143597
861,0.008928108662591234,0.07589724576677144,0.012469900842466089,0.00879588491438793,0.015415218464850907,0.008165710041901053,0.014056183802540987,0.015250560245845353,0.010810075556678704,0.011479335659697084,0.010840306544726582,0.01320596368968153,0.006098190195462966,0.00995804259566165,0.012125404225923,0.013786295096777354,0.00901724913156107,0.011059327484263498,0.7194668486870804,0.013174148391131145
862,0.4855256755236321,0.037271052356247,0.033549980214392525,0.013828366935401537,0.019597144861714894,0.025653539269575493,0.013891224030584801,0.016513341791188352,0.0181092842614726,0.006875143679351734,0.013724173238786096,0.017718791893661198,0.017288349662856795,0.011790092505402876,0.007687751061554029,0.1747677521426507,0.01711245541646436,0.02865850241594138,0.017830321647097427,0.022607057092024086
863,0.11191570439026448,0.05327458202985847,0.03666277342770862,0.10310341047364875,0.0786011203965507,0.015381553293278477,0.046896363160498715,0.008128949828723517,0.033187416335915654,0.009187135671545452,0.05383705953817077,0.019583728204193133,0.0023256441001350933,0.1386990821084334,0.03795977966224789,0.0870473584777064,0.06311581954594785,0.05641267185964813,0.0316138000952996,0.013066047400224897
864,0.00972986207293491,0.04343113691855691,0.007860705543147361,0.014733367481464326,0.016284807534233527,0.006783408591034416,0.19512530908473055,0.017088764462677822,0.12333079979563476,0.003961140351092394,0.013483293626425445,0.33466010565122845,0.004959557431522536,0.018254246015589948,0.09749887930656231,0.005207482708333318,0.012190456116086051,0.0074251031552324325,0.012766766682978345,0.05522480747053423
865,0.020646219206131418,0.012995502805963456,0.012106553633547469,0.016344213669193502,0.01570280249234976,0.008384160077756742,0.008276246660283365,0.42444172460650886,0.02116810654445241,0.24896620776279033,0.08858126898195717,0.015647539429030983,0.006250437998303754,0.013016224211023567,0.004733933767241387,0.01214499939472974,0.0072169639151723865,0.03876629910478282,0.012150756614297329,0.012459839124483544
866,0.027386646771608375,0.039472238332353526,0.008874674411512047,0.004030026138028431,0.04686091476301405,0.02696504805470885,0.09501032933842002,0.07155383551228216,0.13195518637588938,0.044138879558329104,0.024433591428692083,0.012004348107784548,0.08419724249813289,0.04115574752502134,0.054376503774164,0.03935341408330045,0.060126515936871794,0.07901442140315498,0.039819527007571624,0.06927090897916031
867,0.06060105437908945,0.07532206462779699,0.049021079991982776,0.024532809295356433,0.038043328573780705,0.03003690441470398,0.05437601233779074,0.05134076858149683,0.01454324926491294,0.04270732030658487,0.07869318520652313,0.091353864095357,0.03704651740131515,0.05578325143726435,0.043437450992841437,0.06751155308813328,0.07427926190725709,0.04695180134402046,0.02931593266615733,0.03510259008763505
868,0.010721050562215758,0.015781024996945666,0.015726704402826544,0.019131753906772065,0.018430011030341382,0.010205909817191739,0.01624789035267367,0.026655130803453313,0.024637079536722357,0.010159808482071913,0.026571188843054063,0.013151379078479483,0.014043982745571728,0.017752423152221752,0.009782789653198185,0.04836065437504886,0.599445462526378,0.07119502697366467,0.015517899408374414,0.016482829352794513
869,0.009378054984706691,0.14361000297503337,0.014838383224365237,0.014562521540128978,0.009293526270353241,0.015189911996225524,0.00982183255054226,0.04946771321560577,0.013040680420747137,0.00869106992333874,0.035496570535814904,0.013627452753004546,0.0033346601340067078,0.015294114212443735,0.005312817482065209,0.00787474281754174,0.11324609105498921,0.4950601827773761,0.012869866022895762,0.009989805108815088
870,0.07944289645831316,0.0775158123031543,0.004055550136226377,0.04157158967876884,0.04969226097626789,0.08144465158963436,0.07273291202322509,0.029328715823510362,0.043386015707832265,0.03457379029266894,0.06247714046974168,0.07126191644439017,0.0008872797215670839,0.04023337688956991,0.10295266202605619,0.03367759851440566,0.046034980294302696,0.032677865055890425,0.05123168362812078,0.04482130196635384
871,0.04318027028418206,0.03996247962598404,0.004112307404675265,0.0031489010240920504,0.09408224743587419,0.014312345909155028,0.055895512637685996,0.05228035335355118,0.16827719930312005,0.13805077140972846,0.1185949361319066,0.006068027945343654,0.0014690482297272493,0.028866729523979062,0.17079925329873868,0.03690826551788835,0.008848073518131891,0.0030847522653289785,0.00855298773222538,0.003505537448681826
872,0.011019780291374077,0.13352715689421474,0.01365440009254377,0.018971432707277223,0.01455981389063421,0.013119742044787566,0.011493675573039442,0.06996485782368723,0.010361308322325588,0.10151092659746386,0.1548080553291885,0.011477002624330391,0.004076969028261207,0.01138397128172859,0.003275324158474579,0.00996382644224633,0.036425630622118725,0.3505393742365037,0.009229329385874906,0.01063742265392535
873,0.00490117871143179,0.009882579401596862,0.011214878709635043,0.01424544819241396,0.009805233171792169,0.011594705114594933,0.06073062436128698,0.009579730907374996,0.11306115418230522,0.009284211285164002,0.011823941457810355,0.007037732322920591,0.0057605238028902855,0.2050816006373691,0.4657409976151316,0.014366495594732026,0.0050781653758280075,0.006402869422670429,0.011105596206192246,0.013302333526859408
874,0.018573034568179967,0.03594014256978714,0.017285836618586875,0.02153933890517962,0.037118043443333214,0.007604026012925068,0.04890703221085458,0.023913101162616617,0.0471012509130882,0.009035152423109838,0.03662508870722859,0.015265354316921574,0.008978767595213561,0.016987882962804544,0.4954366238950166,0.034885211310831,0.022548495993229372,0.03520141745942959,0.05146269061674267,0.015591508314921412
875,0.01538876752255751,0.04015001878963408,0.00901056261423456,0.015441670938889774,0.02983783792851226,0.006270674248713997,0.0184888675917973,0.45387095819217976,0.01272538578690633,0.12083144422748483,0.021116333945455937,0.016137925423741636,0.005983415564087074,0.017335488432112755,0.005772771705404379,0.010180995657260668,0.006710462903039296,0.167020342180338,0.012360533221595067,0.015365543126054806
876,0.014256175327446266,0.07044408059086534,0.008185863610175786,0.01061423799586625,0.01759329068708549,0.008566344250346775,0.007980963484074637,0.5730476790148283,0.022548550455301356,0.06099992440615814,0.02279432357024923,0.01736078383608353,0.0060038447532152475,0.010733875935606776,0.03392998144688151,0.004538272560986563,0.015157146346936358,0.0727547309014747,0.014525152160801844,0.007964778665615933
877,0.05069922063550549,0.10145652593405084,0.06669911536919558,0.005851955748562042,0.005329194771505269,0.34751191104142753,0.007557932054452379,0.00681620583940976,0.006976310064757393,0.0023379430968626593,0.0058955312440856075,0.16111587706832906,0.002119498978715107,0.008547305089742737,0.0029346953584841163,0.19177580604995914,0.006693114733611061,0.008801167548556692,0.0055340806159750455,0.005346608756812448
878,0.057344179346674,0.05642439610945849,0.05332537657463494,0.053805987340714234,0.04055274868034357,0.025032840475329554,0.07195086811112773,0.07213800463287026,0.025200141608616805,0.04879948914038118,0.047534802750083795,0.0385047222998254,0.06495669373726191,0.05266343502950314,0.025218115878708054,0.0712836186803421,0.07317646865261,0.048264993637836574,0.03695035857006191,0.03687275874361634
879,0.06412743107459266,0.05671714640137047,0.08505805234020679,0.11578825622743677,0.00294124623121263,0.022904936638127798,0.09254736223159381,0.001889286230707465,0.034585490717735555,0.0014671339594034378,0.00979543557782729,0.11371675162897088,0.011316469229530191,0.09871216231313758,0.062371604073601206,0.09318035789058506,0.08439005160679458,0.005050994439298708,0.003115787662892635,0.04032404352497449
880,0.04723893778251553,0.062396708879271755,0.030670695828446493,0.07680608177513323,0.07080751032784238,0.00839447772273448,0.0812950931621237,0.002237618081485256,0.03952816214160826,0.08032725953260993,0.06218527898616868,0.10327633315253752,0.011784901758572391,0.0716981857972626,0.031283558253344966,0.03830168652497199,0.0036183105547155365,0.005187205427940513,0.08539784660644194,0.08756414770427283
881,0.05245411136863295,0.06752827450347336,0.047173085093358824,0.015142647668021869,0.05509538151923043,0.037440100054322495,0.051353617945387,0.052745177005540246,0.05783928872829972,0.046047463505162554,0.04097520956146087,0.044653772127833745,0.037885372979743086,0.05468837239522778,0.039804345183612706,0.07249221176920108,0.06234013081592624,0.05689706344985756,0.03605379758485903,0.07139057674084845
882,0.004605691729181771,0.011512728002883848,0.017006452926303504,0.008152059342104149,0.3360073059538313,0.0044848008049663225,0.013177197037092964,0.006382838073925639,0.007250527043844421,0.0026413694123983713,0.00735868575241101,0.01183149038886013,0.003548615571706213,0.006429476215280952,0.003945462339711579,0.005188989719626371,0.0045044961048113785,0.004421566367443731,0.0580922732550897,0.4834579739585266
883,0.052379791086106964,0.06343568794377057,0.058525623043210816,0.07055963640351597,0.06566187192850398,0.045983710682012964,0.0507603889207896,0.029277015542840946,0.045416790600903985,0.04541781278897789,0.04275870790293923,0.05134355330987244,0.011210719546094995,0.08614250194651317,0.04028052770511544,0.060498421078988264,0.039445339353490684,0.03199121570215727,0.04076284120457054,0.0681478433096243
884,0.008090072778852939,0.11336682451321906,0.17756072707308265,0.06290904485683586,0.04106607937701794,0.005683271454307929,0.017323723123335275,0.006204520540510283,0.005473167282415804,0.03662169929726984,0.12462883704806545,0.09656327884197906,0.0027020526184465044,0.035492091293006504,0.0023716401445857465,0.100336809839679,0.05179531208003288,0.00931749592528784,0.04053588585165694,0.061957466060412504
885,0.09214337634987119,0.040254826774247666,0.018145247038325672,0.015146821638218391,0.16756839794182352,0.01529259957905473,0.05550597402636506,0.060046058231513565,0.010615516049028837,0.04753397829267834,0.047907555278231734,0.021453410180539853,0.0023643711320456423,0.05321435142560126,0.012526091771201823,0.03501534217447423,0.043003802304736376,0.0585628674755204,0.048306226744994595,0.15539318559152712
