site,A,C,D,E,F,G,H,I,K,L,M,N,P,Q,R,S,T,V,W,Y
451,0.012442580484250839,0.5203031314514115,0.023376969394653092,0.024885160968501675,0.03349948225154777,0.010798215457093849,0.03673523762016915,0.0771439990023552,0.05934153769411938,0.012442580484250839,0.02967076884705969,0.030857599600942084,0.011344705735640472,0.035065454091979635,0.003734181967582669,0.009813586866542956,0.020849729460096,0.012442580484250839,0.022516788006152734,0.01273571013139973
452,0.002120532600391622,0.024765528215290277,0.02384828642953878,0.01547413669901878,0.025756149343901885,0.0030962225651496606,0.01951223435144082,0.26393975092054417,0.020771088180566038,0.004184711045080455,0.04143918196748137,0.032195186679877356,0.0064390373359754696,0.01951223435144082,0.004805251743265277,0.006251492559199486,0.008255176071763425,0.44117672949396103,0.016944835094672293,0.01951223435144082
453,0.015130444348783386,0.007321092845725022,0.01636913965536052,0.026592902188770796,0.023801408263647354,0.00737450228764232,0.006266063794633018,0.03250243600849764,0.04387828861147182,0.01020425316545856,0.04178884629663982,0.02669780856303027,0.017551315444588725,0.04178884629663982,0.009237534444520383,0.00965734111699687,0.036565240509559845,0.011108427496575143,0.023093836111300958,0.5930702725501577
454,0.010672232271481452,0.019009913733576335,0.14168888622320483,0.019009913733576335,0.024332689578977714,0.007510089376227689,0.05087737090649981,0.05719352505419473,0.021725615695515815,0.007700218221195478,0.021725615695515815,0.4615115904286627,0.007900223889278477,0.02765078361247467,0.008110896526325902,0.0169830181095735,0.04840159927522147,0.00856784844330201,0.022530268128683067,0.0168977010965123
455,0.011215884594238177,0.022091893897741865,0.04288426462502832,0.02430108328751605,0.02803971148559544,0.006627568169322558,0.020829499960728044,0.14272704000918238,0.04593605003582451,0.006877665081372466,0.5073324268018498,0.029161299945019255,0.010881082069037037,0.03169706515762962,0.0074391071288314415,0.007674026301320856,0.006204818305825837,0.003069680620102295,0.015848532578814814,0.029161299945019255
456,0.00846936746988771,0.0187535993976085,0.026255039156651897,0.015912144943425396,0.04375839859441983,0.006563759789162976,0.03750719879521699,0.1562298632655114,0.12286363358458843,0.006584265204926436,0.39777192782945436,0.03281879894581487,0.008608209559558,0.019448177153075483,0.006657343078957631,0.006909220830697869,0.003943620699787086,0.04311208335129715,0.0150028795180868,0.022830468831871214
457,0.011613899190768225,0.019162933664767574,0.029481436407334725,0.011963134128443761,0.020716685042991966,0.5978378271518663,0.023953667080959463,0.036500826028128694,0.020171509120807972,0.006968339514460934,0.02838953135521121,0.045089255681806044,0.010358342521495983,0.03484169757230467,0.005662140655073913,0.009463177118403741,0.011613899190768225,0.013274612518552381,0.01502975189393535,0.047907334161918926
458,0.007826155687042795,0.017816992734331467,0.027913288617119305,0.00781323324435436,0.013727846860878343,0.007218953952703268,0.01860885907807953,0.01722509406522726,0.6047836914449741,0.006699189268108632,0.023261073847599418,0.02346147426110867,0.007612715077396174,0.017179748055916415,0.1406549228740821,0.0069206500703601565,0.011714044776323568,0.007899987344467728,0.00962527193693769,0.02203680680298892
459,0.00917747818483243,0.019010490525724316,0.029571874151126713,0.013307343368007022,0.025756148454207133,0.0017376541233806888,0.02348354712001239,0.06140849985293098,0.12655046957326085,0.007325143138352489,0.02101159479159003,0.024195169760012764,0.007751850505635157,0.02348354712001239,0.5444248262501331,0.005540888721441451,0.009980507526005265,0.00973708051317587,0.010789737865951641,0.025756148454207133
460,0.008098129263186503,0.019545837382028818,0.18238792910678944,0.455746591688548,0.02850434618212536,0.002565383721230096,0.026311704168115714,0.02012071495208849,0.0767662038134986,0.009501448727375118,0.01754113611207715,0.029743665581348205,0.010210512065238934,0.022803476945700292,0.009635271948887443,0.007277705408202219,0.014555410816404442,0.00737670898932982,0.017102607709275217,0.03420521541855043
461,0.008646574520733011,0.017293149041466022,0.02504525033591631,0.0039374558420780595,0.012742320346343384,0.005114875068602627,0.01452624519483146,0.014241416857677899,0.4861495718107943,0.004428733291107152,0.011839460804206848,0.13734446340954395,0.008445491392343872,0.010305606999143256,0.1676781964124692,0.00526313231696792,0.033864214655020534,0.006155188641877737,0.010087670274188514,0.016890982784687744
462,0.0121373434596084,0.01795315386733742,0.03314428406277679,0.0068908459426982125,0.024621468160919893,0.011066577128535284,0.02004072989842317,0.02534562898918224,0.5768440461792966,0.007493490309845186,0.0123336868709741,0.032056605055132706,0.009905188340599958,0.062381757844619364,0.05694235714430212,0.006528419588122699,0.04085911430329326,0.009575015395913296,0.01286196097958502,0.02101832647883406
463,0.040960712913582296,0.004293792811501685,0.0030370729642328984,0.05400823686401587,0.004611851538279587,0.0018311763460816003,0.028873653356513866,0.146676292926621,0.004749412129422688,0.0862208145019927,0.25953555165071546,0.004611851538279587,0.16838292233331237,0.08288599532561405,0.0019476446411600319,0.009269126844668407,0.01295118613264824,0.06492660278293079,0.003276841882461812,0.016949260515965094
464,0.010730154532781614,0.03545616280397403,0.025484117015356335,0.014616221338137681,0.022652548458094522,0.5446361689427734,0.03706780656779103,0.030203397944126024,0.03136506709582318,0.007413561313558205,0.023985051308570666,0.03545616280397403,0.015682533547911593,0.040774587224570134,0.006174531733424362,0.015101698972063014,0.014827122627116412,0.009000282915217433,0.016642688663089853,0.06273013419164636
465,0.010946928746257465,0.050313385972266284,0.05000236113875921,0.4678307227361381,0.044024212725733,0.0021739390817660273,0.03354225731484419,0.039132633533984884,0.015159008555759253,0.012578346493066571,0.041434553153631065,0.050313385972266284,0.025156692986133142,0.03354225731484419,0.011739790060195465,0.01565305341359395,0.027091823215835694,0.011647285081622976,0.027091823215835694,0.030625539287466433
466,0.012005591511014234,0.01993736526227168,0.017007921307270163,0.02915643652674885,0.5440797902416628,0.00697760874144417,0.020932826224332506,0.022064330344566695,0.0388752487023318,0.09994529269997791,0.030236304546258065,0.020932826224332506,0.010466413112166255,0.02721267409163226,0.006803168522908065,0.005464928271144992,0.011662574610699541,0.0077017002146129035,0.052209394389645176,0.01632760445497936
467,0.012745330795144671,0.03277370775894344,0.04916056163841517,0.010475757357827619,0.03277370775894344,0.4604382190102962,0.02992382012773097,0.043015491433613266,0.02647107165145432,0.008393266621192831,0.02992382012773097,0.040485168408106606,0.016386853879471718,0.02992382012773097,0.010518944936858248,0.010588428660581725,0.01860129359291384,0.031952946933199604,0.05250564587693589,0.05294214330290865
468,0.0084868969573392,0.01833169742785267,0.038191036308026394,0.004099911068084497,0.021823449318872222,0.006547034795661668,0.044935315945742856,0.030552829046421114,0.3042442384618473,0.019152757616218267,0.022253680277891697,0.018864656531465993,0.008332589739933033,0.03664883945853673,0.09616536250373484,0.09890524567951862,0.11899537370817088,0.05124202695567167,0.016973793914678396,0.035253264284332064
469,0.6060684069039337,0.02007803747630346,0.023166966318811686,0.061108026412704665,0.026573873130401642,0.008067068628871925,0.023166966318811686,0.023166966318811686,0.03115557539426399,0.008365848948459775,0.022587792160841398,0.0322682745154877,0.010151816701501748,0.02914553827205341,0.010385191798087995,0.0085870857524901,0.007335212411230965,0.016209663468042534,0.014341455340216757,0.018070233728673113
470,0.010246534504293026,0.014113151298365862,0.015583271225278977,0.003990653831346527,0.01267791557310832,0.008721858891913114,0.0131227547160244,0.09129334085864084,0.5017986671096155,0.003739985094066954,0.010840536504541897,0.020953856162475464,0.005459832254112342,0.009875954318347115,0.23819424741440434,0.004374251572008134,0.006999155694222104,0.00488886940400909,0.009012012274860131,0.014113151298365862
471,0.011725038615623299,0.01612880399754997,0.09755571721056167,0.03361349605932816,0.04889235790447733,0.35862189687662566,0.026890796847462532,0.04137045668840389,0.10756318738985013,0.01097583544794389,0.05975732632769451,0.035854395796616714,0.0065587309384054935,0.019919108775898173,0.00802710353655598,0.035057162744374926,0.012507347370912804,0.0161600293784848,0.019207712033901807,0.03361349605932816
472,0.011136091714195747,0.05747506044910273,0.019408616987598305,0.01656833157477904,0.052253968812764666,0.0023965247463847436,0.02830423310691419,0.13856955666066437,0.02612698440638233,0.010292448402514252,0.02830423310691419,0.007286891660677693,0.008491269932074257,0.030877345207542754,0.029022711617102955,0.4572989084013477,0.008953524953674052,0.009567628092478037,0.02191295466341744,0.03575271550347056
473,0.009394120683800711,0.004518860079491965,0.030530892222352314,0.024424713777881846,0.032879422393302486,0.005058372675892691,0.01198090955279526,0.03419459928903459,0.038857499192084755,0.01100159096359373,0.03419459928903459,0.038857499192084755,0.008646384036482201,0.038857499192084755,0.5749779958153948,0.01615110306468429,0.01275917883919201,0.010959807464434163,0.016762058475016956,0.0449928938013613
474,0.5596085907940936,0.07883806769784003,0.022448199991059594,0.019860424034530835,0.0181334306402238,0.01326247867814132,0.018957677487506704,0.029790636051796254,0.037915354975013416,0.00712938298675466,0.025276903316675606,0.017747612967027555,0.006574778923403607,0.029790636051796254,0.00842563443889187,0.046568800098407276,0.006001454810459368,0.004560523898265684,0.023832508841437002,0.025276903316675606
475,0.012593953222239974,0.02442463655222298,0.026867100207445274,0.033583875259306596,0.06638713662379443,0.011352295862300821,0.018318477414167235,0.5397927223443809,0.04741252977784461,0.007490353847877657,0.03100050023935993,0.04577850715389992,0.008955700069148425,0.033583875259306596,0.009264517312912165,0.009959599585563361,0.004169622576097252,0.005057681492041713,0.04030065031116791,0.023706264888922305
476,0.012299686332866945,0.009642488503219767,0.020909466765873807,0.019913777872260768,0.028840643814998356,0.019641410075912656,0.0232327408509709,0.039827555744521535,0.0203994797715842,0.059873360228766,0.016084205204518313,0.05974133361678231,0.009397513153201711,0.016399581777155926,0.02789292318047955,0.006017112738380952,0.01194826672335646,0.008120181268300507,0.56447346417579,0.025344808201059162
477,0.00587618834368334,0.033069533358395624,0.012390439826756973,0.0087729009074709,0.35653731756337104,0.0040185546092286065,0.006246606872936959,0.014485487544893816,0.027081563670888438,0.004044649119678143,0.02306948016409015,0.02153944325083912,0.004904535152995544,0.02009277304614303,0.00604733946048965,0.009661265990558087,0.006488291296150354,0.005023193261535758,0.013252680094264556,0.41739775646562993
478,0.01045191254832492,0.02192352388185227,0.024293634571782248,0.021401535217998643,0.024968457754331753,0.012660063086703423,0.014044757486811608,0.009061509254091781,0.01954053215556398,0.007691225511360767,0.6006596617218857,0.02808951497362322,0.008400602608934047,0.02192352388185227,0.006204678519005112,0.008025575706749492,0.12143571861476139,0.004966150047025363,0.013828684294706815,0.02042873816263507
479,0.02054893878355371,0.026336123891117863,0.03305698847789074,0.034559578863249424,0.03620527309483273,0.01360869046129588,0.03620527309483273,0.031679613957978636,0.034559578863249424,0.010922670753311796,0.030412429399659484,0.031679613957978636,0.013338784824412057,0.06335922791595727,0.004257976533449125,0.009160370301102257,0.01768164499980203,0.01854416426808506,0.5076654460068106,0.026217611551430597
480,0.014430741320791161,0.06574004379471529,0.03114002074486514,0.04551233801172597,0.08421832890643675,0.013759544050056687,0.022756169005862987,0.04226145672517411,0.026893654279656256,0.39465602271484157,0.025724364963149466,0.021913347931571764,0.00883075215152892,0.029583019707621883,0.012326258211509117,0.004231035850155602,0.013148008758943057,0.07134271444504398,0.02927072170117622,0.04226145672517411
481,0.03500068793695114,0.06317135633208085,0.025736478505662564,0.009841749980349588,0.028953538318870386,0.46167316627374194,0.023162830655096306,0.0365728905080468,0.03021238781099518,0.013111036219865839,0.02672634306357266,0.033089758078709015,0.006095481751341133,0.04087558350899348,0.00609338172317599,0.013897698393057784,0.011581415327548155,0.05675574159490088,0.04087558350899348,0.0365728905080468
482,0.36364595528775956,0.036392607668844695,0.03080802317742458,0.028731006054351072,0.028731006054351072,0.013997156795709498,0.019496039822595373,0.041991470387128485,0.054588911503267036,0.008804663145688231,0.030327173057370576,0.028731006054351072,0.00768857908496719,0.027294455751633518,0.008529517422385474,0.1641628230981985,0.05019344495233829,0.00456325243070094,0.030327173057370576,0.02099573519356425
483,0.011624290301538633,0.03011747941762282,0.06023495883524563,0.02760768946615425,0.022847743006472482,0.005189988062823385,0.017436435452307948,0.11061324145749782,0.0649723930423202,0.010039159805874274,0.017907690464532486,0.02070576709961569,0.012501595229956641,0.025484021045680844,0.4403828600460117,0.042983494967413965,0.013803844733077124,0.014724101048615601,0.02070576709961569,0.03011747941762282
484,0.01709909997689839,0.02201523769359524,0.02707357496342246,0.03094122852962566,0.43067007027322385,0.014439239980491972,0.028250686918353866,0.03419819995379678,0.040610362445133684,0.008976880327138689,0.03419819995379678,0.04331771994147592,0.014125343459176933,0.02707357496342246,0.008021799989162208,0.12719692961340565,0.01624414497805347,0.01353678748171123,0.029534809051006316,0.03247610950710838
485,0.018270563812855793,0.028928392703688334,0.03155824658584182,0.04959153034918,0.02551397331967254,0.01577912329292091,0.043392589055532504,0.04959153034918,0.04959153034918,0.23081351583769819,0.0366393179171754,0.026703131726481543,0.020420041908485887,0.03155824658584182,0.008901043908827181,0.005005539109386026,0.026703131726481543,0.015267475222262543,0.11220072001717799,0.17357035622213002
486,0.014726578887215973,0.05072488283374391,0.02282619727518476,0.3001084041176116,0.04565239455036953,0.0034203415615478437,0.021739235500175966,0.04565239455036953,0.21291455885047827,0.016908294277914637,0.01630442662513197,0.021739235500175966,0.01902183106265396,0.02419437249459413,0.008951449911837163,0.010616835941946401,0.013834058954657433,0.059359718003651855,0.015217464850123173,0.07608732425061587
487,0.017862674409725946,0.03723452807645469,0.026323941235385603,0.08335914724538775,0.33199358470735657,0.025007744173616325,0.020839786811346937,0.04167957362269387,0.03847345257479435,0.003742137298411774,0.03572534881945189,0.06251936043404081,0.011367156442552876,0.05001548834723265,0.02273431288510575,0.005746106478208448,0.02273431288510575,0.014453572373127428,0.025007744173616325,0.12318002700638414
488,0.012062698410566864,0.07613230371351169,0.017658443346731015,0.30345605152449595,0.11419845557026755,0.04547456593654799,0.028549613892566893,0.05075486914234114,0.009931334384380302,0.016314065081466794,0.06525626032586718,0.01756899316465655,0.01827175289124281,0.04152671111646093,0.016314065081466794,0.015751511113140354,0.007875755556570177,0.025243534917746432,0.04152671111646093,0.07613230371351169
489,0.31701959259343643,0.04789333257565494,0.04360521193848063,0.03197238700979842,0.036891215780536626,0.013321827920749338,0.015470509843450848,0.028210929714528005,0.025241358165630324,0.007862062379458626,0.025241358165630324,0.02664365584149867,0.007493528205421505,0.01998274188112401,0.006394477401959684,0.1256284145597231,0.13049728267627866,0.049347086163658516,0.02283741929271315,0.01844560789026831
490,0.015042155509527554,0.041115225059375315,0.047440644299279196,0.04405202684933069,0.014273074610444154,0.011636384450766597,0.03258205882531435,0.0785267269140202,0.041115225059375315,0.38689717497754533,0.03627813975827233,0.05139403132421914,0.022161982958021593,0.03426268754947943,0.010894750033597756,0.01401655399751431,0.012586293385523053,0.020557612529687658,0.04405202684933069,0.041115225059375315
491,0.01615348465290188,0.13999686699181632,0.05249882512193112,0.01443266731033899,0.05999865728220699,0.27688197993846,0.03499921674795409,0.05999865728220699,0.03818096372504082,0.012726987908346938,0.02799937339836327,0.02470532946914406,0.01499966432055175,0.046665622330605436,0.043565170884920484,0.011666405582651359,0.01499966432055175,0.04653187258569043,0.02799937339836327,0.03499921674795409
492,0.01592135330860779,0.054940301109655934,0.05731687191098805,0.040940622793562885,0.37784120499006524,0.0440899014699908,0.019764438589995877,0.048292982500545215,0.07164608988873507,0.045562343915355304,0.0440899014699908,0.023882029962911687,0.0057895830213119245,0.023882029962911687,0.00971472405270984,0.02574010518070671,0.007745523231214601,0.01985441911218247,0.040940622793562885,0.0220449507349954
493,0.020634353166417204,0.039681448396956163,0.030344637009437063,0.039681448396956163,0.13172636880991453,0.02149411788168459,0.025792941458021506,0.07010646242981355,0.030344637009437063,0.33922231329746405,0.019583649586675973,0.039681448396956163,0.013942130517849463,0.017788235488290692,0.012896470729010755,0.006391787072779937,0.014738823690298004,0.013271981398130853,0.07828615665321087,0.03439058861069534
494,0.01714985756176719,0.03572886992034832,0.0038762001516130015,0.04287464390441798,0.032980495311090756,0.022565602054956835,0.04966154145018244,0.03572886992034832,0.07081932994843357,0.014784359967040682,0.07145773984069664,0.2823616110912871,0.01099349843703025,0.14291547968139331,0.025220378767304697,0.004314152308295953,0.01075390528510514,0.061249491292025685,0.03572886992034832,0.028835103186313746
495,0.012612397050895731,0.0274598842254106,0.015232971892608837,0.4739387282151177,0.03399795189812741,0.0031453869084904855,0.03245259044821253,0.04199746999180445,0.010051618131355852,0.009916069303620493,0.0274598842254106,0.01487410395543074,0.009153294741803533,0.18869581162937982,0.007932855442896396,0.01098395369016424,0.009519426531475675,0.012779083490978064,0.02379856632868919,0.03399795189812741
496,0.016127826487546865,0.03485266507142044,0.3932814997847951,0.09606938371258734,0.03485266507142044,0.0023793492501347937,0.03160275293182477,0.024687304425589474,0.04557656201647288,0.008843213525584289,0.05924953062141475,0.022412115298000114,0.008977201609305265,0.07406191327676842,0.010772641931166315,0.0097130378067893,0.014812382655353685,0.018244709277997026,0.026931604827915793,0.06655164041791299
497,0.018380049253758732,0.03676009850751747,0.032165086194077784,0.04288678159210372,0.05146413791052445,0.018380049253758732,0.3421592320983868,0.016082543097038892,0.036468123063460915,0.009021008524064851,0.01906079181871276,0.03392864573957625,0.007275372727511965,0.185542877108287,0.08347761027768145,0.009028796124653411,0.010502885287862133,0.015136511150154247,0.02859118772806914,0.003688212542799381
498,0.016936164512934036,0.01925128234966113,0.025677410713158055,0.03618180600490453,0.025677410713158055,0.02976230646942222,0.02487499162837186,0.025677410713158055,0.03979998660539498,0.008631768388032382,0.02151350627318647,0.024121204003269683,0.011705878413351465,0.033166655504495816,0.06833751046613523,0.006426111693438408,0.012246149724736918,0.015307687155921146,0.5298297670388977,0.02487499162837186
499,0.01037294811631523,0.02347561942113447,0.01715526034621365,0.014388282871017899,0.020274398590979768,0.008745819000030488,0.01037294811631523,0.004304554588031434,0.010501136400317596,0.38718271298223916,0.28954887462453466,0.011737809710567235,0.005186474058157615,0.009292432687532394,0.005584620217492727,0.007964942303599195,0.03549982531646503,0.09867555604895255,0.018584865375064787,0.011150919225038873
500,0.07993396497703337,0.11492590318913552,0.028876340381135734,0.08841435723885831,0.0019470217565750842,0.06054103662349301,0.048201275866972725,0.005553142380987642,0.10975622588304984,0.010280197465630015,0.06273680617044687,0.05746295159456776,0.000924343662212414,0.06941427976234552,0.020307401432384815,0.09895326685306886,0.07160630964957748,0.06322764136053254,0.003050334085300966,0.0038871996666913493
501,0.016348587180533305,0.016662983087851253,0.024068753349118475,0.03188081956122689,0.02280197685705961,0.00343092784718497,0.026256821835401973,0.056469945420809034,0.04662186273102148,0.0078060821672816675,0.026256821835401973,0.024756432016236143,0.0072206260047355435,0.027950810340911774,0.5736966603674182,0.007905389648460279,0.012034376674559238,0.01969261637655148,0.024068753349118475,0.024068753349118475
502,0.06772968938138312,0.027653875283538305,0.11519456680175456,0.09645271478791687,0.004438116423655997,0.052125807755879355,0.08052157803147916,0.04257241326544712,0.03188265460720481,0.030299028571528917,0.02574671147088049,0.05563217406241964,0.03952877466999886,0.12486395768742117,0.018237253958540346,0.0808344046749581,0.0467669723908515,0.03378633067922433,0.016969423469443957,0.008763552026473404
503,0.0745275670593589,0.10398756890367399,0.023471279436256803,0.014804065365859407,0.019807155981652183,0.02773001837431306,0.00700785784539189,0.05246366210494268,0.04017945149798196,0.00387725521486794,0.12478508268440879,0.2171293483400813,0.00387725521486794,0.023263531289207637,0.00452346441734593,0.04083736840119866,0.13203897478032361,0.06791024907995039,0.011230670277548515,0.006548173730768197
504,0.009602512696314227,0.39791280566023773,0.033608794437099784,0.013070086725538808,0.01960513008830821,0.008877794756969757,0.01568410407064657,0.012716841138362082,0.01568410407064657,0.0043764413422800125,0.04705231221193971,0.016804397218549896,0.0037741767062461863,0.01742678230071841,0.008713391150359207,0.31416570687955303,0.00889977709885959,0.010456069380431046,0.02476437484838932,0.016804397218549896
505,0.06396733372747086,0.07364693204725767,0.0441881592283546,0.013045224089914292,0.02454897734908589,0.4432936832256718,0.014729386409451536,0.019494776130156443,0.030128290382969044,0.04395297329541824,0.05640631572912009,0.018937782526437685,0.005865684853321408,0.02454897734908589,0.005683070816231486,0.009079758745552316,0.010520990292465381,0.027409160664326217,0.031562970877396145,0.03898955226031288
506,0.1864050749794076,0.017919147244428182,0.007273181943680541,0.021470311138973564,0.0280765607201962,0.4889672107077896,0.022812205585159413,0.02354808318468068,0.029199623149004043,0.0082021413339899,0.020856873677860033,0.025172088921555213,0.0077658572204798,0.02354808318468068,0.009012229366976559,0.006178330583136386,0.009240387072469634,0.009801683586237758,0.022812205585159413,0.03173872081413483
507,0.017087009902583373,0.03956991766914044,0.03956991766914044,0.00940547737277493,0.037591421785683414,0.5024482005002067,0.037591421785683414,0.032688192857116015,0.044225202100804016,0.016707298571414852,0.037591421785683414,0.02278267987011116,0.01474173403360134,0.03417401980516674,0.0053314622115090355,0.01193378469386775,0.015996349696035497,0.013702275027194677,0.032688192857116015,0.03417401980516674
508,0.006358730800355575,0.13142013105522127,0.028851600198270554,0.037962631839829675,0.019773212825292208,0.01483873105649914,0.018981315919914837,0.007419419029383802,0.04242882382098611,0.00974716222914546,0.036064500247838194,0.019494324458290916,0.00974716222914546,0.018494615511711894,0.008485764764197221,0.008387093080892605,0.040886262994957734,0.4827367448127514,0.036064500247838194,0.02185727287747769
509,0.01984604464830765,0.0406966234644799,0.017720894416071765,0.6242242743979377,0.02589580115890455,0.00900291405979154,0.014124982450311574,0.03214651178346771,0.010250986660963043,0.009230186551688748,0.0443928019866935,0.023306221043014087,0.008712605997388446,0.029252429579649474,0.008794800393590223,0.009139694526672192,0.010244492766160039,0.015605568757795955,0.02913277630376761,0.018279389053344385
510,0.0632268142255048,0.02972703082229716,0.03497297743799667,0.02678824361602907,0.04246718688899595,0.3985772239079785,0.015244631190921624,0.02831145792599731,0.027024573474815603,0.005945406164459434,0.016515017123498427,0.02123359344449798,0.008144392006108813,0.020501400567101497,0.05907089641692185,0.07418612869125898,0.010616796722248988,0.03556914127852889,0.05901014130845603,0.022866946786382437
511,0.007617066002334013,0.08251821502528513,0.006724525931401138,0.00877112078008844,0.052467767142569365,0.0031521215303442836,0.009887537599183576,0.00877112078008844,0.00960646561628734,0.1337794770965415,0.06426899439469323,0.051415195515754596,0.0030109817603288683,0.14599376504473524,0.033074102378555584,0.08007002272712843,0.017138398505251534,0.00461223405819845,0.15334356557330314,0.12377732253792773
512,0.0989300818569335,0.019193543027403042,0.014764263867233111,0.0401820468668554,0.025035056122699625,0.37923687474627255,0.022219590577493082,0.017448675479457314,0.013390843972606774,0.006327541657385619,0.027419347182004346,0.013709673591002175,0.0936059347732687,0.019193543027403042,0.0038127990404418074,0.08826115146059754,0.007677417210961218,0.08203331896347339,0.015562332184380849,0.011995964392126903
513,0.00560919512328721,0.0040711006052738955,0.0036499522667972854,0.005040410273196252,0.009254190093587024,0.002116972314742426,0.01570574634520419,0.3289523973975065,0.0048113007153236945,0.06905565770782175,0.05667063251116676,0.0035282871912373764,0.009678611193123025,0.02071087430136816,0.001290836777281967,0.0009554440736826132,0.03880956625841961,0.41230726597960055,0.004668364290876138,0.0031131945805035676
514,0.1014148369905174,0.13005913996091145,0.012398885239570508,0.02243607805255615,0.006603586253649838,0.0031834975615113474,0.005668598722122066,0.004907892073996658,0.0020689583774626333,0.0016573378171847162,0.022192207638941412,0.05342755443624428,0.17794661392324787,0.030451413077115456,0.0005118292533019208,0.16087418231935321,0.13315122165785512,0.04689763537374585,0.003555777213503759,0.08059275405720828
515,0.019938737326911055,0.0880627565271905,0.016572093702623716,0.017262597606899698,0.029354252175730164,0.1185325669337799,0.011197360609880887,0.025059474921074302,0.2801495295444041,0.005244333450197377,0.014286287674675614,0.009634938199199833,0.006004381776312939,0.02641882695815715,0.27577295609535957,0.008040090046660552,0.00728499297016737,0.009634938199199833,0.017262597606899698,0.014286287674675614
516,0.006614907027963961,0.013643245745175666,0.010394853901086224,0.008909874772359622,0.05737160060985506,0.0049611802709729706,0.007001913784594114,0.06253950556675221,0.010153113112688869,0.2890188999947915,0.42067627868361107,0.011194458047323623,0.0019335024688632064,0.006327302374574223,0.005775278165182136,0.005018205331558868,0.0056699203096833945,0.038398443287550696,0.014552795461520713,0.019844721083891882
517,0.016386768911650154,0.02833316068654503,0.024999847664598562,0.01456747307718256,0.03035695787844111,0.5599846840845972,0.02297283298909057,0.040475943837921476,0.03399979282385404,0.007870322412929176,0.024999847664598562,0.024285566302752887,0.015740644825858352,0.018478148273833716,0.006842677814978559,0.009239074136916858,0.015454451283570016,0.0518351987635585,0.02741918776117261,0.02575741880595003
518,0.007637032936187878,0.10046342739611486,0.025231479648508068,0.018183411752828282,0.018183411752828282,0.009114700389659476,0.04679851771732099,0.02545677645395959,0.012728388226979796,0.005091355290791919,0.015274065872375753,0.10191384252299474,0.22256519458024324,0.014686601800361304,0.004656727400114559,0.01812357050875589,0.008880270856032416,0.007487287192341059,0.08119226434477164,0.2563316733568302
519,0.011655008406228655,0.23995605542235462,0.01240230492183455,0.00873798755856525,0.019346910445885747,0.005572050037345958,0.00818024367184832,0.2549684556326008,0.010984898645053457,0.08245371964512398,0.007728846572684075,0.009858242373765926,0.0030513607347370723,0.006628818147877087,0.002580345319307859,0.0027487279927474162,0.0033924976066492057,0.29306078872829905,0.009154082204211215,0.007538655932879825
520,0.00323590419825895,0.0078691306639479,0.0058685042239611475,0.01116908868431315,0.01331699035437337,0.0037230295614377167,0.004555812489654048,0.42447264984085276,0.005676094249405044,0.23062459987171857,0.1860859977882491,0.003979790220847215,0.002063089174692974,0.00543198082624348,0.007276364584303825,0.0025838936508485646,0.0027050136657320906,0.06524105098922547,0.008444920712529454,0.005676094249405044
521,0.07882209081150514,0.1476770650940716,0.0633838632528711,0.2830462114273746,0.010112751500100967,0.002958646224068383,0.02615857835804811,0.009877571232656758,0.005185548214304488,0.010775772577345188,0.06317296673468618,0.009653080977369107,0.0030556515324046086,0.17529756572726157,0.0029495525208627815,0.007171954596180076,0.004006939273624912,0.0051797019878565935,0.024473788565495855,0.06704069939191186
522,0.0788271030311816,0.01849610872440399,0.11239844349480557,0.1390822178989223,0.0042091725100540075,0.07092558310754733,0.04342181714824365,0.011724309355359905,0.07945105933354465,0.011745704080460925,0.03764120371983969,0.05018827162645293,0.0017685598781739525,0.1153029507624163,0.07519446070201623,0.06811265435018612,0.06170825654071066,0.0050047530702753045,0.0046768583445044535,0.010120512320900294
523,0.002237956127106417,0.01008183620243703,0.004561987489870772,0.005391439760756368,0.004744466989465603,0.0025236526539710665,0.002471076557013335,0.26878874768533106,0.004561987489870772,0.2631488269575142,0.07577830174054173,0.004090057749539314,0.0013954314674898838,0.005157029336375657,0.0012103232115983685,0.0015014136042612674,0.001297599569091744,0.33380937417385953,0.003953722491221336,0.003294768742684447
524,0.1009263944635529,0.02225469743277509,0.08078135837878614,0.015709198187841243,0.04007371544876365,0.006847599210084645,0.03441204953279004,0.01567780919587458,0.02915365750021551,0.004307360793440341,0.1387737923873852,0.17562183891458844,0.00417275576864533,0.0859238223135653,0.0038703821622217555,0.1350423845645376,0.06315596387052413,0.009537727471189325,0.017803757946220074,0.01595373445699875
525,0.033041922195936026,0.10310724087324644,0.031746176795183774,0.049797924384601996,0.029394608143688678,0.027104430194342454,0.04115245140116415,0.02351568651495094,0.04535168113597682,0.08746899224232758,0.07054705954485284,0.1482407583593165,0.0027133484440328,0.06967098847601484,0.05494505946870693,0.05323627919486413,0.04044698080571562,0.007235595850754135,0.03425144294442141,0.04703137302990188
526,0.036538583468945764,0.10721426073229841,0.007233916739750247,0.034796554480213224,0.10802648998027037,0.008064271626937024,0.054013244990135184,0.18518826853760637,0.03549441813637454,0.054013244990135184,0.005555648056128189,0.020370709539136698,0.0025374098818650354,0.037478578156420334,0.034837397051628916,0.05582679637577248,0.056569786351634434,0.07015994326740799,0.04419265499192878,0.04188782264541095
527,0.02843524282156454,0.14264011765919893,0.11886676471599911,0.05547115686746624,0.010754308624552372,0.048112738099332975,0.10362743590625563,0.00822388306583417,0.031280727556841866,0.012668690194191517,0.00932040080794539,0.11886676471599911,0.0923577826456151,0.05893318617311604,0.024593123734344653,0.04973370621994346,0.04664700973013865,0.0045098713586832545,0.013980601211918088,0.02097648789105867
528,0.014830868110354709,0.027748075819373323,0.024576867154302087,0.010738918455531507,0.04778835280003184,0.569957695537466,0.0200044267535017,0.033084244246175884,0.043009517520028656,0.008688791418187607,0.02389417640001592,0.03440761401602293,0.011171303251955493,0.026066374254562822,0.011215958972275794,0.010490126224397232,0.016542122123087942,0.012426894831414945,0.030721083942877613,0.022636588168436132
529,0.14138855015021295,0.016938655050430507,0.02102729592467235,0.008080756280707924,0.016938655050430507,0.40336958327433364,0.0634805735368303,0.023453522377519163,0.027717799173431742,0.0047639967329335805,0.01270399128782288,0.09600457108965076,0.005124299006852926,0.015635681585012773,0.01622289613069789,0.04320205699034284,0.020198364307173276,0.024532083292882114,0.01270399128782288,0.026512677470239058
530,0.0594208593382289,0.04621622392973359,0.014381089473489869,0.004800723337011704,0.018906637062163743,0.004365687875880853,0.13490141038949263,0.011112660047696716,0.16188972495066598,0.055578993432739955,0.11969196005015888,0.06366684638789988,0.0147237527563753,0.026925890273800573,0.10412291597911176,0.020797300768380118,0.009389116534931984,0.005314750457594082,0.01980695311274297,0.10398650384190056
531,0.009354657152415366,0.026504861931843534,0.020742935424921033,0.026504861931843534,0.01766990795456236,0.00795145857955306,0.0164512936128684,0.24660380761371822,0.01987864644888265,0.12483346565564195,0.31643878074312626,0.019083500590927345,0.005818140424063216,0.012233013199312403,0.004298085718677331,0.007821106799560388,0.00843412163071907,0.052323699901999705,0.040602361072495916,0.0164512936128684
532,0.012270410248678148,0.1065233765345837,0.01904029176519023,0.0345105288244073,0.08615667438965442,0.010418272852651258,0.09608596731763396,0.03681123074603444,0.05019713283550152,0.009687165985798538,0.02509856641775076,0.02509856641775076,0.006346763921730077,0.04601403843254305,0.007777020580148122,0.006516143828389445,0.010618624253663783,0.016240248858544606,0.03944060437075119,0.35514837141859457
533,0.6003236541658369,0.02662483596777536,0.03620977691617449,0.0300870677397531,0.01926051963626302,0.015087407048406037,0.0158814811035853,0.029201432996914908,0.02662483596777536,0.007300358249228727,0.029201432996914908,0.023211395459086206,0.004815129909065755,0.02155343864058005,0.006857912294730015,0.005931792134438606,0.049953551634231,0.00825996012536078,0.025864126368696064,0.017749890645183574
534,0.017643152719683843,0.04167743600323176,0.5790207152401053,0.05812751966290782,0.019449470134841485,0.008937415750624044,0.020354096652741092,0.021346979416289442,0.035009046242714684,0.006784698884247032,0.03805331113338551,0.01111736028503449,0.007610662226677105,0.033662544464148736,0.010419359000807942,0.009617869846899638,0.012870972883350987,0.021346979416289442,0.019891503546996977,0.02705890648902264
535,0.00590105360988412,0.02424583144669091,0.5185646709098044,0.02178819062015052,0.0352666639224595,0.023497627535118994,0.01274632371220859,0.01763333196122975,0.027709521653361043,0.007460255829751051,0.03694602887114805,0.009356411938560702,0.005541904330672208,0.03694602887114805,0.007917006186674583,0.005278004124449723,0.007389205774229611,0.08866196742540977,0.0198940155460028,0.08725595573104568
536,0.0037095999851838026,0.031824453850699694,0.027581193337273067,0.0250738121247937,0.03761071818719054,0.017987734785178087,0.017987734785178087,0.009695971691640163,0.03597546957035618,0.007880340953506591,0.02177462631889979,0.027033624080170213,0.030188649926939405,0.024336347062299764,0.007133067242398208,0.03825073449273769,0.5492843697871893,0.016224231374866508,0.048672694124599535,0.02177462631889979
537,0.5254414647932361,0.018024148328629835,0.019119508586663482,0.02734698367102458,0.033044271935821365,0.0076351592664153315,0.018882441106183638,0.034480979411291864,0.024783203951866027,0.00809247475979299,0.030502404863835104,0.020334936575890073,0.006896195882258372,0.031722501058388516,0.007930625264597129,0.005446505493539957,0.009385552133856164,0.11777401952157196,0.021434122336748997,0.031722501058388516
538,0.6293828310637799,0.002583443463526575,0.03632145181175792,0.004309151576054418,0.00564293658769031,0.1577920825412286,0.002214984454981243,0.004557756474672943,0.007645268925257839,0.0015290537850515679,0.005780569187390074,0.0031184649563551717,0.0011339872568564258,0.0036462051797383544,0.10561385193602237,0.01538642216563034,0.0018515885678358833,0.0029996284519903833,0.005152246449630284,0.003338075164549198
539,0.01246420576939602,0.022243198122197678,0.04592075809777482,0.03489977615430886,0.02423595566271448,0.012037148061382376,0.01744988807715443,0.03635393349407172,0.022960379048887404,0.005870931110153509,0.025661600113462392,0.02908314679525738,0.005102306455308312,0.01982941826949367,0.05189604803664537,0.005778108634819347,0.008994787668636303,0.01302230453518987,0.5805345057796838,0.025661600113462392
540,0.006809886199438854,0.020416492295946706,0.5190867446115907,0.024343835490947516,0.02216647734988499,0.11863634151591962,0.006997654586636467,0.026752645077447408,0.059678977480459604,0.006411790968974999,0.05172178048306499,0.026308939023622392,0.003140998814761032,0.036944128916475,0.009697833840574686,0.005172178048306499,0.00527773270235357,0.009141404050213199,0.031033068289838994,0.010261090253542856
541,0.004375856228962046,0.04209379838373784,0.02914186041951081,0.03608039861463243,0.030307534836291238,0.01242112083454559,0.017220190247892748,0.007831804072074632,0.058283720839021606,0.008913980834203307,0.02612718520369935,0.016565258303064857,0.0041921546252056095,0.09471104636341011,0.010980990882714217,0.008158608618280543,0.5020226678370773,0.015153767418145619,0.04735552318170507,0.028062532255825227
542,0.005580273480073785,0.0033864198398375475,0.01429094427823774,0.01583591122723641,0.01583591122723641,0.004013210379505119,0.0032889075356419785,0.019530957180258247,0.38934121798893134,0.00348310145186312,0.015023813215583265,0.013020638120172161,0.002503968869263877,0.015419176721256509,0.390317425686158,0.04113187917865282,0.005007937738527755,0.00901428792934996,0.01723319751199257,0.016740820440221356
543,0.012486458055660576,0.03667897053850294,0.04514334835508055,0.05868635286160471,0.019011263330500173,0.009620713583869622,0.014671588215401174,0.39107932454375377,0.029343176430802354,0.009620713583869622,0.04231399193453432,0.09766764569858549,0.017260692018119028,0.023474541144641883,0.006745557800184449,0.009888801729093932,0.0054045800227895706,0.10970528117967486,0.03452138403623806,0.02667561493709305
544,0.00328011174420011,0.037638221228476855,0.008400286174171014,0.010762866660656612,0.011110055907774568,0.0038633536061048286,0.16207433002315472,0.007897931130236716,0.007653594069800258,0.0027119034105591465,0.012300419040750417,0.07016340488952069,0.0021798210958291872,0.00883107008053876,0.002041096773435439,0.23337836154855515,0.39166901596252807,0.005646093985918223,0.009566992587250321,0.00883107008053876
545,0.06096597285623435,0.056052596754333876,0.004593833631800847,0.005743241880828054,0.008695470803051605,0.002341088293129278,0.013352479623861175,0.061322499013288345,0.16262180241135538,0.01928230753135231,0.03363857432241228,0.01499257152817767,0.0011271906596548374,0.06046637477026126,0.2517794401445342,0.09693224132005546,0.06337710940014296,0.07073433826058101,0.0038646536902451575,0.00811621310469993
546,0.0614473025402023,0.032599922084658145,0.006209116615487567,0.013377823980641395,0.19392378795714826,0.0025962952624792824,0.06927193842393191,0.017150316865729754,0.0038425169884693374,0.0008349689529251128,0.009433081011990722,0.0030335660435284245,0.0010219460075716325,0.003602359676690004,0.0014855091450268058,0.008765228350256421,0.02428317884274841,0.03001119709763211,0.2885413015432457,0.2285686426096367
