site,A,C,D,E,F,G,H,I,K,L,M,N,P,Q,R,S,T,V,W,Y
451,0.012787337577730436,0.554581683140819,0.022777445060332337,0.02513373248036672,0.026140076367820626,0.006483656705989393,0.03644391209653174,0.07288782419306349,0.05606755707158729,0.012353868507298896,0.030369926747109782,0.030369926747109782,0.010718797675450512,0.030369926747109782,0.0037377201148220806,0.009763854869021347,0.020825092626589565,0.01256686624018336,0.012378298985461894,0.013242496045602204
452,0.10174822582070979,0.023737552267999014,0.023737552267999014,0.024926715110178632,0.025895511565089832,0.008387880967998284,0.01780316420099926,0.20575961346900332,0.01837745982038633,0.003905156107044893,0.005836731299985351,0.0335118384959986,0.006192404939478003,0.017263674376726552,0.004348864537648674,0.005996855309810276,0.007912517422666337,0.43103008297394607,0.015825034845332674,0.01780316420099926
453,0.013580951784990077,0.011835788413828175,0.04776057650031355,0.023657141819014973,0.02043721837244481,0.006490012357428886,0.04399816571240045,0.02933485585557856,0.03859849454681389,0.008835799956499567,0.04074285535497022,0.0237459130759427,0.015603646731690728,0.03492244744711733,0.008059026333950154,0.008539081264588223,0.0366685698194732,0.009524303849213819,0.020371427677485114,0.5572937231262556
454,0.01413338225274381,0.02416352449662651,0.006839754533151606,0.02496897531318073,0.032568228669366164,0.00960345204353105,0.0558054626289855,0.026126156981937074,0.027743305903534143,0.009987590125272294,0.027743305903534143,0.535859301963401,0.010122557559397595,0.035669964733115324,0.0107009894199346,0.0030764351156766347,0.07143449050408121,0.011015724402873853,0.028810356130593146,0.03362704131906337
455,0.012521519195620308,0.023869145966651212,0.0424340372740466,0.027279023961887104,0.030552506837313552,0.007205779914460744,0.023145838513116326,0.009603538821365255,0.05131603506773109,0.007562501692404344,0.5708053981116986,0.04539565944674888,0.012319559208594176,0.0347187577696745,0.009296807613041231,0.00848680745480932,0.03129773811362706,0.003390202172055897,0.01697361490961864,0.03182552795553495
456,0.01156899756392454,0.02613736486664433,0.04151228537643511,0.02276480165804506,0.05880907094994974,0.009165050018173988,0.05428529626149207,0.010874609196655517,0.04157935448124367,0.0133586333565215,0.5040860712775342,0.05040777509995692,0.012380857042094682,0.02940453547497487,0.009681963257444014,0.010081555019991386,0.03643565652118308,0.004632304825908726,0.020756142688217558,0.032077675063608944
457,0.01171415049665678,0.018742640794650847,0.029988225271441352,0.05767192510986234,0.0220501656407657,0.5456989359756028,0.024184052638259155,0.037485281589301686,0.020262314372595507,0.007140053636057466,0.028834831991770532,0.0441003312815314,0.010412578219250472,0.03407752871754699,0.005862628296181525,0.009864547786658339,0.01229025625878744,0.013687992815655468,0.015951183655022,0.049980375452402255
458,0.007873866404640809,0.018197380135169874,0.027296070202754805,0.08658250372025444,0.013879357730214308,0.007377316271014812,0.019043769908898698,0.05260052399926412,0.6072837535397618,0.006824017550688701,0.022746725168962336,0.02058977670816634,0.007950311709540234,0.01789073449663492,0.021486974344511276,0.010325551176398483,0.011446078215971689,0.008107743624580636,0.010365596279527142,0.02213194881304444
459,0.009704372671807926,0.02043025825643774,0.031053992549785362,0.013863389531154182,0.025878327124821136,0.01649737091795413,0.02772677906230836,0.08421947035449101,0.014518181846269908,0.007763498137446343,0.022833818051312765,0.025878327124821136,0.007921936874945246,0.023525751931655577,0.5871235349736803,0.02454483566485685,0.010351330849928455,0.009704372671807926,0.011416909025656384,0.025043542378859168
460,0.04344401255767735,0.020488984911138215,0.07351102952034388,0.5160349155674347,0.029397239220328747,0.0026856909224059074,0.028172354252815043,0.020488984911138215,0.07804751369365583,0.009523049324895227,0.019318185773358885,0.030733477366707323,0.010564632844805645,0.026005250079521577,0.009659092886679444,0.0076833693416768324,0.015025255601501359,0.007617070276654604,0.01779306584388319,0.03380682510337805
461,0.011204124277348666,0.02186170590702179,0.03201178364956763,0.004994443530537471,0.016005891824783812,0.006590661339616863,0.01867354046224778,0.017926598843757864,0.6871906506907925,0.0056729743176448955,0.015085808315283661,0.026918004752384338,0.010670594549855871,0.013272600661222895,0.0029214120278622784,0.006739322873593184,0.05994319678720346,0.007794173410329507,0.013181322679233725,0.021341189099711746
462,0.011838764686236045,0.018015511479054856,0.03187359723217397,0.007255848479546571,0.023677529372472094,0.011528565534302718,0.020212525074061547,0.02511253115262192,0.6353583762836603,0.007269416912601081,0.012207880371768015,0.018858800631634472,0.010231031210327448,0.05529978129205191,0.0524997153015586,0.006629708224292185,0.00910674206633542,0.009749570918076744,0.01255626557631096,0.02071783820091308
463,0.03389206379123935,0.01828167972975719,0.002841928214421776,0.0756674563452875,0.009479389489503727,0.0018495088379570286,0.016765940561973485,0.06483902410820551,0.006966834804996875,0.11202165492378754,0.22451185633035148,0.013125308523928238,0.20283066219253817,0.08881598631746587,0.0005872847576699425,0.005612796408258787,0.02889684860510008,0.045501069549617905,0.003149163697061967,0.04436354281087745
464,0.09952196433351863,0.029049780523880787,0.023039481105146833,0.00880283119554488,0.01965132211909583,0.5102978904811413,0.03181642628805992,0.026725798081970332,0.026725798081970332,0.006486844194652994,0.020246816728765403,0.0303702250931481,0.014215850043601241,0.03711916400273657,0.015600089994424712,0.013362899040985168,0.012848941385562657,0.007536999216969765,0.01518511254657405,0.05139576554225063
465,0.010550813567448495,0.049844131959004286,0.03102889250331729,0.494692637145254,0.04628383681907542,0.0021291835112265548,0.03239868577335278,0.03599853974816976,0.015125896939941165,0.012705366969942268,0.04049835721669098,0.049844131959004286,0.02399902649877984,0.03599853974816976,0.01199951324938992,0.01472667535152399,0.02591894861868223,0.010884523099296757,0.02591894861868223,0.029453350703047984
466,0.013435099945781853,0.016144153372041913,0.01951288325458793,0.02926932488188189,0.6264233838115186,0.007252576076926487,0.023415459905505514,0.02483457868765736,0.03902576650917586,0.005789426467035996,0.03278164386770772,0.021566870965597184,0.01107487968503639,0.02926932488188189,0.007252576076926487,0.005944336258483458,0.01241728934382868,0.00811426828408607,0.04866004692667125,0.01781611079766724
467,0.012338236163330277,0.030845590408325692,0.051409317347209486,0.0668068264736403,0.029376752769833994,0.4708450462733292,0.02682225252897887,0.038556988010407106,0.025704658673604747,0.007616195162549553,0.029376752769833994,0.03628892989214787,0.01504662946747595,0.02682225252897887,0.0036327021582464643,0.009792250923277996,0.017136439115736497,0.005375348057197849,0.04479751392868584,0.051409317347209486
468,0.0031974332957527348,0.006950941947288555,0.013322638732303065,0.0015005692352342286,0.007993583239381841,0.002251713588558264,0.014627593560643838,0.15317093689336855,0.12166529183512831,0.031344843344236796,0.021276499724572857,0.006810801900200276,0.003074455092069938,0.009150359063809654,0.13754641404438572,0.0819145239396055,0.09328711306176894,0.17861061610891427,0.005921172769912474,0.1063824986228643
469,0.6389404455778258,0.018576835474619423,0.02259344855021281,0.023372485745521362,0.026123674886183567,0.00759961451234431,0.02458698812817277,0.0219988841146809,0.03096139245769904,0.00844401612482701,0.023221044343274284,0.03483156651491141,0.009288417737309712,0.02882612401234049,0.010071778269371978,0.026225958478644756,0.007353300947557327,0.0056356142610825485,0.013932626605964568,0.017415783257455707
470,0.009855056717516348,0.013645463147330327,0.015425306166547326,0.03649446257529208,0.012448492695810125,0.005256030249342052,0.013140075623355129,0.01462008766739662,0.5444471213187165,0.00375430732095861,0.010590508711360852,0.008727698020104332,0.005295254355680426,0.009619022992062038,0.17762768015931943,0.004407230333299237,0.08084536210156987,0.010672700626454574,0.009215117969625675,0.013913021248258372
471,0.012949698869150709,0.018089696227437824,0.009533369812449975,0.03788459555254394,0.051660812117105395,0.4336018779371913,0.029908891225692593,0.04371299486831995,0.11365378665763187,0.012628198517514655,0.06314099258757325,0.040590638092011376,0.00710336166610199,0.02104699752919108,0.00902014179822475,0.007733260903431003,0.013530212697337125,0.013324515803074338,0.020295319046005688,0.040590638092011376
472,0.012004802667210417,0.013650337563855175,0.021826913940382574,0.019467247568449326,0.05540678154097116,0.0027192276462516124,0.03131687652315761,0.06502298983548366,0.028811526401305,0.01108135630819423,0.032740370910573864,0.008412385100424177,0.00935439168873539,0.034299436192029756,0.005377220455152239,0.5489683660250243,0.026199870771785854,0.01059247294165625,0.024837522759745687,0.037909903159611846
473,0.008442174212750503,0.08569043960279332,0.027274716687347784,0.022160707308470074,0.029547609744626765,0.0064776252607893605,0.011427445978539572,0.029547609744626765,0.029547609744626765,0.007244765215802255,0.03223375608504738,0.03376869685100201,0.009201737670694505,0.035457131693552114,0.5409640676707126,0.01515416561626428,0.010909886674939114,0.009330824129882136,0.013904757526883183,0.041714272580649546
474,0.37311596064654906,0.1531242692070564,0.009771197652264089,0.012505927348524017,0.010838470368720815,0.005080532985337881,0.01189588211201065,0.019509246663697462,0.023225293647258886,0.01299236223575024,0.01625770555308122,0.010377258863668864,0.004068389495042454,0.26796747111234864,0.005080532985337881,0.004421914907790312,0.025612480107756488,0.003117666233740399,0.014779732320982928,0.01625770555308122
475,0.011102039729463617,0.0225622097727809,0.02497958939129314,0.02914285428984199,0.023314283431873594,0.010439231387406087,0.0170592317794197,0.5341410422741891,0.04114285311507105,0.007090141110196875,0.02690109626754646,0.12386351762051885,0.008426849433207323,0.02914285428984199,0.00822857062301421,0.007312523335548771,0.012384814954086441,0.0047594676034355,0.03681202647137936,0.021194803119885083
476,0.012940779786877571,0.013626836482962673,0.02156796631146262,0.020515870393830297,0.028038356204901402,0.006041924263416326,0.023365296837417834,0.04427108874458117,0.02156796631146262,0.006352338477803523,0.01682301372294084,0.060082191867645865,0.009780821931942348,0.0171663405336131,0.004357020719991662,0.006184931515787073,0.012190589654304956,0.00849647157724285,0.6411407799300868,0.02548941473172855
477,0.00580762262505,0.0033338771779867905,0.007612694522024998,0.00816433905260652,0.3377115337076073,0.003832240779794897,0.06459183401889482,0.013739985234874389,0.025606336119538633,0.003832240779794897,0.024493017157819562,0.013779379990511965,0.004655697476279751,0.018172238536446773,0.005748361169692346,0.0038093643171073035,0.006259326606998332,0.0048148666207679484,0.01224650857890978,0.43178853552729285
478,0.010453595602483512,0.021168531095029114,0.022884898481112553,0.021168531095029114,0.024192606965747557,0.013230331934393196,0.01411235406335274,0.009666461236333673,0.01881647208447032,0.007705871010960869,0.6484154113263161,0.026460663868786392,0.00814174272885735,0.0217113139436196,0.023729740705584226,0.007768268291753802,0.006598782284213155,0.05916555498373474,0.013440337203193087,0.021168531095029114
479,0.018590122295016248,0.02466842014655525,0.028659771871483386,0.032754024995981006,0.034391726245780053,0.01351790978601641,0.032754024995981006,0.031265205677981876,0.031265205677981876,0.011157160486187883,0.028659771871483386,0.031265205677981876,0.01297800990406795,0.06878345249156011,0.0042897836436236875,0.008597931561445015,0.016776451827209788,0.019106514580988925,0.5250439534880224,0.0254753527746519
480,0.012492931046954422,0.04997172418781769,0.02776206899323204,0.041643103489848066,0.02102719068304063,0.012813262612260944,0.019219893918391413,0.03843978783678283,0.02271442008537167,0.3808577644573749,0.068091796316704,0.01998868967512707,0.007687957567356567,0.026300907467272466,0.011104827597292819,0.05256915611576753,0.01162133120646923,0.06373510050313852,0.07626399753421334,0.03569408870558406
481,0.016785819848653412,0.05152711172703244,0.02267192915989428,0.12166269608430116,0.023616592874889875,0.4320444191111744,0.0188932742999119,0.029831485736703002,0.029831485736703002,0.011808296437444937,0.023616592874889875,0.028339911449867847,0.005347153103748651,0.033341072293962166,0.045726263685344784,0.011808296437444937,0.009772383258575119,0.010163777967299581,0.03778654859982379,0.03542488931233481
482,0.32388898599215776,0.028288873986312853,0.011825548295526987,0.023574061655260714,0.023574061655260714,0.011468462426883588,0.015716041103507137,0.03536109248289107,0.04714812331052143,0.007072218496578213,0.024960771164393696,0.022333321568141724,0.006149755214415838,0.022333321568141724,0.006630204840542076,0.3299245374966847,0.014747235482341877,0.0037487753637317827,0.023574061655260714,0.017680546241445532
483,0.012462359104110195,0.039464137163015625,0.06457767899402556,0.033826403282584815,0.02841417875737125,0.006073576006742288,0.01869353865616529,0.05114412293244695,0.009231871051861644,0.011099288577098146,0.019732068581507813,0.02219857715419629,0.014207089378685625,0.029598102872261715,0.5419351351545424,0.008115541718153456,0.01544248845509307,0.017758861723357028,0.02219857715419629,0.033826403282584815
484,0.015639208844370346,0.016616900910632847,0.0255914326544242,0.029632185178806968,0.42912856523266557,0.013731988253593477,0.0255914326544242,0.029632185178806968,0.03753410122648883,0.10582226898589964,0.029632185178806968,0.04021510845695231,0.01340503615231744,0.024478761669449237,0.007608263762126114,0.006066265530506938,0.015639208844370346,0.02471070408151758,0.026810072304634874,0.08251412489920527
485,0.019410134416398533,0.03073271282596434,0.03073271282596434,0.052684650558796016,0.03463741984994408,0.014751702156462886,0.052684650558796016,0.040976950434619124,0.052684650558796016,0.2806548730162661,0.03869952972438359,0.028368657993197856,0.021693679641857186,0.03352659581014292,0.009705067208199266,0.005592543274441245,0.026342325279398008,0.016944434230716298,0.02478043267987004,0.18439627695578606
486,0.01836604727883997,0.0587713512922879,0.02938567564614395,0.4475955817966689,0.0587713512922879,0.006322849740485519,0.02555276143142952,0.0452087317632984,0.014686796293212281,0.0202659832042372,0.02098976831867425,0.027986357758232334,0.01895850041686706,0.03286466887124184,0.010494884159337125,0.011994153324956715,0.017809500391602395,0.016432334435620925,0.01959045043076263,0.09795225215381317
487,0.016458569163125093,0.024406472472982735,0.02304199682837512,0.06583427665250037,0.3507222660951158,0.021944758884166783,0.0184335974627001,0.05624365224509141,0.03544922588980789,0.09577940769554334,0.03291713832625018,0.05760499207093781,0.01024088747927783,0.04189453968795477,0.01920166402364594,0.039824512161320574,0.02094726984397739,0.012928374173822704,0.02094726984397739,0.035179128999426844
488,0.02212999296858812,0.06703615308468715,0.01496225551910644,0.30595618468846675,0.10055422962703073,0.003466067322211953,0.023659818735771932,0.04469076872312477,0.13859538496824825,0.013407230616937427,0.05027711481351536,0.014364889946718673,0.015469881481081648,0.03656517440982936,0.012188391469943117,0.013407230616937427,0.006593719975542998,0.013074183537741363,0.03656517440982936,0.06703615308468715
489,0.40920003060679994,0.11555293791996035,0.04861918865002754,0.035767803765328045,0.041270542806147746,0.014903251568886685,0.017307001821932927,0.031559826851760044,0.02823773981473266,0.008795361581638043,0.02823773981473266,0.02980650313777337,0.00838307900749876,0.022354877353330027,0.007153560753065609,0.06996856673354661,0.021737461102242145,0.014960824046574363,0.025548431260948603,0.02063527140307387
490,0.010159131005524201,0.02928220113356976,0.03555695851933471,0.03555695851933471,0.01196376231343536,0.009392404137182751,0.012019648770544584,0.2004294349295213,0.03111233870441787,0.3793247103307967,0.026199864172141363,0.03829210917466814,0.029086939541228256,0.024889870963534295,0.026527165597500676,0.011062164872681909,0.009760733711189918,0.015084770280929874,0.03111233870441787,0.03318649461804572
491,0.017595769026833536,0.152496664899224,0.05083222163307466,0.016503493441353517,0.057186249337209005,0.34859444795665817,0.038124166224805994,0.05083222163307466,0.030499332979844796,0.013455588079343292,0.028593124668604496,0.02407842077356168,0.015249666489922398,0.04574899946976719,0.004653669100347114,0.011437249867441797,0.015249666489922398,0.01215175703560077,0.028593124668604496,0.038124166224805994
492,0.015165125540106586,0.04224570686172549,0.05376726327855971,0.04224570686172549,0.4508916485809452,0.039429326404277126,0.020394479174626102,0.04591090861181585,0.0739299870080196,0.004729324358121201,0.04224570686172549,0.023657595842566274,0.005686922077539969,0.023657595842566274,0.00938793485816122,0.005420273019955017,0.007040951143620915,0.03285903593395607,0.039429326404277126,0.021905181335709515
493,0.02445240987803091,0.04702386515005945,0.03820689043442329,0.04702386515005945,0.04060160506928709,0.02547126028961553,0.029110011759560607,0.023511932575029725,0.03396168038615404,0.4656049709211653,0.022302297048143627,0.04702386515005945,0.015674621716686484,0.020377008231692424,0.014910006023189582,0.007636513567389968,0.015674621716686484,0.014255624718396042,0.023511932575029725,0.0436650176393409
494,0.01731897581149084,0.03330572271440547,0.004224442216367488,0.04810826614303011,0.03330572271440547,0.022788126067751106,0.016176648098795647,0.03330572271440547,0.03423238203785005,0.014930151561630033,0.07216239921454519,0.32959734720716927,0.010560351104567586,0.14432479842909038,0.025469082075721825,0.004784324357903881,0.010337786604343353,0.061853485041038714,0.054121799410908875,0.029092466474579384
495,0.031024423147533328,0.025919274649376628,0.014766133149768346,0.49533703932396084,0.032399093311720785,0.0030551445177043847,0.030856279344495988,0.03811658036673034,0.03613573142429198,0.008999748142144662,0.025919274649376628,0.01378684821775353,0.008999748142144662,0.1243763585301213,0.007534672863190881,0.010799697770573595,0.009529145091682584,0.02434117022919737,0.023999328379052436,0.034104308749179774
496,0.013486774272665364,0.03215695677262347,0.3682303096173298,0.05847405928060933,0.02837378538760895,0.0020799936518119478,0.011217543060217492,0.02097192832997184,0.037104180891488626,0.007656418279196066,0.053594927954372464,0.19516343943526834,0.007907448386710692,0.06029429394866902,0.009457928462536317,0.008316454337747452,0.013398731988593116,0.015298276153822012,0.022969254837588198,0.03384729495116945
497,0.02067595062858044,0.03987504764083371,0.03489066668572949,0.046520888914305995,0.05582506669716718,0.05838357179007821,0.4256385046737964,0.018008086031344253,0.025375030316894177,0.008877675168734637,0.022330026678866875,0.020364713390499698,0.022313920436280752,0.026286677918066017,0.09636697024962691,0.009968761910208426,0.01187767376535472,0.016916686877929448,0.03489066668572949,0.0046134135399732165
498,0.017037113746945016,0.020400291359697554,0.02702438732274037,0.03731939201711765,0.023748704010893056,0.011195817605135296,0.02702438732274037,0.02528087846320873,0.03918536161797353,0.008977197295107136,0.02239163521027059,0.024490851011233456,0.01224542550561673,0.035623056016339576,0.007866055026990382,0.0065922401934865775,0.01224542550561673,0.015674144647189418,0.5986532487989574,0.02702438732274037
499,0.009613461031570254,0.02205441060183764,0.014420191547355379,0.01249749934104133,0.01874624901156199,0.0074984996046247995,0.010414582784201107,0.004300365677351287,0.00948452273302714,0.5260260500781085,0.2859511737010127,0.009613461031570254,0.0048691555874187005,0.007810937088150832,0.005006840625346387,0.00721009577367769,0.002764991017709996,0.015302343702687371,0.01704204455596545,0.009373124505780995
500,0.13156335660096302,0.14181144964145906,0.030522698731423416,0.09619316736325226,0.0010224689499042548,0.03486079778649785,0.06150300913798063,0.008731908704775025,0.10104065786953959,0.0005961100759264874,0.048778248626674285,0.04415850973557657,0.000484327397323068,0.06736043857969307,0.02798407611858116,0.07302348430099467,0.05568462922587962,0.07177946846811346,0.0015865897498514297,0.0013146029355911846
501,0.014931188107252977,0.016590209008058864,0.02133026872464711,0.031259929797455066,0.02133026872464711,0.0032728031583586555,0.024082561463311256,0.10451234416153156,0.011193858637519873,0.007319209856496557,0.024082561463311256,0.02262301228371663,0.0062736084484256195,0.025743427771125822,0.5702128331133672,0.02061201145941413,0.010819701526994909,0.016967259212787474,0.02488531351208829,0.021957629569489674
502,0.08079330240181354,0.0656172337540489,0.2004976168292952,0.1024253083288353,0.004338674488243865,0.03269110234651782,0.04511184820590863,0.016404308438512226,0.0034116524150820367,0.025259731577886087,0.02460646265776835,0.03596329157673835,0.04681229481233977,0.11138116678954903,0.025485264895545784,0.07765709315846156,0.039370340252429345,0.04724546501174042,0.006113586778889082,0.00881425528039463
503,0.011668644643673284,0.021670340052536097,0.002224267867154746,0.021670340052536097,0.016854708929750294,0.015692315210457174,0.011228249580998715,0.01632129569637106,0.017743704531312115,0.00583432232183664,0.0391456597583627,0.3470094175550768,0.0056182363099167645,0.03500593393101985,0.00632051584865636,0.012986815098603294,0.31699557154915825,0.049556739481331505,0.015692315210457174,0.030760606370791248
504,0.009790847087658296,0.4066430877425223,0.02956896922182771,0.010982759996678864,0.01671289564712001,0.007687931997675206,0.014784484610913855,0.010982759996678864,0.013255055168405524,0.05488680302866129,0.03843965998837603,0.015375863995350411,0.003273414030375559,0.015375863995350411,0.007252766035542645,0.29311511493149867,0.008027884598243227,0.009375526826433176,0.020231399993882116,0.014236911106805935
505,0.05765928835010218,0.07326772668562889,0.04396063601137733,0.014573607571470975,0.024422575561876294,0.5031645220331569,0.01608315951635756,0.021271275489376133,0.03140045429384095,0.008910939732035947,0.032970477008533,0.020606548130333132,0.005994632183369637,0.025361905391179232,0.006039032767617722,0.009287458312262818,0.010635637744688066,0.018967463393351962,0.036633863342814446,0.038788796480627066
506,0.26166492822527343,0.014122992709371009,0.005889816097442,0.020277114694714403,0.021057003721434188,0.4180441243002689,0.01710881552366528,0.01824940322524296,0.023803569424229953,0.006759038231571469,0.017660712798622222,0.019552932027046034,0.00622138746315101,0.017660712798622222,0.007110157100744011,0.06766218599270334,0.007398406712936337,0.00776233357669195,0.01710881552366528,0.02488554985260404
507,0.015066877730244654,0.03599309680002889,0.034098723284237895,0.0351350053520669,0.03085122582859619,0.4941993002210417,0.034098723284237895,0.02816851053915305,0.0404922339000325,0.014397238720011557,0.03599309680002889,0.020246116950016255,0.013497411300010835,0.03085122582859619,0.005040385845351297,0.010797929040008664,0.014724448690920912,0.04873104196442076,0.02816851053915305,0.029448897381841824
508,0.006497269349068887,0.10280016086687901,0.03150445588408862,0.03715854296969058,0.02603799919347705,0.013257106669932612,0.01662355869696684,0.0070491973459222285,0.03715854296969058,0.018754083401390096,0.03324711739393368,0.018048435156706854,0.008653359321708763,0.015792380762118495,0.007798706549194319,0.0076107859094546974,0.07898061139772412,0.48230064492615665,0.03158476152423699,0.019142279711658782
509,0.010118957457775229,0.14674585273012603,0.013104150459974257,0.4871139570107876,0.019921697494994978,0.07263019605027213,0.010282166449029666,0.02451901230153228,0.007646979005059501,0.006439336564038782,0.031874715991991966,0.017708175551106646,0.006311824948909301,0.022071794871105402,0.006189265241163489,0.038909885193594014,0.0073275209176993025,0.03682461293951484,0.021249810661327976,0.013010088159996722
510,0.010380607870646538,0.032698914792536594,0.038469311520631294,0.008696992590377931,0.04671273541790943,0.4999962586385968,0.017209955153966627,0.031141823611939616,0.032698914792536594,0.006742044287120948,0.02043682174533537,0.024221418364841926,0.009908762058344421,0.023356367708954717,0.05332418280944469,0.07649627966518886,0.012339213129259093,0.009961666189665602,0.017958633992255776,0.027249095660447163
511,0.019759609757042135,0.10762400781002282,0.006937298153975251,0.008829288559604864,0.057219244482093735,0.00313297335985979,0.018077940841549185,0.04836179920238777,0.00971221741556535,0.1473736582355451,0.20356514635119444,0.02124158048882029,0.003083243623988999,0.06535870919637014,0.0034686490769876253,0.05814878384383454,0.02832210731842706,0.004857041556530732,0.08496632195528118,0.09996037877091904
512,0.07588247797131276,0.02314517344460616,0.018805453423742503,0.007462290914030365,0.02735338679817091,0.45699078753808353,0.015044362738994,0.018235591198780605,0.014327964513327619,0.006997378018136747,0.02865592902665524,0.015044362738994,0.05175336883526125,0.020059150318658667,0.06856601112457077,0.09860308940700221,0.00872136970376464,0.013785527990809175,0.01719355741599314,0.013372766879105777
513,0.0019510394791034456,0.003745995799878616,0.0033446391070344784,0.004928941841945547,0.014405423229771626,0.0020358672825427256,0.0024012793588965484,0.5498775976975426,0.005202771944275855,0.07073307681920372,0.010194963542446287,0.0033446391070344784,0.0009755197395517228,0.003601919038344823,0.0012162324025579917,0.0008908138979286932,0.008844643765323746,0.30301852409512875,0.006164448684922614,0.003121663166565513
514,0.1090773656246086,0.11176961846196015,0.016120618047398096,0.022248750725489746,0.009866719814479973,0.0016914376824822813,0.007603839838030826,0.010114897598367435,0.0020200212837468996,0.0010127773688834213,0.008597662958612319,0.0815295625385651,0.19473424567952197,0.044576325313081366,0.0007407782386484724,0.15084990463747064,0.1364708406128939,0.029477701572385093,0.004933359907239986,0.056563572096133684
515,0.02805285070970682,0.08065194579040712,0.017758985781556363,0.01849894352245454,0.01849894352245454,0.004536517298106304,0.01432176272706158,0.013147488070577758,0.2942195415733054,0.005841771638669855,0.016443505353292923,0.011099366113472724,0.006529038890278073,0.026883981930135702,0.33616324632053335,0.011251696681768474,0.008089269840577111,0.011099366113472724,0.019303245414735173,0.05760853270743365
516,0.005244764784572167,0.009853800504347709,0.008129385416086859,0.007226120369854986,0.0038052695854925178,0.004116144514474359,0.022544901603023998,0.05458027284520775,0.00793110772301157,0.24653339871848248,0.5104758596807136,0.008557247806407221,0.0370479132839075,0.005002698717591914,0.0028553145394308753,0.004116144514474359,0.004335672221912992,0.02848595360843433,0.012043533949758312,0.01711449561281444
517,0.015641996790309406,0.027446060091996183,0.02567534653767385,0.015062193600459742,0.028426276523853194,0.6050414386157706,0.022741021219082554,0.03979678713339447,0.03183742970671558,0.007803291594783227,0.02340987478434969,0.024119264929329982,0.015017655522035649,0.019898393566697238,0.007320442558352433,0.00914868669733206,0.015918714853357788,0.011593502212979313,0.028426276523853194,0.02567534653767385
518,0.01517669069975682,0.006611625211679371,0.02757113322465922,0.03252148007090747,0.07084974301948115,0.010671110648266514,0.008149402832041758,0.04553007209927047,0.024391110053180603,0.009229068668771039,0.029693525282132913,0.04125329047050834,0.054350487795766324,0.027318043259562278,0.008869494564792947,0.009485431687348013,0.016657343450952607,0.013659021629781136,0.029693525282132913,0.5183184000490081
519,0.006755783530452003,0.14698866319750065,0.016062621063355046,0.01164540027093241,0.03350803319228151,0.007278375169332755,0.010586727519029464,0.3496789419573814,0.01455675033866551,0.08459916981323266,0.012477813668180182,0.023429221679820984,0.004050574007280839,0.008318143050666006,0.0033036596513283433,0.003614164170115666,0.0044252189031029135,0.23627495598221107,0.012939333634369344,0.00950644920076115
520,0.0030362201817465298,0.007301386627533321,0.00547603997064999,0.00989220123730321,0.013332966885060851,0.00340731375951555,0.004259142199394438,0.5813583841278904,0.005287211006144819,0.23366761879508316,0.08931474551123318,0.003650693313766661,0.0019485586543100965,0.005130736972378854,0.0018929520886197498,0.0023957674871593715,0.002414631798081886,0.013279762419073119,0.007666455958909989,0.005287211006144819
521,0.033209514583157074,0.06396317685748482,0.009931482759347639,0.4214155436727048,0.013481312492662666,0.026263736112391533,0.01218346225856853,0.013481312492662666,0.006975642187253835,0.0043522347417257416,0.07216358414690593,0.01417266185126075,0.004219342077856254,0.24123255271965693,0.003948098658565494,0.005702897227415056,0.00541895894312911,0.015212872962260834,0.009697084424546828,0.022974528830443514
522,0.0778030468919818,0.022833724160868867,0.16407581673511581,0.15475173020812077,0.003988958372123052,0.08610488618540936,0.017436769764552145,0.004940418099956442,0.05794244521173195,0.011228222954446455,0.01602297762148035,0.05928501719947728,0.0018003263449404925,0.11899802286663533,0.043757988885328475,0.08107352779415701,0.06332717746307803,0.005678109820222873,0.004961875048250625,0.003988958372123052
523,0.0024060009769306975,0.003205296760752866,0.00246561289288682,0.0029139061461389694,0.0027872145745677095,0.0013936072872838547,0.0013936072872838547,0.3361146762417789,0.0026710806339607213,0.23953878616695137,0.04835978181929465,0.0023742938968539747,0.0012290262173587031,0.0029139061461389694,0.0008172371350949979,0.0008218709642956065,0.0006992084216781616,0.34397730150094014,0.002136864507168577,0.0017807204226404814
524,0.09177328995751802,0.020999331432916952,0.16212755879207505,0.04588664497875901,0.02159371528412189,0.010197032217502004,0.021281460925413793,0.012504349965688593,0.018494013948111176,0.004344689261982818,0.04318743056824377,0.19115580608348642,0.004064386728951669,0.08915119595873178,0.0037057643705147563,0.14557895616941902,0.029237830187326806,0.010499665716458478,0.017999426942500243,0.05621745051027791
525,0.054349348357804875,0.06081950887659117,0.028809241046806343,0.06081950887659117,0.05529046261508289,0.051736428198987126,0.03317427756904973,0.012670731015956492,0.06242002226808041,0.06956953252793223,0.092829776706376,0.06081950887659116,0.001108320279879309,0.08922843984874103,0.0631493879574235,0.06456224788438139,0.04882692966148868,0.009603080348935448,0.009257153393944527,0.07095609368935636
526,0.030405524750277028,0.06494590184011673,0.001449231872738002,0.028601242010406053,0.08280602484614882,0.0024665549846681323,0.029225655828052526,0.24159875484523424,0.022731065644040857,0.07643633062721432,0.025572448849545962,0.04208494439239564,0.0006423221061110446,0.03872399397216959,0.02860383336362588,0.04673520378463269,0.046304666003980956,0.05891889940297607,0.05705961375953113,0.07468778711613423
527,0.025014018514514468,0.07999636546572911,0.07777424420279218,0.09572214671112883,0.01420115472675134,0.03422066744922856,0.1097989329921772,0.012172418337215437,0.01382653230271861,0.021388812783682494,0.017776970103495358,0.08051921752759661,0.12945447833730903,0.04150476622679726,0.026665455155243042,0.06523385606748165,0.043210107730772836,0.01244387907244675,0.021301732090127014,0.07777424420279218
528,0.013258986661316505,0.025192074656501362,0.023617569990470023,0.010142730572048975,0.04445660233500241,0.5763814002729061,0.01889405599237602,0.0314900933206267,0.04198679109416894,0.00804002382654299,0.02159320684842974,0.0314900933206267,0.01079660342421487,0.02290188605136487,0.03620506170305828,0.009566610629051151,0.0148188674450008,0.010750141315269865,0.027991194062779293,0.020426006478244347
529,0.029740637782442906,0.021382309824232313,0.02713908554614101,0.11445156965220318,0.022761813683860207,0.5387266633077058,0.015339483134775357,0.02713908554614101,0.03207346473634847,0.006082898484479883,0.015013111153184391,0.026133934229617267,0.0061896160017514594,0.019070708762153145,0.004265429988964979,0.030353274321849644,0.009938256678868539,0.007482958527555476,0.01603673236817424,0.030678966269550703
530,0.08127375295492327,0.08428389195325377,0.009188317715624764,0.003995006035664166,0.022022565316817917,0.0030627725718749216,0.09102660330951406,0.007438161960267664,0.118539089187839,0.13673952470837095,0.17041672617573264,0.06894131388772137,0.0014463092700520463,0.03746954774123316,0.06478825322056501,0.036077617165356186,0.0017320178482961338,0.003550031844673204,0.007438161960267664,0.05057033517195226
531,0.010141998147004535,0.027045328392012093,0.02212799595710081,0.028636230062130456,0.01947263644224871,0.00901510946400403,0.018030218928008063,0.20354569401471925,0.021165909176357293,0.12694704465057224,0.3701569184467416,0.021165909176357293,0.006241229628925868,0.013157186785303181,0.004507554732002016,0.008540630018530134,0.04352450219557894,0.0035134193428149763,0.024340795552810886,0.018723688886777605
532,0.011882422332196796,0.004387176566238063,0.03682198847904839,0.03247862104133791,0.02579984527845383,0.009552535600393505,0.25283951286998996,0.03247862104133791,0.04428902869273351,0.008699630636072654,0.02214451434636676,0.024358965781003432,0.005731521360236103,0.040598276301672384,0.00773300500984236,0.005958209144658082,0.010149569075418098,0.015715461794195765,0.03747533197077452,0.37090576267803
533,0.5047341623332003,0.02132585035360365,0.027545890040071377,0.02524853210649141,0.015025030930948027,0.01202002474475842,0.011598269490556371,0.0220367120320571,0.02132585035360365,0.005650438982578746,0.0220367120320571,0.018888610313191802,0.0036727853386761843,0.016951316947736234,0.005164854382513385,0.21862260423487204,0.0032843836190432443,0.011061652169407936,0.020033374574597366,0.013772945020035692
534,0.017163825651396354,0.03332578068512863,0.5338769000150148,0.012379759135025864,0.01590548623608412,0.11430669462094188,0.017069302302139055,0.017496034859692533,0.027993655775508053,0.005736404872030338,0.03332578068512863,0.04892995097952817,0.0063621944944336475,0.026916976707219282,0.008972325569073094,0.00795274311804206,0.011108593561709545,0.019440038732991705,0.017944651138146188,0.023792900860765895
535,0.020782146647215442,0.024508966763175544,0.5994823379906277,0.022633951196728317,0.04127825981166407,0.0027705498214738015,0.013549372420991716,0.018673498486228984,0.028010247729343477,0.007765217192293241,0.03734699697245797,0.06587276509285085,0.005896894258809153,0.04127825981166407,0.008433192864748574,0.005683238669721865,0.007765217192293241,0.010760809741330818,0.021785748233933814,0.01572232910244723
536,0.003529491342165775,0.02707125220296598,0.02427077783714192,0.02199539241490986,0.031993298058050706,0.015641167939491458,0.015996649029025353,0.10954105227342874,0.030602285099005023,0.007182168951807301,0.020110073065060442,0.025456614648010897,0.0047995694721183705,0.02346175190923719,0.00639865961161014,0.016445811445033598,0.5370387889024425,0.014364337903614605,0.043990784829819725,0.020110073065060442
537,0.5395243234740904,0.017670212677874744,0.01787833002566924,0.029450354463124568,0.029450354463124568,0.007449217396092641,0.016828773978928326,0.032127659414317715,0.022087765847343427,0.007362588615781142,0.029450354463124568,0.01963356964208305,0.006425531882863542,0.028272340284599594,0.007853427856833219,0.005249197381566323,0.0935375353080771,0.036987982241919876,0.019102932624729452,0.03365754795785665
538,0.7926586447331714,0.0044727395398500595,0.0010583528860810382,0.002892947817373235,0.0035128652068103566,0.11250382475534577,0.0014464739086866177,0.002892947817373235,0.004759365764065644,0.000996894180311047,0.003987576721244188,0.002021100529945685,0.0007377016934301749,0.0024186940768202454,0.04521757613489689,0.006106922484912328,0.001250341853271483,0.005604121256732611,0.003353189515591704,0.002107719124086214
539,0.012134360855674507,0.022726258539669628,0.04342823885188771,0.03750620628117574,0.02426872171134901,0.014740801954782409,0.018336367515241474,0.03587550166025507,0.022300987518536933,0.005784188416651849,0.02500413752078383,0.02946916207806666,0.005062187350833537,0.01875310314058787,0.003012728311807116,0.005810820691449763,0.008872435894471682,0.013308653841707523,0.6293364161537187,0.02426872171134901
540,0.004431918727650594,0.018791731445203526,0.5317298876502718,0.02180746425164168,0.021727939483516576,0.07051160218222591,0.006693029784050162,0.0267420793643281,0.05794117195604421,0.0060460353345437425,0.05794117195604421,0.005504400154171699,0.0029091801818934334,0.034764703173626524,0.009029793032110786,0.0047951314722243475,0.00500211556455058,0.034083079475311515,0.03659442439329109,0.04295314041729947
541,0.050904885253390965,0.03851410656352503,0.02618959246319702,0.03273699057899629,0.02976090052636026,0.011288617441033204,0.01596926369707136,0.006958663534077541,0.054561650964993824,0.007888431464818381,0.02338356469928306,0.014625439001670642,0.0037897230967004077,0.08184247644749071,0.010072920178152703,0.007284308224933158,0.4990648454450326,0.014233474164780992,0.04364932077199505,0.0272808254824969
542,0.006319885473433753,0.021458709318833025,0.01613233923481774,0.016568348403326324,0.017515111169230685,0.004507565374434368,0.0036979478443800963,0.02189388896153836,0.3108605299148683,0.003753926289219029,0.01613233923481774,0.01393247479370623,0.0027125172164737792,0.018030261497737468,0.46812561185268386,0.006762464717801897,0.005522782801108774,0.009887562756823775,0.019157152841346062,0.017028580303418722
543,0.010918600257022496,0.03070856322287577,0.0377951547358471,0.049133701156601234,0.03387924494090986,0.00818895019276687,0.012283425289150307,0.3737533362987965,0.025859842714000648,0.009600945561697497,0.03539120129139559,0.018982980894010466,0.015354281611437884,0.01965348046264049,0.005991914775195271,0.025460137158456384,0.02023958142038409,0.21221165673169917,0.027296500642556242,0.027296500642556242
544,0.0033909611340737825,0.01945466702621977,0.009102053570408573,0.01115735598953309,0.011926828816397441,0.04568194305200935,0.11675641145166472,0.009809299444919988,0.00786086444717104,0.0028120165502075268,0.012352786988411635,0.0037607815209172203,0.0022459612706202977,0.00960772321320905,0.002099207148679667,0.26237606585152345,0.4444449879877093,0.005670131732385669,0.00960772321320905,0.009882229590729309
545,0.045468068441821545,0.02687238087578105,0.004316128153156341,0.005729182040966049,0.007707371702064894,0.002136697105522941,0.010409356328255848,0.08048541527010891,0.1649265611539803,0.01661844606791723,0.06342953229438601,0.0020359095062058214,0.0010425430321633674,0.04338458759851773,0.3241538771473869,0.10866737136618602,0.06096023202872301,0.023467940731045276,0.0035967734609636173,0.004591625694847171
546,0.03973045334233136,0.02554356341333221,0.01039104164337897,0.0072748923478367,0.284114725197707,0.003467472053641791,0.0561947532073935,0.005377094344053213,0.005377094344053213,0.016979184053631885,0.011027227866442993,0.003989457093974965,0.0013792546830471066,0.004881835654469364,0.0020055108634576845,0.0015095086175775927,0.0027709444382343924,0.01262278820377027,0.27591531853057355,0.22944788010109232
