site,A,C,D,E,F,G,H,I,K,L,M,N,P,Q,R,S,T,V,W,Y
451,0.010228650310331497,0.5645856532984074,0.019217464219410688,0.02045730062066299,0.07029834773849239,0.015448326115105101,0.030198872344788224,0.06341763192405528,0.04878279378773483,0.010228650310331497,0.024391396893867417,0.025367052769622107,0.009326122341772837,0.02882619632911604,0.0030697524191139274,0.008067438139137222,0.01713990052001494,0.010228650310331497,0.010250176722586277,0.010469622885117892
452,0.010084063208579838,0.020622571223245012,0.019858772289050752,0.01288551099817533,0.021447474072174816,0.002578264021576365,0.016248086418314257,0.2502462769898315,0.017296350058205498,0.003484662262224243,0.05169037423734381,0.026809342590218513,0.005361868518043703,0.016248086418314257,0.004001394416450524,0.005205697590333693,0.006874190407748338,0.4786987475512139,0.014110180310641325,0.016248086418314257
453,0.01250293329588075,0.006049732142229512,0.013526520206816365,0.021974852459426774,0.019668121636648186,0.006093866648412466,0.0051779165136237116,0.026858153005966057,0.03625850655805417,0.008432210827454458,0.03453191100767064,0.03948201163426135,0.014503402623221669,0.03453191100767064,0.007633369801695615,0.007980274010332503,0.030215422131711817,0.009179368748874475,0.019083424504239038,0.6463160912358098
454,0.010164210881173787,0.018105000632090806,0.10458040164412194,0.018105000632090806,0.02317440080907623,0.007152592842307479,0.0862587027865978,0.0522498892383859,0.02154421413968904,0.007333671142112732,0.02069142929381806,0.5202806691373181,0.007524156106842933,0.02633454637395026,0.007724800269692077,0.0022146057294376667,0.020850595634293916,0.008160000284885997,0.021457778526922433,0.016093333895191828
455,0.009590258474549479,0.01888990305593079,0.03666863534386564,0.020778893361523866,0.023975646186373687,0.005666970916779235,0.017810480024163314,0.1447462707073788,0.03927809611822399,0.005880818875902981,0.5560334461481321,0.024934672033828636,0.009303982102174866,0.027102904384596338,0.006360885722915469,0.006561755798375957,0.005305494260439813,0.002624762258718295,0.013551452192298172,0.024934672033828636
456,0.010029739993585663,0.022208709985796823,0.028716296612821032,0.017403816128982442,0.047860494354701716,0.007179074153205256,0.04102328087545861,0.10292388683422482,0.061202692803055826,0.007201501832620223,0.5141013429882961,0.03589537076602628,0.009415179217318369,0.021271330824311874,0.0072814303329737425,0.007556920161268692,0.004313312239523172,0.013035614838844823,0.01640931235018344,0.02497069270680089
457,0.010200949424131828,0.016831566549817514,0.025894717768950023,0.010507696355360554,0.01819628816196488,0.6004559111512469,0.021039458187271893,0.03206012676155717,0.01771743847349212,0.006120569654479096,0.024935654147877802,0.03960368599957061,0.00909814408098244,0.030602848272395483,0.004973283262234778,0.008311884715959264,0.010200949424131828,0.05796868256750885,0.01320122866652354,0.04207891637454378
458,0.007241132823099618,0.016485132171737426,0.0258267070690553,0.007229176362271632,0.012701659214289495,0.006679320793721199,0.017217804712703535,0.015937479268806357,0.6933113587336733,0.006198409696573272,0.02152225589087942,0.017316562673051723,0.007043647382469628,0.015895522976400758,0.07554740899615067,0.006403315802245118,0.010838393396841119,0.007309445396902445,0.008905761058294933,0.020389505580833134
459,0.008073258372464802,0.01672317805724852,0.026013832533497695,0.011706224640073964,0.02265720898078832,0.001528582298699006,0.02065804348248347,0.045643959765467826,0.09099619880663763,0.006443793379857226,0.01848351258959047,0.021284044800134478,0.0068191599845091036,0.02065804348248347,0.6279427999868082,0.004874217662015588,0.008779668480055472,0.00856553022444436,0.009491533491951861,0.02265720898078832
460,0.006368759962496275,0.015371790509447347,0.1557021806477985,0.47881620969192257,0.022417194492944048,0.0020175416569951157,0.020692794916563735,0.01582390199501933,0.14126577024387005,0.007472398164314682,0.01379519661104249,0.02339185512307205,0.008030039818368017,0.017933755594355238,0.007577643208882497,0.0057235390194750775,0.011447078038950155,0.005801400217183485,0.01345031669576643,0.02690063339153286
461,0.007998448301630448,0.0159968966032609,0.02316791921851578,0.00364231371825895,0.011787186970823817,0.00473147646011942,0.013437393146739153,0.013173914849744266,0.6002238000161171,0.004096766203274132,0.02864865893194748,0.12331106918570149,0.007812437876011135,0.009533123736101259,0.07558496005575896,0.004868620705340273,0.021334804594666506,0.0056938106553979465,0.009331523018568856,0.015624875752022272
462,0.009923336546967766,0.014678268642389818,0.027098342109027364,0.005633867378826565,0.020130196995277468,0.01108635600973497,0.01638504406592352,0.02072226161278563,0.6289771816356754,0.006126581694214881,0.010083864405163881,0.03519031913791301,0.00809835511304266,0.02382849254763124,0.0949469717995071,0.0053375522335962974,0.026224509071779013,0.007828409942607906,0.010515774549771812,0.017184314508163694
463,0.04590090382289735,0.006140132794382821,0.0023623370767858177,0.062384744027400976,0.0035872525980821675,0.001424350296297331,0.019733573639795818,0.12555784368000766,0.0036942518333949086,0.08959588005911163,0.2522571223025609,0.006594957445818585,0.16278785158070586,0.08595878361247702,0.0004617814791743636,0.008161259839200498,0.01937825952734644,0.0708426074018577,0.004685890816765837,0.028490216165936288
464,0.021347256189863474,0.02957631657905875,0.021257977541198476,0.015288175048383534,0.018895980036620866,0.6046587364519485,0.030920694605379606,0.025194640048827825,0.026163664666090436,0.006184138921075922,0.020007508274069156,0.02957631657905875,0.013081832333045215,0.03401276406591756,0.005150582884133607,0.012597320024413912,0.012368277842151842,0.00750772773334989,0.013882760843231656,0.05232732933218087
465,0.01210839713085489,0.04400546393065155,0.028171052700541894,0.5475786567680662,0.03850478093932011,0.0019013865992406316,0.029336975953767698,0.03422647194606232,0.013258483628842016,0.011001365982662886,0.03623979382524246,0.04400546393065155,0.022002731965325775,0.029336975953767698,0.010267941583818696,0.013690588778424924,0.023695249808812373,0.010187034198650436,0.023695249808812373,0.026785934566483552
466,0.01001372355055516,0.013161612372659715,0.014186108363286471,0.0243190429084911,0.6057672690569316,0.0058199418926303485,0.017459825677891044,0.018403600038858128,0.0324253905446548,0.10361673325801354,0.025219748201398176,0.017459825677891044,0.008729912838945524,0.02269777338125836,0.00567444334531459,0.004558232793499083,0.00972761716339644,0.006423898126771232,0.040716636778798915,0.013618664028755017
467,0.01167394781279314,0.03001872294718236,0.04502808442077353,0.00959515658403711,0.03001872294718236,0.5604415506807683,0.02740839921264477,0.03939957386817685,0.024245891611185753,0.0076877217303759696,0.02740839921264477,0.03708195187593115,0.01500936147359118,0.02740839921264477,0.0035396953021179308,0.0096983566444743,0.017037653564617016,0.01733020097002397,0.011476426706463148,0.0484917832223715
468,0.005870386420827397,0.012680034668987176,0.02641673889372328,0.0028359083869717405,0.015095279367841875,0.004528583810352563,0.03738212106372399,0.0913411376867085,0.2814252217933463,0.019120035691609645,0.02776957564733782,0.013048682468110317,0.005763652122266898,0.06342546042934166,0.12017159324996274,0.06788118491571467,0.12362078994457472,0.04549815854119957,0.011740772841654793,0.024384682055744566
469,0.6103525552389946,0.01522771386671434,0.017570439076978084,0.0886960604340767,0.020154327176533683,0.0061182778928762956,0.017570439076978084,0.017570439076978084,0.023629211172487768,0.00634488077779764,0.01713117810005363,0.024473111571505186,0.009402571284675545,0.022104745935553075,0.007876403724162588,0.029743985712969517,0.005563218809688243,0.0358885601147097,0.010876938476224526,0.013704942480042902
470,0.009197290432334844,0.012667966067178182,0.013987545865842575,0.0035820112923472948,0.011379698331532944,0.0112727227063848,0.011778985992288486,0.01797429337709433,0.6004805025646871,0.003357011007802218,0.009730466689281793,0.028876564788172795,0.00490074599679156,0.008864657619047077,0.21659536682713845,0.0039263286640961615,0.006282442876068999,0.004388249683401592,0.008089183151330646,0.012667966067178182
471,0.01089333358442167,0.014984721843811662,0.06396740456210782,0.031229153055837497,0.04542422262667272,0.44340204516667425,0.024983322444669994,0.038435880684107686,0.09993328977867999,0.010197274467212246,0.05551849432148887,0.03331109659289333,0.006093493279187804,0.01850616477382963,0.007457708192438807,0.024247024001136035,0.011620149974265116,0.010720837277106102,0.017845230317621426,0.031229153055837497
472,0.010748077182748757,0.02269373922921249,0.01873236308993355,0.015991041662138394,0.050433285242128784,0.002313022701822357,0.02731802950615309,0.04308149606220392,0.025216642621064392,0.009933828911328395,0.02731802950615309,0.007032994698800253,0.008195408851845928,0.029801486733985194,0.041866089143882464,0.5838058720845684,0.010627902439329436,0.009234263495037667,0.02114944219831207,0.03450698463935128
473,0.007884394440859688,0.003792635467330883,0.02562428193279399,0.02049942554623519,0.027595380543008915,0.00424544316046291,0.010055461267108585,0.028699195764729263,0.03261272245991963,0.01796184160826608,0.028699195764729263,0.03261272245991963,0.007256826319927277,0.03261272245991963,0.6392399649704928,0.008870337608762388,0.01070865513609301,0.009198460181002968,0.014068233218004543,0.03776209969043325
474,0.5838040916695625,0.0964245846445778,0.04435159785371673,0.015600248236697973,0.014243704911767715,0.01122989411389044,0.014891146044120791,0.028609492147292307,0.029782292088241583,0.00560008911060953,0.019854861392161055,0.013940647360453508,0.005164450825831982,0.02340037235504696,0.006618287130720352,0.03961270763779523,0.004714108050347226,0.003582265150967553,0.018720297884037566,0.019854861392161055
475,0.01077752698384733,0.02090187051412816,0.022992057565540975,0.02874007195692622,0.03799276685909571,0.009714953900932806,0.015676402885596116,0.6139809171331684,0.040574219233307604,0.006410019895223008,0.026529297191008817,0.051917324279342154,0.007664019188513659,0.02874007195692622,0.007928295712255508,0.006788539044366992,0.0035682377910527447,0.004328211943802164,0.034488086348311464,0.020287109616653802
476,0.010660301919383755,0.008357273178896556,0.018122513262952382,0.017259536440907032,0.024996570017865354,0.010734785644678169,0.02013612584772487,0.03451907288181406,0.01768050074434379,0.05521726183518264,0.013940394817655678,0.05177860932272109,0.008144949781102194,0.014213735892511674,0.0034013409845449066,0.00521511173034601,0.01035572186454422,0.007037869228331024,0.6462616418615219,0.021966682742972587
477,0.0050203665636542145,0.006931287107015795,0.006822549432658292,0.007495195151371081,0.3684280947509672,0.003433282940305463,0.0053368364740889055,0.012375787342961552,0.023137341554232464,0.003455576985372382,0.019709587249901732,0.01186026633319691,0.00419022721060903,0.017166414701527313,0.005166590832498512,0.0034361860144238275,0.005543321414034862,0.004291603675381828,0.011322528845688231,0.4748769554201104
478,0.008491863670031288,0.01781220184445587,0.019737845287099747,0.01738810180054025,0.02028611876729696,0.010285919374967473,0.011410941806604541,0.007362202934122959,0.01587609294831936,0.006248888726916271,0.6509823717821762,0.022821883613209082,0.006825236220772809,0.01781220184445587,0.0050411141363986365,0.006520538175202595,0.12322850756245607,0.004034847112361032,0.011235388855733705,0.016597733536879336
479,0.01578907996177135,0.06534639729764544,0.02539982428632782,0.026554361753888173,0.027818855170739995,0.023369083231706837,0.027818855170739995,0.0243414982743975,0.026554361753888173,0.01628730302748933,0.0233678383434216,0.0243414982743975,0.010249051905009472,0.04868299654879499,0.04006009095225491,0.007038505525126987,0.013585952525245115,0.014248681916720485,0.5190010758533466,0.020144688227087582
480,0.01316189074605785,0.059959724509819096,0.028401974767809045,0.04151057850679784,0.04957379729786292,0.012549709781124926,0.020755289253398916,0.0385455371848837,0.024528978208562358,0.4788820762001007,0.0234625008951466,0.019986574836606364,0.008054291352065254,0.02698187602941859,0.011242448345591079,0.0038590139178899053,0.011991944901963819,0.06130921865657719,0.02669703742344016,0.0385455371848837
481,0.021240361157121607,0.05602491306358656,0.0228249645814612,0.008728373412533916,0.025678085154143847,0.5474604943723274,0.020542468123315078,0.0324354759841817,0.026794523639106622,0.011627812145272684,0.023702847834594323,0.029346383033307246,0.0054059126640302844,0.036251414335261904,0.00540405020765425,0.012325480873989046,0.010271234061657537,0.03524831503701132,0.036251414335261904,0.0324354759841817
482,0.4270880944543911,0.03207149649637332,0.012066341692513605,0.025319602497136832,0.025319602497136832,0.015123980007449514,0.017181158837342846,0.03700557288043076,0.04810724474455999,0.007759233023316125,0.0267262470803111,0.025319602497136832,0.006775668273881688,0.024053622372279992,0.007516756991337495,0.20136468061570312,0.011950631241039853,0.004021430277132384,0.0267262470803111,0.01850278644021538
483,0.009071770104771249,0.023504131635089142,0.047008263270178284,0.021545453998831714,0.01783072055075728,0.03559043778688534,0.013607655157156872,0.1520299051649891,0.05123807240541089,0.007834710545029716,0.013975429620863815,0.016159090499123785,0.009756431999470964,0.01988811138353697,0.45921871452405044,0.030756474415180708,0.01983049600508403,0.011490908799376915,0.016159090499123785,0.023504131635089142
484,0.01540739606259999,0.015880440487209914,0.024395043765783317,0.02788005001803808,0.5192810147234422,0.01301069000841777,0.025455697842556507,0.03081479212519998,0.036592565648674975,0.008088750331517512,0.03081479212519998,0.03903207002525331,0.012727848921278253,0.024395043765783317,0.007228161115787649,0.061276460690134676,0.01463702625946999,0.012197521882891658,0.026612775017218163,0.054271859183542714
485,0.018410722383017844,0.02915031043977825,0.03180033866157627,0.04997196075390558,0.025709698096218394,0.015900169330788135,0.043725465659667374,0.04997196075390558,0.04997196075390558,0.3098108349369875,0.03692038830250039,0.026907978867487616,0.02521388696095235,0.03180033866157627,0.008969326289162539,0.005043937990320839,0.026907978867487616,0.015384596265655368,0.02352628338643708,0.17490186263866947
486,0.014761855494396878,0.05084639114736702,0.022880876016315155,0.4059452469201079,0.04576175203263032,0.00342853477781452,0.02179131049172872,0.04576175203263032,0.1526083248724787,0.01694879704912234,0.01634348286879654,0.02179131049172872,0.019067396680262635,0.02425232861468263,0.008972892555417711,0.010642267914565191,0.013867197585645554,0.012804778389048588,0.015253917344210105,0.07626958672105054
487,0.016024616266428083,0.026125438511925538,0.02361522397157823,0.07478154257666438,0.3976201518240902,0.02243446277299932,0.018695385644166097,0.037390771288332195,0.034514558112306644,0.020840079920705162,0.032049232532856166,0.056086156932498285,0.010197483078636055,0.04486892554599863,0.020394966157272112,0.005154835677304358,0.020394966157272112,0.012966308719835576,0.02243446277299932,0.10341043153613144
488,0.01045281825740941,0.0659717342794643,0.015301758589143542,0.350748003950609,0.09895760141919645,0.07844155153430989,0.024739400354799112,0.04398115618630954,0.008605904735423947,0.014136800202742352,0.05654720081096941,0.01522424637218407,0.015833216227071435,0.035984582334253265,0.014136800202742352,0.013649324333682272,0.006824662166841136,0.028506921429130888,0.035984582334253265,0.0659717342794643
489,0.3762080064719859,0.06132210012351523,0.037461379289432856,0.02825856306146629,0.03260603430169188,0.011774401275610956,0.013673498255548205,0.024934026230705557,0.022309391890631285,0.006948826982327777,0.022309391890631285,0.023548802551221912,0.006623100717531163,0.017661601913416435,0.005651712612293258,0.13500442029765697,0.06283216130692561,0.07438487577551413,0.02018468790104735,0.01630301715084594
490,0.010735027465706388,0.029342408406264127,0.033856625084150924,0.03143829472099728,0.010186163004773168,0.008304455209320036,0.05431233970377057,0.21020681871655647,0.029342408406264127,0.390743113884571,0.025890360358468346,0.036678010507830164,0.0022994182178658422,0.024452007005220107,0.007775178282700182,0.010003093774862769,0.008982369920284937,0.014671204203132063,0.03143829472099728,0.029342408406264127
491,0.014320293275881411,0.12410920839097225,0.0465409531466146,0.012794764292554798,0.05318966073898811,0.32994432008340646,0.031027302097743063,0.05318966073898811,0.03384796592481062,0.011282655308270205,0.02482184167819445,0.021901625010171573,0.013297415184747025,0.04136973613032408,0.0037701942660460426,0.01034243403258102,0.013297415184747025,0.10510341073902173,0.02482184167819445,0.031027302097743063
492,0.013144059293825491,0.09288797968446239,0.04731861345777176,0.03379900961269411,0.4198703322417115,0.0363989334290552,0.016316763261300608,0.039868836094458154,0.059148266822214704,0.07367163569432339,0.0363989334290552,0.019716088940738234,0.004779657925027452,0.019716088940738234,0.008020103975893521,0.0041607659125077814,0.006394407224023213,0.016391047732977435,0.03379900961269411,0.0181994667145276
493,0.01519851399658136,0.029227911531887238,0.02235075587732553,0.029227911531887238,0.2980742966900912,0.015831785413105582,0.018998142495726702,0.06559593511744664,0.02235075587732553,0.33665210536392015,0.014424603957620444,0.029227911531887238,0.010269266213906324,0.013102167238432208,0.009499071247863351,0.0047079578654745545,0.010856081426129545,0.009775658748060646,0.01929831121435964,0.025330856660968935
494,0.015284045837519616,0.0318417621614992,0.0034544905448502658,0.038210114593799034,0.029392395841383874,0.020110586628315285,0.05968426713407148,0.03918217051210615,0.06178736104799453,0.013175901584068634,0.0636835243229984,0.33899795331873767,0.009797465280461293,0.1273670486459968,0.022476537996352377,0.0038447958761496513,0.00958393856729821,0.05458587799114148,0.0318417621614992,0.025697999953756687
495,0.010389829703889719,0.02262088004676966,0.012548604615734349,0.5232149435965128,0.028006803867429108,0.01763169228357585,0.026733767328000514,0.03459664007153008,0.00828031342590032,0.008168651128000156,0.02262088004676966,0.012252976692000234,0.00754029334892322,0.17642721936607925,0.006534920902400123,0.009048352018707864,0.007841905082880149,0.017929759900267576,0.019604762707200372,0.028006803867429108
496,0.015112246064576087,0.03265796857203641,0.4931133504295206,0.07449054554752531,0.03265796857203641,0.002229519977125629,0.02868988394617451,0.023132727738525788,0.04270657428650915,0.008286350234695806,0.05551854657246189,0.021000808848765422,0.00841190099582756,0.06939818321557738,0.01009428119499307,0.009101401077452768,0.013879636643115473,0.017095827277075558,0.025235702987482674,0.017186575818522756
497,0.01706858451027114,0.03413716902054228,0.029870022892974493,0.03982669719063266,0.04779203662875918,0.01706858451027114,0.4243872259806877,0.014935011446487246,0.024427257665403854,0.030672152090884888,0.017700754306947848,0.08744272430109867,0.006756255792832809,0.1117919226110827,0.033952894636678534,0.008384567829606874,0.009753476863012077,0.01405648136139976,0.026551131460421772,0.0034250489000044095
498,0.015076459440122104,0.029840368691217922,0.022857857860830284,0.03220879971298813,0.022857857860830284,0.009447914582476518,0.022143549802679338,0.022857857860830284,0.035429679684286945,0.007683942010560535,0.019151178207722674,0.021472533141992083,0.010420494024790278,0.029524733070239118,0.0165073040980923,0.005720481294913593,0.010901439902857522,0.013626799878571903,0.6301271990713188,0.022143549802679338
499,0.008905443025493762,0.020154423689275353,0.014728232696008913,0.012352711293426832,0.01740609318619235,0.0075085107862006215,0.008905443025493762,0.0036955709412589866,0.009015495967715975,0.454312665804155,0.3404378646307807,0.010077211844637678,0.00445272151274688,0.00797779271033816,0.00479454024142645,0.0068381080374327104,0.033781425136663906,0.009126808797669864,0.01595558542067632,0.009573351252405793
500,0.08176706525706656,0.12733912166249808,0.03076470376299847,0.09301887272388171,0.0018327908624765047,0.062209590076616,0.051684702321837445,0.0030764703762998476,0.10894324509014752,0.00711910500300791,0.0577344211735942,0.05898797547601012,0.0007092548601329304,0.06614411309044672,0.021934674288736942,0.09348896646233512,0.06403915967508367,0.06363493290327672,0.002340541038438671,0.0032302938951148403
501,0.01217428878695285,0.01240840972516348,0.017923258491902808,0.05366228005811541,0.016979929097592134,0.002554906179817412,0.019552645627530337,0.046279122389955636,0.1087403439152567,0.005812948700076587,0.019552645627530337,0.01843535159167146,0.005376977547570843,0.0208141066357581,0.5743732552554015,0.005886899919299548,0.008961629245951404,0.014664484220647752,0.017923258491902808,0.017923258491902808
502,0.07693565235676796,0.04701920059141181,0.1064422729146781,0.09384642492996077,0.0059185007737441436,0.04840351983211123,0.08922116090962941,0.0376915049275285,0.028761185035673396,0.03113646059230615,0.020204537124161044,0.05196670031908361,0.044423570513514865,0.12376893102186545,0.015714639985458592,0.07456299265383648,0.05489889174953569,0.028285741894800823,0.008877751160616216,0.01192036071331567
503,0.08190706094183839,0.102874104394466,0.016347145007268322,0.012220292147227725,0.017635560753337016,0.01645985670311455,0.027418968038713565,0.044974294845691196,0.011299624332667695,0.0032005527052263094,0.13167885362491644,0.23901023279610115,0.0032005527052263094,0.019203316231357855,0.0037339781560973605,0.024688433177819723,0.15810422651592448,0.05339427100518399,0.009270566456517585,0.02337810946130434
504,0.007084111615518901,0.46959575876434945,0.024794390654316156,0.009642263032234057,0.01446339454835109,0.006549461682272191,0.011570715638680874,0.009381661328660166,0.011570715638680874,0.0032286548248338233,0.034712146916042616,0.012397195327158078,0.0027843430036808958,0.012856350709645414,0.0064281753548227055,0.3082266154825339,0.016333488716830023,0.007713810425787247,0.01826955100844348,0.012397195327158078
505,0.07438145837716244,0.06349897276208108,0.03809938365724866,0.011247696355215062,0.02116632425402703,0.5077461467621458,0.012699794552416217,0.016808551613492057,0.02597685249357863,0.058993115904227095,0.03494207634327297,0.016328307281677997,0.005057440308484334,0.02116632425402703,0.0048999890278294145,0.007828640477516849,0.009071281823154441,0.00925669505599549,0.027213845469463326,0.03361710322698411
506,0.21522944423805843,0.029224508669912733,0.005749358626733274,0.016972010259245492,0.02219416726209026,0.5130967917836684,0.018032760900448336,0.01861446286497893,0.02308193395257387,0.006483689312520749,0.016487095680409906,0.019898218924632647,0.006138812221429219,0.01861446286497893,0.007124053689066009,0.004883892430029027,0.007304409478662616,0.00774810729601091,0.018032760900448336,0.025089058644102036
507,0.014665422358509587,0.03396203072496956,0.03396203072496956,0.008072524036771066,0.032263929188721084,0.5729617220039331,0.032263929188721084,0.0280555905988879,0.03795756375143657,0.014339524083876039,0.032263929188721084,0.01955389647801278,0.012652521250478858,0.02933084471701917,0.004575882238377609,0.0102425172027686,0.013729331569668548,0.011760375378250757,0.0280555905988879,0.02933084471701917
508,0.05190454618769827,0.18652914301509263,0.02135665662682396,0.028100863982663097,0.014636613353050365,0.010983989857534383,0.01405043199133155,0.005492034531608804,0.03140684798062346,0.007215086698251336,0.026695820783529944,0.014430173396502677,0.007215086698251336,0.013690164504374332,0.006281369596124693,0.006208330414774405,0.036269555586268,0.47465817868861526,0.026695820783529944,0.016179285323351486
509,0.011526194911499556,0.04775573642068422,0.014460512341467854,0.677246690649073,0.021131357337749186,0.007346511232114711,0.011526194911499556,0.0262320297985852,0.008364956962253485,0.007531968952069019,0.036225184007570035,0.019018221603974268,0.007109615552887578,0.02387041585050023,0.00717668739772614,0.013694659708872682,0.008359657847900777,0.012734375270193457,0.023772777004967837,0.014916252238411197
510,0.06305643007514827,0.03129290591539022,0.03012811713490621,0.03010547042416118,0.03658414223524325,0.45528161444522786,0.013132769007523219,0.024389428156828832,0.023280817786063886,0.0051217799129340555,0.014227166424816818,0.018292071117621628,0.007016136867032952,0.01766131004460019,0.028646082520811435,0.08344774910770723,0.009146035558810814,0.03098114697860008,0.05850967277528695,0.019699153511284827
511,0.008406906794497303,0.07005755662081084,0.012610360191745952,0.006709697590411641,0.06894836145097963,0.0024112975715541835,0.007275207802930357,0.006709697590411641,0.007348716408546082,0.1369300104007576,0.07684438241845189,0.02837331043142839,0.002303329023574146,0.14361799107266218,0.036503674239264594,0.09957552111617411,0.02269864834514272,0.0035282487292800234,0.1488064305235997,0.11034065167777705
512,0.10063376631876295,0.015378799112129088,0.01455495216059092,0.023715268855732895,0.020059303189733594,0.41071075190145157,0.012900980324160134,0.0139807264655719,0.010729394729392388,0.00506993377322937,0.021969713017327266,0.010984856508663635,0.10837096909734066,0.015378799112129088,0.0030549998202081203,0.10643308767432114,0.006151519644851636,0.07784113227192106,0.012469296577401966,0.009611749445080682
513,0.004121818864613078,0.0030876086475949346,0.0027682008564644243,0.0038227535636889674,0.010954929273525081,0.0016055564967493658,0.01360200225322316,0.31385903035278184,0.003648992038066741,0.07127413197464934,0.05578282989226825,0.0026759274945822773,0.006788878129950953,0.022828535250164737,0.0009789978638715647,0.0007246289566939594,0.0427777957840925,0.4339718671913931,0.0023644026204060822,0.002361112495219656
514,0.10604175864037355,0.1473207360419766,0.014155850274035731,0.023839512279864725,0.00488374560654328,0.003946405749031662,0.009199265012716376,0.009126063294635719,0.0010948499078796505,0.0009027177353080904,0.023580387146387945,0.056942390303450406,0.17641223607930073,0.030125233758146193,0.0003785282377029627,0.1522998719128604,0.11595833460446635,0.03882198353908528,0.0026297091727540737,0.08234042070348015
515,0.015932291761585952,0.07036762194700463,0.013840790599749015,0.01441749020807189,0.017591905486751158,0.034433495033952585,0.009351885540370955,0.06363120593981336,0.342026567735797,0.004379997025237029,0.011931716034266392,0.008046971278923844,0.005014779202807612,0.021110286584101388,0.3077703096649959,0.017045077623572377,0.006084328512140057,0.008046971278923844,0.01441749020807189,0.014558818333863029
516,0.0049540003986624425,0.010217625822241283,0.007784857769326693,0.006672735230851451,0.05684623890467156,0.0037155002989968317,0.005243835405946126,0.050679612332584924,0.007603814565388863,0.2913699279436069,0.4723580209026445,0.008383692982351823,0.0014480282128033753,0.004738609076981467,0.003101581782369578,0.0037582071989853004,0.004246286055996379,0.031116623042545706,0.010898800877057368,0.014862001195987323
517,0.013615021828503117,0.02354073602292297,0.02077123766728497,0.012103451571283522,0.02522221716741747,0.6287903634937779,0.01908708326182943,0.03362962288988995,0.028248883227507564,0.006539093339700824,0.02077123766728497,0.020177773733933972,0.01307818667940165,0.01535265392799324,0.005685270129739417,0.00767632696399662,0.012840401467048892,0.04868841240719703,0.02278135744153835,0.021400669111748146
518,0.005894314002164156,0.05086086014817285,0.047288755004019085,0.014034080957533708,0.06650745096774571,0.01626025906441699,0.00334655403823457,0.019647713340547192,0.009823856670273596,0.003929542668109438,0.011788628004328314,0.13596057325257543,0.2059528351536927,0.011335219234931073,0.0035940939037586326,0.02438951243754108,0.006853853490888556,0.010546723647816903,0.08964715100644369,0.26233802300680625
519,0.010857015675680875,0.25213822286816534,0.00970000326843359,0.006834093211850938,0.017353853869464718,0.00435797248291944,0.006397874496200877,0.2685356488266945,0.008591431466326896,0.09027618684521786,0.021599275267244627,0.007710259008242085,0.00238650874064636,0.005184484505542091,0.002018121485378801,0.0021498157545493486,0.002653316305319705,0.26820030928211547,0.0071595262219390785,0.005896080418067476
520,0.0024726536911409682,0.0060130442034564465,0.004484304151730231,0.008534643385551086,0.010175920959695524,0.0028448811285170287,0.003481236117790574,0.4430782922050611,0.004337277786099732,0.23607639909420675,0.19174489607862932,0.0030410798270354444,0.0015764697439751986,0.004150743228876973,0.007038147394704662,0.0019744324250155496,0.002066983944938154,0.056118293799863696,0.006453023047611796,0.004337277786099732
521,0.06409552883223837,0.18459715906098415,0.061029677396532256,0.28948458097470436,0.007715626464299495,0.0022573291853056885,0.04019506892243415,0.007536193290711134,0.005727141513130841,0.010348730431522225,0.044573460358627866,0.0073649161704677,0.0023313403705077606,0.18079514461394708,0.0022503910520873527,0.014431436760703653,0.003057135014156404,0.003951906237811937,0.020146196772261184,0.0481110365775666
522,0.07856836799524472,0.021276688626019395,0.0903774492234754,0.12775713062191096,0.002873917084470766,0.07297985423064558,0.04281390813317373,0.01011514705171414,0.0849047329823666,0.016085087855958354,0.03943386275423896,0.06494989159521711,0.0012075281867524226,0.11265264584833024,0.07084654396968275,0.06995736623067601,0.06934216919777618,0.012348780278072449,0.0031932412049675172,0.008315686929306773
523,0.0020866957142716253,0.005529743642819806,0.003429313637141155,0.004052825207530456,0.0035664861826268015,0.0018970671184185117,0.0018575448867847921,0.275698442925439,0.003429313637141155,0.2625998575170792,0.07894878530006182,0.0030745570539886216,0.0010489665243020002,0.0038766154158986965,0.0009098179037313268,0.0011286348679198737,0.0009754248357136233,0.3404411092945627,0.0029720718188556675,0.0024767265157130563
524,0.11499767486785982,0.018454604480396077,0.07317535086391146,0.024032021837710648,0.03204269578361419,0.005678339840121868,0.03250777650833797,0.009277667072323931,0.04418295114572554,0.003571858931689563,0.12105018407143137,0.1966321523324482,0.0034602383400742635,0.08465333818508883,0.0032094964313732297,0.12946437539113761,0.05228450411554874,0.007909116205884033,0.014763683584316862,0.028651970011005758
525,0.0326138208541898,0.09087428332488735,0.03150308488596095,0.06485929241227253,0.02953414208058839,0.030391529119409892,0.05250514147660157,0.021330213724869394,0.0486562703364683,0.08385978137353474,0.07285088379878467,0.11353129745175936,0.0024712450907879895,0.06649335208044578,0.05681205783136415,0.06294706743683913,0.045154421669877355,0.00605828555499249,0.030673259563381086,0.05688056993298504
526,0.03487381966923025,0.09053278829755453,0.005972649227963667,0.04901203480493692,0.10750768610334598,0.008410050992364948,0.057735609203648765,0.19908830759878884,0.03822495505896747,0.04857754705410448,0.011467486517690239,0.031535587923648155,0.001060519754897699,0.03697354283977508,0.02696562423714289,0.04610350009786914,0.0544019267043791,0.07031799216364054,0.038007767814314246,0.043230603935737015
527,0.036393580266656046,0.1532395315499194,0.12570430322454326,0.047887353609349814,0.011050927756003795,0.044466828351539096,0.10314199238936882,0.006855204365243489,0.026464063836745946,0.018191195293891894,0.007769231613942622,0.0971831587954452,0.10341361880120478,0.045428654798041535,0.03343858312377013,0.059403651695152236,0.04765354856767122,0.0037593056196496555,0.01165384742091393,0.016901418920946987
528,0.012230475624500031,0.022882825361967805,0.02026764532060005,0.00885599409465252,0.039409310345611216,0.6313817817134969,0.01649692060979074,0.02728336870080776,0.03546837931105009,0.007165329153747491,0.019704655172805608,0.028374703448840074,0.009212566054818206,0.021495987461242483,0.01792261970360909,0.008650824222207339,0.01364168435040388,0.015552804640651192,0.025334556650750066,0.01866756805844742
529,0.16573314381872914,0.016487664178349026,0.016630375782589583,0.027105477424704448,0.013396691602641607,0.4291760454623928,0.054510236671276364,0.018549265295965303,0.021921858986140814,0.003767819513242951,0.010047518701981204,0.09892598507009417,0.004052780652899982,0.012366176863976869,0.0026959659471775567,0.05221093656477191,0.011562777475725292,0.009843026602964192,0.010047518701981204,0.02096873468239556
530,0.06316595727978064,0.05960994783291891,0.01187380153242467,0.0039637355862944595,0.026261725269048186,0.003604546893771774,0.13683627970395035,0.009175210275055426,0.17948898012783102,0.05870077754103752,0.06706802409853742,0.08118810483500419,0.017529950622070092,0.014717943086170079,0.10969270736843918,0.023385441072914338,0.011438935907902821,0.004388144044591725,0.011790978692225718,0.10611880823003145
531,0.0080320810260769,0.022757562907217883,0.017810266623040083,0.022757562907217883,0.02784484776755947,0.006827268872165365,0.014125383873445585,0.27081550117209435,0.01706817218041341,0.12813807441109437,0.3642089584163604,0.016385445293196875,0.004995562589389291,0.0105034905725621,0.009030761438127395,0.0067153464316380635,0.010110826465176822,0.0026871401889743945,0.025060362990803532,0.014125383873445585
532,0.012833413275911474,0.050331716661531925,0.03614307666761421,0.03609397483850101,0.02906517029526281,0.010896294290868231,0.014043033326698347,0.038500239827734414,0.052500327037819663,0.010131642059930111,0.026250163518909832,0.031173049846811175,0.006637972384092141,0.04812529978466802,0.008133853484732624,0.006815123946162297,0.011105838411846468,0.01698539992400048,0.04125025695828687,0.5129841534586179
533,0.686410754330911,0.022641235972586566,0.030792080922717728,0.02558544966224126,0.016378766448254117,0.012830033717799057,0.013505298650314796,0.024832323324772365,0.022641235972586566,0.006208080831193092,0.024832323324772365,0.019738513411998546,0.004094691612063529,0.018328619596855795,0.00583183350809048,0.006992109016254954,0.014515603840086204,0.00675254502521694,0.021994343516226953,0.015094157315057715
534,0.015069167928151184,0.03559705523870382,0.6650863626991123,0.024254121120204294,0.016611959111395118,0.007633523380410349,0.01738460837239024,0.0182326380490922,0.02990152640051121,0.005794869457463413,0.03250165913099044,0.009495432687947926,0.006500331826198088,0.028751467692799244,0.008899263809675956,0.008214705055085496,0.010993208235482062,0.0182326380490922,0.016989503636654094,0.023855958118640518
535,0.005011896618545453,0.02059252612752987,0.5880306828764271,0.01850519688728951,0.02995276527640708,0.01200403563916092,0.010825737391217912,0.014976382638203542,0.023534315574319845,0.006336161885393806,0.03137908743242646,0.007946609615280468,0.004706863114863969,0.03137908743242646,0.006724090164091386,0.004482726776060923,0.006275817486485293,0.04866703828304542,0.01689643169438348,0.11177254708644119
536,0.003120543161909631,0.02677096782455076,0.02320150544794399,0.02109227767994909,0.03163841651992363,0.015131416596485214,0.015131416596485214,0.008156323668660441,0.030262833192970427,0.006629001556555427,0.018316977985218943,0.02274088610684283,0.024021309028294545,0.02047191657171529,0.0060003893399855155,0.03464959885037344,0.6197554643623426,0.013647944381143525,0.04094383314343058,0.018316977985218943
537,0.5471192160152438,0.013962582402528852,0.04071944274462832,0.02118460778314722,0.025598067737969563,0.005914650638134192,0.01462746727883975,0.026711027204837808,0.019198550803477172,0.006268914548074179,0.02362898560427959,0.015752657069519733,0.005342205440967561,0.02457414502845077,0.006143536257112695,0.004219188633650059,0.03280156944041582,0.1250548882940217,0.016604152046250525,0.02457414502845077
538,0.6718143892512242,0.001941866654903064,0.013903502518528121,0.00323900943628178,0.0042415599760832826,0.15862651499183317,0.0016649113924812888,0.0034258753652980354,0.00574662964501606,0.0011493259290032123,0.004345012658426778,0.002344019986782867,0.0008523709042846789,0.002740700292238429,0.10552133475316995,0.009216437281310509,0.0013917618671523276,0.001452956605328973,0.003872728673815171,0.002509091816837998
539,0.010322368996774453,0.01842094899054374,0.0380297805144322,0.028902633190968474,0.020071273049283665,0.0099686964622711,0.014451316595484237,0.0301069095739255,0.019014890257216106,0.004862076123810961,0.02125193616982976,0.024085527659140397,0.004225531168270244,0.016421950676686635,0.04949733766358932,0.005870719230501907,0.007449132265713524,0.010784564623495698,0.6450104706182324,0.02125193616982976
540,0.004560114308768639,0.01918482505849093,0.6513200260384864,0.022875243130732647,0.020829238634933012,0.002626543755068115,0.006575506561968031,0.025138736283539843,0.05607871940174273,0.006024986382005416,0.048601556814843704,0.03219237155376414,0.002951511547460143,0.03471539772488836,0.009112791902783192,0.0048601556814843695,0.004959342532126909,0.008589929893448844,0.029160934088906215,0.009642068704558433
541,0.00366163602109738,0.035223316389273916,0.02438537288488194,0.03019141404794907,0.025360787800277215,0.01039376549191689,0.014409538522884782,0.006553509621884417,0.04877074576976387,0.007459055235375652,0.021862748103687258,0.03274702239595213,0.0035079178973171856,0.0792524618758663,0.009188691231984498,0.006826973656266046,0.564416207289367,0.012680393900138606,0.03962623093793316,0.023482210926182606
542,0.004607022651553965,0.002795797189064835,0.011798472644223566,0.013073983200355844,0.013073983200355844,0.0033132697151586725,0.0027152919242532853,0.016124579280438877,0.38627574451572044,0.002875616642032698,0.012403522523414518,0.010749719520292581,0.0020672537539024195,0.012729931010872794,0.4320055433903212,0.03376500990819453,0.004134507507804839,0.007442113514048711,0.014227569953328417,0.01382106795466189
543,0.009577246678428934,0.028133162117884997,0.03462543029893538,0.045013059388615995,0.014581842006206795,0.00737919006370754,0.011253264847153999,0.3996692373261514,0.022506529694308,0.00737919006370754,0.032455283708126656,0.015592040724000304,0.013239135114298823,0.018005223755446397,0.005173914872254711,0.007584816534154997,0.0041453705959553205,0.2767473104417844,0.026478270228597646,0.020460481540279997
544,0.0025080831528438716,0.04907869934546134,0.006423139781673329,0.008229647845268953,0.008495120356406661,0.002673325514513122,0.14569513884021684,0.006039022312301869,0.005852194023302367,0.0020736120555008386,0.009405311823164519,0.10314404412606334,0.001666764120560801,0.006752531565348884,0.0015606908636052548,0.23434536560245825,0.3876723422645608,0.0043171923122722385,0.007315242529127957,0.006752531565348884
545,0.0537462587676773,0.06093692034108727,0.0033391563677880017,0.004174635878268811,0.011607032445921378,0.004057103340667523,0.022132405954230015,0.07222153521906638,0.157606821987979,0.017494657599649622,0.04255823166920153,0.007708213249758045,0.0008193300346887224,0.05955180913338999,0.24880200030564517,0.08981982069966163,0.06965714266439917,0.0603369787906124,0.0028091315475041925,0.01062081400280388
546,0.05941708043884961,0.044856944153509944,0.011823343573136613,0.016982620768687135,0.1957758080652912,0.001969733071370647,0.08657988232673106,0.016999093523923797,0.0029152049456285566,0.0006334664565746552,0.01026422134371201,0.005618310630242362,0.0009463466487110361,0.002733004636526772,0.0011270122212481532,0.007830669736603266,0.018495923609461236,0.0442229761154736,0.2822936969517623,0.18851466078255605
