site,A,C,D,E,F,G,H,I,K,L,M,N,P,Q,R,S,T,V,W,Y
451,0.011970208817437619,0.5580347566775997,0.02248948323276159,0.023940417634875238,0.025706901626281278,0.006270886480965245,0.035340616508625355,0.07421529466811326,0.05708868820624096,0.011970208817437619,0.02854434410312048,0.0296861178672453,0.01091401392178136,0.03373422484914239,0.0035924170207982326,0.0094410226390957,0.020058187748138712,0.011970208817437619,0.011995400376632848,0.013036599986269172
452,0.1022035997345566,0.022675561619779967,0.021835726004232565,0.025127705929221707,0.02358258408457117,0.008330700326629829,0.017865594003463006,0.20486210664944018,0.01901821297142836,0.003831562659952071,0.005505813146128795,0.029478230105713953,0.005895646021142791,0.017865594003463006,0.004399735836673725,0.005723928175866788,0.0075585205399266555,0.4408587262339698,0.015514857950375771,0.017865594003463006
453,0.013086524856497138,0.016045611644323377,0.047567305211995134,0.023000558838691936,0.02058615819084672,0.006378306232578436,0.040286298081066645,0.028111794136179036,0.037950922083841696,0.008825795833451557,0.036143735317944466,0.02309129377302068,0.01518036883353668,0.036143735317944466,0.00798966780712457,0.008352764245513612,0.031625768403201415,0.009607828375656125,0.01997416951781142,0.570051393298775
454,0.013608024620288067,0.02423929385488812,0.006528678847574578,0.02423929385488812,0.0310262961342568,0.009576017325387898,0.05572850450531026,0.023875228916861342,0.027702050119872142,0.00981844814375215,0.027702050119872142,0.5483094378815719,0.010073472770862594,0.035257154698019086,0.010342098711418932,0.002964953171744758,0.06944112621211511,0.010924752159949576,0.0287280519761637,0.029915065975202673
455,0.012037982827642289,0.023711178296871176,0.04602758139980876,0.026082296126558293,0.030094957069105723,0.007113353489061353,0.022356253822764256,0.00919276706311044,0.049303055577537586,0.007381781922610837,0.5778295491594961,0.04460236921309974,0.011678640056667891,0.03402038625203256,0.008984518865887484,0.008236514566281565,0.029743184749355545,0.0032946810642221777,0.01701019312601628,0.03129875535186996
456,0.011786616931513286,0.02609893749120799,0.03653851248769118,0.02214455302284315,0.060897520812818656,0.009134628121922799,0.05219787498241599,0.009457400059187888,0.04305412054802655,0.013251615870543264,0.5159667423165887,0.04567314060961398,0.01197984015989875,0.027065564805697172,0.00926486575677831,0.00961539802307663,0.03892634782484801,0.004294550627847202,0.020879149992966396,0.03177261955451407
457,0.011610656355106481,0.019157582985925698,0.029473204593731844,0.056868902600544315,0.020710900525325076,0.5511223426591861,0.023946978732407122,0.036490634258906085,0.020165876827290208,0.006966393813063891,0.028381604423593627,0.04507666584923693,0.010355450262662538,0.03483196906531944,0.005660559670829392,0.009460534807864544,0.011610656355106481,0.015189573466007014,0.015025555283078978,0.04789395746481424
458,0.007784595245212756,0.01772237640931415,0.027765056374592163,0.0927511129230568,0.013654945757996147,0.007180618027911766,0.018510037583061443,0.05233526728944057,0.6104407754647339,0.006663613529902118,0.023137546978826803,0.018616207538417178,0.007572288102161499,0.01708851578961807,0.01806068951191287,0.00971254205462672,0.01165183787730584,0.007858034822997783,0.009574157370549022,0.021919781348362234
459,0.009204433536703338,0.019066326611742623,0.029658730284932978,0.01334642862821984,0.02583179734494162,0.01731463488835157,0.023552521108623246,0.08047664611277179,0.014256314389618715,0.007346657960487985,0.021073308360347112,0.024266233869490613,0.007774618618380488,0.023552521108623246,0.5985990587171944,0.023838620102757425,0.014422242910332601,0.009765679484063297,0.010821428617475546,0.02583179734494162
460,0.039451350107673165,0.019642418467104548,0.08707610563730256,0.5185357130478658,0.028645193597860802,0.002578059951907214,0.02644171716725612,0.020220136657313502,0.07656695010316689,0.009548397865953602,0.017627811444837417,0.029890636797767784,0.010260964870875511,0.02291615487828864,0.009682882342938863,0.007313666450517652,0.014627332901035303,0.0074131592341851495,0.01718711615871648,0.03437423231743296
461,0.010882734933978778,0.021765469867957556,0.03152240463635232,0.004955753072021071,0.016037714639547673,0.006437674186297306,0.01828299468908435,0.017924504597141518,0.6926736531076008,0.005574083746672058,0.014901359305290704,0.02595830356625134,0.01062964807504904,0.01297082318975084,0.002763501581730664,0.00662427343807404,0.05839225147954304,0.0077470316479170956,0.012696524089641907,0.021259296150098077
462,0.011862561786268362,0.017546705975521947,0.032393918724040516,0.006734841609034567,0.02406405390928724,0.010816036918344707,0.019587020623838453,0.024771820200736868,0.6382615898328728,0.0073238424941309,0.012054460108698088,0.01801751963501877,0.009680941227874178,0.054916569362488836,0.054521689607822645,0.006380620354735253,0.008594304967602587,0.00935824318694504,0.012570774430224682,0.0205424850445135
463,0.03508549547748055,0.021172281753652062,0.0029245692688279613,0.0804466271772198,0.009745970965966822,0.0017633432356168584,0.015677669252866837,0.06747210668746262,0.006352907928675887,0.11000165590275665,0.21928434673425348,0.01299462795462243,0.19509867080855167,0.09032139059904452,0.0005716846830109282,0.005482108668356337,0.03015159767595985,0.046686344788582995,0.0031554563163670108,0.04561114412072472
464,0.0968819443576691,0.029880262936696243,0.021476438985750423,0.008440852609229114,0.01909016798733371,0.5187263980214675,0.031238456706546073,0.025453557316444945,0.026432540290154367,0.006247691341309214,0.020213119045412162,0.029880262936696243,0.013216270145077183,0.03436230237720068,0.01876218122714859,0.012726778658222472,0.012495382682618428,0.0075848822530002954,0.014025429541714561,0.05286508058030873
465,0.010467268752776851,0.048108811616587234,0.030797899768699354,0.5081622221280913,0.042095210164513834,0.0020786839074648663,0.03207254107772483,0.03741796459067897,0.01449478847051261,0.01202720290414681,0.039619021331307146,0.048108811616587234,0.024054405808293617,0.03207254107772483,0.01122538937720369,0.014967185836271586,0.025904744716623903,0.011136937675897133,0.025904744716623903,0.0292836244622705
466,0.012233168394675045,0.016078756287540873,0.017330321892456306,0.029709123244210822,0.6284324791244423,0.007109875648187206,0.021329626944561614,0.022482579752375758,0.03961216432561442,0.00542094082334312,0.030809461142144556,0.021329626944561614,0.010664813472280807,0.027728515027930098,0.0069321287569825245,0.005568520946627582,0.01188364929768433,0.007847692932433047,0.06085944602518993,0.016637109016758057
467,0.011812397982727358,0.03037473766987035,0.045562106504805515,0.06396791382851533,0.03037473766987035,0.4810944251759966,0.02773345613335989,0.03986684319170483,0.024533441964126056,0.0077788962325277735,0.02773345613335989,0.03752173476866337,0.015187368834935175,0.02773345613335989,0.003581675223902104,0.009813376785650422,0.01723971597479128,0.005239633246338149,0.04378374261724336,0.049066883928252106
468,0.0030423127006573396,0.0065713954334198545,0.01369040715295803,0.0014697022453197845,0.007823089801690303,0.002346926940507091,0.013862251203607453,0.157242988881404,0.12353588069512567,0.029542502565065066,0.02059534464535965,0.006762446209457804,0.002986997924281752,0.009070926016177674,0.1400699545806451,0.0800930069541764,0.09310026878594382,0.18969396383883888,0.006084625401314681,0.09241500802404969
469,0.6508558172042717,0.019147394090174703,0.022093147027124654,0.022831260409230805,0.02534213923699593,0.007693149411230906,0.022093147027124654,0.022093147027124654,0.029711473588202128,0.007978080870906127,0.02154081835144654,0.030772597644923627,0.009681266674807435,0.02779460432444715,0.009903824529400706,0.024935999642061498,0.009091799296658822,0.005530968898300503,0.0136767100644105,0.01723265468115723
470,0.009983140108348536,0.013750362790744207,0.015182692248113396,0.0337646170893836,0.012352020812024456,0.004991570054174267,0.01278542505104286,0.015032855936020889,0.5527459442949767,0.0036438461395472146,0.010561872868252796,0.008551858600867225,0.005319483415397393,0.00962208594743922,0.17386177055892751,0.00426180835034762,0.08060751354647414,0.01045041725368642,0.008780352143487265,0.013750362790744207
471,0.012690229499262237,0.017456507478346307,0.008087418029761602,0.03638051807326565,0.05291711719747732,0.4389058002617387,0.02910441445861252,0.04477602224401927,0.1164176578344501,0.01187935284025001,0.06467647657469451,0.038805885944816695,0.007098637672832325,0.021558825524898167,0.008687884913018666,0.007361649667257409,0.013536936957494196,0.012489279284101259,0.020788867470437518,0.03638051807326565
472,0.011944163676667993,0.013071417786323496,0.020816970979335644,0.017770584982359693,0.056045691098211343,0.006149225198640297,0.030358082678197812,0.0659367983524223,0.028022845549105672,0.011039302792071931,0.030358082678197812,0.007815652827134348,0.009107424803459344,0.033117908376215796,0.005137178922798758,0.5487642355925774,0.0324324630488888,0.010261887102489401,0.02350303175086282,0.03834705180403934
473,0.008053494268436314,0.08482609873355436,0.02617385637241802,0.020939085097934414,0.028187229939527103,0.00633188075887798,0.010271124851576094,0.029314719137108185,0.03331218083762293,0.006731609441307444,0.029314719137108185,0.03331218083762293,0.008822361308981008,0.03331218083762293,0.5525376783106585,0.015283569554289986,0.010938328036234398,0.0093957433131757,0.014369960361327542,0.03857199886461603
474,0.3791193210329495,0.1426963610787575,0.008907725768868537,0.011937046329940968,0.010899042301250451,0.004685569587453466,0.011394453314943652,0.017905569494911455,0.022788906629887307,0.012544735039890773,0.01519260441992487,0.01066714778420257,0.003951750500459156,0.2752001249376038,0.005064201473308292,0.004205442070196755,0.030581849460981077,0.0027410887586160494,0.014324455595929163,0.01519260441992487
475,0.011150581016398143,0.021625369243923668,0.023787906168316036,0.029734882710395046,0.02302055435643487,0.010051227958443395,0.016219026932942752,0.5386400995150696,0.041978657944087124,0.0066318967482550395,0.027447584040364657,0.12648342615694969,0.007929302056105345,0.029734882710395046,0.008202726264936564,0.007023517984287559,0.009189141009601396,0.004478028958576512,0.03568185925247405,0.020989328972043562
476,0.012583317815551236,0.01350749464456296,0.0213916402864371,0.02037299074898771,0.02950571073991324,0.005923586907966701,0.023768489207152337,0.04074598149797542,0.020869892962377658,0.006184914356567566,0.01645510791264392,0.06111897224696314,0.009614220353454876,0.016777757087401646,0.0040149101715181695,0.006155867708327223,0.012223794449392627,0.008307433120946447,0.644548656828603,0.025929260953257094
477,0.005416142233739792,0.0031559013778147313,0.007360398420210486,0.00808607150389321,0.3260811222522817,0.0037039424308155998,0.07998728180425158,0.013351420390149258,0.024961351164192083,0.003727994005041675,0.0212633732139414,0.012795258787611986,0.004520559659656833,0.018519712154077998,0.00557389394928561,0.003707074365932445,0.00598032371642102,0.0046299280385194985,0.012215129293115275,0.43496312123904785
478,0.009956076175099951,0.0208834768550877,0.023141150028610693,0.020386251215680856,0.023783959751627663,0.012059472550121067,0.01337847736029056,0.008631633299454804,0.01861353371866513,0.007326355508327719,0.6480336096997559,0.02675695472058112,0.008002079916435477,0.0208834768550877,0.022806217744498685,0.00764484420588032,0.006113125919019607,0.06896704641095447,0.013172654631670704,0.019459603433149904
479,0.01927774594663687,0.02470692579017565,0.031012026088068006,0.03242166363752565,0.03396555238216972,0.012766833369966993,0.03396555238216972,0.029719858334398507,0.03242166363752565,0.010246975479319173,0.02853106400102257,0.029719858334398507,0.012513624561852007,0.059439716668797014,0.003994570752445359,0.008593693976211618,0.01658782790757126,0.017396990244525956,0.5381221116767521,0.02459574482846773
480,0.012605188353086823,0.05742363583072887,0.02720066960402946,0.03975482480588921,0.020079914237471918,0.012018900522710691,0.019877412402944602,0.03691519446261141,0.02349148738529817,0.38924741045904576,0.06417582930942209,0.019141211943576285,0.007713622723530744,0.025840636123827986,0.01076693171826166,0.054050426100918696,0.011484727166145773,0.0601139022634133,0.07118288012447536,0.03691519446261141
481,0.017362004026200868,0.05325228094511569,0.021695373718380463,0.1224326835692741,0.024407295433178024,0.4412298736443608,0.019525836346542418,0.030830267915593294,0.025468482191142283,0.011052360196156087,0.022529811169087404,0.02789405192363203,0.0051383779859322165,0.03445735825860427,0.04598537420370907,0.011715501807925452,0.00976291817327121,0.00997252231769663,0.03445735825860427,0.030830267915593294
482,0.33723390203702663,0.029806830983933164,0.01121430075655527,0.02353170867152618,0.02353170867152618,0.011464165763051218,0.015967945169964196,0.034392497289153647,0.04471024647589975,0.007211330076758023,0.024839025819944304,0.02353170867152618,0.006297217813507007,0.022355123237949873,0.006985976011859337,0.31667804769980223,0.014475525481177668,0.003737464904318108,0.024839025819944304,0.017196248644576823
483,0.0129194177448692,0.033473036884433836,0.06694607376886766,0.03068361714406435,0.025393338326122217,0.005768233770419908,0.0193791266173038,0.04882757978773891,0.009025871600062622,0.011157678961477943,0.01990288679614985,0.023012712858048262,0.013894468140708384,0.028323338902213238,0.5552223616746614,0.007878102898176363,0.01534180857203217,0.01636459581016765,0.023012712858048262,0.033473036884433836
484,0.015445223010711088,0.015919428814364638,0.024454936433625885,0.02794849878128672,0.442090491436965,0.013042632764600473,0.02551819453943571,0.030890446021422175,0.03668240465043883,0.0966975629639989,0.030890446021422175,0.03912789829380142,0.012759097269717854,0.024454936433625885,0.007245907091444708,0.005962337318635496,0.01467296186017553,0.023580164735567673,0.026678112473046425,0.08593831908571345
485,0.01940893750858829,0.030730817721931456,0.033524528423925226,0.052681401809025356,0.02710365803866841,0.016762264211962613,0.046096226582897186,0.052681401809025356,0.052681401809025356,0.2772779348047686,0.03892218319564836,0.028366908666398266,0.02169234192136338,0.033524528423925226,0.009455636222132757,0.005317416406302058,0.028366908666398266,0.016218737174071716,0.024801860272353315,0.18438490633158877
486,0.018504751739997327,0.06373858932665746,0.02868236519699585,0.4315871200154022,0.057364730393991696,0.007269741982697774,0.027316538282853194,0.057364730393991696,0.01206498324907184,0.021246196442219156,0.020487403712139897,0.027316538282853194,0.023901970997496545,0.03040155218304901,0.011247986351763082,0.013340634975346908,0.017383251634542945,0.01605145405094673,0.01912157679799724,0.09560788398998617
487,0.016235675049791853,0.024093543354553253,0.023926257968114307,0.0757664835656953,0.3418111411383632,0.02272994506970859,0.018941620891423826,0.055430867917019816,0.03496914626109014,0.08968486655866369,0.032471350099583705,0.05682486267427148,0.010331793213503904,0.04545989013941718,0.020663586427007812,0.03777985477536391,0.020663586427007812,0.013137086808847344,0.02272994506970859,0.036348496590864206
488,0.02333003918088329,0.06716365612020019,0.015578217901048363,0.3028356203376472,0.1007454841803003,0.0034671254695322175,0.025186371045075075,0.04477577074680013,0.12535903530634135,0.014392212025757186,0.05756884810302874,0.015499305258507737,0.01611927746884805,0.0366347215201092,0.014392212025757186,0.013895928852455212,0.006947964426227606,0.01230983239117155,0.0366347215201092,0.06716365612020019
489,0.4064024409510966,0.11605836284413093,0.048922244354950774,0.03595749604844455,0.04148941851743602,0.014982290020185229,0.017398788410537686,0.03172720239568636,0.028387496880350957,0.008842007225027346,0.028387496880350957,0.029964580040370458,0.00842753813635419,0.022473435030277843,0.007191499209688909,0.07026193846615943,0.021786633823224322,0.014910495758120547,0.025683925748888958,0.02074470925871801
490,0.011753670015981784,0.032126698043683545,0.03706926697348101,0.03442146218966094,0.011152724021393749,0.009092461710476474,0.011655193101291449,0.21345793901734914,0.032126698043683545,0.36276646354009817,0.028347086509132535,0.040158372554604416,0.019135067401651915,0.026772248369736285,0.02656615234584536,0.010952283423983026,0.009834703482760271,0.016063349021841776,0.03442146218966094,0.032126698043683545
491,0.016735734037662015,0.14504302832640414,0.05439113562240154,0.014952890150330547,0.0621612978541732,0.3275353373692795,0.03626075708160103,0.0621612978541732,0.03955718954356476,0.01318572984785492,0.029008605665280823,0.02559582852818896,0.0155403244635433,0.04834767610880138,0.004406122646463838,0.012086919027200344,0.0155403244635433,0.01222043866265131,0.029008605665280823,0.03626075708160103
492,0.01601149387291578,0.044339521494228304,0.057641377942496796,0.04117241281606915,0.43407756721355656,0.044339521494228304,0.019876337221550626,0.04856639874917286,0.07205172242812101,0.004676947542491319,0.044339521494228304,0.02401724080937367,0.005822361408333012,0.02401724080937367,0.00976972507499946,0.0050684553702561586,0.007789375397634705,0.03308060529778705,0.04117241281606915,0.02216976074711416
493,0.024093915450119838,0.04633445278869199,0.035432228603117406,0.04633445278869199,0.05502862258048312,0.02509782859387483,0.030117394312649794,0.024093915450119838,0.035432228603117406,0.453230176980438,0.022867050570506108,0.04633445278869199,0.01627967260143232,0.020770616767344686,0.015058697156324893,0.007463436147704005,0.017209939607228452,0.015497166064917708,0.023167226394345996,0.04015652575019973
494,0.01773171024581241,0.036941063012109185,0.004007710133779881,0.04432927561453103,0.03409944278040848,0.023331197691858433,0.016579245745267424,0.036941063012109185,0.032578962483218475,0.015285957108458975,0.07388212602421838,0.3334241815399693,0.011366480926802827,0.14776425204843674,0.026076044479135897,0.0044605209350277565,0.011118758965759366,0.06332753659218719,0.036941063012109185,0.029813407648799826
495,0.03126040705255489,0.025577080881942337,0.014188514087363551,0.5023757002378484,0.03166686204430957,0.002929721578688147,0.03022745922411367,0.03911788840767652,0.04166826968233513,0.009236168096256955,0.025577080881942337,0.013854252144385432,0.008525693627314113,0.11902388124659197,0.007388934477005566,0.010230832352776935,0.008866721372406678,0.02445086712916154,0.022166803431016697,0.03166686204430957
496,0.013578525210411703,0.029343556720909488,0.37634201999260347,0.0604542755580044,0.029343556720909488,0.002003249092633543,0.011085343650121362,0.020785019343977553,0.03837234340426624,0.007445380063514346,0.04988404642554613,0.18951949941164853,0.007558188852355475,0.06235505803193266,0.00906982662282657,0.008177712528778053,0.01247101160638653,0.015360795521901541,0.022674566557066424,0.03417602468420648
497,0.020550354040470797,0.04110070808094159,0.03596311957082388,0.04795082609443185,0.05754099131331822,0.06012276328626143,0.4335765385450097,0.017981559785411945,0.023975413047215927,0.009152561508498285,0.021311478264191937,0.021043641663499563,0.021008592309617293,0.026996650583985028,0.08687207894067837,0.010094910756722496,0.011743059451697596,0.01692382097450536,0.0319672173962879,0.004123714386430839
498,0.017084845466061167,0.019420287498759747,0.0259028302227379,0.03649944258658522,0.0259028302227379,0.010706503158731664,0.025093366778277337,0.0259028302227379,0.04014938684524374,0.00870754584934159,0.021702371267699316,0.024332961724390145,0.011808643189777571,0.03345782237103644,0.0077959591925610425,0.006482525907574799,0.012353657490844227,0.015442071863555284,0.6061607513630697,0.025093366778277337
499,0.008792602431889235,0.019899047609012475,0.01454161171427835,0.012196190470039905,0.017185541116874415,0.007413370677867393,0.008792602431889235,0.0036487444759696667,0.008901260896678635,0.5368548030522778,0.28501283212771295,0.009949523804506238,0.004396301215944617,0.007876706345234104,0.0047337887700673546,0.006751462581629233,0.0025726228535859048,0.015275527119793178,0.015753412690468212,0.009452047614280926
500,0.13095625620002901,0.12782806929303397,0.030450472220876316,0.09029066307022955,0.0010691826851522298,0.03763254945698597,0.06174095746853542,0.009187642480436818,0.1059281133038598,0.0006074474367230954,0.0482351230222933,0.04713660055180628,0.0005075917798197456,0.06825105842610206,0.02654262684310163,0.0776197381967938,0.06092857644921259,0.07215598858654922,0.00167505287340516,0.00125628965505387
501,0.014647171683108933,0.014928848061630258,0.021563891644577032,0.022920979527172772,0.02042894997907298,0.003073867402433137,0.023524245430447673,0.09595405221661608,0.021484353335442193,0.006993694587430391,0.023524245430447673,0.022180002834422095,0.006469167493373111,0.025041938684024944,0.5860880206867476,0.01962365781877484,0.010781945822288518,0.017643184072835758,0.021563891644577032,0.021563891644577032
502,0.08124187563709957,0.06841301796232478,0.19246289578086714,0.10564064673139806,0.0042532542886230115,0.03250232303753206,0.04426724691679839,0.016203083201603238,0.0020467149242187955,0.02554981231982657,0.024770230641531388,0.032496183532104275,0.04708425353877648,0.11880822227975614,0.025654881735871795,0.07630682772720841,0.04104781077739487,0.04619876483468084,0.006379881432934518,0.008672072699449621
503,0.010744353238615832,0.019697980937462358,0.0020482927677935273,0.02148870647723166,0.01688398366068202,0.01575838474996989,0.010172192337185712,0.015827644912490023,0.017124851321802588,0.005627994553560673,0.03453333646680378,0.356317002615452,0.005627994553560673,0.03376796732136404,0.006565993645820787,0.015252430822973468,0.3100557972867344,0.0493333378097197,0.016301777327555056,0.03686997719322191
504,0.009731298697364681,0.406640462537885,0.028500525718898235,0.011083537779571535,0.016625306669357305,0.007528440755935382,0.013300245335485841,0.010783982704447982,0.013300245335485841,0.05059437294244858,0.03990073600645753,0.014250262859449117,0.0032005319466412354,0.01477805037276205,0.007389025186381025,0.30072841273933154,0.007547081957171131,0.008866830223657229,0.021000387371819754,0.014250262859449117
505,0.057337864440366114,0.07510501456814071,0.04506300874088442,0.013303497078316592,0.0250350048560469,0.509735859522194,0.015021002913628144,0.019880739150390188,0.030724778686966648,0.008778508196276187,0.03379725655566332,0.019312718031807608,0.005981815319586428,0.0250350048560469,0.00579558583880935,0.009259522344017347,0.010729287795448674,0.018154189418284027,0.032187863386346015,0.03976147830078037
506,0.27635987873258266,0.01347115034407914,0.005467789627858985,0.016140823295997173,0.021107230463996308,0.4141619274627874,0.017149624751996998,0.01770283845367432,0.021951519682556157,0.006166157214201168,0.01567965691611154,0.018923723864272553,0.005838170128339404,0.01770283845367432,0.006775160395850667,0.07007620292386452,0.006946683443846886,0.007368651611273436,0.017149624751996998,0.0238603474810393
507,0.01507934686371499,0.034920592737024185,0.034920592737024185,0.03128071448842487,0.03317456310017297,0.5001612781908379,0.03317456310017297,0.028847446174063453,0.03902889776490938,0.014744250266743546,0.03317456310017297,0.020105795818286653,0.01300963258830313,0.030158693727429974,0.004705034317676547,0.010531607333388246,0.014116835361775734,0.049859452428384896,0.028847446174063453,0.030158693727429974
508,0.005724298042136313,0.10180115906715966,0.031035673697329996,0.03417496760563082,0.026046946982661974,0.013358219085128667,0.01708748380281541,0.0066791577057037305,0.03819555202982268,0.019259678742435612,0.03246621922534927,0.017549307689377985,0.008774653844688993,0.016649343192486805,0.007639110405964535,0.0075502835407789005,0.07390010065616033,0.4899651289588074,0.03246621922534927,0.01967649650021168
509,0.010051169127177313,0.13691507555435323,0.012609977215006061,0.5010346034578314,0.01842714339982508,0.07597462184046552,0.010051169127177313,0.022875074565300094,0.0072944799055311696,0.0065680907167693335,0.03158938868541441,0.016584429059842566,0.006199786564427127,0.020815680169529394,0.006258275116921722,0.03807264133062228,0.007289858927403327,0.03765060357054655,0.02073053632480321,0.013007395341052993
510,0.01054083517150385,0.03373067254881232,0.039683144175073314,0.008553677740132229,0.04818667506973187,0.509755689204837,0.017297780794262724,0.03212445004648792,0.030664247771647567,0.006746134509762463,0.018739262527117953,0.024093337534865936,0.009241280150359538,0.023262532792284355,0.049433206926444026,0.07252885224329705,0.01204666876743297,0.009832792792648651,0.017592088041904052,0.025946671191394086
511,0.01980243379313952,0.10451284501934743,0.00679701215506468,0.008865668028345233,0.0587612659897764,0.003186099447686568,0.01713672155175535,0.048482427661884396,0.009710017364378114,0.15289068872737485,0.21349498933228542,0.022277738017281952,0.0030434382783871695,0.06600811264379836,0.0035773748184550944,0.06069500986703749,0.02673328562073835,0.004661951084044094,0.07035075163352197,0.09901216896569758
512,0.07481828914601492,0.020791545464451246,0.015993496511116347,0.0071496321402776475,0.027119407127545108,0.4681335231447827,0.014176053725762215,0.018901404967682955,0.014505729393803199,0.006854355647621289,0.029702207806358925,0.014851103903179466,0.053023480603265075,0.020791545464451246,0.06094593230917327,0.10069105407488724,0.008316618185780498,0.013381894632523188,0.016858009836041552,0.01299471591528203
513,0.0021302709225195747,0.003932807856959215,0.0035259656648599863,0.004869190680044743,0.015118554963080535,0.0020450600856187916,0.00255632510702349,0.544464990645454,0.0046478638309518,0.07632361437868056,0.007434349484255631,0.0034084334760313205,0.0010024804341268588,0.003932807856959215,0.0012469878570846294,0.0009229882344337935,0.008996278576948005,0.30409335421692874,0.006340234425658595,0.0030074413023805763
514,0.10446933146017845,0.10980704100044614,0.014226013408964679,0.023306976610720863,0.008870910861937344,0.0016782804333394978,0.007176664590375207,0.011262260615430373,0.0019887022630720283,0.0010924169136889616,0.009793270100374238,0.08258991117982273,0.19488346993526393,0.046206699848777504,0.0006875645305706108,0.15068127995817182,0.1371948111334245,0.030032694974480988,0.004776644310273956,0.05927505587068617
515,0.025085671464030086,0.08309628672459966,0.018314564976123063,0.019077671850128194,0.019077671850128194,0.003920674803100801,0.012374706064948018,0.013179239630644242,0.29328152672303276,0.0057957484101655255,0.01578841808286471,0.010648002893094805,0.006635711947870675,0.0249288860173799,0.3426289869652825,0.011081800017051373,0.008050972888332546,0.010648002893094805,0.019077671850128194,0.05730778394799976
516,0.00509183482960112,0.010501909336052311,0.008001454732230332,0.006858389770483142,0.0036469261826788946,0.0038188761222008403,0.026824208400839274,0.056403704569987174,0.007815374389620324,0.25180638802663996,0.5036520005731558,0.008616951250094203,0.03528312965725209,0.004870450706574985,0.0026912787785145754,0.0038627712500422296,0.004364429853943818,0.02941238045616317,0.011202036625122466,0.015275504488803361
517,0.015781997434928568,0.027287494666539736,0.02407720117635859,0.01402984468610138,0.02923660142843543,0.6150253447287786,0.022124995675572755,0.0389821352379139,0.032744993599847685,0.007579859629594371,0.02407720117635859,0.023389281142748342,0.015159719259188742,0.017796192173830258,0.006590141369923029,0.008898096086915129,0.014884087999930764,0.011120746290713135,0.02640725290310297,0.02480681333321794
518,0.013981247284087645,0.006488729564779632,0.0271552622004756,0.03328868400973248,0.07245404932260525,0.010754805603144343,0.007937988973940066,0.04660415761362547,0.02330207880681274,0.009320831522725097,0.02796249456817529,0.04213951844008963,0.050717834525823687,0.026887014007860855,0.008525150782980271,0.009078732002654315,0.01625726428382284,0.013707105180478083,0.029127598508515925,0.5243094527976707
519,0.0064726567382050165,0.14986587306490204,0.015334992607487509,0.01080419933709347,0.034187545730476505,0.006889634359885692,0.010114569592172613,0.35271686542581976,0.013582422023774651,0.0861891502030206,0.010929805901070552,0.02265126012708545,0.00377289500660407,0.008196289152277806,0.0031905018176651865,0.0033987007829944993,0.00419469816673313,0.23686798492660324,0.011318685019812206,0.009321270016315936
520,0.002972191035494535,0.007227828199952617,0.0053902447592866975,0.010258852928965006,0.012231709261458277,0.0034196176429883355,0.004184532115762042,0.580740499387856,0.005213515422916642,0.23949151152593645,0.08523370769369336,0.003655453342504772,0.0018949557140002747,0.004989296260818131,0.0019043379688497915,0.0023733167223725015,0.0024845659437337125,0.013363654972496471,0.007756693677997931,0.005213515422916642
521,0.03216873964911053,0.0656920949470307,0.0096940024356952,0.4281421043003739,0.013528544514280653,0.025478412666558047,0.0119687460773058,0.013213927199995054,0.0069370754188379305,0.004240290071640204,0.07226130444173373,0.012913610672722441,0.004087761651797031,0.2372103610853266,0.003945825483331856,0.005469162114795364,0.005360366694337616,0.014461653278902292,0.009630489315250634,0.023595527980974286
522,0.07572658727868728,0.02272614088525168,0.16920589204306574,0.15782559813039657,0.004198793470572133,0.08078005244259767,0.017463495369979473,0.005010019163518702,0.05931243049579999,0.011153692298344552,0.016084798367086355,0.05897759401264997,0.0017641989372151824,0.11985869586559127,0.04427077681408348,0.07761553497768654,0.0635563050522483,0.005842942401177541,0.004665326078413482,0.003961125915634088
523,0.002484958672934179,0.003445164205324449,0.0026501263117880373,0.0031319674593858625,0.0027561313642595594,0.0014660273214146592,0.0014354850855518534,0.34489425553036823,0.0026501263117880373,0.24289496465213437,0.051364108276692945,0.0023759753140168618,0.00118003584571765,0.002995794961151695,0.0008321559818623614,0.0008721934697023921,0.0011881738543832135,0.32717159913057153,0.002296776136882966,0.0019139801140691385
524,0.09410818035056176,0.0220434880671738,0.15254349248231827,0.04529270712059123,0.022646353560295613,0.009871487449359626,0.019759705701213857,0.013111182112734395,0.02462801423752521,0.004266481561388476,0.04277644561389171,0.19830710054102407,0.004133154012595088,0.08844319160710044,0.0038336500986389218,0.13874777007137745,0.029423959535030495,0.009447209171645914,0.01763479045373904,0.05898163625179472
525,0.05093685636907838,0.0642774616085989,0.028924857723869508,0.06427746160859889,0.0535645513404991,0.048599650548309,0.032138730804299444,0.013391137835124774,0.05968621435084184,0.0658333144104929,0.0932023193324684,0.0642774616085989,0.001127327836151618,0.0878671877442406,0.06602151437105462,0.06335921215704748,0.04885087082253517,0.009888840247476756,0.00878465740401492,0.07499037187669874
526,0.031548034054066476,0.06453309255459554,0.0013312549119110673,0.024278510912282475,0.08855374367213942,0.002357701820560801,0.029801740658893076,0.2554434913619406,0.021457253274403013,0.07050240361589562,0.02574870392928362,0.04414063530734334,0.0005952081352122887,0.038681442977665285,0.02822524122375502,0.043817975338406354,0.046722669692111286,0.05659596860121884,0.05851978165746278,0.06714514630085296
527,0.02866544366671193,0.08688197191995214,0.08145184867495514,0.08688197191995214,0.013741395403848097,0.037235130822836644,0.10024842913840634,0.010508125897060308,0.013718206092624027,0.020494950222025136,0.01737639438399043,0.08432661980465944,0.13409691166579119,0.04119048108384996,0.026963370595847223,0.06542598257103595,0.04365648950299972,0.012611899149670478,0.01786381402500252,0.0766605634587813
528,0.013394744369991895,0.025061134627726776,0.02219700495598657,0.009699032211175965,0.043160842969973884,0.5855610483055635,0.018067329615337906,0.029880583594597304,0.038844758672976494,0.007847425994540705,0.021580421484986942,0.031075806938381193,0.010089547707266623,0.023542277983622118,0.036168995309142804,0.009474331383652803,0.014940291797298652,0.011223556054912256,0.027746256194983214,0.020444609827882366
529,0.02942382118606813,0.020208441866197434,0.025086341627003714,0.11041272670572672,0.020208441866197434,0.5489738978878171,0.014847018513940971,0.027980919507042606,0.033068359417413984,0.005683624274868029,0.015156331399648074,0.026944589154929918,0.0061134782116227535,0.018653946338028398,0.004066770567894744,0.029528905124551284,0.009448102690689708,0.007407347600575827,0.015156331399648074,0.03163060466013511
530,0.08248093518181465,0.08553578463299301,0.009333329405398449,0.0031156702258970516,0.020995147137189196,0.0028333321409245286,0.08426430675331338,0.007212118176898801,0.1189954365118336,0.1373734196304017,0.18099434524520072,0.06818228540892375,0.0014041292025820677,0.037251062267911285,0.06457508461535263,0.033358956006867266,0.0016012700609196859,0.0034492739106907304,0.007555552375798744,0.049488561109088815
531,0.009780035799065964,0.027710101430686893,0.02168616633705931,0.027710101430686893,0.01847340095379127,0.008313030429206069,0.017199373301805664,0.20734724512651537,0.020782576073015174,0.128770998760277,0.37480253911985084,0.019951273030094568,0.006082705192102002,0.012789277583393953,0.0044935299617330105,0.008176751241842035,0.04052050955299201,0.003271920086457909,0.02493909128761821,0.017199373301805664
532,0.011518497855233132,0.004244796125857194,0.039140422878221434,0.032395775217843176,0.02608714412216205,0.009779856669537563,0.22415288767465186,0.03455549356569939,0.04712112758959008,0.009093550938341943,0.023560563794795035,0.023560563794795035,0.005957843718224033,0.04319436695712423,0.007300456387119588,0.006116844277458448,0.00996793083625944,0.015245070690749733,0.03702374310610649,0.38998306380023007
533,0.5197339590480474,0.020257028202227256,0.027549558355029063,0.02289120505621749,0.014654020401611208,0.01147898264792878,0.012083139629398715,0.022217385770184735,0.020257028202227256,0.005554346442546184,0.022217385770184735,0.017659973304505815,0.003663505100402801,0.016398546639898256,0.005217719385422172,0.2111935082662453,0.003239410338052502,0.010550356003841055,0.019678255967877905,0.013504685468151506
534,0.01698389580273134,0.03368377870059304,0.5332894675239092,0.012096539935032208,0.01571909672694342,0.1215214861616077,0.016450217504940787,0.017252667139328142,0.028294374108498152,0.005483405834980261,0.030754754465758868,0.05331869552216744,0.006150950893151772,0.027206128950478997,0.00842094467514826,0.0077731797001368555,0.010402343422241967,0.017252667139328142,0.016076348925283042,0.02186905686774024
535,0.020650285286886536,0.02513696508203259,0.6076984354574779,0.022588995886719435,0.036562858301138305,0.002620528838332032,0.013214803327431374,0.018281429150569156,0.028727960093751535,0.007734450794471569,0.0383039467916687,0.06733299090423954,0.005745592018750307,0.0383039467916687,0.008207988598214725,0.005471992398809815,0.007660789358333744,0.010198866202355453,0.020625202118590848,0.014931972598557709
536,0.0032443702540170187,0.027833273624091742,0.02412217047421284,0.021929245885648038,0.032893868828472055,0.015731850309269244,0.015731850309269244,0.10755872481111124,0.03146370061853849,0.006892048706917954,0.01904381879543119,0.02364327317616072,0.004804969051413083,0.021284268065481914,0.006238492364020563,0.016091764923466197,0.5456904428324287,0.014189512043654614,0.04256853613096384,0.01904381879543119
537,0.5479951916313733,0.01650877886576313,0.017512047366916066,0.025047802417019926,0.030266094587232402,0.0069932378293801395,0.01729491119270423,0.03158201174319903,0.022699570940424303,0.007412104796873244,0.027937933465137607,0.018625288976758404,0.006316402348639807,0.029055450803743107,0.007263862700935778,0.004988593810071603,0.09760640156342126,0.03620680280278294,0.01963206135388048,0.029055450803743107
538,0.7962260525896225,0.004292065214332249,0.0009764969890508389,0.002694130120781716,0.0035280275391189144,0.11166943044976711,0.0013848332396541533,0.0028495607046729694,0.004779908278806272,0.0009559816557612542,0.0036140769912925462,0.0019496994295130844,0.0007089816107320307,0.002279648563738375,0.04371355221600388,0.0066077087275280555,0.0011576340362733938,0.005303966901393902,0.003221242535717269,0.0020870022062393578
539,0.012121496375854884,0.02163161058265379,0.04465814454262326,0.03394018985239367,0.023569576286384494,0.011706180827015135,0.01697009492619684,0.03535436442957674,0.022329072271311628,0.005709507006804485,0.024956021950289464,0.028283491543661395,0.004962016060291474,0.01928419877976913,0.002891564534744521,0.005619236730528754,0.008747471611441668,0.012664249944923014,0.6396454897932461,0.024956021950289464
540,0.004561364967983719,0.019190086698139524,0.5512078515091772,0.02288151690627456,0.020834951272265773,0.07103552975217838,0.0065773099636634086,0.025145630845838,0.056094099579177076,0.006026638797762826,0.048614886301953465,0.005322825138809079,0.0029523210304830036,0.03472491878710962,0.009115291181616275,0.004861488630195346,0.004960702683872802,0.035290132566479476,0.029168931781172077,0.04143352160584859
541,0.053003488538924816,0.03745274105983358,0.02592882073373094,0.03210234947985736,0.02696597356308018,0.011051628509459092,0.01532157588811374,0.006968307475337774,0.05185764146746188,0.007931168695023581,0.023246528933689812,0.01473885355172966,0.0037299480609777045,0.08426866738462557,0.009770280276478326,0.007259080142956073,0.507817131724978,0.013482986781540094,0.04213433369231278,0.024968494039889055
542,0.005939740088370446,0.019592778362697065,0.015211529494607239,0.016856019169699914,0.016856019169699914,0.004271730885471896,0.0035007703486492933,0.02078909030929656,0.3159673406533867,0.0037074737285490746,0.01599160793022812,0.013859393539531039,0.0026652679883713533,0.016412439717865705,0.47069873859165867,0.006592024043134733,0.005330535976742707,0.009594964758136872,0.01834331497879108,0.017819220265111336
543,0.01040132663424936,0.030553896988107492,0.037604796293055374,0.04888623518097199,0.030405245796300592,0.008014136914913442,0.012221558795243,0.367471487944367,0.02444311759048599,0.009536473246106344,0.035247918132441165,0.01693366725429786,0.014378304464991764,0.0195544940723888,0.005619107492065746,0.02273394261587224,0.0208785647701972,0.23413810089261022,0.02875660892998352,0.022221015991350904
544,0.0033396275885759414,0.01879548086963743,0.008552704800011557,0.010958153025014806,0.01131164183227335,0.04035851523331608,0.11687175514261723,0.009482252728482429,0.007792464373343861,0.002761109423625778,0.012523603457159778,0.0035643851857714063,0.0022193727645599608,0.008991305046165994,0.0020781313647534293,0.2628670106981681,0.453052061661866,0.005748539291811045,0.009740580466679827,0.008991305046165994
545,0.04646427319805812,0.0312181835549453,0.0042981421476900716,0.005373566387228717,0.008135769065270491,0.0021903993637266707,0.010741740578045694,0.08016521209171142,0.17208071065163577,0.016546283623325046,0.0650905240253105,0.002109273461366424,0.0010546367306832121,0.04371803266850148,0.30740780193787254,0.11170050487170301,0.060439227886248066,0.023183123652617606,0.00361589736234244,0.004466696741717134
546,0.040283098015490314,0.023778519978814326,0.010631678400290799,0.006996874906809275,0.2912827212951081,0.003466919998869461,0.055566074896176335,0.00557721912861609,0.005131041598326803,0.021550021876285803,0.010767981969525295,0.004050822314468528,0.0013646387229592563,0.004810351498431377,0.0019836501024459293,0.0015119346595799572,0.0027719557545312643,0.01233532182791852,0.2689884123367692,0.2271507607185835
