site,A,C,D,E,F,G,H,I,K,L,M,N,P,Q,R,S,T,V,W,Y
451,0.014600711166675964,0.44606061851795387,0.02600751676564156,0.028697949534501038,0.07342587162101727,0.009180485892473757,0.041612026825026495,0.08322405365005299,0.06401850280773308,0.014105771805093726,0.03467668902085541,0.03467668902085541,0.012238831419125441,0.03467668902085541,0.004267766568815188,0.011148468080188562,0.023778301042872287,0.014348974767250517,0.014133666771747534,0.01512041570126462
452,0.02198076148107479,0.031053837775452686,0.031053837775452686,0.018332961025980116,0.03387691393685749,0.0037250637685128244,0.023290378331589524,0.2012997001417331,0.024041680858414995,0.005108786401682902,0.05783493118245749,0.04384071215358027,0.008101001158813747,0.02258460929123832,0.0056892527222203405,0.007845180069588049,0.01035127925848423,0.4059961758183086,0.02070255851696846,0.023290378331589524
453,0.017664595781623257,0.00804113498608625,0.018467475925510683,0.030770586200246964,0.035590425575646706,0.008441488249625274,0.008386157761863916,0.03815552688830624,0.05020464064250821,0.011492628580815132,0.05299378734486978,0.03454577611584533,0.02029549302569481,0.04542324629560267,0.010482287606677538,0.01110668981625381,0.0476944086103828,0.012388158080618905,0.02649689367243489,0.5113585988393868
454,0.01734724278080263,0.029658189270404502,0.008395080549430533,0.030646795579417987,0.0399740811905452,0.011787229069006916,0.044025861964575995,0.03318638544027005,0.03405199508824221,0.012258718231767194,0.03405199508824221,0.533308360011013,0.012424376586250535,0.0437811365420257,0.013134340962607708,0.0037760010941944623,0.01965168896521134,0.013520645108566758,0.03536168720702075,0.029658189270404502
455,0.012668623002272466,0.02414956259808189,0.04293255572992336,0.02759950011209359,0.03091144012554482,0.007290433991873779,0.023417757670867293,0.18702898929287023,0.05191889994241813,0.007651346565728917,0.42799877137136455,0.032199416797442516,0.012464290373203556,0.03512663650630093,0.008309526915469038,0.008586511145984674,0.006943268231457537,0.0034300305376909783,0.017173022291969348,0.032199416797442516
456,0.01239517533009594,0.0280039146346612,0.04447680559622661,0.02439050629470492,0.06300880792798771,0.009819554482283796,0.05816197654891173,0.04130542196826078,0.06461184505838893,0.009847941130826264,0.4564558039743734,0.05400754965256089,0.013265012195365833,0.03150440396399385,0.010373382088850108,0.010801509930512175,0.006000433747808739,0.00496311198808052,0.02223840279811331,0.03436844068799329
457,0.012707667075195534,0.020332267320312854,0.03253162771250057,0.01305802693335086,0.023920314494485714,0.5053122234058197,0.026235183639113365,0.040664534640625714,0.02198082953547336,0.00774562564583347,0.03128041126201978,0.04784062898897143,0.011295704066840476,0.0369677587642052,0.006359857558152261,0.010701193326480453,0.013332634308401873,0.06621007450749992,0.017304057293883283,0.05421937952083429
458,0.009508629593958545,0.02197549950603753,0.0329632492590563,0.009841317499555512,0.01676097419952015,0.00890898628623143,0.022997615762132297,0.02075033335489049,0.5661390445431922,0.008240812314764074,0.027469374382546905,0.024864602735052366,0.009600946386132903,0.04572054309015961,0.05323093962597253,0.00882944176581865,0.06316197710788408,0.009791064136353354,0.012517689592046693,0.026726958858694288
459,0.011799051462621325,0.02484010834236068,0.03775696468038824,0.01685578780374475,0.03146413723365687,0.002184887544268107,0.0337115756074895,0.07877744581668716,0.06713932900101321,0.009439241170097059,0.02776247402969723,0.03146413723365687,0.009631878744997,0.028603761121506237,0.5129235004870997,0.006930611284954176,0.012585654893462746,0.011799051462621325,0.013881237014848618,0.030449165064829226
460,0.009500764870116784,0.021745784206945416,0.14655864112480724,0.38107168048348605,0.031200472992573856,0.0028504318539198264,0.029900453284549943,0.021745784206945416,0.15618135338106762,0.010107195476467587,0.020503167966548535,0.03261867631041812,0.011212669981706228,0.02760041841650764,0.010251583983274267,0.00815466907760453,0.01594690841842664,0.008084303211879683,0.018884496811294702,0.03588054394145993
461,0.011599018770133477,0.022632231746601908,0.0331400536289528,0.0051704749807349034,0.016570026814476398,0.006822952217725574,0.01933169795022246,0.01855843003221356,0.4584773862007712,0.005872920896270115,0.01561751454019199,0.2591036720326473,0.011046684542984263,0.013740399551730138,0.040793613292798445,0.006976853395569008,0.010737913261855475,0.008068882622701548,0.013645904435451148,0.022093369085968526
462,0.014337015126289236,0.021817196931309703,0.038599656109240245,0.00878699865757664,0.02867403025257847,0.013961356850168522,0.024477830703420647,0.03041185026788626,0.5352523780593473,0.008803430340703916,0.01514249259875677,0.05002583340188741,0.012390013072101805,0.022869444827896532,0.10329061591768195,0.00802872847072197,0.011028473174068642,0.011806953633414663,0.015205925133943126,0.02508977647100616
463,0.04971690246222221,0.01340886901382594,0.003911797487910176,0.04550888877419712,0.00594013692608582,0.0025457729683224946,0.006845662387615705,0.15017933295485053,0.006883309751322358,0.08988158297794054,0.21077801116470252,0.009626880317618623,0.17368989888039202,0.08476431701149977,0.006425336760467399,0.011526922485569668,0.020185394214361628,0.0730038424086079,0.01014725222667909,0.02502988882580842
464,0.01150787892187086,0.036024664451074,0.028571285599127656,0.08727240598960327,0.02436962595219712,0.44096311119892545,0.039455584874985815,0.033142691294988084,0.033142691294988084,0.008044342547327204,0.025108099465900067,0.03766214919885009,0.01762909111435536,0.04603151568748344,0.006655870230142253,0.016571345647494042,0.0159339861995135,0.009346640933694425,0.018831074599425044,0.063735944798054
465,0.018144838788585707,0.058409244322477086,0.03636083310213477,0.4020806715837143,0.054237155442300136,0.0024950579943273593,0.0379660088096101,0.04218445423290011,0.017725099730662074,0.014888630905729451,0.04745751101201262,0.058409244322477086,0.028122969488600075,0.04218445423290011,0.014061484744300037,0.017257276731640955,0.03037280704768808,0.01275489699696979,0.03037280704768808,0.0345145534632819
466,0.015416246829897695,0.018524778695171787,0.02239026325294665,0.03358539487941997,0.49900813059653504,0.008322044748882826,0.026868315903535975,0.02849669868556846,0.0447805265058933,0.0835922765952749,0.03761564226495037,0.024747133069046294,0.012707987251672425,0.03358539487941997,0.008322044748882826,0.018297029079940286,0.014248349342784232,0.009310802540829301,0.039737656289700635,0.020443283839646942
467,0.0157321300462847,0.039330325115711766,0.0655505418595196,0.012862892154573872,0.03745745249115406,0.41902655424705165,0.03420028270931458,0.04916290639463971,0.032775270929759806,0.009711191386595494,0.03745745249115406,0.04627097072436678,0.01918552444668866,0.03420028270931458,0.013215122967027908,0.012485817497051351,0.021850180619839867,0.006853951696208644,0.027120607654223233,0.0655505418595196
468,0.010406720063443758,0.022623304485747297,0.04336133359768234,0.004883918606728027,0.0260168001586094,0.007328676101016732,0.03380930667506409,0.034689066878145866,0.2751281234345971,0.01448970286074175,0.036882880009160825,0.022167189187998072,0.010006461599465152,0.06599772680801472,0.10513612390011841,0.07438047468514099,0.0927340983087472,0.05338311580273277,0.019271703821192143,0.04730327301565345
469,0.496625097177456,0.020667114333011345,0.025135679594202986,0.07539494959140916,0.029063129530797205,0.00845472859077737,0.027353533676044425,0.02447421434172396,0.034445190555018906,0.00939414287864152,0.025833892916264183,0.03875083937439627,0.010333557166505676,0.032069660171914156,0.011205061987777234,0.04262366790574023,0.008180699646925268,0.04511908512443731,0.015500335749758508,0.019375419687198137
470,0.013318393489790496,0.0184408525243253,0.020846181114454687,0.005596210792142074,0.016823233881840625,0.011088628758283536,0.017757857986387328,0.019757986786979483,0.5115777264458764,0.00507367371039638,0.01431230345171516,0.059855120375374736,0.007156151725857579,0.012999411050361785,0.21238546316242543,0.005956051746987053,0.00923077751348481,0.0065679748716775035,0.012453562743700203,0.01880243786793952
471,0.01382475114596071,0.01931207444878244,0.08342164576501895,0.04044457798373803,0.05515169725055185,0.322084482245572,0.031929929987161605,0.04666682075046696,0.12133373395121409,0.013481525994579345,0.06740762997289672,0.043333476411147896,0.00758335837195088,0.022469209990965577,0.009629661424699532,0.008255821901110549,0.0144444921370493,0.014224895650411726,0.02166673820557395,0.043333476411147896
472,0.014671036260988772,0.027644992607956078,0.026674611383615952,0.023790869612414223,0.06771247505071742,0.0033231606137938117,0.03827226850692724,0.05752905618701704,0.035210487026373055,0.013542495010143483,0.040011917075423925,0.010280752651338983,0.01143197630726398,0.04191724645996792,0.03353351603521824,0.45274699514896394,0.012077655748105775,0.012945031994990095,0.030353868126183663,0.046329588192596124
473,0.011353083237530119,0.005428147251692751,0.03667919199817424,0.029801843498516566,0.03973579133135543,0.005960368699703313,0.015367693453991128,0.03973579133135543,0.03973579133135543,0.009742800901590049,0.043348135997842284,0.04541233295012048,0.010379006917403653,0.04768294959762651,0.5099410737873358,0.007679392601631604,0.014671676799269692,0.012548144630954343,0.018699195920637846,0.05609758776191354
474,0.48081421036265304,0.0717789516792711,0.0499787435247206,0.02315783221164893,0.02007012125009574,0.009407869335982377,0.02202818185986118,0.036126218250172336,0.04300740267877659,0.008210504147766438,0.030105181875143616,0.01921607353732571,0.010069356471975328,0.032255552009082436,0.009407869335982377,0.02369941603897187,0.04741985262365038,0.005773133772555034,0.027368347159221464,0.030105181875143616
475,0.014523809407420527,0.029516128795725585,0.03267857116669619,0.03812499969447888,0.03049999975558311,0.013656716308470047,0.022317072991890077,0.48781206311079933,0.05382352898044078,0.00927539989637486,0.0351923074102882,0.07590895190234988,0.011024096297198714,0.03812499969447888,0.010764705796088155,0.009566322747969173,0.0050787717816930976,0.0062263874060581705,0.048157894350920695,0.02772727250507555
476,0.01412776470319807,0.010833361940923483,0.023546274505330117,0.02239767574897255,0.03061015685692915,0.005477525734627685,0.02550846404744096,0.04833182661620392,0.023546274505330117,0.056357652430849545,0.018366094114157492,0.06559319326484819,0.010677961694277609,0.018740912361385195,0.07602130438356547,0.0067522404831461364,0.013308763850838762,0.009275805108160349,0.49269933232533425,0.027827415324481044
477,0.008423481955423015,0.017282307419780648,0.011041591211838276,0.011841706517043948,0.2727398678218882,0.005558352038612466,0.03814138365241821,0.019928725601854453,0.03713989771254694,0.005558352038612466,0.035525119551131856,0.019985864475138008,0.006752708675008532,0.02635734676374299,0.008337528057918698,0.00552517159919795,0.009078641663067027,0.006983570510051561,0.017762559775565925,0.43603582295915877
478,0.010947425766468082,0.02216853717709787,0.0239659861374031,0.02216853717709787,0.025335471059540423,0.013855335735686166,0.01477902478473191,0.010123106999094486,0.019705366379642552,0.008069898058657519,0.47234691810150153,0.02771067147137234,0.00852636045272995,0.022736961207279867,0.006431133457597771,0.00813524300076986,0.24149824236683765,0.005251981789648608,0.014075261699744678,0.02216853717709787
479,0.01896726045184928,0.05092988863538686,0.02924119319660098,0.03341850651040111,0.03508943183592116,0.05716975940847936,0.03341850651040111,0.03189948348720106,0.03189948348720106,0.06106912682988461,0.02924119319660098,0.03189948348720106,0.013241295032423082,0.07017886367184233,0.028217364412794342,0.00877235795898029,0.017116796017522518,0.01949412879773398,0.3727437053412629,0.02599217173031198
480,0.01794487658725015,0.0717795063490006,0.03987750352722255,0.059816255290833835,0.030203507917041406,0.01840500162794887,0.027607502441923306,0.05521500488384661,0.03262704834045482,0.3806004848661678,0.0341807173090479,0.028711802539600238,0.01723728990595015,0.037778687552105575,0.015951001410889024,0.005586637788461379,0.016692908453255956,0.019280546114856228,0.03923264113057164,0.051271075963571854
481,0.022636211363861528,0.06948594721847817,0.030573816776130396,0.015431006249764697,0.03184772580846917,0.4038919285080674,0.025478180646775327,0.040228706284382104,0.040228706284382104,0.015923862904234587,0.03184772580846917,0.038217270970162996,0.00721080584342698,0.04496149525901529,0.006851224964507369,0.015923862904234587,0.013178369300056208,0.04735520289932768,0.050956361293550655,0.04777158871270375
482,0.31186765971282,0.03938998170175129,0.01646612485174767,0.03282498475145941,0.03282498475145941,0.015968911500709986,0.02188332316763961,0.0492374771271891,0.06564996950291882,0.009847495425437822,0.034755866207427606,0.031097353975066813,0.008563039500380714,0.031097353975066813,0.009232026961347957,0.18458672651838381,0.042043128880778324,0.005219868173360879,0.03282498475145941,0.024618738563594558
483,0.010503944267192452,0.03326249017944276,0.0544295293845427,0.028510705868093792,0.023948992929198783,0.13427624607774083,0.015755916400788675,0.19110444653750006,0.024355356819467055,0.009355075362968276,0.01663124508972138,0.018710150725936552,0.011974496464599395,0.02494686763458207,0.31701110573137103,0.010018696325335875,0.01301575702673847,0.014968120580749244,0.018710150725936552,0.028510705868093792
484,0.021332439499364902,0.022666046401101595,0.034907628271688015,0.04041935905142823,0.40273252812624344,0.01873092248724723,0.034907628271688015,0.04041935905142823,0.05119785479847576,0.014592064958415212,0.04041935905142823,0.05485484442693831,0.01828494814231277,0.03338990530335375,0.010377943540231572,0.032263185444302414,0.021332439499364902,0.017453814135844008,0.03656989628462554,0.05314783325451798
485,0.018908565860826863,0.029938562612975866,0.029938562612975866,0.05132325019367291,0.14313928109147328,0.014370510054228413,0.05132325019367291,0.039918083483967824,0.05132325019367291,0.1898462357518847,0.037699512578249716,0.027635596258131574,0.021133103020924138,0.0326602501232464,0.009454282930413432,0.005448028878406783,0.025661625096836456,0.016506580724926077,0.02414009266165858,0.17963137567785523
486,0.04187959726394558,0.06335972167394048,0.03167986083697024,0.3324177440368065,0.06335972167394048,0.004923451374200564,0.027547705075626296,0.048738247441492674,0.06769753564188062,0.02184817988756568,0.02262847202640731,0.03017129603520975,0.020438619894819505,0.03543046444911913,0.011314236013203655,0.012930555443661321,0.01919991565876984,0.017715232224559563,0.02111990722464682,0.10559953612323411
487,0.019188497927692748,0.028454693833251533,0.026863897098769844,0.07675399171077099,0.283524780297738,0.02558466390359033,0.021491117679015882,0.04477316183128307,0.04132907245964591,0.1123886048075978,0.038376995855385496,0.06715974274692461,0.011939509821675486,0.04884344927049062,0.02238658091564154,0.03395913796801108,0.024421724635245317,0.01507276109995273,0.024421724635245317,0.03306589150207176
488,0.012162385478415763,0.08084358838609561,0.020208348779019236,0.25667821854861606,0.12126538257914336,0.07773519309126348,0.028533031195092564,0.0538957255907304,0.012273831507500778,0.01616871767721912,0.060632691289571695,0.017323626082734772,0.018656212704483595,0.04409650275605215,0.014698834252017382,0.01616871767721912,0.00795182836584547,0.01576707289683168,0.04409650275605215,0.08084358838609561
489,0.3388174283508295,0.08854469250367299,0.03255638007042596,0.04302020756427424,0.04963870103570105,0.017925086485114265,0.020816229466584305,0.03795900667435963,0.033963321761269136,0.010578739564985468,0.033963321761269136,0.03585017297022853,0.010082861147876775,0.026887629727671402,0.008604041512854849,0.13378041687542658,0.007234507541031266,0.014229184779807098,0.030728719688767312,0.02481935051785052
490,0.01361218454482773,0.0392351201586211,0.047642645906897055,0.047642645906897055,0.023552798540861293,0.012584849862199222,0.01804745013163114,0.13542615389071824,0.04168731516853491,0.35153310032987406,0.03510510751034519,0.05130746482281221,0.0036343078976276972,0.03334985213482793,0.011372657024245893,0.014822156504367972,0.013078373386207032,0.020212031596865417,0.04168731516853491,0.044466469513103915
491,0.01869570267284316,0.16202942316464072,0.054009807721546906,0.017535147567135746,0.06076103368674027,0.2560584977259753,0.04050735579116018,0.054009807721546906,0.03240588463292814,0.014296713808644772,0.030380516843370134,0.02558359313125906,0.01620294231646407,0.04860882694939221,0.004944575807127653,0.012152206737348055,0.01620294231646407,0.06472714877088215,0.030380516843370134,0.04050735579116018
492,0.016105356587156738,0.044864921921365195,0.05710080971810116,0.044864921921365195,0.32920696674944905,0.04187392712660752,0.021658927824107336,0.04875736455185735,0.07851361336238909,0.08581109514099444,0.044864921921365195,0.02512435627596451,0.006039508720183776,0.02512435627596451,0.009969982649192266,0.005756327539475611,0.0074774869868942,0.021019402244658106,0.04187392712660752,0.04399182535630124
493,0.01929274965917345,0.03710144165225663,0.030144921342458515,0.03710144165225663,0.33451641237759794,0.02009661422830567,0.022967559118063627,0.04327802465507426,0.026795485637740903,0.25115734609032925,0.017596328375017675,0.03710144165225663,0.012367147217418877,0.016077291382644535,0.011763871743398442,0.006025146202743118,0.012367147217418877,0.01124757029262129,0.018550720826128315,0.03445133867709544
494,0.01853172700071675,0.035637936539839904,0.004520256320935764,0.05147701944643543,0.035637936539839904,0.024383851316732572,0.017309408455588062,0.05556327618584981,0.03662948464243327,0.01597562672475582,0.07721552916965314,0.2441735320590387,0.01129983353702241,0.1544310583393063,0.0272525397069364,0.005119343883183245,0.029615604479283887,0.0661847392882741,0.05791164687723985,0.031129649486934665
495,0.014103445154958687,0.031393664114547616,0.017884876434443864,0.41569567567275995,0.03924208014318451,0.023327764859386545,0.03737340966017573,0.046167153109628836,0.011618145635539869,0.010900577817551252,0.031393664114547616,0.01669875750773809,0.010900577817551252,0.1748757266991923,0.009126065149577794,0.013080693381061508,0.011541788277407209,0.014300274154977846,0.02906820751347001,0.041307452782299484
496,0.01656304230903559,0.03949180321303999,0.3126932486408233,0.07781573064917982,0.03484570871738823,0.002554430152161079,0.013776210423153485,0.025755523834591298,0.045567465245815376,0.009402810288819044,0.0658196720217333,0.12424581169111637,0.009711099150747539,0.07404713102444997,0.01161523623912941,0.010213397382682754,0.016454918005433333,0.06703475094637987,0.02820843086645714,0.014183579197863238
497,0.026094794331318723,0.05032567478182896,0.044034965434100334,0.05871328724546711,0.07045594469456054,0.025162837390914482,0.37178649026829486,0.022727724095019535,0.04993786001951281,0.02373801460791618,0.02818237787782422,0.03746363835026339,0.010878697046457463,0.029501040051044324,0.0522168397065041,0.01258141869545724,0.014990626530757563,0.021350286271078957,0.044034965434100334,0.005822517167578841
498,0.018920523230201627,0.09081790980523051,0.030011864434112922,0.041444955647108324,0.026374062684523476,0.012433486694132497,0.030011864434112922,0.028075615115783055,0.04351720342946374,0.03661269670856153,0.024866973388264994,0.027198252143414835,0.013599126071707416,0.03956109402678522,0.00873562735324832,0.0073209955378913385,0.013599126071707416,0.017406881371785497,0.4594798774178516,0.030011864434112922
499,0.014779170263209579,0.03390515530971609,0.022168755394814364,0.01921292134217245,0.028819382013258676,0.011527752805303472,0.016010767785143713,0.006611129574554078,0.014580948097294585,0.38506651002472014,0.2988642864684259,0.014779170263209579,0.00748555376967758,0.012008075838857784,0.0076972226589098035,0.011084377697407185,0.050851869375139185,0.0039378221176849856,0.026199438193871532,0.014409691006629338
500,0.08408586233302973,0.137799817355104,0.036950354250461365,0.11048118310657065,0.003753686780999248,0.05706773361603785,0.05324523096960892,0.004010063996203699,0.10029381867982365,0.004484493056946005,0.05824686384309178,0.05818214510548836,0.0011397023989210516,0.07146442140748571,0.011876687284808948,0.07527822508403342,0.06418804395508715,0.06062468097783534,0.003733507858534479,0.0030934779399285684
501,0.016749983760229677,0.018611093066921863,0.02392854822889954,0.03506775969147067,0.02392854822889954,0.0036714693672840956,0.027016102839080125,0.0835587003400971,0.1397744163119639,0.008210776353053765,0.027016102839080125,0.02537876327307527,0.007037808302617511,0.02887928234522358,0.4391287753114822,0.008321159234799525,0.01213766939147078,0.019034072454806455,0.027916639600382792,0.024632329059161285
502,0.09502754046212306,0.05519999456248469,0.08981606912183157,0.10304739201258047,0.01479305065198101,0.010281163251631496,0.09144800025513038,0.05944614799036813,0.003448494607089576,0.029760650574191888,0.021837360486257677,0.04997395957432046,0.0428757931498474,0.12187364130370935,0.02320219551664879,0.0855463571342388,0.05556611228734969,0.015116302044658672,0.008924622266720647,0.02281515274683638
503,0.08685219675490957,0.10753129122036424,0.04940420519599342,0.017233242407512665,0.01340363298362096,0.012479244501991928,0.04982207470181029,0.012979438460973233,0.014110602817217759,0.004639719109714948,0.14943686794594735,0.19210542823751003,0.004467877661206988,0.027838314658289693,0.005026362368857861,0.003414972254914256,0.14183073951351255,0.04635167371326253,0.012479244501991928,0.04859287099039784
504,0.01013760910504922,0.4370934603841407,0.036651355995177944,0.013613360798208952,0.020715983823361445,0.009529352558746268,0.018325677997588972,0.013613360798208952,0.01642991820473494,0.004975079849325603,0.04764676279373133,0.019058705117492535,0.004057465177323112,0.019058705117492535,0.00898995524410025,0.253349552347811,0.012408340271987063,0.01162116165700764,0.025077243575648066,0.017646949182863452
505,0.05043982825353236,0.08409914984072421,0.050459489904434524,0.029935848592793284,0.028033049946908067,0.40323665110192974,0.018460788989427265,0.024415882211823156,0.0360424927888818,0.04791151553922608,0.03784461742832589,0.02365288589270368,0.0068808395324228885,0.029111244175635303,0.006931804009643771,0.010660455613612927,0.012207941105911578,0.013102860824259117,0.0420495749203621,0.044523079327442226
506,0.1843851123878885,0.04324989814112079,0.008497078536215053,0.029253245466128983,0.030378370291749317,0.42114152274894057,0.02468242586204632,0.026327920919516076,0.0343407664167601,0.00975108182204299,0.025478633147918785,0.028208486699481516,0.008975427586198662,0.025478633147918785,0.010257631527084185,0.007137638731688991,0.010673481453857867,0.01119850890660175,0.02468242586204632,0.03590171034479465
507,0.0187833270039103,0.04487128117600794,0.04250963479832332,0.01147944355974811,0.03846109815086396,0.4295232528322792,0.04250963479832332,0.03511665483339752,0.05048019132300894,0.01794851247040318,0.04487128117600794,0.025240095661504466,0.01682673044100298,0.03846109815086396,0.006283665219441386,0.013461384352802384,0.018356433208366888,0.03298675959361295,0.03511665483339752,0.036712866416733776
508,0.010956338199262599,0.18916542726897068,0.0302858476927961,0.04275649086041802,0.020456073768729308,0.0204750811484242,0.019127903805976485,0.008111161466692903,0.04275649086041802,0.009822437089555491,0.03825580761195297,0.020767438417917325,0.009956991022289129,0.01817150861567766,0.008973584501569215,0.008757353549724173,0.05536549090799141,0.3874694849309727,0.03634301723135532,0.022026071049306255
509,0.019599837695312754,0.08207828333574838,0.018906428975964316,0.4900572062250917,0.028742661336209105,0.03904527144356182,0.014834921979978892,0.0353755831830266,0.05003563077558778,0.00929055719958274,0.04598825813793457,0.02554903229885254,0.009106585769888034,0.031844782565433674,0.008929758861734867,0.014962187066412462,0.010572013365042428,0.015651443418694354,0.03065883875862305,0.018770717607320235
510,0.05292025261715315,0.035597300338023025,0.04187917686826239,0.06257834173677974,0.05085328619717575,0.37996896159492605,0.018735421230538438,0.03390219079811717,0.035597300338023025,0.0073396495542315515,0.022248312711264394,0.026368370620757794,0.010787060708491825,0.025426643098587876,0.005641593228747549,0.0966369830400188,0.013432943523782274,0.010844654187165684,0.03957714065960117,0.02966441694835252
511,0.006018129235702083,0.04846912416939672,0.014425334574225212,0.011762707142508618,0.07803101848990246,0.004173863824761123,0.0055059480241529705,0.011762707142508618,0.012938977856759478,0.13602563060005698,0.050488671009788245,0.012938977856759478,0.004107612018018883,0.10874482986723626,0.021638001861337824,0.11665828273494482,0.03141517307275715,0.006347820082701907,0.21163000476869412,0.10691718566778691
512,0.07393158400094901,0.027973501726511227,0.02272847015279038,0.013782689734776145,0.03305959294951327,0.37938183730836106,0.018182776122232302,0.022039728633008855,0.017316929640221242,0.008457105173131306,0.034633859280442485,0.018182776122232302,0.085333402264651,0.024243701496309736,0.024886482629190503,0.10379082830780992,0.010540739781004234,0.044591211444393146,0.020780315568265487,0.01616246766420649
513,0.008026174827046853,0.004942533163527275,0.004412976038863639,0.00650333310990431,0.01171922227427917,0.0026861593280039535,0.00987836901790382,0.3383292143711833,0.006864629393787883,0.06363318511247565,0.05727727405107774,0.004412976038863639,0.006019631120285141,0.018521941908569664,0.0016047185595867777,0.001175355624580849,0.03629226878316838,0.4098369163349168,0.0037443433057024805,0.0041187776362727295
514,0.11579012838342442,0.15265862697317145,0.021602635892429927,0.012344363367102817,0.009224981538315725,0.006172181683551407,0.0073106357746365565,0.010165946302319968,0.0025340868807766956,0.001254427187744022,0.017282108713943943,0.05661380440774739,0.17620436447768872,0.02906798108788842,0.0033192679113087597,0.1440996504277117,0.1001265028665006,0.04320527178485985,0.004612490769157864,0.08641054356971971
515,0.01737841708488189,0.0426804544285817,0.02048661812571921,0.021340227214290845,0.03330863274602362,0.005233288581352671,0.016521466230418717,0.04919136368127792,0.3547603402787531,0.006739019120302372,0.018969090857147416,0.012804136328574505,0.0075318448991614755,0.022205755164015746,0.2715250006798946,0.03139522951693562,0.014565292227429695,0.012804136328574505,0.02226806318012958,0.01829162332653501
516,0.00664511126039226,0.012484754489221822,0.010299922453608003,0.00915548662542934,0.06623288162070659,0.005215150609421775,0.035274403557953776,0.05407618845892018,0.010048704832788295,0.21581573198656814,0.4633102211651196,0.010842023635376846,0.01529099631348931,0.006338413817604927,0.003617680406516384,0.005215150609421775,0.005493291975257604,0.027700694535734337,0.015259144375715563,0.0216840472707537
517,0.01903748495563979,0.033403916590538284,0.03124882519760033,0.018331820924891926,0.03459691361162894,0.5036232386199405,0.02767753088930315,0.04843567905628052,0.03874854324502441,0.009497191971819708,0.028491575915459127,0.02935495700380637,0.01827761473821906,0.02421783952814026,0.008909528427956096,0.01113463886351276,0.019374271622512203,0.029792690028497243,0.03459691361162894,0.03124882519760033
518,0.00934800761679232,0.016855818705319818,0.07206394446072913,0.020031444893126395,0.10063611773447173,0.030777907895158486,0.005019584391177971,0.028044022850376955,0.015023583669844798,0.005684599226427761,0.01828958011981106,0.15122757695237224,0.17089468493384805,0.01682641371022617,0.005463121334489017,0.02023282088880359,0.010260008359894008,0.008413206855113086,0.07136906178587477,0.22353849361614272
519,0.010253345513944093,0.2263275237710307,0.017936583975744873,0.013004023382415037,0.026156833998524608,0.008127514614009396,0.011821839438559124,0.2758999549682773,0.016255029228018796,0.0728844425069157,0.025714383115899894,0.014058403656664905,0.004523138567796534,0.009288588130296456,0.0036890846474936273,0.004035814508959572,0.004941491812170041,0.23001756000216203,0.01444891486935004,0.010615529291767378
520,0.0038015601453808474,0.009141847016272991,0.006856385262204743,0.012385728215595665,0.016693807594933288,0.00426619527426073,0.005332744092825911,0.41813429976013317,0.006619958184197684,0.20379317363545452,0.20540433213654397,0.004570923508136496,0.02445553117621113,0.006424041743707687,0.002370108485700405,0.002999668552214575,0.0030232879896335873,0.04750750967530851,0.009598939367086641,0.006619958184197684
521,0.0444034344790619,0.18352540721203048,0.050508736681757115,0.2900249830856575,0.013290827936824706,0.003941720571507923,0.032197439861759734,0.013290827936824706,0.0365669222601947,0.006693011120869739,0.021795190060268126,0.01397240885666187,0.00415972477412071,0.186226808539333,0.0038923138957843786,0.012056913650361094,0.0053423916216648335,0.007170051913287013,0.02236874769343308,0.04857213784859753
522,0.07345826256999535,0.02362150069879885,0.0725663174219118,0.11183652110570366,0.004158042769657186,0.09586457870727516,0.053495751582573865,0.011023366992772798,0.07083872535681462,0.01628451942114163,0.053627190775651444,0.06313382914042602,0.0018766387721461633,0.12633306427637486,0.058266368390370485,0.08055537417795505,0.05669645008654153,0.017033255441488142,0.005172199542744305,0.004158042769657186
523,0.0029541337608559215,0.007533041090182599,0.005794646992448154,0.0068482191728932735,0.006550470513202262,0.003275235256601131,0.003275235256601131,0.2464159472335051,0.006277534241818832,0.24864453245816176,0.07894726539558551,0.005580030437172296,0.0019823792342585785,0.0068482191728932735,0.004338887045535808,0.001931548997482718,0.001643269302111718,0.35195235421735566,0.0050220273934550655,0.004185022827879223
524,0.10036311520257075,0.027731494759211394,0.0703580091319114,0.02079862106940854,0.01957517277120804,0.0092438315864038,0.03820554206196262,0.013933376734379298,0.01925596579162829,0.00573755063983684,0.12224157976230067,0.17481767078773994,0.0053673860824280115,0.06679629179868574,0.00489379319280201,0.15451944622276728,0.03734371462589278,0.013865747379605699,0.023769852650752623,0.07118183774850449
525,0.03168786155768356,0.08274052740061819,0.034838116800260284,0.06327216801223742,0.022565598381986778,0.03588730004005142,0.056413995954966926,0.017237609875128783,0.04572502830034163,0.08051223381899207,0.07838576280058564,0.09063828305840482,0.0018954613578687962,0.06918135236148702,0.055622079218899625,0.07255707787438824,0.04894510071585864,0.00279110474636039,0.03555620225666372,0.07354713546721615
526,0.03300835978731103,0.09317997549210405,0.005285418777913465,0.0353795248467796,0.09317997549210405,0.011159459326521662,0.05919669031263079,0.1808787759552608,0.04750351691754323,0.05976588925794454,0.012332643815131415,0.03157156816673642,0.0018602715509692814,0.040697724589933676,0.027289254399439737,0.049691136747330555,0.05145561421207866,0.07925691239117805,0.03523612518608976,0.05207116277499932
527,0.04281041023199978,0.15434308232621552,0.11704350409738015,0.04432416723214395,0.015408909706757675,0.036013385876116966,0.11015859209165187,0.013207636891506575,0.024008923917411308,0.009066126569111835,0.013207636891506575,0.08473737853203991,0.09592686929664881,0.04848487498436536,0.04115815528699081,0.05901507619216598,0.05025165915307912,0.006163563882703069,0.023113364560136507,0.011556682280068255
528,0.015706436520464665,0.029842229388882858,0.02797709005207768,0.01201495694530291,0.05266275774508739,0.4731974457980755,0.022381672041662144,0.03730278673610357,0.04973704898147143,0.009524115762409422,0.025579053761899593,0.03730278673610357,0.012789526880949798,0.027129299444438964,0.05361711361063914,0.01133249217299349,0.017554252581695802,0.02699449997822553,0.03315803265431429,0.024196402207202317
529,0.11414059756905093,0.021886046913715988,0.027778444159716448,0.050630703318275565,0.02329804994040734,0.3784593688794134,0.08568815875473676,0.027778444159716448,0.032829070370573976,0.006226203001315756,0.015366798896864417,0.0834212762479977,0.006335434632917786,0.01951998778790886,0.0043659175090551864,0.033123153804352025,0.010172388002149686,0.01116370138164796,0.01641453518528699,0.03140171948489685
530,0.05904995268241714,0.07144315262810966,0.018197781329438886,0.007912247758169927,0.0233342554954713,0.006065927109812963,0.12205513941934486,0.014731537266688624,0.16321954443226228,0.057107520028390285,0.054133386738074836,0.12352988556988663,0.013395591117770559,0.006313515971437981,0.11913849523458712,0.017642973667307566,0.003430321309893359,0.007030960968192297,0.02296387048760667,0.08930394078513706
531,0.013748744278089134,0.036663318074904354,0.029997260243103563,0.03881998384401637,0.02639758901393113,0.012221106024968117,0.024442212049936234,0.1361503079472669,0.02869303153688166,0.08338533090865202,0.3509469704537909,0.02869303153688166,0.008460765709593313,0.017836208793196712,0.006110553012484058,0.011577889918390849,0.08271353484008498,0.004762878417634312,0.032996986267413916,0.02538229712877994
532,0.01632595805846257,0.010125390544830082,0.023081526910240194,0.044624285359797705,0.05199651949740669,0.013124789811705204,0.13004565359573536,0.044624285359797705,0.06085129821790595,0.01195293357851724,0.030425649108952974,0.05227584409412686,0.007874873887023123,0.05578035669974712,0.01062482984757088,0.008186333550496878,0.01394508917493678,0.021592396141837597,0.05148956003053581,0.3410524265303731
533,0.5413252108703926,0.03319321794376667,0.04287457317736528,0.03929878598390054,0.02338613082401743,0.01870890465921394,0.0180524518641538,0.03429965854189223,0.03319321794376667,0.00879478424151083,0.03429965854189223,0.02939970732162191,0.005716609756982039,0.02638435272453248,0.008038982470755993,0.007264302475759687,0.02436399908201243,0.018786657222423963,0.03118150776535657,0.02143728658868264
534,0.01802703947557455,0.0417612032036791,0.4642575150010362,0.06771330027405212,0.01993148334721048,0.009263618147905838,0.021389884567738077,0.021924631681931525,0.03507941069109044,0.0071884038301414845,0.0417612032036791,0.011682331310726235,0.007972593338884192,0.033730202587586966,0.01124340086252899,0.00996574167360524,0.013920401067893034,0.02436070186881281,0.02248680172505798,0.1163401321408655
535,0.0064577526381481695,0.02573707902422872,0.43973030905127725,0.023768108880704863,0.04334665940922732,0.031158022150280785,0.014228313747265709,0.019609203066079023,0.029413804599118534,0.008154322067082368,0.039218406132158046,0.01106052550563244,0.0061923799156039004,0.04334665940922732,0.008855769126616333,0.005968018324458833,0.008154322067082368,0.09837892165599826,0.022877403577092194,0.11434401965271761
536,0.00470718471002713,0.03610417822215033,0.03236926323365202,0.029334644805497138,0.042668574262541295,0.020860191861686854,0.021334287131270644,0.011486192611854854,0.04081341885982211,0.009578659528325595,0.026820246679311665,0.03395078089825821,0.018586889253796902,0.031290287792530284,0.008533714852508258,0.028740857004709637,0.4981737729450998,0.019157319056651193,0.058669289610994275,0.026820246679311665
537,0.4464398312189503,0.021166465354717424,0.045429363424803276,0.03527744225786237,0.03527744225786237,0.008923129834853645,0.020158538433064213,0.038484482463122596,0.026458081693396782,0.008819360564465594,0.03527744225786237,0.02351829483857492,0.007696896492624518,0.033866344567547876,0.009407317935429966,0.006287810822793122,0.05084953761480339,0.08346247585279372,0.022882665248343165,0.040317076866128426
538,0.633276002897335,0.0032849570534603896,0.024311460001930536,0.005653147053899688,0.006864535708306765,0.15210303285084287,0.002826573526949844,0.005653147053899688,0.009300338701576906,0.00194804391722219,0.00779217566888876,0.003949458900669644,0.0014415524987444206,0.004726401635227608,0.09910743429186092,0.02215424650962581,0.0024433093199057974,0.002492949626739941,0.006552511357929184,0.004118721424984058
539,0.015067212753988797,0.028219151926673357,0.053924761435328324,0.04657138487596536,0.03013442550797759,0.016383056853930236,0.022768232606027512,0.04454654205527122,0.027691093710033456,0.007182215735911254,0.031047589917310242,0.03659180240254421,0.0062857083881671045,0.023285692437982678,0.003740899004395072,0.007215284980783365,0.011016886744852022,0.016525330117278032,0.5416683030376026,0.03013442550797759
540,0.005314179643373755,0.022532596567443212,0.44188005628348304,0.02614867052426951,0.026053314781106215,0.00938135637884256,0.012516373038109657,0.032065618192130725,0.0694755060829499,0.007249618026046947,0.0694755060829499,0.09100162956518652,0.003488309928851041,0.04168530364976993,0.010827351597342843,0.005749697055140681,0.0059978854172330846,0.00993887948941029,0.04387926699975783,0.06533888069660225
541,0.005232087603620688,0.04875294943489448,0.03315200561572825,0.04144000701966031,0.03767273365423665,0.014289657592986317,0.020214637570566005,0.008808600320294587,0.06906667836610052,0.009985543860159112,0.029600005014043078,0.0247228301859666,0.0074689018644101745,0.10360001754915077,0.012750771390664715,0.009220816533095463,0.4162176801921175,0.018017394356374047,0.05525334269288041,0.03453333918305026
542,0.007979446206660518,0.004940697077925768,0.020368586369633426,0.020919088703947847,0.022114465201316293,0.005691222662103458,0.004669004845626577,0.027643081501645364,0.3153354712371912,0.004739682865220827,0.020368586369633426,0.017591051864683415,0.004598109192777783,0.022764890648413832,0.4103339862461877,0.02479775633276479,0.0069730295679826144,0.01248397229106565,0.024187696313939695,0.021500174501279726
543,0.01339664996081996,0.03767807801480614,0.04637301909514602,0.060284924823689814,0.021620652702427166,0.010047487470614968,0.015071231205922454,0.31907727595652785,0.03172890780194201,0.009882774561260625,0.043423472261364726,0.023291295977836385,0.01883903900740307,0.024113969929475933,0.0073518201004499776,0.011286112722985138,0.006178129165281094,0.23337190943794675,0.033491624902049905,0.033491624902049905
544,0.004325693692178075,0.02101051221915064,0.011611072542162197,0.014232927632327854,0.015214508848350468,0.0046895121888212475,0.1300980843373999,0.010593777090660698,0.01002774446823099,0.003587160622781817,0.01575788416436298,0.06329675658841234,0.002865069848065997,0.012256132127837875,0.0026778623412618495,0.23822425921842796,0.40743547545282627,0.007233127157412517,0.012256132127837875,0.012606307331490386
545,0.05149811126449563,0.041088918562097586,0.005499992820163396,0.06701856169998927,0.015326818828718938,0.010622547703072532,0.01886377701996177,0.09676932672249997,0.14596796980787935,0.019763529542295478,0.035090304231784324,0.00259433623592613,0.0013285006811988877,0.04171347330033724,0.20787279869154504,0.09056756580606648,0.0799857149990699,0.057993368541098676,0.004583327350136164,0.005851056191663187
546,0.05788057450643444,0.04252876215103513,0.0046159203820541304,0.016537307001838412,0.1929722893065499,0.0033648765401889926,0.10795554010800112,0.015154047903710763,0.005217996953626409,0.0010903724594361747,0.017212299124362427,0.009068845775201707,0.0013384453152424612,0.004737391971055555,0.0019461718367579576,0.0014648452982239026,0.014417139437500155,0.033307045921621294,0.30338165106010495,0.16580847694705417
