site,A,C,D,E,F,G,H,I,K,L,M,N,P,Q,R,S,T,V,W,Y
451,0.009167215835318149,0.6646358603093504,0.014437147044434238,0.015112223889251182,0.023187005215832925,0.011258550068355196,0.019957897771080823,0.02877304135694789,0.025184041509937277,0.008993095288756872,0.017862958575690823,0.017670265604626156,0.008186460415261115,0.016945263714781764,0.019146266821176695,0.01441759852294623,0.01307629317648443,0.00904487470522132,0.018523659387403982,0.04442028078714253
452,0.0915390713400334,0.014584793800181827,0.015278447901999021,0.03390968011786386,0.01597611037320829,0.014386009594428043,0.012015422633461179,0.17786386654397346,0.012651773319051124,0.006917444186157167,0.019243565015638005,0.01942169815776641,0.004757290448753338,0.011652745530490418,0.0035004669488299563,0.004377430004407038,0.005858455455697218,0.5126823650429239,0.010886360329649892,0.012497003255486458
453,0.009303833890500697,0.039193278733527764,0.04911107914193278,0.014281112705199632,0.025101289864102126,0.00493301589635279,0.044194133820611235,0.01696394513063272,0.02000955753742341,0.006383645720697271,0.020668471113622564,0.032290575878671526,0.010341696875238424,0.018610473441624885,0.005921246891117116,0.011975843023162498,0.019164481747496808,0.0069960883333282115,0.012953578581073603,0.631602651673684
454,0.009094596149134734,0.012919843404189916,0.030221666609867606,0.013667927994778535,0.0159688497852814,0.012886758317131018,0.051486515672511675,0.03984539961647186,0.030098155480721193,0.00658777944398936,0.015474158976462909,0.5870250994520592,0.006886433290504764,0.017509913146174023,0.006965375228368905,0.023626168049565615,0.055390410636396256,0.007027158586561524,0.015618433938857484,0.041699356220972206
455,0.008143018660555102,0.013504901220958742,0.021138764745744373,0.014942174766355993,0.017190491261691306,0.005021035027487853,0.014070997565325791,0.033681951821071164,0.03556029382343011,0.015576066326914025,0.6269786684621348,0.04986293978120658,0.0077946565356253345,0.017771875441587277,0.023052876541653142,0.005962925254577953,0.044260127921062105,0.017124566992400038,0.01065604368295368,0.017705624167264684
456,0.007809661856644876,0.0150690452183922,0.01990079304365318,0.014817537165245892,0.02540744798481986,0.006299063327769389,0.023823891577436328,0.03430823245168573,0.049047547039753774,0.02618823186490755,0.6086745186799805,0.02468110731700343,0.008403283351231016,0.015911774988908438,0.015621660887228266,0.006886083429931216,0.04115551149780179,0.026163540458642803,0.013009752776184444,0.01682131508277941
457,0.012297972309158191,0.01269353494863459,0.017033027629740793,0.050049003889193436,0.013405722278538281,0.6794392692285243,0.014718217231732458,0.020905971005937996,0.01373015445054225,0.005700054582914791,0.017527537573795514,0.021167420574072685,0.007114854046800063,0.019215548026471258,0.01715120380310281,0.007330535327828573,0.00876515340344242,0.026802263373499106,0.01107869256025443,0.023873863755816103
458,0.005705839382499779,0.011515241128625746,0.01495198520994241,0.050515120615607235,0.008668649780247662,0.010155350390204943,0.01156863323738356,0.046349747383043136,0.6664739934915084,0.004936764348166302,0.013745941981239247,0.024609186351099422,0.005464720155990009,0.03171861829163155,0.035208477657448604,0.015166007399968578,0.01707633552100661,0.0057213584055896246,0.007043436852957565,0.013404592415839746
459,0.006307894537127794,0.012911308623280484,0.017126320324731797,0.008628719087820915,0.01519902961986096,0.029802455354590113,0.016624085753611472,0.06833383645839833,0.03521488788883284,0.005305866668219131,0.01483619743815644,0.01535381562692176,0.005731935973265798,0.01424240110102537,0.6584042020400902,0.030959657456120823,0.01413336219012389,0.007257480940255066,0.007669732593817177,0.0159568103237496
460,0.04759509652369501,0.013359114806417577,0.049617393144713036,0.6135707810060086,0.017283678311903982,0.026308919969303134,0.016272302117041757,0.013800233676746319,0.05394873535779598,0.007399657349566451,0.013114925800678037,0.01830706149804551,0.0080595121418393,0.0162856843883406,0.014673649801367455,0.0059778567236001695,0.010484263835091838,0.023316645001710212,0.011752600207680867,0.018871888338454237
461,0.007109932729474294,0.012246597030119127,0.016021572949745443,0.0296544234265265,0.010212779622632505,0.008612713915361836,0.010890541729124731,0.01087551106575385,0.6968443060184393,0.003989984234502673,0.029724772388397276,0.02636616197790351,0.006703589450374999,0.02323620005135566,0.02481477035540596,0.004582166255680004,0.05144394187273034,0.0055295720439984845,0.008520191577915882,0.012620271304557756
462,0.007981084340805559,0.011163664841197792,0.016039982235924743,0.02852783387577167,0.013437095768966933,0.012990153054429502,0.012747793741873818,0.01474334972837959,0.6659787282988122,0.0049515533690239165,0.02124248352332257,0.03467598245986121,0.006984503778511885,0.05808703224959545,0.0412140172740778,0.004583009092049477,0.017050791407767513,0.006554926384091057,0.007973298951565644,0.01307271562397176
463,0.034944670054616336,0.022215866462945662,0.003959977196759323,0.07599677347472727,0.012541060125965337,0.0012965329609519705,0.018837729237241176,0.06610358540643595,0.014348506314375802,0.11286147380401466,0.1950045818022282,0.01615390546879569,0.19399095277526782,0.09044801577520127,0.004729448578304303,0.006671188787651702,0.030786207591228812,0.04750666778305345,0.004495431646616779,0.0471074247536185
464,0.10314954478422535,0.01652849344494,0.015078107415963111,0.0321497761645589,0.013302881449079613,0.6061419268711127,0.017135264565031106,0.016064483842956348,0.016274301055763798,0.004921187583729233,0.012746287765413965,0.017404832709830054,0.009641999781056598,0.019924315871202913,0.031281429734050126,0.018741134491892006,0.00953565913737076,0.00593174489530149,0.01067154274178408,0.023375085694737924
465,0.018393797320526314,0.024786789766142743,0.025925494620081507,0.6117981294708352,0.022706047558422326,0.022116778832041654,0.01924780388491133,0.020492597977227946,0.03378116809841862,0.009780385716683397,0.021129055812142365,0.023986852293945992,0.015471529585269747,0.04016149795697762,0.008961950366506537,0.011442068054286741,0.016680299524400765,0.019509804613946396,0.016630293645523854,0.016997654901708945
466,0.008904827111924907,0.017360338008039315,0.011974430587373004,0.016864040863310087,0.6771135239874949,0.005114680350486961,0.014430262087540877,0.021984306655805252,0.01932715439547264,0.03073543416251872,0.016754473126174285,0.013327650378748853,0.007892081085494228,0.01604345501541633,0.0052172065349747245,0.02510159002221971,0.008403814263311394,0.005662413434433334,0.051649555354060725,0.026138762575199672
467,0.01938826839807643,0.018719403927270103,0.024536254395472655,0.04951633968711235,0.018782996972218025,0.6119203307425313,0.016458838821964406,0.021346747635638475,0.016666595257696214,0.00671278294355551,0.019073646658216887,0.021624847481452224,0.011361047112042723,0.016850906709958938,0.025743502934826672,0.007988627806677237,0.012554403474008935,0.009270947524653995,0.04669843396980638,0.024785077546820578
468,0.004464576483466067,0.009532807979320582,0.008435716051943206,0.017196443821663878,0.0054025329242718195,0.0033056125406008426,0.019448322825536785,0.12744517973540878,0.12533024497066209,0.033639550683515596,0.023982222866528815,0.03331284067040445,0.00211950397065227,0.014648675908212706,0.12833685304078085,0.08134833823538275,0.09158542544390091,0.1702763604364552,0.004238223807866769,0.09595056760342568
469,0.7094544113691228,0.011544724440331255,0.014769135948614974,0.030037251583014006,0.01516694398701508,0.00902205950652255,0.01434968258206211,0.012706475287770507,0.01634383776088699,0.0061119068146820565,0.013866093859926303,0.01849665628908076,0.0069280475906686135,0.015545783907261617,0.007614299221542178,0.0315302394902303,0.02908408293250302,0.017705266827206533,0.009259112227319486,0.010463988374238876
470,0.006766135041027404,0.008957172306251976,0.010382152720207545,0.04208073245117015,0.00862937912974282,0.003925405030725835,0.009058175038407768,0.018594701465353233,0.5950654289099188,0.0028985621762673696,0.007630901200902944,0.02707578666830288,0.004099041262429176,0.016896914528124966,0.13080817071134854,0.003294158495697237,0.07318307762194891,0.014588167074597442,0.006649115302336216,0.009416822865238933
471,0.010570488866988971,0.031140373623192618,0.03957355078183371,0.022007513199828254,0.02819528633946988,0.5983644244937164,0.019495210263361998,0.02523279514099605,0.03581619650491224,0.010369104052661508,0.030026213681736073,0.022879497877853906,0.0061650795317259675,0.014739182306948453,0.008135503408053866,0.03158934256312368,0.011083056341398062,0.016853736166674696,0.014847952483939752,0.022915492371583947
472,0.016621252766173326,0.03108371871397774,0.013563396548466833,0.012894745175504081,0.025565321024774244,0.025789334103720092,0.01758732094621396,0.05199613071993159,0.01615008706699503,0.008056420779394769,0.018573457771855078,0.030561219731691108,0.0067355314454498735,0.017514805825600825,0.01584549464848823,0.6187270120699484,0.031533582182271445,0.007206957078265644,0.015309307493570491,0.018684903907707304
473,0.006534364160418509,0.06635967695934487,0.01598863051664197,0.014341226270125455,0.01890374018398727,0.010513926203660644,0.028768579584424612,0.017501484289061342,0.019035013140490154,0.014502655094540825,0.018648147986858845,0.019019162933207608,0.01829369393532987,0.019316349337505714,0.6440766777876319,0.0211854411249689,0.007660574659444602,0.006786698176876075,0.009617036787000747,0.0229469208684801
474,0.41762061743531786,0.14989289596886682,0.023032196284400334,0.008653779521806858,0.007653532132797348,0.0037945680352919936,0.008066568286412558,0.011625436130404568,0.01462885719280857,0.01697109744211786,0.021302477443731285,0.007875217209342325,0.004948764743958582,0.22759460788386768,0.0038199601916562606,0.006488555698767503,0.03204134766045614,0.013496256467275813,0.009967912770462951,0.010525351500256666
475,0.008176311209408503,0.013845819986526403,0.015058671174687448,0.017075832523564708,0.028440297097803283,0.007689982821466048,0.011196816626766078,0.6263470526917146,0.021178073446077025,0.017317455493187396,0.024432086082365856,0.07108604891934649,0.0060755164705701345,0.01717670215526134,0.006494646825957496,0.01724114273795357,0.03598218730641608,0.02103750415825618,0.020179756177633273,0.013968096095038018
476,0.009156410662986073,0.025299132467749813,0.01376765476551098,0.01264319044586297,0.015376976554462126,0.018234022019145597,0.014447543383726648,0.020785834033930025,0.013320742138126238,0.015524869549717756,0.010833667135044609,0.02553682526384144,0.006684012458437535,0.011201283104024646,0.02865725667504218,0.00473350210241549,0.00833965873077055,0.012093987396334924,0.7186639846396556,0.014699446473214766
477,0.004388128180438615,0.027804939773873497,0.007557248509963031,0.006236033193090118,0.29829047447482243,0.003053962751862572,0.048540887138707293,0.009602070179751962,0.015563761961410058,0.0029772054545994177,0.015127910077915002,0.021505979330402637,0.0036759663549135895,0.011879304019855517,0.00447155241726687,0.007347605939056233,0.004826380086023971,0.003778217645377049,0.00863307940713741,0.4947392931035327
478,0.0070540342792686315,0.01242096930800958,0.014251443457581208,0.012708505049391399,0.014456355573366051,0.008650683359752939,0.009258253716777761,0.029852184451108304,0.021913563207652968,0.01250703026561874,0.6889844252209514,0.015112987019247785,0.005685910986532863,0.014037559373833497,0.02716229686338722,0.005634129498655228,0.03564160043706047,0.0445157087216052,0.008628277576052222,0.011524081634146597
479,0.012626437630002126,0.02587602248652849,0.017139761334172488,0.019466037383596802,0.02004161110423111,0.020931061390487313,0.01889251858204554,0.018210202771535525,0.017852340131439152,0.024365128324343486,0.017626881659299706,0.018172098319157382,0.009692713657911347,0.05215631546306639,0.024459167830446306,0.00663081127138546,0.011755672742242186,0.011834692527395402,0.6361987739716765,0.016071751419037345
480,0.010062343533518538,0.024702192319377075,0.018603430775032792,0.023569171919877153,0.0397906032161246,0.010548576731609421,0.01446053391642835,0.020570339327228775,0.015288356202980236,0.5141809864977817,0.05682548894960114,0.014693268522097177,0.006979509439076398,0.017622561019530532,0.009456195695427735,0.04926244723326312,0.01009005363991337,0.06608687595421067,0.056133927908491116,0.021073137198430163
481,0.013588494523466301,0.028398177200092026,0.016354744745308507,0.0694417317112113,0.01608538224395369,0.6077408599291703,0.013042739130156873,0.01992786650396602,0.018832686669935997,0.009561719962534163,0.015701276265667276,0.019360166974202887,0.0050713247175034155,0.021416689853040207,0.047661635123512056,0.010083336778552499,0.007931476374002792,0.014549286358706587,0.02201949472359189,0.02323091021142519
482,0.3888349412179535,0.017005040189746214,0.02687504953767323,0.015622592880940072,0.015232657637048999,0.012792906384969984,0.010605012033053366,0.02023753430205573,0.02460336872528223,0.005737396406292717,0.0164885411345207,0.014690120692513216,0.008438439621951205,0.014970871666293555,0.005731662923181906,0.32628195991513465,0.030921122015542726,0.017859231326081772,0.014269851325381723,0.012801700064382526
483,0.009185128242909797,0.019739555079704246,0.027533367699314023,0.01867157373948524,0.01744962320776239,0.032466577649810646,0.012616919919655814,0.04776477811644116,0.0373454273254707,0.007633941667416457,0.012997660185820291,0.01417815172864299,0.010540644845528609,0.017839211215623454,0.6489121305098863,0.010255679479863111,0.010545830615926677,0.011636764640887752,0.014248871360567395,0.018438162769282895
484,0.01142202909905953,0.02137255501200962,0.015374934121777846,0.018389299533084203,0.5401730137818923,0.01090744912028765,0.016860138545116494,0.01769113084887738,0.021229130388076983,0.05913054970291696,0.018149192228560918,0.022641587865295056,0.019640659721209233,0.017213386741369,0.006188718094819304,0.028787009086473254,0.011672018443527455,0.036761399135091424,0.01643915510695284,0.08995664342360249
485,0.016886698083630396,0.02462925860324517,0.02328747618695223,0.030302717242568257,0.04712322682299027,0.014132785410796572,0.02848949276200425,0.025255033604782033,0.029696303964924266,0.4922817027116372,0.04642320296954949,0.023161406980165212,0.020666649676793568,0.022590835180623457,0.010226815716677017,0.03582688733170141,0.020546909503414666,0.020208988051910667,0.02975012707243652,0.038513482123197294
486,0.020351959872699898,0.02609113339460307,0.024434876882688503,0.5784473505637671,0.02555032579195872,0.038718026685173754,0.016928847581949277,0.023147319109813144,0.041550566819877933,0.014097391955407466,0.014544966541372838,0.01837949366916428,0.013911409476459758,0.031034144113967977,0.017476182604987962,0.009242515019124788,0.012623843802058719,0.026019481039796222,0.013982088188043707,0.03346807688708489
487,0.012784496643898099,0.025816996389224477,0.01603920011393969,0.02895668329775587,0.488004693943623,0.01618157010897375,0.013655428267562093,0.0639722794591063,0.02187491412013149,0.06652635427512382,0.02035698307049404,0.027653823675484204,0.00868018324853127,0.023998909978407038,0.014236703932525172,0.04406815094079068,0.0151867713168097,0.02945147207608149,0.015444619698424412,0.04710976544311344
488,0.04009369078487521,0.030469525921985756,0.033684051125673714,0.5104449219399259,0.03887680312703687,0.03169331577115519,0.01848617037711815,0.025523072312392522,0.07026874488341053,0.013102674032785939,0.026618180230299965,0.013688195284640995,0.013292408404203784,0.023882126678324532,0.011002217207391616,0.012843489976250178,0.007498596170900586,0.02100853823754984,0.022959212784967313,0.034564064749111466
489,0.5036132101849977,0.10516410166850487,0.04898268567267611,0.022109122219240288,0.022992280277204145,0.011365294418765328,0.012173672406109358,0.018562763318005472,0.01764041593522501,0.006808167381508938,0.018114168915913977,0.017230365415504406,0.00649057931421508,0.014248696174596986,0.0056785545275179605,0.06777520461733519,0.03627797034739213,0.03291428276322362,0.017317771797868364,0.014540692644195077
490,0.008745649624803108,0.01911334390136049,0.02300224694179888,0.022885481067979878,0.033826029015347016,0.007871930140263805,0.03849954895111706,0.0618347850662267,0.019723919827702434,0.5390666874681379,0.03653768609582771,0.024331511099035502,0.040593459794021666,0.01686077390864166,0.03725004489565207,0.009295850129342068,0.008957857163274442,0.011923830188127675,0.018851058066307727,0.020828306655032183
491,0.02435975488798122,0.04405127336429277,0.02773952093603026,0.05241231190274018,0.02901195782445003,0.5525114222919003,0.02385065003363614,0.024806862121935173,0.022276039962743095,0.012765854591124684,0.019734525698468546,0.018261745552006513,0.013221908960008704,0.024263896425010423,0.02326375178206641,0.010664996672179848,0.013765789752467396,0.01729486407350551,0.02129908111241984,0.0244437920550329
492,0.011478037783483365,0.035755655636340825,0.025131835864871804,0.02235971876558513,0.5607980987320373,0.02166235727112745,0.013979353899418248,0.04521386088075464,0.028854329788747322,0.02859500528765892,0.022445141187308452,0.01608090568189778,0.0046937327192697375,0.01564023534101114,0.0072163544586058845,0.0305335126814597,0.006031004422834872,0.043408401964535895,0.021705238353811378,0.03841721927924009
493,0.015513438968148321,0.023525969769384262,0.021330404360648363,0.02284771565481835,0.0482349368563489,0.015625733074499142,0.018126676344558067,0.028902162789645185,0.0200806121320718,0.5776421577516603,0.03697227480396639,0.022722040072281284,0.011796082408546155,0.0144569625702167,0.011308235535727032,0.0273421295320745,0.010650692136719656,0.019376570808204926,0.030006632246388595,0.023538572184092024
494,0.014122967218878416,0.021198283249679314,0.03281728809535345,0.026849725728331657,0.023036032293275804,0.03371673258378419,0.016767988484576234,0.02287627971556309,0.0445815618450621,0.01335691391516908,0.03178157468157013,0.4942320251126472,0.009421006415342147,0.04000211221262343,0.019105074174074883,0.04132849489550996,0.020166890787539988,0.029763362962565366,0.02804015299352119,0.036835532634932465
495,0.03737057979094756,0.01495890808259088,0.02804775296625592,0.5568517492024878,0.017929922902519168,0.018839844459297168,0.01730971435256422,0.019118685780948504,0.044249954108348116,0.0066258394240543755,0.015442651005879219,0.008852103982486495,0.006605467471832627,0.11910665046954759,0.005606031579826112,0.007458064837426403,0.007082402827413643,0.03481875547408293,0.01503077103022664,0.01869415025126461
496,0.011730011925689442,0.02146383248488652,0.5667912903767068,0.057532956476045755,0.019400274956978644,0.015256136731056403,0.016246628399848192,0.01588593710270396,0.024049791924986984,0.00738557242465818,0.029281577164198467,0.05045642427617067,0.008213218298923955,0.029033309142592587,0.009308376369859967,0.007984812435934583,0.012334038037952943,0.029151079284647802,0.01744235927551449,0.05105237291064371
497,0.013466081453164589,0.04160664533623427,0.019844350724148016,0.023968477299930582,0.02575173417892049,0.06556876760840062,0.5170829394155285,0.012285714051573703,0.01594893064747813,0.017302084590641933,0.014800602174386699,0.021439305809624137,0.031005462578587963,0.04278291401117196,0.06603675692154354,0.0077342987303777025,0.009098242959941131,0.011472098261645698,0.0200579830645659,0.02274661018213439
498,0.011768166807872169,0.0250809578175258,0.015129452969479132,0.020104213114354126,0.014556608833029953,0.012766437115468748,0.01649078366447558,0.01459286461147042,0.021598662020884615,0.014500140548926134,0.01391641172654048,0.01461320040391099,0.008630941633830009,0.019016965151554478,0.027141421392907254,0.009012798780144545,0.008480951927063463,0.01096092452132448,0.7061040406277507,0.015534056331486877
499,0.012673277888121023,0.026615961811734826,0.009645146075822623,0.009051330323086703,0.012293049688878946,0.00527168015209073,0.006908841783993945,0.022471046641744225,0.018444236718041414,0.4755294199165398,0.30657818088558136,0.006692117464718356,0.0036176575645465604,0.0057378554810087875,0.0075012193668184774,0.005032642324471919,0.019040118927245255,0.028493392232767405,0.011670738649216295,0.0067320861035713615
500,0.12993069218679146,0.13349206889152365,0.03143346697641544,0.09814243436935327,0.000770544722824312,0.034983230854996876,0.0619334087994372,0.01039023777986923,0.09924616300519715,0.0009257753303762108,0.0499934108983027,0.04521269809803642,0.00034047003980844837,0.06716335419439902,0.02846253440033254,0.0739469680112147,0.056723902243450836,0.07370833744414183,0.0012955451942757202,0.00190475655925298
501,0.009795903905971806,0.010783115873454721,0.012659376616539859,0.030875626297944353,0.013627302509212262,0.014818701249632405,0.014665269539868053,0.07085763523008631,0.03579376244549984,0.005871871975248719,0.014494658092649177,0.013781908901972057,0.004607144868316597,0.015852783425082263,0.6559333769320288,0.02923544855579192,0.00769682129124367,0.011539506353766223,0.014037633017839005,0.013072152917851985
502,0.07928376627087184,0.06560057691665577,0.1795931713842987,0.10276913297971949,0.006304489744575034,0.03045952638118373,0.046530992490061596,0.01932932979107726,0.015856262470977555,0.025893446975633803,0.027902845124433997,0.03753917131804965,0.04741806413962053,0.10900394613771837,0.026334509878728984,0.07750190900353598,0.0404271513097746,0.047239759722856316,0.004534947071279168,0.01047700088894765
503,0.01518479352204197,0.025293844994392124,0.0212399840243006,0.012850489967638367,0.02089008958901558,0.009811542331777131,0.02291953442267972,0.025889175665640415,0.03047107260784249,0.004101981281608095,0.04389656186360606,0.354925323959122,0.0038774675770309663,0.01834317294888099,0.004357965300250835,0.02529756419979613,0.2647670612523684,0.05105299090344209,0.00986714425417387,0.0349622393343922
504,0.018495239902180778,0.35711442729888415,0.01884522213224735,0.008163803249544134,0.012191063116190807,0.0062397897973983105,0.01116703923216089,0.009277527270709218,0.01001856616414852,0.052622934547910845,0.020915320787164998,0.011230770445390306,0.017940860283562444,0.011873992511577204,0.00636859430744129,0.37304655590079766,0.020615908927803128,0.00763827910272728,0.015068669340576116,0.011165435681584651
505,0.06583932669466054,0.030319722891244596,0.022315830534261658,0.04008335452649403,0.015824159509660974,0.6004109581184246,0.010606173681906672,0.014068000116681726,0.017243966397497174,0.007064119385098961,0.03776207092199644,0.012930999262345642,0.004915658380224409,0.01585000381232665,0.018735040713196042,0.006802702583084607,0.008045489047519474,0.030103284452901478,0.01905360444523852,0.022025534525235726
506,0.25370708232794764,0.015592624476718357,0.02189412374777773,0.026288211620513067,0.01336251808406835,0.483830702608117,0.011471237453412853,0.012098786972727205,0.015017778201449448,0.005266025208665382,0.01218468886088958,0.012550427332650684,0.004511733155784626,0.011334415039354544,0.005648689957679142,0.0493030796381988,0.005816586519444375,0.012033468435316719,0.01184058959882683,0.016247230760457716
507,0.011052653121156407,0.020424968140552984,0.020921275549383965,0.04615252474195278,0.017666381804212847,0.6164970827912065,0.020073227506754183,0.01733647897807407,0.02194549853022396,0.010105658098976253,0.020344155879188957,0.013607060397466201,0.009819178749615413,0.018898629590558307,0.026682979283867116,0.008574234757486789,0.010461421834520165,0.053630631203643746,0.01669200625022124,0.019113952790938114
508,0.02647479789767496,0.09339504107878704,0.041292429737271,0.018847106715083255,0.03401189047236413,0.01410573362514711,0.010847941194837419,0.02399328819733616,0.0194522932646122,0.024621130631625722,0.018280610066391034,0.011364686832789768,0.006219768033755695,0.010293035504350963,0.005568282001220009,0.005666276286618885,0.07834034544161825,0.527595857492402,0.017914953426024335,0.011714532100089974
509,0.015456293934480869,0.13329197294323394,0.025164855225142637,0.5334290096863323,0.01255023176455589,0.04924919516699355,0.007318160956181427,0.014116757458500672,0.031959839699679776,0.004887505927795793,0.01739628430088999,0.021471857532433403,0.004457576056430539,0.013791996802002479,0.004707856336580859,0.04388475824471599,0.005328883533587882,0.03942716901948441,0.013184609845868969,0.00892518556510864
510,0.014937875958831748,0.017571885852848385,0.021069127931461925,0.029170093750181758,0.023764802633746602,0.5933566429327071,0.011691840481466082,0.018104169732001178,0.019136505027218156,0.00516473571348826,0.013614599881363815,0.01606536686495059,0.007085463032358339,0.014566515566023869,0.045725530387186464,0.08462080150066516,0.008951175239798357,0.009610503961399541,0.02963780389667042,0.016154559655632283
511,0.023905013002628168,0.10631345207555323,0.010138809943859068,0.006522465782845156,0.05458101361813409,0.002538915323411757,0.021198500883208134,0.044752661849586414,0.014657984285305951,0.15807147971018348,0.17396518461077612,0.027839868630070288,0.0023107406376134945,0.06915269014174742,0.00256652163765223,0.05210444061923077,0.0321144469569733,0.016444476994186455,0.08266340198954422,0.09815793130749025
512,0.0725999536486498,0.014147491207408668,0.012754449299486097,0.02441412861355718,0.015284419020324666,0.5165331678656107,0.010295973951510273,0.011018135039153013,0.009817863254242337,0.005083199534599932,0.017428735212463284,0.010147298464472775,0.05812707328614761,0.012797935820552471,0.05636095327661084,0.10339831115774002,0.006344791140538017,0.02400605635144886,0.01075738730228617,0.008682676553197275
513,0.0017827801046465179,0.0035382249935956146,0.003086734293757112,0.004707563157661178,0.02275159403389442,0.0019300532423124626,0.0022978500463593263,0.4614104978547353,0.005184734255244021,0.09174800802467142,0.01700563270748924,0.003131822028418306,0.0018641716290476427,0.003288935940936863,0.002314565765945946,0.0054720079488870645,0.012739040214361593,0.3425461396706326,0.010328628322235738,0.0028710157651676495
514,0.10701286853891279,0.10622536377577614,0.019746171004333863,0.029948271687230455,0.008053789650997147,0.0011693046881855746,0.00855654870002411,0.012775960156275672,0.005346840695046378,0.0020385595822318705,0.01100368623375466,0.07900069016622019,0.18657416510539176,0.04406299780688142,0.003443290692515629,0.14709091552557488,0.132588364218383,0.0309679768706061,0.004144874199763112,0.060249360701895224
515,0.03558254494895659,0.07492126151171431,0.013227971593026577,0.012881670106761655,0.023541718066406012,0.034737479758817365,0.020927109737454437,0.01856055776535091,0.18800659587385316,0.004496540925592729,0.021548878980303967,0.007927979348904636,0.00490947038532166,0.03566839376366024,0.3934954796393433,0.017182184692425877,0.012038745657794251,0.008347867633226662,0.012301361280999679,0.059696188330086046
516,0.004005713930285581,0.007419940314089689,0.0065021242754524505,0.0056219987856111105,0.012688256815597376,0.0032248275612717257,0.02864519384078444,0.056136121109911404,0.006015165250057319,0.2895214008878258,0.4633284356555275,0.006983913152882418,0.036205969691238835,0.004125400414941525,0.008018937068251115,0.003418004242806671,0.0034986408743606047,0.03441926053848909,0.008837679576905155,0.011383016013710128
517,0.023325843374439548,0.01576383340187636,0.015751618753235993,0.03277780156718524,0.016600272588574588,0.7008138710009515,0.014846406903609263,0.020063352968237774,0.018168809946126005,0.006129113108250831,0.014664284828437568,0.014875246892609181,0.01009937231370622,0.012853274927032709,0.019949748670691013,0.007071596251368737,0.011296875227597904,0.01301249995914065,0.01669683796728883,0.015239339349640096
518,0.019727673024145246,0.033338761552561894,0.024635373303216385,0.017508689528286978,0.066881424394414,0.007307784600393481,0.030878276799699365,0.02185014968461423,0.014022283820204097,0.0065379086688424366,0.016308847898455842,0.04470207395602548,0.05800202491606141,0.015523939401793817,0.006331507589327144,0.014687446384538092,0.010711101856494366,0.008975654211372919,0.016523126727655553,0.5655459516818971
519,0.014468799955167705,0.14499607800917028,0.010704730112109666,0.008486698083452914,0.04618831118833622,0.005824391607928054,0.007686732724691944,0.42073080470273555,0.010453380676242444,0.09264070362780767,0.023837509943376637,0.03267965187900724,0.0032997711156942684,0.0064319366037553765,0.0028110579484329637,0.0040007671460905204,0.027087944281864076,0.12088978352340128,0.009398071152779512,0.007382875717955724
520,0.0025635713829180525,0.006011949600318751,0.004320307849326658,0.007403325909479171,0.00936147404263432,0.0026824973881010264,0.0035452017999745415,0.5305047108374705,0.004273256173698785,0.27254142004559373,0.09609501564606987,0.0029395742953802163,0.016195608728802737,0.00748551044361954,0.0023475926223809986,0.0019381618066511886,0.002117428841342658,0.016906527990698653,0.006311848791853786,0.004455015803684848
521,0.03401545057408316,0.06334364898129004,0.026639043489417286,0.43191715585255663,0.009046444893222493,0.03489266929355497,0.017044904424334886,0.008645007532445318,0.015380498184680675,0.0031216168307898642,0.06947762639329629,0.00877767137578615,0.0029583298290489822,0.20466407809010534,0.0028696503413213675,0.008341453511634666,0.003533167562054892,0.022430783482610087,0.006472741336211171,0.026428058021555803
522,0.07932532695295665,0.025020466745748503,0.14795123494331933,0.16110905252410745,0.0060858847852641685,0.07502946192545444,0.02002222301525516,0.0072326122527820854,0.05370588928247994,0.012817116000804677,0.019707470893702575,0.061869087983094595,0.002808612529119403,0.1154210223650883,0.04574533751442805,0.08448301254231429,0.06559059915249582,0.009731101221919876,0.0034553127572258973,0.0028891746124387464
523,0.003974056206445232,0.0026950040990839845,0.002145798389429863,0.0023561953572195727,0.002264006218747413,0.001118165674254349,0.0011164676559233192,0.3393984521725945,0.0022805327784910217,0.25266367270877566,0.054001315764484685,0.0020346293817346092,0.0020969553834638754,0.0025156896895002037,0.0018470823943282425,0.0012795574139129995,0.005199217539121114,0.31774377764313777,0.0018080565183475783,0.0014613670110040055
524,0.0952332786346881,0.01372889228505046,0.11200002485771697,0.05137175577996629,0.029775476760790776,0.015578511707360335,0.026722053088933762,0.022639325535809503,0.029579309024645305,0.0032943799391215146,0.048390512592183424,0.20870580849732231,0.006285060429442543,0.09195144164675587,0.0028274899329307924,0.1400373361744716,0.032213613919880084,0.007578719538281682,0.012062342117122203,0.05002466753752651
525,0.054360158788627974,0.06193214848489627,0.030890780291959435,0.06158562635361818,0.05598607653018462,0.051612166183677505,0.03433712406728624,0.014847505861956285,0.061432220036487774,0.067729939157871,0.08807552633715131,0.06014053839943483,0.0014498049726853817,0.08703795742459937,0.061758451989903755,0.06385544036689428,0.04839899755513147,0.01091480236954537,0.012592737390908545,0.07106199743718038
526,0.03128197537718514,0.06885132691571269,0.0010437857643529336,0.03342796732477651,0.08362892203941251,0.0032620520595476044,0.032061861335192274,0.20055119333563642,0.025028371228612623,0.07772927621714139,0.028548564984633987,0.04492784225640015,0.0009600363155491497,0.04178295048195493,0.02997093919710929,0.04956901952376767,0.048428105688249415,0.06212744308827106,0.0605997075838215,0.0762186592826728
527,0.02604249379352718,0.07393840281718102,0.07686931445846781,0.0867522531259332,0.01854432034841028,0.03516755708242724,0.10334342183940577,0.01676085741006286,0.01929602921897428,0.02194718037163285,0.024221653760361703,0.07645232144683266,0.1283361071874382,0.041123612500700964,0.027649552947963695,0.06168861655530984,0.04371580324569526,0.01568666282655262,0.028274049932881597,0.07418978913024094
528,0.01981468727449241,0.016136644718900972,0.03012958370333014,0.029840712555554053,0.02193371793396598,0.6735608790503015,0.012277798502348706,0.017186413868891803,0.020472766136912558,0.0062505256545911,0.013703593031226705,0.017483171082080473,0.007767674703157928,0.013609495094494406,0.03950980497027308,0.006770264269372208,0.009851313005096934,0.013145209067533676,0.016769949842044843,0.013785795535430554
529,0.036576641367159934,0.013870472481619033,0.017044207747171577,0.06694055721230571,0.014137224329356067,0.6533764714691691,0.010841674921026029,0.01641674675261966,0.018017893908843872,0.004838063230174476,0.010521800992337658,0.01717497197227896,0.004860122646714721,0.012915984701838417,0.01570146481257926,0.038804754706298066,0.007220801283283019,0.011385765689657469,0.01209367122980941,0.01726070854575759
530,0.0774289301965667,0.08015331219338334,0.006465785748794678,0.053687286531740826,0.024067183211813684,0.0021448457648173777,0.08774418650039786,0.005498403808925702,0.11609504611972411,0.1315853981180011,0.15118573823702294,0.06742347753001963,0.0010890023986737671,0.035911610710627095,0.060929834187147584,0.03572035039154221,0.0030100802064349183,0.004951346218672096,0.0050276662570223314,0.04988051566867209
531,0.008057094407697585,0.01678073375384282,0.015605727266275944,0.01801372516087133,0.014368781582705359,0.0071562395437326926,0.012256929539199294,0.10294404650092011,0.015511050407821612,0.1512784556496894,0.48045140352021565,0.014108836383570847,0.005146676320063935,0.010979732128078526,0.006506880153822957,0.007108153036081171,0.04566094835378811,0.021916606423465133,0.03200250794020751,0.014145471927950046
532,0.010932459839020733,0.03206695176436494,0.055545549988632766,0.022133252764903976,0.025686306152537298,0.00915147353543326,0.06262785224590874,0.022017678821387214,0.025857998980336583,0.008403041913545996,0.01758032312763046,0.02795479826759417,0.005968213979420641,0.024850873486980514,0.007660619371537513,0.00814270655798402,0.009703172712145474,0.013452773991798733,0.024136814889997367,0.5861271376088396
533,0.5523620729974666,0.013384110903047286,0.015921626364645385,0.033817616894703924,0.009722256343051208,0.008072400465542355,0.007858003431511643,0.013653201219928223,0.013125254071736933,0.003989564158945681,0.013713965060857638,0.011825207351338045,0.002884672127309053,0.010847704127902456,0.003826044041941998,0.21684890480296945,0.01615067391911428,0.0301602045878705,0.012538380311873865,0.009298136818243452
534,0.029104416137930973,0.01886766342006887,0.6361864128073116,0.014995096543674563,0.010925176820380187,0.05920699149159041,0.021350590520404257,0.01197140750882161,0.016716899742803677,0.004494436166144676,0.01840572824012651,0.04589115501908865,0.005008699429013889,0.01656963014004157,0.006716028076846942,0.006293062384966712,0.00822053640215315,0.025535182977227226,0.012615490392869291,0.030925395778535182
535,0.025588976115686297,0.014445566502529232,0.6752868354380294,0.030841888348117085,0.020797668105593622,0.01877254802350981,0.009139733400120784,0.012107196678307168,0.0159874457402904,0.005687160306648194,0.019024409675173746,0.048097100269924205,0.004524805003761275,0.02066992251556626,0.00615973010574805,0.004292602190045756,0.005684455504240546,0.022586776686252554,0.013418184803397903,0.026886994587057875
536,0.021213044713872663,0.016310271267299812,0.01592660862807511,0.014086054145496942,0.01840415541474957,0.010544816290055915,0.011705804193108196,0.065140708898457,0.018581395299111746,0.0055312585350872035,0.013523141493123466,0.03433188817844673,0.005464454674060771,0.015416302199403372,0.005059540746706504,0.02500026480376922,0.6546646146163277,0.010719994126223917,0.024324155326053896,0.014051526450570171
537,0.659883334108081,0.012127938254774975,0.027898052293787022,0.016945087065066866,0.017565505639360633,0.006168578127137366,0.011852832097219658,0.01944772256505559,0.014520992388713475,0.005568566096963979,0.01839552188269305,0.013201182558833948,0.005253123531176489,0.017049950262503263,0.006252313486852795,0.009326006866637489,0.06665546814242872,0.04005675466633134,0.013189094672088505,0.018641975294293844
538,0.7775558436843883,0.006001133182388438,0.0050840847763398925,0.0023127441874255844,0.002605389913413299,0.1209853732529747,0.0011073226627338311,0.0021790450466639437,0.0039124037426454365,0.0007778557905755863,0.0033484294915875922,0.0015693502368820443,0.0005701858861409485,0.0019280412564012376,0.048627467466397255,0.008118782105581781,0.0019129340046485325,0.0069236144610074065,0.0027514099638178773,0.0017285888879861628
539,0.008937135271824097,0.024992723542964335,0.021342006865714348,0.018697267293404277,0.02783311165310726,0.035202887339531176,0.011908738825372613,0.019179350589893954,0.01319442787811662,0.0061470262596965185,0.014537607171202643,0.016133084861028872,0.003868880567481128,0.011661003176405144,0.01869091066985473,0.008843992860225077,0.006732586597811874,0.009129060227647628,0.7085219032744314,0.014446295074286315
540,0.003687845857054936,0.012718062140064906,0.64308184628301,0.02639240976709323,0.01388878199253323,0.05283331568266327,0.008421260560668862,0.016147227268882815,0.02517955078500628,0.004839328486389987,0.02581958729051538,0.025184919404030337,0.002457806017531093,0.01963461139163366,0.006891817921978776,0.0039930789582101585,0.004197370512340526,0.04019515427614398,0.019900027717650846,0.04453599768659763
541,0.04908811695883408,0.02201237300918815,0.016553812617102853,0.019584716553994234,0.018218281228032773,0.008854267590421589,0.01170921011967605,0.027599691342044576,0.02774612070232039,0.0065116495962170805,0.014571906479804435,0.014916890805594994,0.009187852433717123,0.03096420313630261,0.008256299229227972,0.01394187497656858,0.6503559186287402,0.010435850160228728,0.022466638912910265,0.017024325519073347
542,0.004825352272814034,0.030317324037747517,0.011128634509480111,0.011699518385110087,0.012587809767185116,0.005953080856262897,0.0184137218571949,0.013318252528548902,0.2422243836712384,0.00736949401588863,0.01145936114512455,0.00927674316957374,0.0029917044994118304,0.012277882498977596,0.5543439838646937,0.015124168745370651,0.00420449784102996,0.007067610912351375,0.013658892167948898,0.01175758325404708
543,0.009431482247425895,0.019855054902830026,0.0221335770442385,0.026575101089540334,0.04732895702033966,0.0071185512027226155,0.010291503778469067,0.5307579222303873,0.01779647753509665,0.02098299525262239,0.03855052368121736,0.026155650891625696,0.012610704253145184,0.014643282722385558,0.005640430809872874,0.03764715661360894,0.04004625289112125,0.0760431328320549,0.0174396936069657,0.018951549394329994
544,0.002535685194093871,0.03007288291537739,0.006131022561243587,0.007338828708031352,0.00803105737580912,0.03878784743565951,0.118496233713974,0.01687284598234983,0.005403488311722829,0.002210356643491982,0.008043212021758802,0.02090215231718997,0.0017340762511719714,0.0068330401166272125,0.005152321721497476,0.2790060990737487,0.4244359108817547,0.004186921040638566,0.006691976345053456,0.007134041388805741
545,0.04663109740543317,0.029375225912622115,0.0028899398944719715,0.022073400542420324,0.005462034149171408,0.0030089724642904047,0.011900335781211475,0.07912242155293937,0.16675809857992294,0.017706529992229915,0.059216353110364287,0.004843255909055148,0.0007448135968934165,0.043992903191883787,0.3055062138659098,0.10868967610393111,0.06070947325925795,0.025342362558764334,0.0025799865990421395,0.003446905530184938
