site,A,C,D,E,F,G,H,I,K,L,M,N,P,Q,R,S,T,V,W,Y
451,0.013710103963953547,0.4503871558665256,0.02575837714439757,0.02742020792790709,0.07211357185157263,0.008817676750424145,0.040477449798339046,0.08500264457651197,0.06538664967423999,0.013710103963953547,0.03269332483712,0.034001057830604794,0.012500388908310588,0.03863756571659636,0.00411458242610367,0.010813295230028318,0.022973687723381615,0.013710103963953547,0.013738957169511458,0.014033094676564585
452,0.029730270725701495,0.029483710747770505,0.028391721460816036,0.018422178058921827,0.030663059177681324,0.003686096647243372,0.02322959028612221,0.19898136636113387,0.024728273530388162,0.00498195753967311,0.05921731897836628,0.038328823972101654,0.007665764794420331,0.02322959028612221,0.005720719995836066,0.007442490091670223,0.00982790358259017,0.41286650822884446,0.020173065248474554,0.02322959028612221
453,0.017135144351137853,0.008291097064156476,0.018537959919273025,0.03011631431412108,0.035963373934175764,0.008351582961058786,0.007096282512225679,0.03680882860614798,0.04969191861829978,0.011556260143790645,0.04732563677933312,0.033629609700296825,0.019876767447319914,0.04732563677933312,0.010461456551221006,0.010936885280651142,0.041409932181916485,0.01258023256159488,0.026153641378052515,0.5267514389158939
454,0.016014367657179496,0.02852559238935098,0.007683162420564238,0.02852559238935098,0.03651275825836926,0.01126936983283002,0.042082766515281325,0.06988046428470338,0.032600677016401125,0.01155467033492698,0.032600677016401125,0.5233768922079666,0.011854791642327682,0.04149177074814689,0.01217091941945642,0.0034892536943128974,0.018345477529520548,0.012856605020552555,0.03380810949849005,0.02535608212386754
455,0.012424949621963595,0.024473385619019197,0.047507160319272566,0.026920724180921122,0.031062374054908984,0.007342015685705761,0.023074906440789533,0.17019087343375766,0.05088792620247944,0.007619072881392771,0.4421452326465728,0.03230486901710534,0.012054055603397517,0.03511398806207102,0.00824103801456769,0.00850128132029088,0.006873693663264735,0.003400590184378554,0.01755699403103551,0.03230486901710534
456,0.012544399836329899,0.027776885351873348,0.038887639492622694,0.023568266359165264,0.06481273248770447,0.009721909873155674,0.055553770703746695,0.05023798138749731,0.06615025423664476,0.009752281460533547,0.46428592071107405,0.048609549365778354,0.012750045735286127,0.02880565888342421,0.009860520720938246,0.010233589340163865,0.005841092033949994,0.004570655049375579,0.022221508281498676,0.03381533868923711
457,0.012642142061782108,0.020859534401940476,0.032091591387600725,0.01302229670429366,0.02255084800209781,0.5124087742107669,0.026074418002425593,0.039732446479886614,0.02195740463362155,0.007585285237069265,0.030903013928800706,0.049081257416330536,0.011275424001048907,0.037926426185346314,0.006163441352421583,0.010301004642933568,0.012642142061782108,0.06427329414622346,0.016360419138776842,0.052148836004851186
458,0.009296698286606632,0.021164823758870417,0.03315822388889698,0.009281347703816764,0.0163073232240477,0.008575402729887152,0.022105482592597987,0.02046170672888131,0.5629597897223555,0.007957973733335276,0.02763185324074748,0.022232275317325936,0.009043151969699178,0.04306062772588246,0.06819768462250846,0.00822104724518107,0.06334876903997488,0.009384402987423676,0.011433870306516204,0.026177545175444985
459,0.011509990689836247,0.023842123571803656,0.03708774777836124,0.016689486500262557,0.03230223193599205,0.002179289602161281,0.029452035000463336,0.07735870380191567,0.04896721792771753,0.009186873302896822,0.026351820789888254,0.030344520909568292,0.009722030971026734,0.029452035000463336,0.5380415702786243,0.0069491396560997926,0.012517114875196918,0.012211819390436017,0.013532016081293965,0.03230223193599205
460,0.008964855454794989,0.021637788330865434,0.12777423693144008,0.3976073987303553,0.031555107982512084,0.0028399514874948256,0.02912779198385731,0.022274193870008535,0.15900549733108132,0.010518369327504029,0.01941852798923821,0.032927069199143046,0.011303322262392392,0.025244086386009664,0.010666515374370284,0.008056623314683937,0.01611324662936788,0.0081662230463591,0.01893306478950725,0.0378661295790145
461,0.01134241625788047,0.022684832515760943,0.032853895367653776,0.005165081622876772,0.01671513974845543,0.0067095983497321085,0.01905525931323919,0.018681626777685482,0.4654184016893102,0.005809530278426582,0.01553078532870727,0.251037034183916,0.01107863913560418,0.013518704325525188,0.04348498896304298,0.006904079461318547,0.010545627021265349,0.008074262420864063,0.013232818967527217,0.022157278271208364
462,0.014092186275810548,0.020844692199636434,0.03848250867625188,0.008000686883878429,0.02858700644521568,0.012848962118435062,0.02326849361819881,0.029427800752427912,0.5275847388328718,0.00870039326593521,0.02561830691661376,0.04687064432874143,0.011500519834282172,0.02229889059229365,0.11363041393769753,0.007579888072595068,0.010209645159005602,0.011117169173139433,0.014933510829590282,0.024403542087379243
463,0.04991707876319929,0.013354747588251892,0.004043203020133062,0.046943961219309674,0.006139678660202058,0.0024378135856684643,0.008658800150987087,0.1489568000228096,0.006322810710077441,0.08844076871026123,0.20655342936496265,0.009562658766896418,0.1683734148535587,0.08661066683343614,0.007147863040767096,0.01129589066839639,0.022188356670064337,0.0770410976462058,0.010191781054192233,0.025819178670620325
464,0.0112116964547348,0.037047344806949774,0.026627779079995147,0.091143349322454,0.023669136959995687,0.44832941425951317,0.038731315025447494,0.03155884927999426,0.03277265117537864,0.007746263005089499,0.025061439134113083,0.037047344806949774,0.01638632558768932,0.04260444652799224,0.006451628942881169,0.015779424639997125,0.015492526010178994,0.009404192618463123,0.017389570011425402,0.0655453023507573
465,0.017953947587024028,0.05665305826656453,0.036267684680915256,0.41518292309116717,0.04957142598324396,0.002447863428137015,0.03776870551104302,0.044063489762883525,0.017069099572153003,0.014163264566641132,0.04665545974893549,0.05665305826656453,0.028326529133282263,0.03776870551104302,0.013219046928865058,0.017625395905153413,0.030505492912765518,0.013114885981639134,0.030505492912765518,0.0344844702492132
466,0.013891122578473655,0.018257900757489513,0.01967909031950435,0.03373558340486459,0.4955546595989058,0.008073472951591526,0.02422041885477458,0.025529630684762394,0.04498077787315279,0.09172010662502027,0.034985049456896615,0.02422041885477458,0.01211020942738729,0.03148654451120695,0.007871636127801738,0.035538667633119435,0.013494233361945836,0.008911286182417063,0.036847264089186794,0.018891926706724172
467,0.014968894355988204,0.038491442629683965,0.05773716394452593,0.012303368795106092,0.038491442629683965,0.4256526683801149,0.03514436066188535,0.05052001845146019,0.031089242123975503,0.00985756457589467,0.03514436066188535,0.04754825266019782,0.01924572131484198,0.03514436066188535,0.019391874834242113,0.0124356968495902,0.0218464944654963,0.006639762446477464,0.026168825309113804,0.062178484247951006
468,0.009772500714254126,0.02110860154278891,0.04397625321414356,0.00472096975403784,0.02512928755093918,0.007538786265281754,0.03158801038912068,0.03518100257131485,0.2757879735895916,0.013463742133067835,0.03519806871930592,0.021722293831844628,0.009594818883085868,0.06453832572605639,0.117036593424689,0.07821793048734649,0.09125425223523759,0.05403212303402225,0.01954500142850825,0.04059346450536328
469,0.5139935276095312,0.02163463742578756,0.024963043183601027,0.07460025216187867,0.0286340789458953,0.0086924882514325,0.024963043183601027,0.024963043183601027,0.033570989108980695,0.009014432260744814,0.024338967104011,0.034769953005730006,0.010938861619780225,0.031405118843885166,0.011190329702993563,0.04116154983453003,0.007903893054558431,0.03833730538925777,0.015453312446991111,0.0194711736832088
470,0.013611115215333536,0.018747385107912223,0.020700237723319748,0.005301036078121076,0.01684087136812454,0.010602603899107667,0.017431779135427157,0.02049594936462725,0.5241636555635742,0.00496805705359674,0.014400165372744174,0.0586727064273598,0.007252638034447796,0.013118850283681163,0.20137213915466498,0.0058105930451423865,0.009297418022083542,0.0064941922269238445,0.01197122181589576,0.018747385107912223
471,0.013732953617924133,0.018890864625026097,0.0709505974642357,0.039369813392677686,0.057265183116622084,0.33060344976226747,0.03149585071414215,0.048455154944834086,0.1259834028565686,0.012855449271078428,0.06999077936476034,0.0419944676188562,0.0076819148083273545,0.023330259788253448,0.009401746481833477,0.00796653783430237,0.014649232890298677,0.01351549183092666,0.02249703622438725,0.039369813392677686
472,0.014555123994514339,0.038377993588807335,0.025367501819010707,0.021655184479643284,0.0682971202819519,0.003132312101478695,0.03699427348605729,0.058341274108174315,0.03414856014097595,0.01345246308583901,0.03699427348605729,0.009524132377659403,0.011098282045817183,0.040357389257517036,0.036673088356725635,0.4514531245605077,0.011702459824624012,0.012505106530498234,0.028640727860173378,0.0467296086139671
473,0.010867984906915143,0.005227833960560806,0.03532095094747422,0.028256760757979376,0.038037947174203,0.005851991872954308,0.013860620762029013,0.03955946506117112,0.044953937569512645,0.009084135080856218,0.03955946506117112,0.044953937569512645,0.010002934215005458,0.044953937569512645,0.5228420342802993,0.007781930710402295,0.014760994425810123,0.012679315724734337,0.019391894637828987,0.052051927712067264
474,0.4925781238410684,0.08081384059721335,0.046021555544075256,0.022278676913038687,0.020341400659730977,0.008744901218202102,0.021266009780627832,0.033418015369558025,0.04253201956125567,0.007997473763654913,0.028354679707503782,0.01990860490101329,0.009823250797032071,0.033418015369558025,0.009451559902501263,0.022655671976713455,0.04019128386462015,0.005115824229482675,0.026734412295646423,0.028354679707503782
475,0.014586509243702363,0.02828898762415004,0.03111788638656504,0.03889735798320631,0.03011408359990165,0.013148402698548608,0.02121674071811253,0.4920806419479648,0.054913917152761844,0.008675442389902433,0.03590525352295966,0.07704575406652618,0.010372628795521683,0.03889735798320631,0.010730305650539668,0.009187737378927469,0.004829320641082633,0.0058578840601924455,0.04667682957984756,0.027456958576380922
476,0.01386224486357143,0.010867475243545364,0.023565816268071433,0.022443634541020413,0.03250457416285715,0.005461107760599513,0.026184240297857153,0.04488726908204083,0.02299104026153311,0.055233002574209794,0.018127550975439565,0.06733090362306125,0.010591378098009634,0.018482993151428578,0.06950738253585305,0.006781529861315521,0.013466180724612248,0.009151773307988907,0.49999527688750434,0.028564625779480525
477,0.007719437522816888,0.027940982151682538,0.010490517659212693,0.011524794048149154,0.28030328784950803,0.005279099209152193,0.037915121470102675,0.019029311102757903,0.035576538148634346,0.005313379074146688,0.03030593990439222,0.01823663348128936,0.006442995097784174,0.026395496045760962,0.00794427550891835,0.0052835630464032534,0.008523545598110313,0.006598874011440241,0.017409795264225314,0.4317664138055127
478,0.010482194907072213,0.021987042975810004,0.02436402059481649,0.021463541952576437,0.025040798944672506,0.0126967431268762,0.014085449406378283,0.009087763193048465,0.019597147000178484,0.007713509322966012,0.4747657561772214,0.028170898812756567,0.008424941701011312,0.021987042975810004,0.0062226553533840274,0.008048828232216164,0.24652445024017744,0.00498053848900874,0.013868750184741695,0.020487926409277504
479,0.019836352014115415,0.051086517296201776,0.0319106532400987,0.03336113747828501,0.034949763072489065,0.05418648031203997,0.034949763072489065,0.03058104268842793,0.03336113747828501,0.05636729694334489,0.029357800980890813,0.03058104268842793,0.012876228500390706,0.06116208537685586,0.030895079811398177,0.008842711138822533,0.01706848894237838,0.017901098159079764,0.3854168716845212,0.025308449121457594
480,0.017898610866126624,0.08153811616791018,0.03862331818479955,0.056449465039322425,0.028512272970018186,0.017066117337469572,0.028224732519661212,0.05241736039365653,0.03335650206869052,0.3846593625062693,0.0319062193700518,0.027179372055970052,0.017062738235287214,0.036692152275559574,0.015288396781483157,0.010195161482531079,0.016307623233582032,0.017900312574442773,0.0363048055435116,0.05241736039365653
481,0.023561243386067292,0.07226642444718141,0.029441876626629462,0.01498500712381356,0.03312211120495814,0.4152383573898833,0.02649768896396652,0.04183845625889449,0.03456220299647807,0.014998691866396144,0.030574256496884444,0.03785384137709503,0.006973076043149084,0.04676062758347032,0.006970673664356778,0.01589861337837991,0.01324884448198326,0.046608922868048006,0.04676062758347032,0.04183845625889449
482,0.32239578339826275,0.04119173369274886,0.015497672012278503,0.03251978975743331,0.03251978975743331,0.015842974497211098,0.022067000192544033,0.0475289234916333,0.061787600539123286,0.009965742022439241,0.034326444743957386,0.03251978975743331,0.008702478949172294,0.030893800269561646,0.009654312584238016,0.17337327196443028,0.04595697323246451,0.005165012647860889,0.034326444743957386,0.023764461745816652
483,0.010788351901891747,0.02795163901853771,0.05590327803707542,0.025622335766992896,0.0212046916692355,0.13613448804952433,0.01618252785283762,0.18078599925434646,0.03480538093691195,0.009317213006179235,0.01661989347048188,0.019216751825244672,0.011602567139770372,0.0236513868618396,0.3218797509182927,0.014688939821162863,0.012811167883496453,0.013665245742396213,0.019216751825244672,0.02795163901853771
484,0.020465855804367335,0.02109420721065246,0.03240427169024828,0.037033453360283755,0.40318105961084266,0.017282278234799085,0.03381315306808516,0.04093171160873467,0.04860640753537242,0.027581479347850657,0.04093171160873467,0.05184683470439724,0.016906576534042584,0.03240427169024828,0.009601265685999493,0.04120572730786347,0.01944256301414897,0.01620213584512414,0.035350114571179946,0.053714921567024655
485,0.019353555562875626,0.030643129641219742,0.03342886869951245,0.05253107938494812,0.1143103172351775,0.016714434349756224,0.04596469446182961,0.05253107938494812,0.05253107938494812,0.19205617049726795,0.03881112166866853,0.028285965822664377,0.0216304444526257,0.03342886869951245,0.009428655274221457,0.005302243557885438,0.028285965822664377,0.01617245822545308,0.02473109002650298,0.18385877784731844
486,0.04107731447673219,0.06709388475739662,0.03019224814082849,0.31304720078228293,0.060384496281656964,0.004524091328383798,0.02875452203888428,0.060384496281656964,0.08284780660362318,0.022364628252465546,0.021565891529163207,0.02875452203888428,0.025160206784023743,0.03200193572157362,0.01184009731012882,0.014042906112013248,0.018298332206562715,0.01689642679042555,0.02012816542721899,0.10064082713609494
487,0.018608977963826216,0.027615495874384437,0.02742375699932285,0.08684189716452236,0.27174277495302795,0.026052569149356705,0.021710474291130582,0.04342094858226118,0.04008087561439493,0.1126335164819857,0.03721795592765244,0.06513142287339178,0.011842076886071229,0.05210513829871341,0.023684153772142457,0.035556318798297334,0.023684153772142457,0.01505744344999357,0.026052569149356705,0.03353747999802566
488,0.012504900871552057,0.07892321258951378,0.02038670513207233,0.24763785968479005,0.11838481888427069,0.08704828623679493,0.02959620472106766,0.05261547505967585,0.010295403878299907,0.016912116983467236,0.06764846793386894,0.018213049059118566,0.018941571021483306,0.04304902504882569,0.016912116983467236,0.01632894053576147,0.008164470267880735,0.014465137469750049,0.04304902504882569,0.07892321258951378
489,0.3364672210668902,0.08879167690024299,0.0326829364037413,0.0432280270839352,0.04987849278915601,0.01801167795163967,0.020916787298678328,0.03814237683876636,0.03412738980310674,0.01062984272555784,0.03412738980310674,0.03602335590327933,0.010131568847797316,0.027017516927459507,0.008645605416787043,0.1341415613597004,0.007315992883299214,0.013904171399466843,0.030877162202810865,0.024939246394578004
490,0.015605280379697271,0.0426544330378392,0.049216653505199076,0.04570117825482771,0.020972924921747526,0.012072009350331852,0.017027879331352944,0.14243756814513714,0.0426544330378392,0.33323115614865867,0.03763626444515223,0.05331804129729899,0.003342615201927581,0.035545360864865996,0.011302610774986536,0.014541283990172455,0.013057479501379346,0.0213272165189196,0.04570117825482771,0.0426544330378392
491,0.01748115411983535,0.15150333570523972,0.05681375088946486,0.015618901248469702,0.06493000101653126,0.23660535166299937,0.03787583392630991,0.06493000101653126,0.04131909155597444,0.01377303051865815,0.030300667141047923,0.026735882771512873,0.01623250025413282,0.05050111190174655,0.004602374110415261,0.012625277975436638,0.01623250025413282,0.07374273286420317,0.030300667141047923,0.03787583392630991
492,0.01669286149141966,0.04622638566854676,0.06009430136911079,0.04292450097793628,0.3112298181619614,0.04622638566854676,0.020722172885900274,0.0506331372882301,0.07511787671138848,0.0969035576526847,0.04622638566854676,0.025039292237129498,0.006070131451425332,0.025039292237129498,0.010185474808323861,0.00528414301267948,0.008120851536366323,0.02081651363474694,0.04292450097793628,0.04352241655999083
493,0.017124411447045827,0.03293156047508813,0.02518295801036151,0.03293156047508813,0.4074469404478533,0.017837928590672736,0.021405514308807286,0.03987126539912556,0.02518295801036151,0.22030806532411046,0.016252434493697166,0.03293156047508813,0.011570548275030965,0.014762423661246402,0.010702757154403641,0.00530453224452576,0.01223172246217559,0.011014392762697564,0.016465780237544064,0.02854068574507638
494,0.018932485057751823,0.03944267720364963,0.00427910851078267,0.04733121264437956,0.0364086251110612,0.024911164549673452,0.017701976740523356,0.061371664385834496,0.034785179312089035,0.016321107808406742,0.07888535440729925,0.24655432097423463,0.012136208370353731,0.1577707088145985,0.0278418897908115,0.00476258323542964,0.03167269412182109,0.06761601806339936,0.03944267720364963,0.031832343694250656
495,0.014101602060854526,0.03070220184325515,0.017031600493301637,0.41795825621921523,0.038012249901173044,0.04268264555622201,0.03628442036021064,0.046956308701449054,0.011238459936208858,0.01108690622117547,0.03070220184325515,0.016630359331763205,0.01023406728108505,0.16567608977976497,0.008869524976940378,0.012280880737302059,0.01064342997232845,0.01428796995250083,0.026608574930821135,0.038012249901173044
496,0.016259546551991518,0.035137315659199274,0.31170482835610164,0.07841751251523638,0.035137315659199274,0.0023987820011509386,0.013274097026808615,0.024888931925266162,0.045948797400491355,0.008915438301587877,0.05973343662063877,0.14244172247295903,0.009050520700096785,0.07466679577579846,0.01086062484011614,0.00979236665912111,0.014933359155159693,0.06531021118935,0.02715156210029035,0.013976835089436717
497,0.025306174365722075,0.050612348731444164,0.04428580514001364,0.059047740186684856,0.07085728822402183,0.025306174365722075,0.3696264090026405,0.02214290257000682,0.04594491919116056,0.023808072031034938,0.02624344008297105,0.037488842514795784,0.010016940013389021,0.029686242165120957,0.06745135225158937,0.012431103197196812,0.014460671066126899,0.02084037888941818,0.039365160124456566,0.005078035886483675
498,0.01906351169605497,0.08655976455648957,0.028902743539180122,0.04072659316884472,0.028902743539180122,0.011946467329527784,0.02799953280358074,0.028902743539180122,0.04479925248572919,0.03559008289613813,0.02421581215444821,0.027151062112563146,0.013176250731096822,0.03733271040477432,0.010872380224261931,0.0072332938980642905,0.013784385380224367,0.01723048172528046,0.46761065501180016,0.02799953280358074
499,0.013570325409586522,0.030711789084853707,0.022443230485085404,0.01882335460039421,0.026523817846010024,0.011441646913965105,0.013570325409586522,0.005631398696676951,0.013738026694515588,0.400224322905155,0.2991418601657566,0.015355894542426854,0.006785162704793261,0.012156749846087929,0.007306034194958765,0.010420071296646795,0.04965258112274253,0.0036018085732768394,0.024313499692175857,0.01458809981530551
500,0.08382925930573695,0.12395950011023998,0.03678798067787767,0.1004871591296334,0.003913614965731666,0.06156870055385114,0.055181971016816496,0.004219264326517523,0.10278994601171702,0.004560493472464174,0.05748121980918384,0.06197975005511999,0.0011933272842675818,0.07226210490297398,0.012906164544541125,0.08064453123630176,0.06897746377102063,0.06036608375935992,0.003937980038083021,0.0029534850285622655
501,0.01688036787099127,0.017204990330048794,0.02485165269895937,0.026415650389919616,0.02354367097796151,0.0035425277768510624,0.02711089385341022,0.07848787134522005,0.1304274059522514,0.008059995469932772,0.02711089385341022,0.02556169991892964,0.007455495809687813,0.028859983779436688,0.46386206464805224,0.00816253318748139,0.01242582634947969,0.020333170390057668,0.02485165269895937,0.02485165269895937
502,0.09227423606770813,0.05626094031163485,0.08311718941371211,0.10403854589205978,0.014163593365166816,0.015371636887926728,0.0877150927809105,0.05739982574304447,0.003157020496960541,0.03251468389916556,0.026861987416695682,0.04414319932143658,0.04399045468710635,0.12826852147131382,0.022832689304191335,0.08256043312003221,0.056629642665486396,0.017642344588299965,0.009114367212664261,0.021943595354483807
503,0.08355261014506175,0.10211985684396438,0.05436538266685961,0.01788908688348567,0.01405571112273874,0.013118663714556158,0.04710662977412004,0.013176321957791965,0.014256230522162489,0.004685237040912914,0.1378618067393519,0.20657947698285634,0.004685237040912914,0.02811142224547748,0.005466109881065065,0.0016421595818953392,0.14014929088775727,0.04823829027245619,0.013571031428851197,0.0493694442677226
504,0.010078840599701613,0.4359603289531361,0.03527594209895565,0.013718421927371641,0.020577632891057462,0.009318173384629792,0.01646210631284597,0.013347653767172408,0.01646210631284597,0.00459353255525662,0.04938631893853791,0.017637971049477823,0.00396139287917453,0.01829122923649552,0.00914561461824776,0.25964583211549963,0.011531394326882898,0.010974737541897314,0.025992799441335743,0.017637971049477823
505,0.05031020354814029,0.08660004332895645,0.05196002599737388,0.0264401803016477,0.028866681109652154,0.41051414978442413,0.01732000866579129,0.022923540881194356,0.03542729045275491,0.04731878777123141,0.0389700194980304,0.022268582570303088,0.006897348583722195,0.028866681109652154,0.006682616169419925,0.01067671767069326,0.012371434761279491,0.012624301749505561,0.03711430428383847,0.045847081762388706
506,0.19849797961184396,0.055937618657928886,0.007841328020618274,0.023147468831259694,0.03026976693318575,0.4148972329807141,0.02459418563321343,0.025387546460091278,0.03148055761051318,0.008842853261380108,0.02248611257893799,0.02713841173320102,0.008372488726200316,0.025387546460091278,0.009716221484726293,0.006660952124851463,0.009962201775478857,0.010567344079819189,0.02459418563321343,0.034217997402731716
507,0.018784060293617018,0.04349992910100783,0.04349992910100783,0.010339612083547972,0.041324932645957435,0.43452155666756337,0.041324932645957435,0.03593472403996299,0.048617567818773445,0.01836663673153664,0.041324932645957435,0.02504541372482269,0.01620585593959115,0.03756812058723403,0.005860973230839257,0.013119026236811883,0.01758507772168402,0.033573874156930514,0.03593472403996299,0.03756812058723403
508,0.0178158022103634,0.18591936333907252,0.029692958951210303,0.03906968283053989,0.020349831299483374,0.020426906582672832,0.01953484141526994,0.007635781140989452,0.04366611610472105,0.010031405051084566,0.03711619868901289,0.020062810102169128,0.010031405051084566,0.019033948045647633,0.008733223220944211,0.008631674113723928,0.05141473751599044,0.391222449774878,0.03711619868901289,0.022494665872129022
509,0.019563559454623503,0.07714028291960505,0.01834646338445885,0.5084904310634694,0.026809954205369347,0.04667252028156848,0.01462361138474691,0.033281322461837806,0.0364205576744961,0.009556023281121746,0.04595992149491887,0.02412895878483241,0.009020171508348563,0.03028507566202559,0.009105267465974494,0.014747407028748022,0.01060613572959666,0.01615646417648624,0.030161198481040517,0.018924673556731303
510,0.05256712156157218,0.035992984104346835,0.0423446871815845,0.07367806385270972,0.05141854872049546,0.37984400236466476,0.01845794056633171,0.03427903248033032,0.0327208946403153,0.007198596820869367,0.019996102280192683,0.02570927436024773,0.009861091535437488,0.02482274765817023,0.005146698899865736,0.09719076697606231,0.012854637180123866,0.010492276849060353,0.037737621118121754,0.02768691084949756
511,0.0062062075021181605,0.04833629707544175,0.01450088912263252,0.012142579895448577,0.08695272503527081,0.004363739649926833,0.005370756492217639,0.012142579895448577,0.013299016075967488,0.1451275807293835,0.05437833420987196,0.013963966879765862,0.004168348322318168,0.11278469317603072,0.022896140719946095,0.11785423317997634,0.0304518671575283,0.006385092846437692,0.17991828361452505,0.10875666841974392
512,0.07179404155064041,0.02478056571913206,0.01906197363010158,0.01234353894355265,0.03232247702495485,0.38337803935342624,0.016895840263044585,0.02252778701739278,0.017288766780789805,0.008169417270043534,0.035400808170188654,0.017700404085094323,0.09227741530362173,0.02478056571913206,0.020805137636273886,0.11244173938848723,0.009912226287652821,0.04253905169893312,0.020092350583080044,0.015487853574457533
513,0.008725225737265972,0.0051767265646465626,0.004641203126924505,0.006409280508610031,0.016350749234309795,0.0026918978136162126,0.010470270884719166,0.3219829188587932,0.006117949576400484,0.06852295543949506,0.05720100005049137,0.0044864963560270225,0.006158982873364215,0.020135136316767627,0.0016414011058635445,0.0012149227437070794,0.03820233971451587,0.4120663015339983,0.003845568305166018,0.00395867325531796
514,0.10867863059355551,0.14964693179147462,0.019021655679551882,0.012907552068267351,0.008284495893735795,0.006104923275531855,0.006873719252582883,0.01129410805973393,0.003930054176857038,0.001351156497772386,0.019641927060406836,0.05722348083598525,0.1771494825803892,0.030106679508393575,0.0033109507922390227,0.14443424686909684,0.10130472683882555,0.043921531343409745,0.0044608824043192745,0.09035286447787146
515,0.015714360434844934,0.044555611896653004,0.021386693710393447,0.022277805948326502,0.034702545960282556,0.004578338129313507,0.014450468723238817,0.049722998401175535,0.3470784200761665,0.006767941047592862,0.018436804922752972,0.012434124250228749,0.007748802068983133,0.02082152757616954,0.2802400077155678,0.03128998424546612,0.01464482977153586,0.012434124250228749,0.022277805948326502,0.018436804922752972
516,0.006356656422033894,0.013110603870444907,0.009989031520338977,0.008562027017433407,0.06939732268734033,0.004767492316525421,0.035204861948109616,0.05501973947745376,0.009756728461726443,0.21727308011156282,0.4644317561895038,0.010757418560365052,0.014456566056201445,0.0060802800558585075,0.0033597976178399262,0.0048222910787843335,0.0054485626474576245,0.028151170566443527,0.013984644128474567,0.01906996926610168
517,0.019292503082134177,0.03335725259926962,0.02943286994053202,0.01715060612349539,0.03573991349921744,0.5143669697846321,0.02704642102643483,0.0476532179989566,0.040028703119123536,0.00926590349979712,0.02943286994053202,0.02859193079937396,0.01853180699959424,0.021754729956045406,0.00805603493570175,0.010877364978022705,0.018194865054147066,0.02862004937990337,0.03228121219284157,0.030324775090245115
518,0.008648319790876179,0.022013170104885668,0.07106918993473266,0.020591237597324234,0.10315919160351329,0.031088974387296388,0.004910167580056687,0.028827732636253926,0.014413866318126963,0.005765546527250785,0.017296639581752357,0.1550787540314091,0.15997868070129598,0.016631384213223424,0.005273365726144012,0.01938634517682716,0.010056185803344393,0.00847874489301586,0.0701660880268842,0.2271664153657865
519,0.009631630315101624,0.2379579254319224,0.016793669889188432,0.011831903785564582,0.02619719717033345,0.007544982124128137,0.01107667588435833,0.27304000970008124,0.01487439333042404,0.07009227498259739,0.0220627235698393,0.013348814527303627,0.0041317759251177895,0.008975927009738646,0.003493985010502292,0.003721988034990474,0.004593701353498188,0.2380271771884894,0.012395327775353366,0.010207916991467478
520,0.003743591788226147,0.009103734575913585,0.0067892257854270804,0.01292142972065154,0.01540632005154607,0.00430714324021718,0.005270583175528918,0.42449207752510637,0.0065666282186917675,0.2101962464012502,0.19697342226801892,0.004604187601611468,0.020446975138583866,0.006284215344158863,0.0023985887505401063,0.002989285980150729,0.0031294087604702946,0.048040445959112756,0.009769861496102384,0.0065666282186917675
521,0.04687066316996972,0.1874619381906697,0.048758741256368546,0.29347706834470105,0.013279314833862412,0.0038850746694438225,0.03145814370857921,0.01297049355865631,0.03573760050331679,0.0064794385549013876,0.02170611915891965,0.012675709614141393,0.0040124548418864845,0.18210295369625595,0.0038731334932098696,0.01149993068022233,0.00526161531153039,0.006801600280758795,0.02207401948364711,0.04961398664895921
522,0.0718291899777063,0.023468584536072545,0.0746496118585414,0.11399958642820096,0.004373081412869753,0.08844420926709955,0.05347484619290815,0.011157195926985308,0.06721879351792376,0.016145358339597352,0.0537307067010082,0.06268582448450956,0.0018374291650713247,0.13494526440705093,0.06042612186624286,0.0783217444239564,0.05678839121177896,0.017519532432136265,0.00485897934763306,0.004125548502707314
523,0.0030325110814029754,0.008036154365717883,0.0061816572043983725,0.007305594877925349,0.006428923492574307,0.0034196401556246324,0.0033483976523824527,0.2509086410309339,0.0061816572043983725,0.2540433406934381,0.08325193022398554,0.005542175424633024,0.0018908598507571494,0.006987960318015552,0.004376995444584252,0.0020344694596754137,0.0017582941081075662,0.33544883096445655,0.005357436243811923,0.004464530203176603
524,0.10438463086481624,0.029557593770899816,0.073523534589418,0.02086418383828222,0.02086418383828222,0.009094644237199943,0.03600421704616579,0.014859463108879301,0.01896504745578167,0.005720824600819319,0.12280544807625439,0.18420408496566015,0.005542048832043714,0.0672110898255176,0.005140451090591272,0.15240816811746685,0.03809714709863296,0.012667540187528489,0.023646075016719847,0.05443962343904005
525,0.028987007361929395,0.09191606607928039,0.03414025311516128,0.06526813095545539,0.021337658196975796,0.03290104098973321,0.0533441454924395,0.017781381830813164,0.044707474317473114,0.07565107470425003,0.0768155695091129,0.0982270054799994,0.001877231739356778,0.06826857652931617,0.05683729517889699,0.06949980098443548,0.048934362798397836,0.002810969812663614,0.03482772577950674,0.07586722914480284
526,0.03399266775271005,0.0917736755384615,0.004807995869202486,0.029790207963813955,0.09687221306837604,0.010578417446947666,0.05983283748340873,0.19488409923167413,0.046156760344343864,0.057268573019834054,0.012308469425158362,0.03282258513375564,0.0017061097781286894,0.04151666274358972,0.027419857630303288,0.04695885030886197,0.052576877537567984,0.07736492103121156,0.03496724268510899,0.04640097600754146
527,0.04466017316691215,0.15026293753384787,0.1220886367462514,0.04007011667569276,0.01486600485389158,0.03577688988901139,0.10402818752343312,0.011368121358858266,0.02372572697902861,0.015842121229690406,0.012883870873372701,0.08838996325520462,0.0991065685755024,0.047941063707308905,0.04145184483692355,0.060044998775683055,0.050564715282708936,0.006234131067760984,0.019325806310059045,0.011368121358858266
528,0.015982493761995453,0.029902730264378594,0.02648527537702104,0.011572801804250233,0.0514991465664298,0.4843964428983762,0.021557782283621776,0.03565325531522062,0.04634923190978682,0.009363481193896328,0.025749573283214897,0.03707938552782945,0.012038761535009563,0.028090443581688978,0.04934415127519929,0.011304690709704102,0.01782662765761031,0.028302798249392067,0.0331065942212763,0.024394332584098326
529,0.11807955316669488,0.020286672444292116,0.025183455448086763,0.06250072776442203,0.020286672444292116,0.37836481463251076,0.08117969280210276,0.028089238769019854,0.033196373090659835,0.005705626624957157,0.015215004333219088,0.08418634809106955,0.006137144604995934,0.01872615917934657,0.004082513781281076,0.03156988053415107,0.009484678025902806,0.010757387408275677,0.015215004333219088,0.03175305252150071
530,0.05985790193718976,0.07242067147956294,0.018484377807675492,0.006170491051810052,0.022219978749411347,0.00561132897733006,0.12362597032810849,0.01428338285138561,0.1638871148716339,0.05899787461050599,0.05627791532565297,0.12204649066852452,0.012978040685496893,0.006284688454609668,0.11998582424910031,0.016294651082901655,0.0031712671322881953,0.0068311831028365945,0.023278072975573792,0.08729277365840175
531,0.013496199781404457,0.0382392327139793,0.029926356037027285,0.0382392327139793,0.025492821809319534,0.01147176981419379,0.0237346961672975,0.12908653250256927,0.028679424535484478,0.09112870091994918,0.36186913545593863,0.027532247554065095,0.008393977912824724,0.017648876637221218,0.006200956656320969,0.011283708013961107,0.07491095895631411,0.004515166208271284,0.03441530944258137,0.0237346961672975
532,0.015707390072779406,0.010338087944435696,0.024373536319830115,0.04417703457969208,0.0517779103253074,0.013336463269341008,0.10807528193771924,0.04712217021833822,0.0642575048431885,0.012400571110089006,0.032128752421594235,0.05007947119215736,0.008124512106610039,0.058902712772922784,0.009955388074296809,0.008341335848479329,0.013592933716828336,0.02078919274338451,0.0504880395196481,0.35603171098335784
533,0.5496970071518382,0.031081951637870663,0.0422714542275041,0.03512377636970969,0.02248481607845963,0.017613105928126708,0.018540111503291275,0.03408988244153556,0.031081951637870663,0.00852247061038389,0.03408988244153556,0.027097086043271858,0.005621204019614906,0.025161579897323868,0.008005957240057593,0.006924800455922866,0.04240785277858289,0.00926991256839764,0.03019389587678864,0.020721301091913776
534,0.018296976486184974,0.043221927433912476,0.4750240137951175,0.06746059221173487,0.02017023280249249,0.00926862043505327,0.021108383165399112,0.022138060392979556,0.03630641904448648,0.007036127721799706,0.03946349896139835,0.011529349825146657,0.00789269979227967,0.03491001831200623,0.010805481858478119,0.009974290946287493,0.01334794817812003,0.022138060392979556,0.020628647184367313,0.10927865105977612
535,0.006468620047680626,0.026577808258859387,0.4489615753520575,0.02388379024588463,0.038658630194704564,0.038680096711166866,0.013972271826325355,0.01932931509735229,0.030374638010125014,0.00817778715657212,0.04049951734683336,0.010845382917345084,0.006074927602025004,0.04049951734683336,0.008678468002892863,0.005785645335261908,0.008099903469366673,0.09362871121087059,0.021807432417525655,0.10899596145031729
536,0.0043594321979409795,0.037399328594118736,0.032412751448236236,0.029466137680214766,0.04419920652032214,0.021138750944501895,0.021138750944501895,0.011394471466379969,0.042277501889003796,0.009260786128067498,0.025589014301239135,0.031769261298475925,0.012240366892937074,0.028599486571973157,0.008382608133164543,0.02832342447299336,0.510194408689428,0.019066324381315437,0.05719897314394629,0.025589014301239135
537,0.4543583136574329,0.019808102949591906,0.04443940255245309,0.030053673440760136,0.03631485540758516,0.00839085531411527,0.02075134594719152,0.0378937621644367,0.027236141555688875,0.008893433977367797,0.03352140499161708,0.022347603327744717,0.007578752432887339,0.03486226119128176,0.00871556529782044,0.005985577768475821,0.04849110190962163,0.0919400030366451,0.023555581886001188,0.03486226119128176
538,0.6418183273155066,0.0031506356439821854,0.02367838500423971,0.005255221080900345,0.006881837129750453,0.15075308047343614,0.0027012818640141972,0.00555840691249075,0.00932377933708126,0.0018647558674162515,0.007049686815841927,0.0038031205190726188,0.0013829529160264066,0.0044467255299926005,0.09546559081986282,0.02189635762897135,0.0022581028081993674,0.0023573899157032147,0.006283416509772151,0.004070945907739705
539,0.015078545105607305,0.026908659274707217,0.05555253459960588,0.04221992629570046,0.029319393260903093,0.01456191299666122,0.02110996314785023,0.04397908989135464,0.027776267299802936,0.007102345804794311,0.031044063452720923,0.03518327191308372,0.006172503844400652,0.023988594486193445,0.003596964014258898,0.006990054022466963,0.01088142430301558,0.015753703841679272,0.5517367189924722,0.031044063452720923
540,0.005563374491262151,0.023405633965030183,0.46609718674221207,0.0279079723660047,0.025411831162032772,0.011798523141647636,0.01248614683235125,0.030669451402453345,0.06841646851316516,0.007350529674968157,0.0592942727114098,0.08240859570183907,0.0036008667638507976,0.0423530519367213,0.011117676133389338,0.00592942727114098,0.006050435990960183,0.010479780464943637,0.03557656362684588,0.06408221110777175
541,0.004961610164987445,0.047728491754681274,0.03304280198401011,0.040910135789726805,0.034364514063370516,0.014083817239086277,0.019525292081460522,0.00888017262473287,0.06608560396802024,0.010107210018638388,0.029624581089112517,0.024994867148680867,0.007385830760926801,0.10738910644803287,0.012450910892525553,0.009250723363508845,0.42651852584967564,0.017182257031685258,0.053694553224016436,0.031818994503120854
542,0.007506988971974059,0.004555657797581365,0.019225215659933566,0.021303617352899356,0.021303617352899356,0.005398861931899153,0.004424477167305474,0.026274461401909213,0.320489220828231,0.0046857209204480684,0.020211124155314775,0.017516307601272808,0.0045067486226711626,0.020742995843612534,0.4131550816331983,0.024131871668831757,0.006737041385104925,0.012126674493188867,0.023183348295802243,0.02252096691592218
543,0.013012333213222916,0.03822372881384231,0.04704458930934439,0.0611579661021477,0.01981193483036187,0.010025896082319297,0.015289491525536925,0.3199843228674779,0.03057898305107385,0.010025896082319297,0.04409607273570893,0.02118446315388376,0.01798763708886697,0.02446318644085908,0.0070296512761089305,0.0103052749310387,0.005632197362981114,0.2403720254541958,0.03597527417773394,0.02779907550097623
544,0.004231560988067629,0.02702041869875318,0.010836924481636609,0.013884809492096906,0.014332706572487128,0.004510352833713939,0.1292009454419915,0.010188853265822051,0.009873642305491134,0.0034985346751740237,0.01586835370525361,0.06266555787999359,0.0028121133148550697,0.011392664198643616,0.0026331497683309392,0.237143205597549,0.40888765521197523,0.007283834487657394,0.012342052881863916,0.011392664198643616
545,0.053204268845909515,0.041512201700336655,0.005364507551062044,0.06602732440720635,0.015814172076318724,0.010644154282137601,0.019045024435996743,0.09429932238101164,0.1492106132252999,0.019252035571170615,0.041476928282436314,0.0026325824093174845,0.0013162912046587422,0.043580565245494356,0.1990850284527032,0.09248287973745885,0.0789139912353924,0.05605023014391446,0.004512998415972831,0.005574880396201731
546,0.060883196935200036,0.04461325477266228,0.00474026238436208,0.015917425154845396,0.19844844214347346,0.0033737002555369756,0.10692621478064086,0.015719080833278606,0.004993076378194724,0.0010849825174194235,0.016835738144548015,0.00921535140543681,0.0013279458452645542,0.0046810091045575535,0.0019303130328072386,0.001471281237825924,0.014446507978820083,0.03526169237740089,0.29019865201152956,0.16793187270619553
