site,A,C,D,E,F,G,H,I,K,L,M,N,P,Q,R,S,T,V,W,Y
451,0.010459986343437023,0.5640228888117501,0.02428211115440737,0.021932229429787304,0.02446756017740101,0.01285491140301372,0.027195964492936254,0.08498738904042581,0.0323761482058765,0.008946040951623768,0.035784163806495066,0.05229993171718512,0.008946040951623768,0.02266330374411355,0.0030333537229894542,0.009945377069819652,0.019425688923525898,0.01152371376819333,0.012879858702235058,0.011973337583160064
452,0.002330919361066754,0.013102133025925005,0.03241053959044607,0.03405498574968734,0.021992866150659835,0.0036580839011937775,0.016205269795223035,0.19774459097449343,0.023684625085325976,0.004230514826477946,0.025253696538866523,0.026773924009498924,0.00947385003413039,0.018111772124072802,0.004561483349766484,0.006097032200182923,0.009191048540574258,0.5139527396085005,0.01664325005995879,0.020526675073949178
453,0.014058136497823982,0.004851198540217132,0.015986275009223942,0.019825577112315872,0.026857600989322074,0.006552521248985753,0.005119846337968016,0.03221656280751329,0.040694605651595724,0.008591083415336877,0.040694605651595724,0.026857600989322074,0.012272976307624112,0.03681892892287233,0.008887327671038149,0.007173265372264945,0.020897229929197812,0.009545648239263196,0.019329937684507973,0.6427690716220109
454,0.008422146359998061,0.026319207374993943,0.0241161215021166,0.026319207374993943,0.020376160548382403,0.006792053516127468,0.10509817137693453,0.08089284677294367,0.019739405531245452,0.008203389311686423,0.03158304884999273,0.5407573000384918,0.010355097983604173,0.021055365899995147,0.006649062915787943,0.001985565929005473,0.009477807664900934,0.008422146359998061,0.024294652961532867,0.019141241727268315
455,0.009115317371404107,0.03889202078465752,0.030704226935255933,0.02430751299041095,0.01823063474280821,0.006629321724657531,0.030704226935255933,0.14896590329220652,0.025589543608688106,0.005255678484413178,0.48827239868364786,0.03889202078465752,0.012153756495205472,0.04167002226927591,0.006206173529466626,0.011905720648364546,0.0037817720180593696,0.0024692186380420584,0.014584507794246568,0.04167002226927591
456,0.03357659822754427,0.013731961272967328,0.02126239164846554,0.0329567070551216,0.024412375596386364,0.007164501533722085,0.026365365644097277,0.06308573655383166,0.04961820152878019,0.007192484992820593,0.5630873026672504,0.03661856339457955,0.009986880925794424,0.022728763486290757,0.006878804592043487,0.018235566278752485,0.003860797003801727,0.0029109891762698816,0.026365365644097277,0.02996064277738327
457,0.010341188473624387,0.01797397044225191,0.018412359965233667,0.012840671302492189,0.02435183092176066,0.6258543370793347,0.02795950957683631,0.031454448273940845,0.04440627991615177,0.007946386932364003,0.023590836205455636,0.031454448273940845,0.01006542344766107,0.03594794088450382,0.004306451866051701,0.008777985564820701,0.011101569979037945,0.019909650957424,0.011101569979037945,0.022203139958075897
458,0.00949405458678478,0.014919228636376083,0.029838457272752167,0.007366117327826285,0.017050547013001238,0.007735896329972782,0.01740576674243876,0.021218096085485454,0.6982287872692367,0.005683515671000412,0.014919228636376083,0.02009140990684509,0.007140827381513338,0.07413910530151509,0.0028271525016790584,0.0054606327035102,0.008967464352665587,0.007328743891553162,0.013475432316726784,0.016709536072741213
459,0.009473068986775825,0.028813918168109794,0.02384600124257363,0.02161043862608235,0.01686668380572281,0.0012823046750921904,0.019758115315275288,0.15092569606900932,0.011844373695873028,0.006286673054860319,0.013047812000653495,0.03841855755747972,0.008433341902861404,0.019209278778739864,0.5768333667350529,0.004751779295846578,0.012348822072047056,0.0074358498498347855,0.009604639389369932,0.019209278778739864
460,0.02880232932512715,0.025046097935116595,0.014195533310955407,0.6231560819569709,0.032668823393630336,0.0023921099020116983,0.032668823393630336,0.028899343771288385,0.02389826893824781,0.009163206561628025,0.026835104930482065,0.028899343771288385,0.013914498852842553,0.030055317522139916,0.006477439121150845,0.009758219974720754,0.014177036567047134,0.007185290834293753,0.018326413123256047,0.023480716814171812
461,0.011149516005266525,0.01345631242014925,0.02229903201053305,0.0037632784339836625,0.01560932240737313,0.006386706278538517,0.01625971084101368,0.021093678928882614,0.6497173695239199,0.005168649803765938,0.011003201966770296,0.1491497292161955,0.006846194038321551,0.013195885988549115,0.0020294721777061146,0.0061454025225878475,0.00887591102522445,0.006846194038321551,0.010992480568572629,0.020011951804324527
462,0.010821493565566314,0.01862303543841645,0.02583195238231959,0.004627201613829019,0.02287972925291164,0.011301270208515757,0.02287972925291164,0.02224418121810854,0.6657154778240576,0.005976048685461995,0.012360463734536972,0.02198987021576635,0.008610650794106528,0.016414200652919226,0.07337289279799136,0.005639369886281038,0.009533220522046514,0.010536717419104042,0.014299830783069773,0.01634266375207974
463,0.06972180625638456,0.012122086769575954,0.0033347831361694525,0.06584538607565711,0.004268522414296899,0.001778551005957041,0.016417223328562054,0.048488347078303816,0.008994090601039,0.14431317380291286,0.28123241305416213,0.002808238430458486,0.09863680203413806,0.08814815032008623,0.0005970267674358039,0.012314500845283509,0.05616720560289516,0.04376384146554601,0.00410434847528548,0.03694350253585053
464,0.11959092088098015,0.022899132429684596,0.021421769047124305,0.0072576131634986395,0.026562993618434134,0.549463394033577,0.019531612954730986,0.02554134001772513,0.021421769047124305,0.007812645181892392,0.02371695858788762,0.024595364461513086,0.010540870483505608,0.02371695858788762,0.009765965090168863,0.008973984330552071,0.014129251924699009,0.021434531685684592,0.017027560011816757,0.024595364461513086
465,0.015914478546251068,0.0648892437622678,0.021077852218485103,0.5371241603366443,0.03817014338956929,0.0020343640672797563,0.02949511080103082,0.058990221602061646,0.01635546540561287,0.010814873960377967,0.020932014116860576,0.040555777351417376,0.010998176908858947,0.021629747920755935,0.00998296057881043,0.010299879962264733,0.024033053245284368,0.008994650345889244,0.02949511080103082,0.028212714679246867
466,0.01049188890144674,0.015300856245771923,0.01794665206826416,0.026229722253616854,0.5648866663861841,0.00897332603413208,0.017486481502411236,0.01894368829427884,0.027278911143761526,0.03928301766850912,0.027278911143761526,0.01948493653125823,0.00811872355469093,0.028415532441418253,0.006958905904020797,0.005147330597787962,0.013917811808041594,0.011202400398277893,0.12025473205702002,0.012399505065346147
467,0.008329505564682992,0.04224249250660659,0.03478793500544072,0.042002642660250236,0.03942632633949949,0.4892837920018985,0.04224249250660659,0.03696218094328077,0.03696218094328077,0.009240545235820194,0.021121246253303305,0.04224249250660659,0.013440793070283919,0.04224249250660659,0.008579376501831855,0.01019646370849125,0.021903514633055274,0.011429354426466096,0.007937846346488966,0.03942632633949949
468,0.006038257696190697,0.02264346636071511,0.016467975535065536,0.002803720729803618,0.02264346636071511,0.00525065886625278,0.05988088079014811,0.02415303078476279,0.29958668216668294,0.007318774318795883,0.01575197659875834,0.015473597096258274,0.006246473478817962,0.03933692641848145,0.17552275751120347,0.0627323513039647,0.13492010480039832,0.03611074693224426,0.01575197659875834,0.03136617565198235
469,0.5795154088564711,0.01519298946737778,0.0225444359838509,0.09222791339247607,0.012261009043848733,0.004659183436662519,0.014559948239570372,0.027955100619975113,0.03176715979542626,0.006130504521924366,0.017919936294855842,0.03176715979542626,0.007852556353925592,0.0225444359838509,0.006785218597081338,0.010680609103963748,0.006526340893147539,0.05958434092528766,0.012479955633917461,0.017045793060960435
470,0.007712248908505983,0.020641607372766012,0.00961389932430198,0.03273277356074064,0.014621138555709262,0.005825245414226726,0.014932226610086051,0.014886401338447989,0.5840997819439384,0.003693761319337076,0.008997623726590314,0.006064921447882175,0.0054829269583909716,0.012628848107244638,0.197437037385002,0.004177468158774075,0.031895751919596343,0.006074898789122158,0.008160635472954005,0.010320803686383008
471,0.007009869963979598,0.11418865289272669,0.20947554377168962,0.01578141399242108,0.018526007730233444,0.3518966411913009,0.023672120988631626,0.023672120988631626,0.03550818148294743,0.008695881179497331,0.03550818148294743,0.03873619798139719,0.010145194709413554,0.02506459869384525,0.006555356581467219,0.021837568081318183,0.008194195726834025,0.007838972217281168,0.01638839145366805,0.02130490888976846
472,0.010146513037239756,0.08750546667384361,0.023299400307735738,0.019658869009652025,0.02859471855949386,0.0020039362170018345,0.017002265089428783,0.031781585616877474,0.02246727886817375,0.008065177029600832,0.020969460276962164,0.10004826101543886,0.007963086181124871,0.017002265089428783,0.014126849182359251,0.5223468297548015,0.01951964381683624,0.0082774185303798,0.011869505817148395,0.02735146992647239
473,0.00818367931371466,0.004374168178801443,0.02688923203077674,0.025096616562058294,0.03962623667693414,0.004590844493059443,0.0063727387429597885,0.037644924843087436,0.023528078026929647,0.007185028320451405,0.03011593987446995,0.025962017133163748,0.005891817874801221,0.024505305651835563,0.6249463366278661,0.03499611755633238,0.012548308281029147,0.011407552982753765,0.01601911695450529,0.03011593987446995
474,0.595400704919341,0.059836825178833784,0.008278390188058907,0.0211133867644153,0.013804906730579233,0.00985947687605784,0.015605546738915656,0.01840654230743898,0.023928504999670672,0.0076781766822397336,0.0341835785709581,0.0211133867644153,0.006538693074712184,0.04820188694961611,0.006969467475632233,0.011454768005760129,0.04564310209681034,0.0042820411347171405,0.026587227777411855,0.0211133867644153
475,0.011017316662079056,0.022358672049513383,0.021116523602318197,0.023036207566165305,0.016236694637592107,0.008943468819805352,0.02815536480309093,0.6303760115472212,0.02815536480309093,0.006316134331273269,0.021116523602318197,0.02034912818262819,0.009385121601030309,0.040010255246497636,0.007918696350869323,0.015754582988149753,0.02153588673005285,0.0038629269263819005,0.03619975474683119,0.02815536480309093
476,0.012522270990656276,0.05163184957233904,0.01862286455020677,0.0181572929364516,0.0226966161705645,0.0273312973784162,0.019629505877244977,0.045393232341129,0.026899693239187554,0.022865063706193175,0.017292659939477713,0.029051668698322562,0.007051375897651106,0.020174769929390667,0.0028981243295371473,0.006155014554729355,0.009311432275103384,0.007051375897651106,0.6036859909567015,0.03157790075904626
477,0.006052623376835976,0.03154378946079749,0.006575689594587232,0.009684197402937559,0.3583560061892596,0.004438590476346382,0.0038679920691063008,0.011096476190865954,0.018366581281433304,0.0041611785715747335,0.014395428571934212,0.029953799206746845,0.004401907910426164,0.02130523428646263,0.005171173370500638,0.004439916984093014,0.006657885714519572,0.004365826698045621,0.012990996516135752,0.44217470612739085
478,0.008639701545256801,0.0196356853301291,0.029792074293988974,0.02057071796489715,0.031998894612062234,0.01016435475912565,0.017279403090513602,0.009841943875662064,0.023999170959046676,0.006362749017960747,0.7176365669780153,0.017999378219285007,0.005837636179227569,0.016301323670295857,0.0058068101575280695,0.0075786855660147385,0.004287773936312192,0.0049674576228463,0.01661481066395539,0.024684861557876577
479,0.013522604543194974,0.01574637870545687,0.0457688153769676,0.0313155052579252,0.03305525555003215,0.02327454615826381,0.024791441662524116,0.054090418172779896,0.027045209086389944,0.016884727959140682,0.029749729995028937,0.037187162493786174,0.010438501752641733,0.027045209086389944,0.023440789950962108,0.006685332583152571,0.013522604543194974,0.01487486499751447,0.492061442134596,0.05949945999005788
480,0.020575764096572687,0.04556062049955382,0.033570983525987017,0.030373746999702543,0.04096411266669167,0.01301732014272966,0.026577028624739724,0.04542948324575319,0.01822424819982153,0.5271867210782332,0.02773255160842406,0.024532641807452054,0.009244183869474686,0.01822424819982153,0.014833690395203568,0.004312221752932491,0.013288514312369862,0.03831777632797848,0.030794988944024573,0.017239153702533875
481,0.01348117992693385,0.04103675550428621,0.04103675550428621,0.08880068401602954,0.0666847276944651,0.4411052687088451,0.029637656753095605,0.025403705788367655,0.01569052416340356,0.013678918501428742,0.02807778008188004,0.015242223473020598,0.0055570606412054255,0.021339112862228834,0.014123960851413563,0.009041996975520694,0.011114121282410851,0.05752742334206596,0.03334236384723255,0.02807778008188004
482,0.3467491666325767,0.05248299872363111,0.011111962566235185,0.020993199489452448,0.016794559591561963,0.008074307495943248,0.027990932652603263,0.020993199489452448,0.018254956077784736,0.007239034306707739,0.019993523323288045,0.019084726808593137,0.0044196209451478835,0.026241499361815558,0.00874716645393852,0.2781437406020242,0.05059390835722992,0.003552767776425199,0.03229722998377299,0.026241499361815558
483,0.01105609275001668,0.028513081302674607,0.01805828482502725,0.031867561455930435,0.0338592840469261,0.003152119712133516,0.01805828482502725,0.10940213993807694,0.13937436593837269,0.008334592996166422,0.016929642023463046,0.01805828482502725,0.008085799175385334,0.02355428455438337,0.4481347405280834,0.014645641214064682,0.013146437285991745,0.011526564781932288,0.021669941790032697,0.02257285603128406
484,0.01162331957326408,0.020524311706671496,0.030511213879818214,0.018776131618349668,0.40337738493406994,0.00976358844154183,0.02440897110385457,0.016833773175072116,0.02871643659277008,0.0058471756902871725,0.02569365379353113,0.02218997373077688,0.013194038434515982,0.06973991743958448,0.0075104526473398665,0.0052944199748006775,0.010848431601713142,0.012204485551927284,0.016833773175072116,0.24610854693503936
485,0.011793808410873366,0.05110650311378459,0.0340710020758564,0.030663901868270758,0.024815126196409458,0.011793808410873366,0.0340710020758564,0.25251217017076294,0.0340710020758564,0.252928281687403,0.01788755869804258,0.061327803736541515,0.020442601245513836,0.030663901868270758,0.012265560747308302,0.004884124399647895,0.027876274425700686,0.017451135557440316,0.018267930121802934,0.05110650311378459
486,0.01834785164030252,0.03538514244915486,0.03096199964301051,0.4095084788106165,0.08256533238136135,0.00271916759225067,0.061923999286021006,0.033026132952544536,0.05708184662768866,0.024769599714408404,0.02251781792218946,0.04953919942881681,0.01769257122457743,0.03138134254578439,0.010320666547670169,0.012082731568004098,0.014570352773181413,0.009993304606328347,0.026073262857272003,0.04953919942881681
487,0.018679048901316494,0.06238144901887495,0.04415047922129353,0.03468966224530205,0.40092659981327383,0.0303534544646393,0.03468966224530205,0.03735809780263299,0.03735809780263299,0.01798258429537428,0.053961696826025425,0.026980848413012713,0.018679048901316494,0.03468966224530205,0.017344831122651026,0.006693380617513248,0.02023563630975953,0.018426915828240062,0.028567957143189927,0.05585088678234698
488,0.01903176881378025,0.06910246196073716,0.05764240281754535,0.3420834082731853,0.046068307973824774,0.004490145199657378,0.041461477176442295,0.05923068168063185,0.07544684401749731,0.01658459087057692,0.025913423235276435,0.01594672199093934,0.025913423235276435,0.027640984784294866,0.012956711617638218,0.013820492392147433,0.01594672199093934,0.02015549283242999,0.06910246196073716,0.041461477176442295
489,0.32839935983364626,0.17813129926626328,0.039441458257018246,0.02339330655036501,0.04418735681735614,0.013713317632972594,0.014203078977007334,0.018937438636009774,0.033140517613017104,0.01074827598260014,0.02651241409041368,0.018076645970736605,0.007503513421815193,0.016570258806508552,0.00723065838829464,0.07288186344484002,0.013846385038763665,0.06272298310935068,0.030591247027400403,0.039768621135620526
490,0.013264158765737787,0.05158283964453585,0.04220414152734752,0.04220414152734752,0.008629664464342894,0.01497566312260718,0.09602551411776593,0.04112486192347654,0.03571119667698636,0.38387370142348526,0.07213946260518161,0.024433976673727507,0.002012570667883923,0.023212277840041134,0.0074448129856071205,0.011606138920020565,0.014507673650025706,0.017488354570953112,0.07737425946680379,0.02018458942612273
491,0.011282461286219415,0.035898740456152683,0.035898740456152683,0.007694293526252998,0.07897722900353592,0.32571835408650635,0.043876238335297725,0.05641230643109707,0.03948861450176796,0.013162871500589318,0.030375857309052276,0.023228596765745856,0.018804102143699028,0.026325743001178636,0.004417204942830975,0.01196624681871756,0.013162871500589318,0.13007252147210657,0.043876238335297725,0.04936076812720994
492,0.015420595796905264,0.0335624732050291,0.031697891360305264,0.06339578272061053,0.4714769129013372,0.02113192757353684,0.016301772699585562,0.03859083775023013,0.051869276771408616,0.005035422713840332,0.07132025556068684,0.040754431748963905,0.006339578272061053,0.02113192757353684,0.011187491068343035,0.00412625918726757,0.010765321594065938,0.01853382236163734,0.03566012778034342,0.031697891360305264
493,0.023668975136507182,0.032275875186146157,0.032275875186146157,0.020884389826329872,0.29447514913156964,0.016906410811790847,0.02535961621768627,0.04636298927113319,0.032275875186146157,0.29288238793307936,0.016966813850184184,0.022189664190475487,0.008256619233665297,0.01145272990476154,0.01075862506204872,0.004146332049700243,0.01479310946031699,0.05905330223386811,0.01632922712593911,0.018686033002505674
494,0.013051405412515425,0.07504558112196369,0.0024154758291719193,0.15009116224392738,0.037522790560981845,0.030423326779599944,0.013915960690439415,0.02433866142367996,0.01138925613597596,0.010006077482928493,0.037522790560981845,0.24796740954641708,0.008576637842510136,0.07504558112196369,0.013644651113084305,0.0025519456596826656,0.008388369087299452,0.02144159460627534,0.10006077482928494,0.1166005479513165
495,0.012858360713969624,0.01853318364529074,0.011333850147895426,0.4294970256193718,0.027312060108849515,0.0023247016905360036,0.01853318364529074,0.017894108347177265,0.006751654852021664,0.006034059791490009,0.02882939678156337,0.014826546916232591,0.011793844137912289,0.23011156007787012,0.008648819034469013,0.007862562758608192,0.010590390654451854,0.08424171944109575,0.027312060108849515,0.024710911527054322
496,0.011287913261033868,0.06593462071809185,0.49080337273993657,0.03557291162814702,0.03123218876120141,0.0023309313054750134,0.013219300781113726,0.021193270945100953,0.03490656390957804,0.013800269452623878,0.05394650786025698,0.00844554609382421,0.007706643980036711,0.028257694593467938,0.011196445027600505,0.013800269452623878,0.013486626965064245,0.025643231964622218,0.028257694593467938,0.08897799596673314
497,0.009296019295914048,0.0399728829724304,0.030748371517254156,0.07994576594486079,0.028552059266021713,0.015374185758627078,0.33031528339052674,0.026648588648286935,0.06061021602476868,0.005896987702114815,0.018169492260195638,0.19536812663052605,0.00582945643615058,0.06542622207650302,0.012474631103590485,0.009084746130097819,0.0076870928793135365,0.022207157206905782,0.03331073581035866,0.0030819789455528326
498,0.02360397918545033,0.044884431393256895,0.0321872443437959,0.0321872443437959,0.02145816289586393,0.01264498884934839,0.035405968778175485,0.0228425605020487,0.026226643539389253,0.009358684097347834,0.019138361501716484,0.03726944081913209,0.011421280251024351,0.020827040457750287,0.005357966083056056,0.010446375635645034,0.008635602141018413,0.018634720409566045,0.5860111418767546,0.02145816289586393
499,0.007403879703781591,0.01702892331869766,0.020034027433761953,0.013623138654958126,0.01702892331869766,0.007920429450557051,0.010986402141095263,0.003467686343824535,0.02909861909992476,0.4988567110258242,0.28175397184961365,0.00896259122036719,0.0060817583281063065,0.016218022208283486,0.01425641792557725,0.006426008799508551,0.002778784587648657,0.0048267590627910665,0.01702892331869766,0.016218022208283486
500,0.13756472909544887,0.1111406588257845,0.02936386724658511,0.09286343889817605,0.002936183783624901,0.05325348087280372,0.05819865580404256,0.05437753193812057,0.08613401058998299,0.006442705049883651,0.01738621282900393,0.05178144331655868,0.0009361745397064901,0.08505396030045341,0.03507229979925029,0.06413011593152956,0.07484907337364831,0.034881930373160695,0.0020186263512421195,0.0016149010809936954
501,0.009465473103072457,0.023852992219742592,0.03507792973491557,0.04293408384597771,0.020562924327364302,0.002423377540407389,0.012963582728120975,0.11674307188863757,0.06636629038746276,0.006481791364060486,0.02208610390716907,0.0248468668955652,0.005324328620478258,0.027105672976980216,0.49394040424545915,0.005606875269059657,0.010648657240956512,0.020562924327364302,0.0331291558607536,0.01987749351645216
502,0.06342469897237905,0.04367981406556767,0.056002695253629886,0.08504283481259747,0.016921009052427115,0.033978809008784874,0.06133289520229138,0.06260773349398033,0.015875083482633338,0.04422748145905032,0.0131039442196703,0.0890283109151992,0.015112211533029737,0.14115090275777922,0.03496276026287213,0.07255475657246317,0.0764278672019153,0.0596199448157483,0.00428961142964429,0.010656635488337077
503,0.031608594786249486,0.02523147495417185,0.0013282389950027421,0.02354937662389373,0.01139485965672277,0.010389430863482525,0.023315461072548744,0.047331664296053545,0.014696859440281906,0.004205245825695308,0.08902964939515749,0.29251533871589996,0.004709875324778744,0.016820983302781232,0.006307868738542962,0.01744228083088594,0.23208171737017577,0.05504905792666512,0.02943672077986716,0.06355530110114298
504,0.015878321784439996,0.45467404299681796,0.017642017067098215,0.02205252133387277,0.013068160790443123,0.008019098666862824,0.011381946494902075,0.020755314196586133,0.01357078235930632,0.004414781236431692,0.018570544281156013,0.010377657098293067,0.0268643975336049,0.016801921016284013,0.005266273751372601,0.2915416389169753,0.006106047104537356,0.0067853911796531595,0.02520288152442602,0.011026260666936386
505,0.14633234517917054,0.023463266631217897,0.01955272219268158,0.01039882747286032,0.027603843095550466,0.3877094165388768,0.010201420274442563,0.02133024239201627,0.036097333278796766,0.033570114685622904,0.15264359839958452,0.026070296256908772,0.006174543850320498,0.02932908328902237,0.004981920891788381,0.008090781596971689,0.008532096956806505,0.009466639829077698,0.018048666639398383,0.020402840548885127
506,0.12642453628914616,0.02622783153599115,0.036569375119134405,0.03863902892864417,0.028101111948104853,0.5114182942085989,0.022079445102082387,0.029439260136109847,0.014719630068054924,0.010134827259972242,0.025759352619096114,0.01626906481206071,0.008134532406030353,0.028101111948104853,0.006507625924824282,0.004681060527327944,0.014377313089728064,0.009948476191451892,0.025759352619096114,0.016708769266440725
507,0.014202116066959649,0.036758418055660276,0.028404232133919297,0.010187278010595678,0.028404232133919297,0.5163553858145795,0.02231761096236516,0.044635221924730316,0.05680846426783859,0.016444555445953277,0.044635221924730316,0.02716926551940107,0.012497862138924492,0.039055819184139036,0.004965901613394095,0.009056421839800356,0.010963036963968853,0.015321573376483592,0.041659540463081644,0.02015784215955563
508,0.003496879808241274,0.2562727524544562,0.012399761735181895,0.025363149003781147,0.01683601191174151,0.010265278795284105,0.010730563040061257,0.005376454204754838,0.019241009589075358,0.008205724677693902,0.03099940433795474,0.026570918003961205,0.007439857041109138,0.019928188502970907,0.008454383001260385,0.006269542450372869,0.018392781276635607,0.4618232731577213,0.025363149003781147,0.026570918003961205
509,0.009532424791932814,0.14735173484744674,0.012274701473419018,0.5768898681619512,0.026764115761965208,0.005861364993143031,0.01104550809223961,0.022447322897132114,0.011570318623368119,0.008383939877242112,0.026764115761965208,0.017183875783958802,0.005566936078488763,0.015892486647474467,0.006627304855343767,0.02903482460048211,0.008590950738408586,0.008745143544951125,0.031630318627777064,0.01784274384131014
510,0.14808514365402206,0.020635377143064737,0.01650830171445179,0.07793928129405163,0.02172144962427867,0.3410471665518886,0.014231294581423956,0.018759433766422487,0.03951679524646004,0.006656573271956366,0.031746734066253446,0.017196147619220614,0.005577128957585063,0.011791644081751276,0.0066173825322798155,0.15163772219980864,0.007503773506568994,0.027925314157312996,0.014267958888133928,0.020635377143064737
511,0.03575547998472595,0.10613134535148815,0.021850571101776968,0.013504618680584436,0.061131193413857636,0.004155267286333672,0.013110342661066181,0.0072024632963117,0.09832756995799637,0.1788163580853104,0.06008907052988666,0.03745812188876052,0.004298473003628256,0.16231852818462889,0.021070193562427793,0.048439754729734656,0.04652057073281548,0.004109700051131625,0.032009235293980684,0.04370114220355394
512,0.1147408795979616,0.01727007469031469,0.01942883402660403,0.007415377060823375,0.01793430833224988,0.3868266517607574,0.00896715416612494,0.03330657261703548,0.013714471077602845,0.006301243468087794,0.01793430833224988,0.013230604849538294,0.0923129621481624,0.04740966737751223,0.009755213849920376,0.07314634395387601,0.006476278008868012,0.08176468523980336,0.014130061110257474,0.01793430833224988
513,0.0013630873193968846,0.00390207003539474,0.004966270954138761,0.00390207003539474,0.015443260177095729,0.0008535778202425995,0.024287737691071763,0.3720663949072975,0.0022762075206469324,0.04519869569431993,0.022161267517433567,0.0019510350176973703,0.0025363776702701513,0.0028752094997645463,0.00070946727916268,0.00041771385827810695,0.08191383230715238,0.4094678753403416,0.0016067347204566577,0.002101114634443322
514,0.13860446004098473,0.037055226350622895,0.008694176550099054,0.01985101411640512,0.0023045266296964264,0.004812367058522453,0.012552632627186,0.009925507058202557,0.007675678567065559,0.0025960462056678216,0.00945286386495482,0.0412941201832537,0.28278092373479075,0.03603985657495402,0.00042205929189976696,0.152421284308248,0.11253618787740043,0.05860775596271988,0.0020850479030586713,0.06028826509426741
515,0.0094204613952191,0.027536733309101984,0.019887640723240316,0.027536733309101984,0.019887640723240316,0.0020053374899956337,0.008325058907402923,0.09163770552115888,0.29031315338059566,0.006754293075817467,0.018021021074447745,0.009943820361620162,0.004710230697609548,0.016271706046287533,0.297392613596361,0.04051031738771657,0.008580568013261892,0.007305663939149503,0.011932584433944191,0.08202671661472766
516,0.004062225625492437,0.01924212138391155,0.013057153796225691,0.010155564063731094,0.05167457567048484,0.0055393985802169605,0.008713894038005142,0.17131273814255743,0.011425009571697481,0.3041912708129631,0.3085671830285824,0.0064140404613038495,0.0016912200992108889,0.008502332704519056,0.009552337045495872,0.004458540320662432,0.003769075322621849,0.02831250685716803,0.018280015314715972,0.011078797160433921
517,0.013843153558845193,0.03376947604844486,0.025014426702551752,0.006661083478944957,0.029364761781256396,0.5603360934277399,0.019864397675555794,0.024121054320317754,0.018760820026913812,0.006891729805805073,0.020466349120269612,0.030699523680404423,0.01298826001863264,0.023289293826513693,0.00478382015393849,0.008137223144203582,0.014070615020185357,0.08810180748986327,0.03554681689309985,0.023289293826513693
518,0.02708397320158802,0.0033488265759240663,0.05889004390921978,0.029971735662919375,0.06280125695169252,0.007992462843445167,0.004881924659628422,0.02407464284585602,0.013833108767501249,0.005138011827929034,0.01892951726079118,0.0760153777215543,0.2845939180517835,0.015637427302392717,0.0046709198435718495,0.006916554383750624,0.019006296983570536,0.008843746351538943,0.028889571415027227,0.2984806834403154
519,0.03535030022630838,0.13624594878889687,0.010342537238765149,0.013951585155983043,0.01122645541721393,0.0031477287248415677,0.009049720083919506,0.2417051024130773,0.005678255738929887,0.08858257902053647,0.03682951399994117,0.005678255738929887,0.0027064583428544325,0.006734675411288935,0.002298341608614478,0.002931219546023637,0.016084807138110693,0.3483387782218557,0.005678255738929887,0.017439481444978804
520,0.0028254912112267803,0.006737709811386937,0.0037538668949155794,0.0066361697489785085,0.007962747958911836,0.002551171676156219,0.0052554136528818116,0.4206446043034179,0.003921950487225233,0.21855558058916658,0.24648630496205878,0.0035995983923848025,0.010768955262469525,0.006811313667906398,0.001564111206214825,0.0020369820360007025,0.0020528959581569577,0.03824191678242322,0.0058393485032020125,0.0037538668949155794
521,0.04149096290545858,0.021821970724383456,0.08166072382368174,0.3899098017193105,0.014196607235149324,0.002975006384490534,0.032029021547078936,0.011426537530729945,0.006794819799377761,0.015393793301696854,0.04631601949665059,0.009369760775198554,0.004593019987842428,0.16131476238560213,0.019934665148220558,0.04728093656949748,0.0038088458435766473,0.006164316299472732,0.009760167474165159,0.07375826104841607
522,0.04285155044361451,0.023161851146710228,0.12775558523624778,0.1207011300042027,0.008843615892380271,0.05311980799671376,0.04632370229342047,0.01996945524085867,0.11757765085028932,0.025371029199451597,0.03602954622821591,0.0545669916763889,0.001234267644886617,0.08533999230159522,0.06504808383651603,0.06465500694429273,0.07751189927157148,0.023266492346837964,0.004161245202760595,0.0025110962430451864
523,0.0030474183697886993,0.006052106744787006,0.005446896070308305,0.006808620087885383,0.004539080058590256,0.0022695400292951275,0.003026053372393503,0.315620126090967,0.004524904254462367,0.1928285088085401,0.08996942270028997,0.0034043100439426904,0.001296880016740073,0.0035141264969731005,0.0018156320234361016,0.001602028255973031,0.0010397695444386043,0.3420284400870567,0.006808620087885383,0.004357516856246645
524,0.06265617731989606,0.04370921125697911,0.10933361627785124,0.044381458934926385,0.01214144757138309,0.013202720623393716,0.05202011250357961,0.006665130116002838,0.00625358392646283,0.0034689850203951686,0.031954650433147,0.18103122100982152,0.003524936391691864,0.11650132970418176,0.003834141338331502,0.19437544605460796,0.07634447567511558,0.014569737085659708,0.016643047100597393,0.007388571655975698
525,0.044735755298488784,0.12204344884741261,0.06392752082483517,0.08644744293358392,0.034257810202782506,0.053443243456986214,0.029728532411549238,0.01109485898612842,0.09276024342529166,0.03936303322555991,0.05503920242138217,0.04922960776106665,0.0009345393854162353,0.057639989714005996,0.0552318350577905,0.04405237254633024,0.042992578571247636,0.03178214813734705,0.01678021638723017,0.068515620405565
526,0.0377127864057538,0.07840974815471821,0.003911597413614061,0.06807743493730732,0.05248059863265532,0.015129248471285023,0.06512281099422326,0.10587390332848724,0.11713061144099876,0.04487471477285018,0.03936044897449148,0.018824562553017666,0.0003248944805130776,0.03377012433753473,0.04140568969532932,0.03904744059774632,0.058404270873794,0.06477575197975369,0.04449442057985993,0.0708689413760665
527,0.08404963258704938,0.13853881334982465,0.07256794984990815,0.03225242215551474,0.07256794984990815,0.029027179939963264,0.11840033922879754,0.007256794984990816,0.036283974924954075,0.013340603808829569,0.029880920526432774,0.02015776384719671,0.09823507507145708,0.05441209711288609,0.013762887040499827,0.049622800763352674,0.08384898503188423,0.01099514391665275,0.008063105538878686,0.0267355604710188
528,0.011306893541469878,0.02158588767007886,0.0284933717245041,0.01137827840030135,0.022260446659768823,0.5899699431817629,0.0284933717245041,0.027397472812023163,0.030971056222287054,0.008480170156102407,0.047488952874173485,0.029680595546358428,0.01017620418732289,0.02544051046830723,0.025902048147062137,0.007827849374863761,0.012720255234153611,0.009284742825845956,0.027397472812023163,0.023744476437086742
529,0.15426747673268368,0.018260231939787045,0.013316228296307478,0.007964461247640645,0.015769217719311484,0.49705729747390637,0.011749613202624243,0.013935587751949684,0.02605349014494941,0.004645195917316562,0.013935587751949684,0.028831945168084804,0.004471867711446541,0.01619541279280639,0.003706338989265985,0.10897235189872918,0.01611196935863563,0.012269982146778186,0.017120864952395325,0.015364878803431705
530,0.07861151795651256,0.06997616181735018,0.008380563492038584,0.002048706557855029,0.09852643583882903,0.0034787244683933747,0.1354871660198181,0.0054227175536720245,0.1528667551338473,0.10781512339265803,0.04195380441094435,0.061775265239944276,0.001964243138732637,0.047911515090337566,0.06283374167104903,0.030656223272362934,0.013997753124136038,0.003043055526117437,0.007091246031724955,0.06615928026367655
531,0.007776175368998437,0.02527256994924492,0.021282164167785195,0.023785948187524632,0.026957407945861246,0.007352020348871248,0.014976337747700692,0.2733538890463067,0.026957407945861246,0.1408315701394839,0.33521875234841975,0.02527256994924492,0.004043611191879187,0.013943486868548922,0.006709601196414375,0.007220734271212835,0.006452292440604771,0.0020647724003393206,0.015552350737996871,0.014976337747700692
532,0.011013644711943774,0.05186544142824923,0.03441763972482429,0.036712149039812576,0.11230435672563577,0.012515505354481562,0.05625624313067857,0.025031010708963124,0.04236017196901451,0.010590042992253629,0.027534111779859437,0.01776394308378028,0.007151717345418036,0.03933444539979919,0.007756087825312519,0.007098869524483568,0.010590042992253629,0.01776394308378028,0.016196536341093786,0.45574409683836203
533,0.6641460583146072,0.020513486909678816,0.020513486909678816,0.04232123369097602,0.02353017616110217,0.014563008759653388,0.012121605901173843,0.01600051978954948,0.02353017616110217,0.007017771837521699,0.03809647568940351,0.020513486909678816,0.009550883834090772,0.018182408851760767,0.007143089191763159,0.011212280647372572,0.003989082421530492,0.006953214662089391,0.019048237844701756,0.021053315512565098
534,0.010823614497041343,0.040651653080589545,0.6402882622358008,0.019729937558577423,0.022068040243748605,0.009141282719254896,0.01956115839240317,0.024915529307458103,0.02413691901660004,0.007286617061615106,0.022068040243748605,0.008245503805117542,0.008395450092730449,0.029706977251200046,0.009305800102785557,0.006490600071690765,0.011358550125458843,0.024915529307458103,0.03510824584232732,0.025802289044393738
535,0.005175425153764977,0.022624650958729002,0.5637819481848869,0.017693955038425614,0.026105366490841157,0.02204670062037192,0.00986731398218348,0.02513850106525444,0.029510414293994352,0.0089307832731825,0.02424069745578107,0.007093881538971065,0.004407399537414741,0.022624650958729002,0.008277311326364268,0.005065220363894552,0.0061147705293862166,0.009725921420885358,0.03232092994104143,0.1492541578658979
536,0.003871584151064936,0.04873541925514746,0.025207975476800405,0.033228694946691444,0.030459637034467156,0.017000727647144456,0.010153212344822382,0.011982232371213123,0.02707523291952636,0.007860551492765716,0.01923766549545294,0.016860288429232095,0.02037056270565974,0.028116588031815833,0.005943343811603347,0.00723793355274467,0.6059600911775973,0.011076231648897145,0.04873541925514746,0.020886608252206052
537,0.5835464634653612,0.017594593458180995,0.01375985717882267,0.020699521715507055,0.030599292970749557,0.007271477125908532,0.016367063682028834,0.02606606438249036,0.046918915888482654,0.008378377837229044,0.0281513495330896,0.03518918691636199,0.006340394038984143,0.022702701236362574,0.006832851828419804,0.005482859771084589,0.011309685102759872,0.05857192995259652,0.0281513495330896,0.02606606438249036
538,0.6490689037321425,0.002356776688901177,0.0025189144372001118,0.004692506454597297,0.0036924640954208244,0.18666611821637707,0.0025026701091185595,0.00536286451953977,0.008044296779309653,0.0015218939852747993,0.005005340218237119,0.003172398729868596,0.001161032524848816,0.004896528474362398,0.09673633192331396,0.010437017394820612,0.001586199364934298,0.0014313967109422347,0.004896528474362398,0.004249817166427742
539,0.010312077401989741,0.018626994942980937,0.01939652654183785,0.02468648832597544,0.026279164992167404,0.011448724796327307,0.014811892995585264,0.029094789812756774,0.03133285056758421,0.005604098165329319,0.02468648832597544,0.02396041513991734,0.005696881921378949,0.015973610093278225,0.0028698662156801595,0.006364485271540544,0.009472722264618485,0.016971960724108115,0.677723473174993,0.02468648832597544
540,0.013526656237692683,0.020727016005803275,0.6381948818284335,0.018352403216767368,0.020181568216176872,0.00277423577518986,0.0075343258302886795,0.017834874237551656,0.0479312245134201,0.006611203381161391,0.03834497961073607,0.04882594430561864,0.0034701339014240784,0.02556331974049071,0.007988537418903348,0.00585419536041772,0.005944958079183887,0.009376742616425793,0.03834497961073607,0.022617820113578224
541,0.0022506496310276238,0.020042737666388404,0.045551676514519086,0.02783713564776167,0.03579060297569357,0.010892792209993698,0.012221181503895366,0.004832866712963016,0.03131677760373189,0.007057301995207184,0.045551676514519086,0.009352767998376973,0.002643123653589168,0.25053422082985494,0.006423954380252693,0.0060524888016122245,0.4155191032109535,0.012847908760505386,0.038543726281516165,0.01473730710763853
542,0.006473616237958624,0.004308261366294472,0.014991532340535758,0.023736592872514957,0.021910701113090725,0.004997177446845255,0.003174726501731384,0.016276520826867397,0.30215728257111996,0.0035666066386374736,0.02476861864958082,0.014241955723508974,0.0025432063791980303,0.01726297663455633,0.473640195575982,0.02156569126305506,0.005813043152452642,0.008377621013828808,0.019644076860012377,0.010549596832228867
543,0.015033073686565396,0.023623401507459913,0.029181848920979896,0.029181848920979896,0.03142466289320039,0.014590924460489948,0.013780317546018283,0.41037641292666005,0.023623401507459913,0.005167619079756856,0.05721151300182739,0.015130878473153383,0.009540219839551119,0.019080439679102237,0.005905850376864978,0.008417823911408964,0.0059311476891990055,0.23629004386151062,0.015502857239270567,0.03100571447854114
544,0.004943694015216955,0.011864865636520687,0.011482128035342603,0.011123311534238147,0.00988738803043391,0.0026736051759811267,0.2281402092255331,0.009277479646280297,0.009366999186726859,0.00299114259744219,0.013183184040578541,0.07906109202107055,0.0022386538936831485,0.008474904026086208,0.0073419060249461125,0.2956226701362267,0.2688795323015212,0.0056499360173908044,0.00988738803043391,0.007909910424347126
545,0.048579034638154946,0.054126640445598555,0.004601042284071643,0.014999675780008864,0.018760196303352517,0.006819106206108352,0.015633496919460435,0.10377664145584685,0.1754876455432453,0.020144877459076154,0.029744294182747696,0.021334060844824705,0.0009798515975337756,0.1120111875707731,0.1725558059442125,0.09614600605468167,0.06982401822889461,0.02282918865225318,0.004810180569711262,0.006837049319444028
546,0.034633728933354195,0.10352975213725019,0.027310788905807057,0.004403559123714623,0.23515260828293963,0.0027098825376705377,0.10499679728271812,0.044625977584814666,0.0046971297319622655,0.0009502667151061376,0.018048038822368998,0.01631740496268978,0.0009521208916139727,0.007190164359817026,0.002195706105578533,0.0011274455242563089,0.015548274199401288,0.0167502004554874,0.19613518351595477,0.16272496992749436
