site,A,C,D,E,F,G,H,I,K,L,M,N,P,Q,R,S,T,V,W,Y
451,0.01164093111019636,0.463472095395747,0.027023590077241547,0.0244084039407343,0.027229976513154695,0.0066409331064186845,0.030266420886510544,0.09458256527034542,0.03603145343632206,0.009956059502141621,0.03982423800856649,0.0582046555509818,0.009956059502141621,0.025222017405425446,0.017214264750314453,0.011068221844031141,0.02161887206179324,0.012824754612928192,0.03407292089632068,0.03874156612868461
452,0.05817935969509184,0.017644144593259414,0.04364604188858909,0.01445300255647408,0.0296169569958283,0.004926202562531283,0.02182302094429454,0.10365934948539908,0.03189518445704587,0.00613660502310644,0.013558362539200057,0.03605542590796491,0.012758073782818348,0.02439043517303507,0.006142776265801427,0.008210641543397948,0.012377235759450638,0.5044718553094378,0.022412832321167368,0.02764249319610642
453,0.014501995182916777,0.005004365825619301,0.06805707565986147,0.020451531668215964,0.027705578206054363,0.0067594045344103616,0.09561317193798285,0.033233738960850946,0.04197945974002224,0.008862330389560252,0.04197945974002224,0.027705578206054363,0.012660471985086073,0.03798141595525822,0.009167927989200261,0.009278092784844089,0.02155701986649791,0.009847033766178057,0.019940243376510566,0.4877141042248537
454,0.0124417849571138,0.03888057799098062,0.007526420859698388,0.03888057799098062,0.030101092638178544,0.010033697546059515,0.03257430481611568,0.028738802959540163,0.029160433493235473,0.01211862171147448,0.04665669358917675,0.5258211938089302,0.01529727658661533,0.0311044623927845,0.009822461808247737,0.01935747782849645,0.034875785772451096,0.0124417849571138,0.03588976429936673,0.028276783993440458
455,0.011122125488049164,0.0474544020823431,0.037464001643955074,0.029659001301464438,0.02224425097609833,0.00808881853676303,0.037464001643955074,0.057179968338033065,0.06677459641904995,0.030984478008527057,0.4248103396978822,0.0474544020823431,0.014829500650732215,0.050844002231081896,0.007572510970586666,0.014526857780309113,0.01987450278342338,0.0030128363534426537,0.017795400780878663,0.050844002231081896
456,0.02114662114796112,0.01850329350446598,0.028650260910140873,0.04440790441071835,0.03289474400793952,0.009653892263199645,0.03552632352857468,0.014615704933027803,0.06685863204829523,0.009691598905876331,0.49768294604162644,0.04934211601190927,0.013456940730520716,0.03062614097290921,0.009268926542708276,0.015313070486454606,0.013708987429113145,0.012754750404421993,0.03552632352857468,0.04037082219156214
457,0.012997821226862018,0.022591451180022076,0.02314246218441286,0.01613941670712007,0.030607772566481516,0.5144178845207598,0.03514225739114545,0.03953503956503864,0.05581417350358396,0.009987799469062392,0.029651279673778973,0.03953503956503864,0.012651212660812365,0.04518290236004415,0.034796147835218616,0.011033034297220084,0.01395354337589599,0.010960131789814465,0.01395354337589599,0.027907086751791974
458,0.011919920079982256,0.018731302982829257,0.037462605965658514,0.00924826469501025,0.02140720340894773,0.009712527472578135,0.021853186813300805,0.0968185173093974,0.6041143321402285,0.007135734469649242,0.018731302982829257,0.03722676013992244,0.00896540997468751,0.027909723810546738,0.0035495300312307133,0.006855901745349272,0.011258778578401147,0.009201341816126654,0.016918596242555463,0.02097905934076877
459,0.012262202265046544,0.037297531889516566,0.03086692294304819,0.02797314891713743,0.021832701593863357,0.0643466217631342,0.025575450438525642,0.04534339632218539,0.015331684606576898,0.008137643321349069,0.016889448402799958,0.049730042519355415,0.010916350796931677,0.02486502125967771,0.5395736406012974,0.006150834426084186,0.01598465652407853,0.009625169519875245,0.012432510629838855,0.02486502125967771
460,0.009995679959274044,0.025370619354717225,0.014379464342207994,0.4695494275910035,0.03309211220180508,0.050662937004215015,0.03309211220180508,0.029273791563135265,0.14336330383906334,0.009281933910262401,0.027182806451482747,0.029273791563135265,0.01409478853039846,0.030444743225660677,0.006561367074495834,0.009884656891448271,0.014360727936632393,0.007786912893685597,0.0185638678205248,0.0237849556450474
461,0.015379119361472645,0.018561006125915262,0.030758238722945284,0.005190889739012229,0.0215307671060617,0.007581256023261164,0.0224278824021476,0.0290956312244077,0.6665963931648858,0.007129393081477383,0.015177300640262709,0.027105240614516333,0.009443318906167415,0.031559675588366705,0.002799358720772029,0.008476679963016417,0.028978470090747728,0.009443318906167415,0.015162512046522327,0.02760354757187397
462,0.011494552707593517,0.019781323264230703,0.0274386096890942,0.004914997409235717,0.024302768581769156,0.021039620458122164,0.024302768581769156,0.023627691676720006,0.526499779898114,0.006347738062402391,0.013129241451385377,0.017745822507187956,0.009146203229698066,0.06974042664807413,0.14063176798463153,0.005990119016633242,0.010126153575737144,0.011192064478446319,0.01518923036360572,0.017359120415549392
463,0.05340366828326911,0.007092674693871679,0.014185349387743358,0.052668434557716616,0.004539311804077874,0.0018913799183657809,0.02111713722427294,0.08511209632646012,0.01843621106723015,0.11587190657777732,0.3064035467752565,0.002986389344788075,0.11831666337202103,0.069828067785555,0.0006349013522090644,0.00675492827987779,0.02618833733121851,0.05237667466243702,0.004364722888536419,0.03782759836731562
464,0.08429963865325774,0.028377213010529645,0.02654642507436644,0.008993826963577303,0.032917567092214384,0.5078039774188877,0.024204093450157636,0.03165150681943691,0.02654642507436644,0.009681637380063057,0.029390684903762843,0.030479228789087393,0.013062526623894597,0.029390684903762843,0.02594177744280988,0.011120799693315671,0.017509344197986377,0.01050240917314437,0.021101004546291272,0.030479228789087393
465,0.010464166990860745,0.07631260797335679,0.024788482343277456,0.4710512359072192,0.04488976939609222,0.00239250172355496,0.03468754907879853,0.06937509815759707,0.012073102604657292,0.012718767995559462,0.02461697031398605,0.04769537998334799,0.01293434033446725,0.025437535991118927,0.011740401226670277,0.0121131123767233,0.028263928879021027,0.010578104873868158,0.03468754907879853,0.03317939477102469
466,0.011588153349202096,0.01689959455495687,0.019821841255214113,0.028970383373005247,0.4652682731893086,0.009910920627607057,0.019313588915336834,0.020923054658281568,0.030129198707925457,0.0034737376438303737,0.030129198707925457,0.021520856219946753,0.008967023424977813,0.03138458198742235,0.007686020078552413,0.005685158970562685,0.015372040157104826,0.017723058063485567,0.22153822579356955,0.013695090321784297
467,0.009251136722924564,0.0469164790948317,0.03863710043103788,0.0196395733502968,0.04378871382184293,0.40477021081326303,0.0469164790948317,0.041051919207977745,0.041051919207977745,0.010262979801994436,0.02345823954741586,0.0469164790948317,0.01492797062108282,0.0469164790948317,0.04656155167083291,0.011324667367718,0.024327063234357175,0.007666846153201932,0.03182547784690644,0.04378871382184293
468,0.0031826531801281794,0.011934949425480674,0.0086799632185314,0.0014777889824957508,0.011934949425480674,0.0027675245044592863,0.0694397057482512,0.12886890982048163,0.11737928038238658,0.0445571445217945,0.01660514702675572,0.006536223336407452,0.0032923998415119093,0.009093294800366226,0.09048895329307763,0.04849757226861988,0.13557401094350516,0.14498753376139484,0.00830257351337786,0.1363994220054934
469,0.6006052256942922,0.021162922261781396,0.03140304593683692,0.026618428287402063,0.017078849544595515,0.006489962826946295,0.020281133834207172,0.038939776961677774,0.0442497465473611,0.008539424772297756,0.024961395488254982,0.0442497465473611,0.010938139595976903,0.03140304593683692,0.009451402175164509,0.007226239914524816,0.009090801074543523,0.006183117159142519,0.017383829000749005,0.02374376644004742
470,0.009712864465789093,0.025996196070200213,0.012107817347764487,0.004895493172976699,0.01841397221639182,0.006053908673882244,0.018805758859293774,0.018748046166432216,0.5476499582972071,0.004651950875720039,0.011331675210087275,0.00763820783247367,0.006905239581146935,0.02173673970746535,0.17842145580256216,0.0052611349189690924,0.04682710736450476,0.031566809513814555,0.01027756588821869,0.01299809803510011
471,0.010758660618612111,0.04105968536360297,0.04708942898148381,0.024221116525517478,0.02843348461691182,0.40305865946469954,0.03633167478827621,0.03633167478827621,0.05449751218241432,0.013346329514060649,0.05449751218241432,0.05945183147172472,0.015570717766404093,0.03846883212876305,0.011285346296045658,0.04313882273376516,0.012576348965172537,0.012031156372061744,0.025152697930345073,0.03269850730944859
472,0.015094454024345425,0.018145375688930737,0.03466133887071912,0.029245504672169256,0.042538915886791644,0.0029811545093607443,0.025293409446200437,0.025481845273801405,0.03342343391105058,0.011998155762941233,0.031195204983647206,0.02279533467050676,0.011846280373536914,0.025293409446200437,0.005254974125771367,0.576204450601719,0.01788580004518829,0.012313896704071264,0.017657663198290874,0.040689397804757235
473,0.00919045226059042,0.07698123676810198,0.030197200284797103,0.02818405359914396,0.04450113726180625,0.005155619560819017,0.007156726081413637,0.042276080398715936,0.026422550249197464,0.011053310869065405,0.03382086431897276,0.029155917516355823,0.006616641345624205,0.022851935350657267,0.5206401925226907,0.027082435593084837,0.01409202679957198,0.012810933454156343,0.017989821446262103,0.03382086431897276
474,0.35507779671109446,0.23770057845592246,0.006624545118417811,0.01689538425299449,0.011046982011573319,0.004351841398498582,0.012487892708735057,0.014729309348764428,0.019148102153393756,0.005083566943378874,0.02735443164770537,0.01689538425299449,0.005232402230979346,0.2074377733284323,0.005577117132056433,0.005485810815621669,0.007273447156959501,0.00342658102015677,0.021275669059326395,0.01689538425299449
475,0.012482765783040556,0.025332671736170546,0.023925301084161067,0.02610032845544844,0.05167865034178791,0.010133068694468218,0.03190040144554809,0.5318257461136923,0.03190040144554809,0.007156263900708055,0.023925301084161067,0.02305583190388966,0.01063346714851603,0.045332149422620975,0.0089719879065604,0.010857449051339998,0.04749626377792965,0.004376747400299058,0.04101480185856183,0.03190040144554809
476,0.0153934240123034,0.06669056054338346,0.02289278442855378,0.02232046481783993,0.02790058102229991,0.0050912006593956255,0.024130232235502626,0.05580116204459983,0.03306735528568879,0.01768254656585277,0.02125758554079993,0.03571274370854388,0.00866814167683104,0.02480051646426659,0.0035626170906400225,0.007566259260284722,0.011446392214276886,0.00866814167683104,0.5485290910689059,0.038818199683199876
477,0.007403378682720403,0.019719048778872823,0.008043176840486364,0.011845405892352645,0.342358624243248,0.005429144367328297,0.06152131288734709,0.01357286091832074,0.02246542496825502,0.0050898228443702785,0.017608035785929607,0.01071797937434986,0.0053842754056148395,0.026059892963175818,0.006325216738634909,0.003906199723208753,0.008143716550992445,0.005340142000650783,0.01589017863608282,0.4031761623980586
478,0.009523185705098107,0.021643603875222968,0.03283857139689002,0.02267425167880501,0.035271058167030016,0.011203747888350714,0.01904637141019621,0.010848367705310233,0.026453293625272514,0.007013395101157945,0.589738157730313,0.01983997021895439,0.006434584935877099,0.017968274915279445,0.03356022233376485,0.00835367167113869,0.07659092786236285,0.005475423100759946,0.0183138186636502,0.027209102014566017
479,0.016253633011547846,0.01892652113886916,0.05501229634677734,0.03763999223726871,0.03973110291711696,0.008434869158216913,0.02979832718783772,0.06501453204619138,0.0325072660230957,0.010942131344662149,0.03575799262540527,0.04469749078175659,0.012546664079089567,0.0325072660230957,0.005189500290622435,0.008035503960765227,0.016253633011547846,0.017878996312702632,0.44135629625262024,0.07151598525081053
480,0.021636590411024826,0.04790959305298354,0.035301805407461556,0.03193972870198903,0.04307610269831567,0.013688455157995296,0.0279472626142404,0.039454958984809975,0.019163837221193417,0.41327955231723473,0.068967476601454,0.02579747318237575,0.00972078699625753,0.019163837221193417,0.015598472156785339,0.0905787346354216,0.0139736313071202,0.012291058553077158,0.03238268865091059,0.018127954128155932
481,0.017031851348819634,0.0518450108503094,0.0518450108503094,0.06488494329268059,0.08424814263175277,0.4151126458537831,0.03744361894744568,0.03209453052638202,0.01982309238394183,0.017281670283436468,0.035472902160738014,0.019256718315829206,0.007020678552646066,0.026959405642160886,0.005111027988931865,0.011423476967017327,0.014041357105292128,0.011506942821909132,0.04212407131587639,0.035472902160738014
482,0.2574761526820616,0.052185605739771136,0.011048997038645675,0.02087424229590846,0.01669939383672677,0.00802855472919556,0.027832323061211278,0.02087424229590846,0.0181515150399204,0.007198014584796019,0.019880230758008054,0.018976583905371325,0.004394577325454412,0.02609280286988557,0.008697600956628524,0.4151905791936775,0.004658925751800228,0.0035326361483611,0.03211421891678225,0.02609280286988557
483,0.015240212554157568,0.03930370606072214,0.024892347171790695,0.043927671479630635,0.04667315094710755,0.02559946240026044,0.024892347171790695,0.019651853030361075,0.09281239964848118,0.011488775617749549,0.02333657547355378,0.024892347171790695,0.01114582709184658,0.032468278919726985,0.46057446763401644,0.011290186515738989,0.014935408303074419,0.01588873223731321,0.029870816606148837,0.031115433964738367
484,0.015860016564999538,0.028005418039247113,0.0416325434831238,0.025620026758845407,0.41003203976108565,0.013322413914599611,0.03330603478649904,0.022969679163102778,0.03918357033705769,0.04750933034808165,0.03505898398578846,0.030278213442271846,0.018003262046756237,0.09516009938999724,0.010248010703538165,0.0072242346924324225,0.014802682127332902,0.0186957933205608,0.022969679163102778,0.07011796797157692
485,0.013217683421724483,0.05727662816080609,0.03818441877387073,0.03436597689648365,0.027811074311829772,0.013217683421724483,0.03818441877387073,0.2110797290397772,0.03818441877387073,0.21140298640693464,0.020047136583994447,0.0687319537929673,0.022910651264322433,0.03436597689648365,0.013746390758593458,0.02872299309644518,0.031241797178621498,0.0195580237622975,0.020473430524575988,0.05727662816080609
486,0.033273160241419686,0.03701579249373057,0.10508633512116988,0.3187966777745992,0.08637018248537133,0.029981077546901446,0.0647776368640285,0.034548072994148527,0.009298676146568088,0.0259110547456114,0.02355550431419218,0.0518221094912228,0.018507896246865285,0.03282748587259614,0.010796272810671416,0.012639538900298244,0.015241796909183175,0.010453825081134497,0.027274794469064625,0.0518221094912228
487,0.020257398798123858,0.06765258215535364,0.04788112443192911,0.03762088348223002,0.3239520461795372,0.032918273046951274,0.03762088348223002,0.040514797596247716,0.040514797596247716,0.03628375851363248,0.05852137430569115,0.029260687152845577,0.020257398798123858,0.03762088348223002,0.01881044174111501,0.04125343828157219,0.021945515364634183,0.019983960881745484,0.03098190404418943,0.036147850665369935
488,0.022152465761145462,0.08043340256885081,0.056028970185117856,0.29620553974774,0.05362226837923388,0.017102917131393613,0.04826004154131049,0.06894291648758644,0.02500410192259918,0.0193040166165242,0.030162525963319062,0.018561554438965577,0.030162525963319062,0.03217336102754033,0.01508126298165953,0.016086680513770164,0.018561554438965577,0.02346045022079752,0.08043340256885081,0.04826004154131049
489,0.3676575412096248,0.03141981070465668,0.03526893002791768,0.03511625902285158,0.06633071148760854,0.020585393220292306,0.021320585835302743,0.028427447780403663,0.0497480336157064,0.016134497388877754,0.039798426892565124,0.027135291063112583,0.011263705724310883,0.024874016807853203,0.010854116425245034,0.06440118756188137,0.03729287853981982,0.0067522645540085005,0.045921261799113613,0.05969764033884769
490,0.015000651417036718,0.058335866621809465,0.0477293454178441,0.0477293454178441,0.07912477822154572,0.016936219341815648,0.025084189270964324,0.046508770679172744,0.04038636919971424,0.3232299762339737,0.043751899966357095,0.02763277892612027,0.019219357055721434,0.026251139979814257,0.027306119790996255,0.013125569989907129,0.01640696248738391,0.015909781805948032,0.0875037999327142,0.022827078243316746
491,0.01334249494799013,0.04245339301633223,0.04245339301633223,0.009099173478022539,0.0933974646359309,0.2872170389493117,0.05188748035329494,0.06671247473995065,0.04669873231796545,0.015566244105988484,0.035922101783050345,0.027469842539979684,0.022237491579983552,0.03113248821197697,0.05671266194256004,0.014151131005444075,0.015566244105988484,0.017719253519145713,0.05188748035329494,0.058373415397456815
492,0.01702222657288486,0.03704837548216117,0.03499013239981888,0.06998026479963776,0.38759540881902854,0.02332675493321259,0.017994925234192567,0.042599001521957294,0.057256580290612716,0.0345458788050802,0.07872779789959246,0.04498731308548142,0.0069980264799637745,0.02332675493321259,0.01234945849405372,0.004554825229140127,0.011883441192391314,0.020458802477962966,0.039363898949796236,0.03499013239981888
493,0.04047826004426572,0.05519762733308962,0.05519762733308962,0.03571611180376387,0.03973551931701059,0.028913042888761224,0.04336956433314185,0.04336956433314186,0.05519762733308962,0.37337269802077994,0.02901634309003518,0.03794836879149911,0.014120323271255486,0.019586254860128577,0.018399209111029876,0.007090983279574614,0.025298912527666074,0.023547518994284658,0.022487922246814295,0.031956521087578196
494,0.014451182198299037,0.08309429764021946,0.02213851756622285,0.16618859528043892,0.04154714882010973,0.02769809921340649,0.015408461927714225,0.02215847937072519,0.012610765685529528,0.011079239685362594,0.04154714882010973,0.20428345338529383,0.009496491158882224,0.08309429764021946,0.015108054116403537,0.040565934975825904,0.028999873708069716,0.02374122789720556,0.11079239685362594,0.025996334056336
495,0.020946973481309254,0.026906961495172424,0.016454780536260774,0.46484957995833814,0.03965236430867515,0.003375062810156123,0.026906961495172424,0.0259791352367182,0.009802229374563083,0.008760406068195673,0.041855273436934876,0.021525569196137937,0.017122611860564272,0.14488363882015923,0.012556582031080463,0.011415074573709513,0.01537540656866996,0.016103075779277647,0.03965236430867515,0.035875948660229896
496,0.012850623981062615,0.07506267975207444,0.4166935357040824,0.06561133317743524,0.035556006198351045,0.0026536279150680946,0.015788752297851108,0.024127289920309634,0.039739065751098215,0.015710793436480693,0.06141491979715181,0.026449321006311182,0.008773559971021685,0.03216971989374618,0.012746492788088109,0.015710793436480693,0.015353729949287947,0.029193308277277077,0.03216971989374618,0.06222472685307571
497,0.013489571780891179,0.058005158657832075,0.04461935281371697,0.11601031731566415,0.04143225618416576,0.02230967640685849,0.357156142451324,0.03867010577188806,0.04833763221486006,0.008557193823131864,0.026365981208105488,0.029109867554682253,0.008459198344564024,0.039616184249809464,0.038488513227735575,0.013182990604052744,0.011154838203429244,0.03222508814324004,0.04833763221486006,0.004472298829188514
498,0.02504972234487373,0.12734657412278555,0.034158712288464184,0.034158712288464184,0.02277247485897612,0.013419494113325214,0.0375745835173106,0.02424166678536168,0.027833024827637477,0.008470682509964637,0.020310585685032755,0.039552193176116426,0.01212083339268084,0.022102696186653295,0.02512188767595762,0.01108621589297379,0.009164532565197708,0.019776096588058213,0.46296683632118996,0.02277247485897612
499,0.008957931252379325,0.020603241880472446,0.02423910809467347,0.016482593504377956,0.020603241880472446,0.009582903200219744,0.013292414116433837,0.004195543028194931,0.02264089129290726,0.4899893866462608,0.25356363577493635,0.010843811516038132,0.007358300671597302,0.019622135124259477,0.00430194394082485,0.007774808256782056,0.009739666897565096,0.01598306591687255,0.020603241880472446,0.019622135124259477
500,0.13941583508331268,0.11909089588512038,0.03362311268159135,0.07785725856690166,0.0027509819466756563,0.03701601107513391,0.07687879278007105,0.01849271197487525,0.06052160282686444,0.002298288714944219,0.018156480848059334,0.0644262223640815,0.0008771246786502092,0.08347807286464062,0.05223748707247177,0.07371220857118106,0.06408169711079766,0.07016783472494437,0.001891300088339514,0.0030260801413432227
501,0.013405743720785146,0.03378247417637858,0.04968010908290965,0.028354958452932538,0.029122822565843597,0.0034321769119879373,0.01836004031324922,0.02300506710717167,0.02553753619521767,0.009180020156624611,0.03128006868183201,0.035190077267061005,0.007540730842941646,0.03838917520043019,0.5207078693981646,0.013754680838346215,0.015081461685883289,0.029122822565843597,0.046920103022748,0.028152061813648804
502,0.08507846334084725,0.0390944191600809,0.12044794929651854,0.10340347971605528,0.0045434054699553484,0.03438506499149511,0.055016509872550204,0.01681060023883479,0.002652756677453766,0.03257624571533392,0.01954720958004045,0.08825565125388264,0.023187034812185914,0.07460614862172077,0.01964875352591079,0.10212046874058517,0.08509069256694152,0.06864711237807034,0.007004416766181163,0.017883617275356152
503,0.017135806630792855,0.08078308840230917,0.0021262975776800484,0.03769877458774428,0.01824134254245691,0.016631812318122476,0.011056784125249648,0.041018982466765545,0.020670034371465876,0.006731924033525764,0.02356173411734018,0.34818874978351966,0.007539754917548857,0.02692769613410306,0.01009788605028865,0.030116661474866056,0.22567843882354327,0.011309632376323283,0.04712346823468036,0.017361131031674037
504,0.012664757603441304,0.42916596606326196,0.021458298303163093,0.026822872878953873,0.015895035780120814,0.009753771955983226,0.013844063421395549,0.0252450568272507,0.01650638331012546,0.014836542691322088,0.022587682424382208,0.012622528413625352,0.02577522563089516,0.02043647457444104,0.0064054621800486876,0.2644305999439403,0.009229938041447793,0.008253191655062731,0.030654711861661566,0.013411436439476938
505,0.16901634203942292,0.0307302440071678,0.025608536672639834,0.013619523259573114,0.036153228243726826,0.3785466665902336,0.013360975655290349,0.027936585461061637,0.04727729847256586,0.008086906317675738,0.04727729847256586,0.03414471556351978,0.008086906317675738,0.03841280500895976,0.009400782774447275,0.010596635864540621,0.011174634184424655,0.040209314547644884,0.02363864923628293,0.026721951310580697
506,0.2355155651613665,0.025714951805635114,0.02961697047149253,0.037883450843168506,0.02755160061321346,0.37387483774899427,0.021647686196096295,0.028863581594795053,0.014431790797397526,0.00993664284410977,0.025255633895445672,0.015950926670807792,0.007975463335403898,0.02755160061321346,0.006380370668323118,0.04636115646090052,0.014096167755597586,0.009753935831547433,0.025255633895445672,0.01638203279704584
507,0.01418027150304074,0.03670187918434073,0.02836054300608148,0.09751939895036812,0.02836054300608148,0.3844682377567637,0.02228328379049259,0.04456656758098518,0.056721086012162955,0.016419261740362963,0.04456656758098518,0.027127475918860545,0.012478638922675853,0.038995746633362034,0.017787331469365803,0.009042491972953516,0.010946174493575309,0.04775220042989784,0.04159546307558616,0.020126836972057825
508,0.005277164545072075,0.06736522605990075,0.018712562794416878,0.038275696624943616,0.025407337401664353,0.015491400412471884,0.016193563956706916,0.008113642751080308,0.02903673537064688,0.012383313613952346,0.0467814069860422,0.04009834884517902,0.011227537676650126,0.030073761633884265,0.012758565541647872,0.009461408154480445,0.015310278649977443,0.51965800351116,0.038275696624943616,0.04009834884517902
509,0.009842490060144253,0.035925088719526536,0.05738139216003398,0.44359738071375393,0.027634683630405023,0.1890950218107559,0.011404790069690961,0.023177476593242916,0.027127233883555188,0.008656647884223259,0.027634683630405023,0.01466330151817409,0.005748014195124243,0.01640942837452236,0.006842874041814576,0.024775923254845882,0.008870392276426302,0.010130883199879868,0.032659171563205934,0.018423122420270013
510,0.011945861911084241,0.034045706446590086,0.027236565157272068,0.11621684079577,0.03583758573325272,0.42036323843233997,0.023479797549372475,0.03095064222417281,0.029604962127469638,0.010982485950512932,0.052378009917830905,0.028371422038825072,0.009201542282862185,0.01945468939805148,0.019341029878486647,0.04934160354578272,0.012380256889669122,0.011281764355202872,0.023540288918861927,0.034045706446590086
511,0.037795652761828655,0.11086724810136406,0.013858406012670509,0.020787609019005764,0.07182867807329738,0.006396187390463312,0.03326017443040921,0.011086724810136405,0.020787609019005764,0.203866770415929,0.11086724810136407,0.06335271320077947,0.005452487611542495,0.15838178300194863,0.0059393168625730755,0.03978982754488089,0.02145817705187692,0.006326045915767763,0.03326017443040923,0.024637166244747575
512,0.015035870441419305,0.02728732043072392,0.030698235484564417,0.03405005639399562,0.028336832754982534,0.450563096251294,0.014168416377491267,0.052625546544967566,0.021669342694986642,0.009956184481480349,0.028336832754982534,0.01713389887510572,0.08278175861006135,0.024558588387651528,0.004658670829529807,0.0631506558539611,0.01023274516152147,0.034093125472978866,0.02232598944331957,0.028336832754982534
513,0.0020293925340760305,0.007102873869266109,0.009040021288156867,0.007102873869266109,0.02253961608899777,0.001553753658901961,0.0030133404293856214,0.4788525480957923,0.00414334309040523,0.060267414171169806,0.030555329908984994,0.0035514369346330544,0.0012587371413889305,0.005233696535248711,0.0012914316125938379,0.012188931437777257,0.00938115416695524,0.3341447680061588,0.0029247127696978097,0.003824624391143289
514,0.09033960126740027,0.12185043159618586,0.003173188322817341,0.019643015570432257,0.0040082378814534836,0.0023077733256853393,0.0189595058582287,0.009519564968452023,0.020748922110703866,0.0015295658822715285,0.021759005642176053,0.033111530325050514,0.2544498274054252,0.04617675180418629,0.0007340830955096959,0.12851412707410234,0.1198195910695828,0.048957762694896115,0.0036265009403626757,0.05077101316507745
515,0.012692566622161162,0.037101348587855694,0.02679541842456245,0.037101348587855694,0.02679541842456245,0.0027018718748324164,0.01121668678237498,0.019620288304192463,0.29399897634025046,0.009100330785700455,0.020096563818421835,0.013397709212281225,0.00634628331108058,0.021923524165551093,0.29469792139351336,0.05011381898225622,0.007221263285626945,0.009843214931471923,0.01607725105473747,0.08315819511071104
516,0.0038392161987764687,0.018185760941572742,0.012340337781781506,0.009598040496941171,0.02797675956375615,0.005235294816513366,0.06899374383998397,0.1663329668888167,0.010797795559058817,0.21123220335052043,0.3232372348002124,0.006061920313857582,0.026723179796789055,0.008035568788136794,0.00306344330120614,0.00421377387670588,0.003562159359689507,0.0628235377981604,0.017276472894494105,0.010470589633026732
517,0.017715196814743383,0.04321507465664987,0.03201116641233323,0.012624032031331221,0.03757832578839119,0.5294983404028446,0.025420632150970502,0.030867910469035614,0.02400837480924992,0.008819402991153032,0.02619095433736355,0.039286431506045334,0.016621182560249945,0.0298034997632068,0.006121893771756001,0.010413271001602376,0.018006281106937444,0.0165049773927715,0.045489552270157746,0.0298034997632068
518,0.020721077471509593,0.11779674091156624,0.023200287794012044,0.05525620659069224,0.10201145832127798,0.014734988424184602,0.009000367565845118,0.02455831404030766,0.0255028645803195,0.009472492558404386,0.03489865679412142,0.02762810329534612,0.009083212042305574,0.028829325177752475,0.008611356871276715,0.014358064258759115,0.011632885598040474,0.01353213222629198,0.04420496527255379,0.404966500205433
519,0.006874426718198162,0.07948555892916623,0.018168127755238,0.02034830308586656,0.019720854907241184,0.005529430186376782,0.015897111785833248,0.305654055909385,0.009974658375424784,0.0908375767757363,0.01560892039514523,0.021283482369851513,0.0047542764219314386,0.011830408770852648,0.004037361723386222,0.005149101227424397,0.004132876588741702,0.33378189046055384,0.009974658375424784,0.01695691923822213
520,0.0045904481752504465,0.010946453340981837,0.006098738289975594,0.008893993339547742,0.012936717584796715,0.004144773595129044,0.00853823360596583,0.480853951414549,0.006371816123855099,0.26236423695543937,0.14230389343276387,0.0058481052095656376,0.0024177873398740384,0.013828312624626122,0.003175454808538835,0.0033093928705293938,0.0033352475023304034,0.004456779267454703,0.009486926228850924,0.006098738289975594
521,0.01254731411122533,0.1038874054793015,0.050691070274888644,0.35541287346423167,0.017539432093908045,0.13230860843382633,0.009335504179015575,0.014117103880462573,0.008394771968224742,0.004486831465883453,0.08268589415699508,0.01157602518197931,0.005674522148029072,0.12402884123549258,0.0031286554545890024,0.005077204027183908,0.004705701293487523,0.007615806040775862,0.012058359564561782,0.034728075545937945
522,0.05503607521688098,0.005861042036914887,0.044698579637467775,0.1511047263699249,0.006154094138760633,0.09836010503969234,0.0664251430850354,0.03176306652263553,0.08096957863588396,0.004035471566400415,0.054703059011205625,0.06808785004586232,0.002086133606359537,0.15387906712424435,0.026447346712029172,0.06412669522742173,0.06290851786288647,0.012075994861778367,0.007033250444297867,0.004244202854317678
523,0.0026500560954846627,0.005756120557735317,0.005180508501961786,0.006475635627452231,0.004317090418301488,0.002158545209150744,0.002878060278867658,0.3408177091803995,0.002527077318030139,0.2269113852013277,0.06308142474567141,0.0032378178137261156,0.0012334544052289968,0.0033422635496527645,0.0017268361673205951,0.0015236789711652314,0.000988918256474138,0.3145733752730278,0.006475635627452231,0.004144406801569429
524,0.0441603777365495,0.060058113721707315,0.062496090940341587,0.04003874248113822,0.016682809367140925,0.007902383384435174,0.061390836597200266,0.01030057010041725,0.015023989459663278,0.004766516962040264,0.012011622744341463,0.1838768950247861,0.004843396267879624,0.16891344484230184,0.00526825558962345,0.22274596736433494,0.03058027800732413,0.02001937124056911,0.01876816053803354,0.010152177630172145
525,0.049852792330098934,0.06979390926213852,0.02617271597330194,0.09160450590655679,0.03857031827644497,0.06402394532986108,0.05167433666523715,0.027758941183805085,0.1221393412087424,0.06564294942466818,0.07903133842918625,0.03925907395995291,0.0014895041610822242,0.06413641761133412,0.07497864253545196,0.048167627518940666,0.04163841177570763,0.0038168544127732,0.008106442137678393,0.03214193189703747
526,0.03217667387426658,0.048535647286237264,0.002542343429279095,0.027972935226873764,0.08898202002476831,0.00884090948744057,0.053389212014861,0.15304907444260155,0.05635527934901994,0.055613762515480204,0.053389212014861,0.025026193131966093,0.0003813515143918642,0.026694606007430496,0.03646092527844165,0.038422805585296635,0.0733027024944775,0.051041639437357386,0.0767469922713627,0.09107571461358639
527,0.1129613594329661,0.11570527196774401,0.05303158298521599,0.023569592437873772,0.015151880852918853,0.009427836975149508,0.11164543786361263,0.010606316597043199,0.0318189497911296,0.013573022288893805,0.024956039051866347,0.11784796218936888,0.13012277520412088,0.06400550697071598,0.010972051652113653,0.07843534099699093,0.035627118285741964,0.006428070664874666,0.011784796218936888,0.02232908757272252
528,0.012361141006563481,0.023598541921621197,0.03115007533653998,0.060968632195821854,0.02433599635667186,0.4792022849785341,0.03115007533653998,0.029951995515903832,0.033858777539717375,0.00927085575492261,0.051916792227566635,0.03244799514222915,0.011125026905907134,0.027812567264767843,0.052324407988332995,0.008557713004543948,0.013906283632383921,0.010150446261744904,0.029951995515903832,0.025958396113783314
529,0.010230895515136713,0.02382357954336716,0.021176515149659698,0.0688436022097105,0.025077452150912803,0.5880579679392509,0.01868516042617032,0.022161469342667127,0.041432312249334205,0.007387156447555708,0.022161469342667127,0.025077452150912803,0.007111516281602138,0.025755221127964502,0.005894112207262901,0.0076850256591506965,0.014013870319627742,0.013763833330184902,0.027226948049562476,0.024434440557299656
530,0.03111723592052261,0.08125056045914238,0.00738641458719476,0.0018056776275482793,0.01950013451019417,0.0030660588852506557,0.1276794521500809,0.004779444732890728,0.0996103961424858,0.2307114679704043,0.129097574409932,0.04972971624498945,0.0014254484291077608,0.029054668870698113,0.072252208550688,0.02708352015304746,0.0018358141267364654,0.0025000172448966886,0.0062500431122417205,0.07386414587194762
531,0.011815856758930257,0.03840153446652335,0.03233813428759861,0.03614262067437491,0.04096163676429157,0.011171355481170426,0.022756464869050873,0.09268518738417794,0.04096163676429157,0.15113700341107325,0.37717728126648964,0.03840153446652335,0.006144245514643735,0.0211870534987715,0.008416774677594158,0.010971866990435241,0.009804223751030716,0.003137410586117522,0.02363171351786052,0.022756464869050873
532,0.01570248441864467,0.0055884781897743985,0.0490702638082646,0.05234161472881557,0.03777066291406991,0.017843732293914397,0.0116650782026575,0.035687464587828795,0.060394170840941036,0.015098542710235259,0.03925621104661168,0.02532658777200754,0.01019641845366537,0.05608030149515954,0.011058087618763854,0.010121071726356935,0.015098542710235259,0.02532658777200754,0.023091888850948046,0.48328180985909824
533,0.49752185586186043,0.02071449466095498,0.02071449466095498,0.02648070280291501,0.023760743875801307,0.025646517199277605,0.012240383208746127,0.01615730583554489,0.023760743875801307,0.00708653764716881,0.038469775798916396,0.02071449466095498,0.005280165305733624,0.01836057481311919,0.0072130829622968256,0.14373757819599917,0.004028170680427561,0.04761787711256214,0.019234887899458198,0.021259612941506432
534,0.011390399375072597,0.042780400574261745,0.5004355758836116,0.020763107231772958,0.0232236460260278,0.07084347806894459,0.01693390856064527,0.02622024551325719,0.025400862840967903,0.007668185008594087,0.0232236460260278,0.07212153061288785,0.008835082727293187,0.03126260041965281,0.009793103745915339,0.006830484125302296,0.011953347219279016,0.02622024551325719,0.03694670958686241,0.027153440940366345
535,0.02745096451720884,0.02910123699038984,0.5379349792183632,0.0227590684077211,0.03357835037352674,0.0027100752900734966,0.012691954593152324,0.03233470776709982,0.03795813520485631,0.011487330390943356,0.031179896775417684,0.07137649342072946,0.005669072140985033,0.02910123699038984,0.01064679402087433,0.006515202311281307,0.007865199186591848,0.031207765505524593,0.04157319570055691,0.01685834119431404
536,0.004037217190185239,0.050820404441847274,0.026286416090610654,0.034650275755804955,0.03176275277615454,0.017728048061109513,0.010587584258718183,0.1272664122422074,0.028233558023248482,0.0081968394261044,0.02006068596388708,0.0394713791027469,0.0041574698173403885,0.02931946410106573,0.006197610297786254,0.0075475848180961294,0.4695256279404176,0.011550091918601653,0.050820404441847274,0.021780173332220258
537,0.49886557515697066,0.020231351823717415,0.01582193486257712,0.023801590380844017,0.03518495969342159,0.008361194156717848,0.018819862161597596,0.029972373072173944,0.05395027152991312,0.009633977058913055,0.03237016291794787,0.04046270364743483,0.007290577233772042,0.026104970095119247,0.007856835659696085,0.006304531292102217,0.06532628467307482,0.037298308593884694,0.03237016291794787,0.029972373072173944
538,0.7530019446763094,0.002275618828805353,0.0013703039154481292,0.004530915505342568,0.0035653105615810372,0.1339796128443797,0.0024164882695160363,0.0051781891489629354,0.007767283723444401,0.0014694861098408325,0.0048329765390320726,0.0030631541444569475,0.0011210512590538312,0.00472791183166181,0.05678152239207632,0.0007910603083865052,0.0015315770722284737,0.0027642103914638514,0.00472791183166181,0.004103470646347986
539,0.012524929440898482,0.022624131711016144,0.023558795853118576,0.02998392199487819,0.03191836857519291,0.013905488164256416,0.017990353196926913,0.03533819377967786,0.038056516378114615,0.006806672541759125,0.02998392199487819,0.029102041936205296,0.006919366614202657,0.01940136129080353,0.00348570617296537,0.007730229889304531,0.011505458439895117,0.02061394637147875,0.6085666736595491,0.02998392199487819
540,0.007928994863009567,0.02678599428105874,0.6119906572986733,0.02371722815625641,0.02608109969471509,0.00358520800040576,0.009736780660816801,0.023048413683701703,0.06194261177494834,0.00854380852068253,0.049554089419958675,0.0096118253540293,0.00448453297918178,0.033036059613305774,0.010323768629158056,0.007565509835108195,0.007682804561233904,0.013610402612969186,0.049554089419958675,0.011216120640828227
541,0.002519413838634642,0.022436166849198462,0.05099128829363287,0.031161342846108973,0.04006458365928296,0.012193568939781773,0.013680589542194184,0.005409989679893578,0.03505651070187259,0.007900058749717769,0.05099128829363287,0.010469640764960519,0.002958755649156558,0.2804520856149808,0.0071910791183328404,0.007614245373008168,0.344883577632184,0.01438215823666568,0.043146474709997044,0.016497181506763575
542,0.006195163536812924,0.004122948093065189,0.014346694506303615,0.02271559963498072,0.02096824581690528,0.004782231502101205,0.007181709295584999,0.015576411178272494,0.4543119926996145,0.012369984140705491,0.023703234401719012,0.013629359780988433,0.002433814246605077,0.016520436098167796,0.3351803620700639,0.0034865995471784553,0.005563003992240176,0.008017270459404962,0.018799116939294393,0.010095822059991431
543,0.015015752449834578,0.02359618242116862,0.029148225343796533,0.029148225343796533,0.09803316967194509,0.014574112671898268,0.013764439745681699,0.3042590663412063,0.02359618242116862,0.005161664904630638,0.020831810455718296,0.0339515608170367,0.009529227516241178,0.01905845503248235,0.005899045605292156,0.008408124822335898,0.020974480785097917,0.2785952895089928,0.01548499471389191,0.030969989427783815
544,0.006527139936392387,0.015665135847341728,0.015159808884524254,0.01468606485688287,0.013054279872784774,0.017100581654985778,0.14241032588492478,0.038291637205851416,0.01236721251105926,0.003949193911094552,0.017405706497046366,0.004899324312269509,0.002955686008932401,0.011189382748101235,0.003626810734678671,0.2873094949905897,0.36244492187279365,0.007459588498734156,0.013054279872784774,0.010443423898227817
545,0.017784263536590673,0.00625742605917079,0.006121395057884469,0.006747446270236883,0.006867906650309404,0.003857317433735419,0.017169766625773516,0.1542008564581374,0.17361401513413163,0.008045262076076731,0.07604774855228486,0.005508275941737321,0.0013036304289939147,0.05434204841717484,0.20129727095530808,0.16291655704055383,0.06076349540246143,0.027001222036147934,0.006399640287788308,0.0037544556355024743
546,0.018847536712490124,0.03660209409508106,0.010625977488111714,0.0067242513791956945,0.2655812918800061,0.004138000848735812,0.07782963298473315,0.005184964918897886,0.007172534804475408,0.05569765613104404,0.006520486185886734,0.005895234085870198,0.001453892190096366,0.006061297017866541,0.002776465085603384,0.0017216135649504693,0.0021845283668453018,0.003421251727275057,0.32276406620139336,0.15879722433144153
