site,A,C,D,E,F,G,H,I,K,L,M,N,P,Q,R,S,T,V,W,Y
451,0.01407085407162761,0.41340086918615665,0.030747421860223296,0.028626910007794108,0.0309779430799305,0.00783223017950441,0.03609479957504474,0.10377254877825362,0.04612113279033495,0.011372334112685331,0.04369370474873837,0.06386003001738685,0.012031599858348249,0.028626910007794108,0.003928819697820875,0.05434893255492543,0.025156981522000885,0.014564568249579458,0.015723387271403138,0.015048022430447457
452,0.02116712516639356,0.019917327754222353,0.04647376475985217,0.014570838599388005,0.029875991631333535,0.005313663180171471,0.025349326232646633,0.18352782271953294,0.03346111062709356,0.004840913576748489,0.033138077537519045,0.036370772420753865,0.013278218502814906,0.027884258855911302,0.006242744519980143,0.008899231549758928,0.012869657933497522,0.42473648702909894,0.023236882379926084,0.028845785023356513
453,0.018591112858098065,0.006771416230119276,0.023560046438524582,0.027635438032307932,0.036780881492078726,0.008891401801699074,0.007607458889005296,0.044457009008495356,0.05381637932607334,0.011889665199946433,0.05680617817752185,0.038153298681708255,0.01762950357233437,0.048691009866447296,0.012623595150560411,0.009574068388936879,0.02840308908876093,0.012781390089942416,0.025562780179884833,0.5097742775275547
454,0.012023576858755687,0.03556974820715224,0.043035721405343806,0.04065114080817398,0.029437032999022547,0.009485266188573932,0.048648056626726104,0.08236568499256211,0.02753786957973077,0.011382319426288718,0.04268369784858269,0.47034330138615066,0.013994655032322192,0.029437032999022547,0.009279064749691888,0.0028210090049782485,0.01634062136432142,0.011856582735717413,0.03556974820715224,0.02753786957973077
455,0.01194872106183482,0.0485914656514616,0.03836168340904862,0.03313054476236017,0.02277724952412262,0.008475255636882836,0.04049288804288466,0.15039032967651933,0.03342102994974559,0.00674881467381411,0.37770605459144424,0.0485914656514616,0.015845043147215736,0.05606707575168646,0.008009582250240921,0.015507914569615401,0.004927827162248404,0.0032407359040529677,0.019699242831673618,0.05606707575168646
456,0.019054269993632824,0.01627552228622804,0.02520080870125631,0.03906125348694729,0.030047118066882532,0.00887755761066984,0.032551044572456084,0.052100518446729305,0.05861226582404897,0.008616673336487104,0.44886052454038533,0.04340139276327477,0.012206641714671031,0.028934261842183184,0.008325769685951973,0.024742173790528944,0.004722477306498008,0.0716504927989312,0.031249002789557834,0.035510230442679355
457,0.01271427965879504,0.02161427541995157,0.022168487610206736,0.06927627986157195,0.02881903389326876,0.4978434891174581,0.03458284067192251,0.03929868258173013,0.05403568854987892,0.009397511052152856,0.030877536314216532,0.03759004420861142,0.011843438586274832,0.045503737726213835,0.0052810788103883404,0.010416518274675456,0.013301092566124042,0.015514095794782556,0.012904045026836758,0.027017844274939456
458,0.01142553928412557,0.018407813291091195,0.03550078277567588,0.009406814361806458,0.0207087899524776,0.009466875406846901,0.023116788784161034,0.027301093269666152,0.5298481572172827,0.0071512368181217605,0.019490625837625973,0.024479439163932533,0.00887519569391897,0.15084001323302795,0.0034699129646930294,0.007000154350133273,0.04829832507859985,0.00903656288835386,0.01629544127408073,0.019880438354378492
459,0.012540277586931358,0.03709832119467193,0.03179856102400452,0.027823740896003955,0.024063775910057473,0.0017614803254989249,0.026187050255062544,0.1883131971680768,0.016916375372558697,0.008561151044924293,0.01712230208984859,0.04946442825956259,0.01141486805989906,0.026980597232488683,0.4501568822314365,0.0063320996222950635,0.01618835833949321,0.010004041670473331,0.012540277586931358,0.024732214129781296
460,0.04838480912444812,0.03433068602457216,0.018543363982154115,0.4572969972629591,0.0403012401158021,0.0031001391267628355,0.04213311466652038,0.03862202177764369,0.07727183161671645,0.011586606533293109,0.03433068602457216,0.0403012401158021,0.01748921740874431,0.037077140906537936,0.008426622933304078,0.01252606111707363,0.01748921740874431,0.009214474773227715,0.022608012747888987,0.028966516333232765
461,0.016741528993816427,0.0194810519200773,0.03151346634130151,0.005603429280955717,0.022322038658421903,0.007708329896433463,0.022322038658421903,0.030613081588692897,0.49186784252507976,0.0073387524356455566,0.01575967516454212,0.20848103829284562,0.010013624818731321,0.019414040059765648,0.016409580659799524,0.009080151318680096,0.013068582317914355,0.00948192792570134,0.015306540794346447,0.027473278348826957
462,0.017160263067094884,0.03003046036741604,0.038748981119246496,0.007460734530742095,0.03532995337343064,0.014866990837960345,0.036400558021110356,0.033367178186017823,0.5950396037176507,0.009458412714146786,0.01882855859213351,0.030777838688606233,0.013200202359303756,0.02513131047883018,0.0034802273186235856,0.00883248834335766,0.01482985697156348,0.01691856922107946,0.024024368293932837,0.02611344379775308
463,0.07483843802312674,0.010905029540512753,0.006057951177439012,0.07184490050220166,0.008260842514689563,0.0029793202511995145,0.003328842406595595,0.04646490847696738,0.017168112664604638,0.13140820312001614,0.2900737857776392,0.005345251038916775,0.09938843044131407,0.08916949394575356,0.0010610438857893217,0.007539279682329803,0.0453885013307828,0.04362011816205102,0.006989943666275784,0.03816760339179463
464,0.09343442041903914,0.03000282683550919,0.03000282683550919,0.02079504918534502,0.034803279129190665,0.42985780223591596,0.027190061819680207,0.034803279129190665,0.02900273260765889,0.0103581187884496,0.03000282683550919,0.03222525845295431,0.014263638987373223,0.03222525845295431,0.04851642035809766,0.012429742546139523,0.019774590414312877,0.013917664674500091,0.02416894383971574,0.03222525845295431
465,0.054759285842723805,0.07401978940005083,0.040428206073022215,0.3639335343138816,0.046262368375031775,0.0024520545733192093,0.03364535881820492,0.08224421044450092,0.0122317299970663,0.012985927964921198,0.023877351419371237,0.052871278142893455,0.01276203265518118,0.025524065310362352,0.01233663156667514,0.01233663156667514,0.028469149769250312,0.04303251781820668,0.03364535881820492,0.03218251713045689
466,0.014427270428162513,0.020705810946227136,0.024298560721115806,0.03847272114176669,0.45491698093357125,0.012648565854827407,0.024298560721115806,0.027157214923600025,0.04014544814793047,0.09764122939736812,0.036933812296096026,0.027980160830375782,0.011991497498732477,0.03847272114176669,0.009618180285441674,0.007393454161181273,0.019645644838348953,0.028030417877053775,0.04711693790625143,0.018104809949066682
467,0.01046932651117451,0.05395729817297632,0.04384030476554327,0.051735015197079626,0.04676299174991282,0.34672597441586395,0.05845373968739101,0.04384030476554327,0.04384030476554327,0.011313627036269227,0.025979439861062676,0.05845373968739101,0.016312671540667262,0.05845373968739101,0.02825020651897568,0.01209387717670159,0.025979439861062676,0.006837032148070409,0.009937974701467555,0.04676299174991282
468,0.008985666616740976,0.03414553314361571,0.023281045325192522,0.004309785415205258,0.03414553314361571,0.007532102899326992,0.07818006747508259,0.03658449979673111,0.25147833681741705,0.008681067748376873,0.022268825963227632,0.01805837716923357,0.00931241813007701,0.025609149857711778,0.17736941638067863,0.07287972391744985,0.11727010121262385,0.010042803865769325,0.023281045325192522,0.03658449979673111
469,0.45349705094459636,0.021785130498840802,0.030499182698377127,0.02807123964420518,0.01663591783547843,0.006489187808165344,0.019890771325028558,0.039781542650057115,0.048156604260595454,0.008551172719171154,0.023460909767982405,0.04158979458869607,0.010892565249420401,0.030499182698377127,0.009149754809513137,0.01055803683667673,0.06129653678412096,0.09968511402143634,0.01663591783547843,0.022874387023782843
470,0.012105116087432399,0.03026279021858099,0.015789281853172694,0.016481942089564848,0.023683922779759038,0.00756569755464525,0.025939534473069424,0.023086726123608958,0.5392962322352252,0.005986046416862175,0.014722438484715078,0.010014816858835688,0.008930003671056687,0.0199553325483314,0.19144148424609855,0.006809127799180724,0.009490282189349435,0.008130301849768028,0.013286103022791654,0.01702281949795181
471,0.011739392367929988,0.10314486612170619,0.020258118007320844,0.029249075482467437,0.030520774416487748,0.34597215272842125,0.04679852077194787,0.03899876730995657,0.05849815096493485,0.015260387208243877,0.05849815096493485,0.07019778115792183,0.016713757418552817,0.04129281244583637,0.01114250494570188,0.011917467756643672,0.014039556231584368,0.013659726521245983,0.026999146599200705,0.03509889057896091
472,0.014198626369352601,0.1965318746514578,0.03167385882394042,0.02745067764741503,0.039215253782021474,0.0028192611898992226,0.022875564706179193,0.03954726480326893,0.029411440336516104,0.011281100403047273,0.030500752941572257,0.03795331536608228,0.010166917647190753,0.022257306200606782,0.008173455818968792,0.3937648913926367,0.015027993702367484,0.011128653100303391,0.016806537335152062,0.039215253782021474
473,0.011223945694546286,0.006169878670243508,0.03782885400754489,0.034045968606790405,0.053756792537037475,0.0063836191137732,0.009753319604370935,0.063836191137732,0.034045968606790405,0.01066174882609535,0.04440778513929183,0.03647782350727543,0.008385812969940827,0.026878396268518737,0.5073739435977794,0.01068509064963766,0.017609983762132964,0.0157135239723648,0.022203892569645913,0.042557460758488
474,0.5044273871445979,0.03401646333230029,0.011759255463633942,0.03092405757481844,0.020409877999380172,0.019473132656565792,0.023193043181113825,0.027580916215378608,0.03779607036922254,0.015721428199796238,0.04859494761757183,0.03001452646967672,0.009555451960813222,0.031890434374031516,0.010103899999693156,0.015533430024850609,0.05497575034077703,0.006219330236879025,0.03779607036922254,0.03001452646967672
475,0.014812961143060948,0.03147754242900451,0.028779467363661267,0.03357604525760481,0.02014562715456289,0.012913863560617238,0.038741590681851706,0.49872134503561444,0.03730671695289423,0.008962244447159153,0.028779467363661267,0.03109695390872065,0.012435572317631411,0.05596007542934135,0.011317768064361173,0.009742386821165752,0.004874952475021519,0.03268463475476437,0.05036406788640722,0.03730671695289423
476,0.01707043454658459,0.04611125479239273,0.02491360717609643,0.02633724187187337,0.029735595661792513,0.03510073144408805,0.02560565181987689,0.061453564367704536,0.035453979442906465,0.0083801887178992,0.0230450866378892,0.03687213862062271,0.009406157811383346,0.02711186663281082,0.06434268456538904,0.008157552792173168,0.011971473578124258,0.009126766985302652,0.45972561099093484,0.040078411544155125
477,0.009672391603555049,0.07629416047618459,0.010284568287324354,0.015329828201860834,0.28310832367292194,0.007190096413262161,0.006539373760074637,0.01805513099330276,0.03249923578794496,0.006605535729257105,0.022568913741628453,0.017221204202473434,0.006605535729257105,0.033853370612442674,0.008206877724228524,0.005482918085360431,0.010833078595981654,0.007127025392093193,0.020312022367465606,0.4022104086233806
478,0.013048285648422954,0.028271285571583066,0.04397755533357366,0.028960829122109486,0.04397755533357366,0.015030303721601123,0.023747879880129778,0.014116685743531199,0.03710606231270278,0.013740245546296118,0.5877094526337376,0.02581291291318454,0.008481385671474918,0.02526370200013806,0.008373901077993172,0.010697243189247646,0.0064001356612251635,0.007126505463646863,0.024232530489928343,0.03392554268589969
479,0.018638792052338,0.020767512937957006,0.05458503386756129,0.04022055127083463,0.042455026341436566,0.022779532060430062,0.03184126975607742,0.06947186128598709,0.034735930642993545,0.022381701281973147,0.04022055127083463,0.04776190463411613,0.013646258466890323,0.034735930642993545,0.005858030150963618,0.009319396026169002,0.018195011289187095,0.01910476185364645,0.3768618967530246,0.07641904741458581
480,0.02659533207627756,0.05932804847784993,0.040592875274318374,0.04284803501178051,0.056737571297865184,0.016409885749192537,0.03213602625883538,0.048204039388253066,0.023371655460971186,0.3797927766297513,0.03505748319145678,0.030850585208481964,0.011342126914883077,0.02203613229177283,0.01928161575530123,0.034398703702366494,0.01606801312941769,0.0430370772131519,0.04106702696234196,0.02084499000573106
481,0.017518112247366803,0.05634206096969688,0.052008056279720195,0.07935604008579972,0.08451309145454533,0.33154449383574763,0.03756137397979791,0.03380523658181813,0.01988543328342243,0.019317278046753213,0.03756137397979791,0.020488022170798863,0.0074297223256743145,0.030732033256198294,0.031155362036174417,0.011861486519936185,0.014385207056092818,0.02720542138762891,0.0450736487757575,0.042256545727272665
482,0.25281764844867854,0.06455002568323537,0.014426132897959187,0.028688900303660156,0.020656008218635318,0.011736368306042792,0.03688572896184879,0.028688900303660156,0.023472736612085585,0.009389094644834235,0.02459048597456585,0.02459048597456585,0.009620334180703165,0.03442668036439219,0.011736368306042792,0.23547445858312588,0.08762444900323565,0.005316829935620494,0.043033350455490234,0.032275012841617684
483,0.014923766178870906,0.0361312233804243,0.02451761586528792,0.04290582776425386,0.04290582776425386,0.03343753690328314,0.02542567571215043,0.05788513228698507,0.16993169009372475,0.010896718162350189,0.0236721808354504,0.0236721808354504,0.010726456941063464,0.029847532357741822,0.3376189360326318,0.028714177228710384,0.013729864884561235,0.01460623923889493,0.029847532357741822,0.02860388517616923
484,0.017359532411865313,0.028936754018544487,0.04711873083220584,0.0299846468932219,0.32141798642585995,0.013193244633017635,0.03298311158254409,0.022746973505202824,0.036647901758382326,0.008155640228824639,0.036647901758382326,0.0299846468932219,0.01691441619617646,0.109943705275147,0.010470829073823523,0.007288227813593118,0.014992323446610951,0.01691441619617646,0.02355936541610292,0.17473964564109626
485,0.014262797564508678,0.06418258904028905,0.04278839269352604,0.03850955342417343,0.031079057915610383,0.014262797564508678,0.04278839269352604,0.18863949305263947,0.04278839269352604,0.18896675287047318,0.022405190242511596,0.07701910684834684,0.0226526784848079,0.03500868493106676,0.014811366701605164,0.006608964919279509,0.03500868493106676,0.020710863058606786,0.020487133521580877,0.07701910684834684
486,0.07304166116714722,0.04251066969237749,0.04251066969237749,0.2900360644784291,0.08502133938475497,0.003497156049825768,0.07439367196166059,0.03967662504621899,0.03491051034216731,0.027052244349694766,0.027052244349694766,0.05951493756932847,0.021255334846188745,0.03344003431326616,0.011902987513865695,0.013840683155657785,0.01750439340274367,0.012000183762994585,0.031323651352278145,0.05951493756932847
487,0.020524094800470134,0.07107623077611541,0.050377323601153975,0.03694337064084625,0.2716245050923247,0.034634409975793354,0.03694337064084625,0.04262696612405336,0.034634409975793354,0.0391904226103288,0.050377323601153975,0.030786142200705205,0.020524094800470134,0.03958218282947812,0.018471685320423124,0.07371120714592756,0.022166022384507753,0.02099874459700819,0.030786142200705205,0.054021350681894974
488,0.020725888323155865,0.07874697934400669,0.13317195692415698,0.23210532361978997,0.052497986229337795,0.008595538407071862,0.04724818760640401,0.06749741086629144,0.0779275458249777,0.01817237984861693,0.027793051533178834,0.016874352716572855,0.02953011725400251,0.02953011725400251,0.011812046901601,0.015749395868801336,0.017499328743112594,0.0200260175221113,0.04724818760640401,0.04724818760640401
489,0.2993006243974335,0.13549529783532796,0.03617663586597108,0.036140883737520384,0.0682661137264274,0.0211860352944085,0.021942679412065947,0.0292569058827546,0.051199585294820556,0.01660527090642829,0.040959668235856436,0.027927046524447573,0.01159235893467635,0.025599792647410274,0.01117081860977903,0.04679061364125841,0.004775255302407876,0.006913755740463864,0.047261155656757425,0.06143950235378466
490,0.01779873191054788,0.07119492764219153,0.05825039534361126,0.05825039534361126,0.01253337050109198,0.019416798447870413,0.03053119620521027,0.05631026409060347,0.04928879605997876,0.31359727876268256,0.05339619573164364,0.03372391309366967,0.002904764722803021,0.029125197671805617,0.009651059642737993,0.015628154848285947,0.017317685102154697,0.016429598686659583,0.1067923914632873,0.0278588847295532
491,0.01337186774200003,0.04497810058672736,0.04122992553783342,0.010132153741026448,0.0989518212908002,0.24186777512719557,0.05497323405044457,0.07067987235057158,0.04122992553783342,0.015461222076687531,0.03805839280415393,0.023559957450190523,0.02248905029336368,0.030922444153375056,0.005271839860538826,0.014135974470114316,0.015461222076687531,0.10040709849326114,0.05497323405044457,0.06184488830675011
492,0.0181303278912055,0.04052661528622406,0.03827513665921162,0.0765502733184232,0.3353140937392562,0.02460544499520746,0.019684355996165973,0.0410183268406682,0.06263204180598263,0.04378843536853417,0.08611905748322612,0.045930163991053936,0.007102602679028958,0.02551675777280774,0.013249085766650171,0.005013579516360773,0.012086885260803665,0.02312215022836489,0.04305952874161307,0.03827513665921162
493,0.02613806714150598,0.04277138259519161,0.04277138259519161,0.024762379397216195,0.27219463562208357,0.0213856912975958,0.0336060863247934,0.05256235600675834,0.036191169888239054,0.2274375494322294,0.06885173110320074,0.02767560050277104,0.010010323586108674,0.014702662767097117,0.012715816447219126,0.005541061117174532,0.020455878632482938,0.018038468051587216,0.01742537809433732,0.024762379397216195
494,0.017247425876951477,0.09486084232323312,0.0032157333023954374,0.18509465833905223,0.04743042116161655,0.03449485175390295,0.016794269084268707,0.04247273400528726,0.014944344070122198,0.012240108686868787,0.04743042116161655,0.1856331542108092,0.010540093591470344,0.07588867385858647,0.016497537795344887,0.0035283372442521145,0.010599921001714663,0.02710309780663803,0.12648112309764414,0.02750225162822496
495,0.021879385266792003,0.03192062778709621,0.020138212567947313,0.4234970301789054,0.04536089211850512,0.004375903853215141,0.033148344240446055,0.030780605366128484,0.011759620146642894,0.011049448080148686,0.05069746766185866,0.02611687728035144,0.02052040357741899,0.11580362834580686,0.0146077449195186,0.01346651484768121,0.018337381920246754,0.020138212567947313,0.04536089211850512,0.04104080715483797
496,0.014638652446317384,0.08066402430869987,0.3558291697100354,0.08159766930197014,0.03820927467254204,0.003061541824922515,0.02647744627242135,0.029039048751131953,0.04537351367364367,0.0186147748404692,0.07259762187782988,0.011555050781843483,0.01008300303858748,0.034570296132299935,0.014519524375565971,0.0186147748404692,0.016883167878565086,0.032721959236812245,0.034570296132299935,0.060379189903573
497,0.012706843704089879,0.05463942792758646,0.042030329175066515,0.10927885585517294,0.042030329175066515,0.02375627301199412,0.26761261476202,0.03642628528505765,0.02375627301199412,0.008432455625390326,0.026018775203612607,0.2102925755184194,0.008330049834867109,0.025067891286583367,0.0037696177750429142,0.012418051801724199,0.010927885585517294,0.03214083995740381,0.04553285660632206,0.004831768897068723
498,0.03092075667932671,0.11254532144384922,0.03794820137917369,0.039755258587705775,0.027828681011394043,0.015460378339663359,0.04174302151709106,0.02693098162392972,0.03339441721367285,0.03183889050671837,0.02197001132478477,0.05217877689636383,0.013686236562980679,0.026089388448181913,0.006696079315812545,0.013086126243831837,0.010306918893108906,0.02256379541464382,0.4089673701495849,0.026089388448181913
499,0.011893469935787307,0.025570960361942712,0.03196370045242839,0.02045676828955417,0.025570960361942712,0.011893469935787307,0.016497393781898524,0.005459260663302013,0.020303908066139895,0.4231746240400372,0.24609579784835076,0.013822140736185248,0.010027827592918712,0.025570960361942712,0.013958253210222399,0.009649419004506683,0.03351955806366542,0.0033014313295927603,0.02691680038099233,0.02435329558280258
500,0.1300202557104794,0.10715894911158527,0.034227674163405615,0.1123599844095388,0.0049299149356007805,0.050629023119994704,0.05792375627653256,0.04964893395131362,0.09847038567010534,0.00476085668026295,0.01737712688295977,0.04494084538696492,0.00154519721862114,0.07401368857556939,0.03803432083358657,0.05422642984350303,0.08040163184653028,0.0332669789134241,0.0033396197950844,0.0027244266749372734
501,0.01254737947972614,0.032936871134281114,0.046499112189573345,0.03467547961068923,0.02725810024906024,0.003434238714479807,0.01928011968835968,0.11844744235925853,0.07192412546290841,0.008783165635808297,0.030403265662413345,0.03593113214648849,0.007528427687835685,0.03952424536113734,0.3846943554042049,0.0075724226212193005,0.014638609393013827,0.02725810024906024,0.04940530670142167,0.02725810024906024
502,0.04987880070945771,0.03326867727721706,0.08209508894736176,0.0903355959615397,0.022831445190247004,0.024331138323643947,0.07419420654846738,0.04282864201204954,0.0030527219754425865,0.04833373868576818,0.004310841472374677,0.09554081679611053,0.01350033280814605,0.15652490421328472,0.0351908675199007,0.068494335570741,0.06754714499075444,0.07201356978545118,0.008826961110100527,0.006900170101941316
503,0.043260839096905056,0.03828141068797718,0.012461303925293604,0.03554702421026451,0.017160632377369072,0.014637009968932446,0.028579184039246815,0.03606981856278575,0.03169141667023642,0.00614393011041609,0.09091045897175701,0.2453855385880611,0.006817237519776756,0.023698016140176345,0.009215895165624132,0.032934635867755226,0.22157435024369618,0.03319337952930642,0.0414715282453086,0.030966390079111377
504,0.01620712992769592,0.3305542455479979,0.029172833869852654,0.03646604233731582,0.024310694891543874,0.013891825652310785,0.018821183141840423,0.0388971118264702,0.022440641438348195,0.00746721269114245,0.030708246178792267,0.017680505375668273,0.004919085810768919,0.02778365130462157,0.008840252687834138,0.2879566614433208,0.010647676137445914,0.011440327007785354,0.041675476956932356,0.020119195772312175
505,0.11129555420743126,0.02854212285105078,0.024819237261783287,0.06086352709527963,0.04391095823238581,0.28200463531467035,0.01297369220502308,0.03357896806005974,0.04391095823238581,0.040564001551296365,0.14769456975087392,0.035677653563813465,0.007714087257040752,0.03805616380140104,0.006587496314161463,0.010014779947737116,0.011192989353353248,0.011994265362594002,0.02378510237587565,0.024819237261783287
506,0.16035672812960772,0.031032181220188585,0.09548333921270566,0.05393345343684231,0.03186976793995227,0.346843713138843,0.028045395787157992,0.03690183656205,0.017100851089730487,0.011685581577982499,0.029213953944956246,0.01894959174807973,0.009225459140512501,0.035056744733947494,0.007967441984988067,0.005499731335166063,0.01669368796854643,0.011649158559409754,0.03186976793995227,0.02062161454938088
507,0.019900243374187707,0.04448289695406663,0.03437314764632422,0.013108446850209995,0.03781046241095664,0.373172470730037,0.028007749934041953,0.05401494630136663,0.07562092482191328,0.022241448477033316,0.05401494630136663,0.03437314764632422,0.016089558472747508,0.04726307801369579,0.019862940201806015,0.011815769503423952,0.013749259058529684,0.020007436027528618,0.05401494630136663,0.02607618097307354
508,0.005590889058342492,0.1433145365750595,0.018579489669827455,0.03715897933965491,0.03995926081907808,0.015311618371122947,0.016683623376987925,0.008085245517705229,0.03144221328740031,0.01238632644655164,0.04541653030402267,0.03892845454630515,0.011514049936231103,0.03144221328740031,0.012976151515435054,0.00928974483491373,0.041274586533617146,0.4045586526943844,0.03715897933965491,0.03892845454630515
509,0.013468999174869847,0.16461088423744005,0.014433000657460572,0.4598863309639427,0.03717443772264078,0.008074210259795272,0.015489349051100325,0.029979385260194186,0.008394476414963903,0.012391479240880262,0.035744651656385365,0.019361686313875408,0.0076806689509588385,0.02171549724672826,0.0096808431569377,0.027925060718851445,0.011764062570455942,0.034165715420411746,0.042243679230273605,0.02581558175183388
510,0.14059637155436885,0.03169215655275097,0.024086038980090735,0.031061763593981488,0.037634435906391775,0.2979301246235655,0.020763826706974776,0.02867385592867945,0.026180477152272542,0.010752695973254792,0.04301078389301917,0.027370498841012197,0.008480999640877021,0.018246999227341465,0.04498068837525425,0.1359797742794493,0.011361339141552233,0.010312735559885093,0.02077688534416506,0.03010754872511342
511,0.023071971462021817,0.046143942924043634,0.038453285770036365,0.022778825806043537,0.07724614749225428,0.0071462982920920915,0.01256762803092057,0.015883849718263024,0.08789322461722596,0.1781669957355969,0.038453285770036365,0.046143942924043634,0.006283814015460287,0.1757864492344519,0.027966026014571904,0.06832011008064398,0.045574264616339386,0.006929046080695269,0.01822306064483483,0.056967830770424235
512,0.0798756112481025,0.027983174943496055,0.02914914056614172,0.012228204335621615,0.026906898984130827,0.33913791127715465,0.013453449492065415,0.04996995525624297,0.021199374957193984,0.009583279090238378,0.02914914056614172,0.01706291155091223,0.0961019273600072,0.042167172208982744,0.005288335910440755,0.06167735636537774,0.009993991051248593,0.07922713446839866,0.021861855424606298,0.027983174943496055
513,0.0020021553965425833,0.006864532788146001,0.009610345903404401,0.007392573771849539,0.006670409078655171,0.0016017243172340668,0.023588547951724253,0.3490800363238589,0.00417841126234974,0.0460018279379033,0.029444444816465087,0.0036962868859247706,0.003165562712136155,0.005058076791265474,0.0013535698455499157,0.000756351350489754,0.09424935381600047,0.3983692522260804,0.002912226031334667,0.0040043107930851675
514,0.138137984246064,0.04095735381958772,0.009556715891237133,0.016864792749242,0.0035772147345561303,0.008959421148034812,0.0074139333154171995,0.00781913118373947,0.007718837827789883,0.0036755899090870655,0.005228236919735883,0.03648927885745087,0.28028660540187333,0.0332370641028591,0.0006780486085517043,0.14988669515061337,0.10751305377641775,0.052753071719628966,0.003236527616979355,0.0860104430211342
515,0.014407482831958536,0.044423072065205495,0.029615381376803657,0.0410059126755743,0.0313574626342627,0.003128364388394388,0.013001874750791849,0.10372933967099365,0.2743199343975697,0.01087911968943808,0.025384612608688847,0.015678731317131347,0.007203741415979268,0.024230766581021176,0.26327560477130796,0.017830036156311797,0.020821050329837727,0.011342060952818422,0.018381960854567787,0.02998349053134339
516,0.006125932044854508,0.030269311280457574,0.019058455250658465,0.015134655640228784,0.15300816128107256,0.008435709701111127,0.029866378594959934,0.055773478146967495,0.015593281568720564,0.2510413969042286,0.3001178930362965,0.009188898067281763,0.002486180448057211,0.01255069004311655,0.01764653077984976,0.006199738455033478,0.005250798895589578,0.01706552725108353,0.028587682875987706,0.01659929973444447
517,0.017939563294529413,0.045132138699472454,0.032981178280383716,0.008858670964733096,0.03897775614954439,0.41425532641991136,0.02679720735281177,0.032981178280383716,0.023819739869166016,0.008932402450937255,0.02679720735281177,0.03897775614954439,0.017500217046734216,0.029569332251378512,0.006418541350769949,0.01085456500367059,0.01824490713382929,0.12407052009102766,0.045132138699472454,0.03175965315888803
518,0.019858558633259638,0.00600768297328385,0.020134230463754794,0.04799151669704413,0.04429986156650227,0.01339298140382627,0.009100879683824096,0.023995758348522064,0.025039052189762153,0.008469091181831317,0.03199434446469609,0.07684646115093446,0.25717334587242957,0.025039052189762153,0.007998586116174022,0.011292121575775091,0.035385030390309734,0.013088595462830218,0.0383932133576353,0.2844996362778428
519,0.026140332821875275,0.11135781782118866,0.016889212490450407,0.018296646864654608,0.017015733795324058,0.005047350859215064,0.0141651459597326,0.2170678585486048,0.00878239049503421,0.09550591301220676,0.03307625828113386,0.00878239049503421,0.00434771806684862,0.011555776967150277,0.0035993403668172995,0.004583391724025297,0.058560852833552286,0.3213014255244724,0.00878239049503421,0.015142052577645193
520,0.004689434156445856,0.010581287327365012,0.006159256802496051,0.008780217143983733,0.012895943930226108,0.004126702057672353,0.008780217143983733,0.4490537253947181,0.006348772396419004,0.20361976456198674,0.19438945815823627,0.006252578875261141,0.004653293047556362,0.010974942572043834,0.0025631689799207173,0.0033279855303809305,0.0032751603632320265,0.04314265691731413,0.010316755144180886,0.006068679496576991
521,0.028679675981078505,0.033102303177926735,0.08883747404784097,0.35927020310494956,0.022705864734587078,0.004810676292168522,0.039509200567202876,0.018164691787669662,0.011493454906545903,0.014465967136810497,0.015795384163191012,0.015459312159718862,0.007339269409159459,0.2012027910660574,0.0171059387930627,0.03969211353279176,0.006054897262556555,0.009818752317659277,0.015459312159718862,0.05103271739930372
522,0.020576585229876796,0.02396269425789667,0.09309815580108348,0.1170083466688729,0.01032239137263241,0.08321272877883108,0.06038598952989961,0.01947935146125794,0.09306559978552413,0.02537226450836118,0.030967174117897234,0.06709554392211069,0.002093206205865639,0.08448220271408381,0.050744529016722356,0.08550228606003484,0.10499134430971735,0.016232782550663936,0.0068178716419623675,0.00458895206670544
523,0.004079498758039842,0.0097454692553174,0.00923254982082701,0.01096365291223207,0.0079735657543506,0.0039867828771753,0.005011955617020376,0.2981119916935612,0.004741039097181436,0.18317673098316625,0.08545627892615525,0.0056586595676036515,0.0023081374552067525,0.00584728155319044,0.0029731940100968333,0.0026987453322417413,0.0017542293450874319,0.33727657199367744,0.011694563106380878,0.007309101941488048
524,0.06771868058136635,0.06422523433130432,0.0977347928593918,0.07223325928679078,0.016901377455606402,0.008450688727803201,0.05992947848042629,0.01009807589099624,0.009443875399259366,0.005734395922437886,0.013962007463327028,0.15694531785307703,0.005442816468754604,0.11608916671091375,0.005734395922437886,0.19334194806210878,0.042349342668684474,0.021408411443768108,0.021408411443768108,0.010848323027777598
525,0.044714482093623255,0.10220453049971032,0.07567066200459321,0.06879151091326655,0.02484137894090181,0.04742064021492621,0.03219442710740874,0.014120362766407348,0.1028433088153335,0.03708050979470067,0.07266103340213778,0.062316478609478504,0.001325429516112627,0.05930888046415258,0.05165186521005509,0.043436925462376874,0.04471448209362325,0.025963247667265116,0.018138030591889922,0.07060181383203672
526,0.03300579925916065,0.06005033543898574,0.00906938704570494,0.06081102319782163,0.04786620940788719,0.01404542173013608,0.05433461608462869,0.10667326668043431,0.12999454765510415,0.05036998036153051,0.04666955417269001,0.026805077268416817,0.0004888421460064993,0.039058826876835935,0.04327629891671992,0.034180865370640016,0.06699841230273716,0.06962826940412546,0.04923381539096967,0.05743945128946463
527,0.0681225629415897,0.1646145897981467,0.07407656540916603,0.038732844658387465,0.04703273994232764,0.02618868474061425,0.13862281246159724,0.011474557598870422,0.05761510642935135,0.027979498502329565,0.013004498612053142,0.010837082176710953,0.09404009527128404,0.050808477354526906,0.014190912913633336,0.04052789770891292,0.08270836820791863,0.010620296116009469,0.011474557598870422,0.017327851557699656
528,0.013398782382351045,0.029030695161760597,0.03786612412403556,0.014775436772939505,0.029030695161760597,0.4271703925535017,0.034836834194112716,0.033496955955877615,0.04583793972909568,0.01116565198529254,0.06220863248948699,0.03786612412403556,0.012807659630188503,0.03225632795751178,0.07827395846230932,0.009676898387253533,0.01612816397875589,0.011645075832092712,0.033496955955877615,0.029030695161760597
529,0.13820050254039762,0.022586859774292915,0.02002017116357781,0.012487386344612633,0.023181250820984833,0.4290494810905539,0.017617750623948474,0.020973512647557705,0.040040342327155615,0.006936122292893098,0.020973512647557705,0.04131390684408712,0.006881933837479873,0.023807771113443885,0.0057530545887223205,0.08675920437258296,0.022881548405955934,0.010034355899314637,0.02669356155143708,0.023807771113443885
530,0.07392429279614346,0.09504551930932732,0.01341600719246177,0.0034800767100460154,0.09297931236782021,0.005315776434749001,0.11277248239943552,0.008537459122475671,0.13821383188510883,0.12039099112514798,0.09618265473639814,0.04539836352577739,0.002584735330657772,0.03899148173165767,0.06973369079821053,0.031490985313331346,0.012191053402546096,0.004472002397487255,0.012249397871378137,0.022629885549839843
531,0.011210715420236515,0.03961119448483568,0.033009328737363064,0.03713549482953345,0.03961119448483568,0.011003109579121024,0.02200621915824205,0.2171694282936845,0.042440565519466796,0.09726213916635311,0.29367781563284484,0.03713549482953345,0.00625439912918458,0.02048854887146673,0.00836856221510613,0.0106101413798667,0.01064938211343976,0.017497434793854058,0.022852612202789814,0.02200621915824205
532,0.01526462950886111,0.09450414490988471,0.04579388852658332,0.05233587260180951,0.03700906765299198,0.01831755541063333,0.0766949520981489,0.033304646201151505,0.05636170895579487,0.014654044328506663,0.03663511082126666,0.023635555368559134,0.009640818637175436,0.05636170895579487,0.010319749527117368,0.010213946506949853,0.014654044328506663,0.025265593669839076,0.02220309746743434,0.34682986452299075
533,0.5135356888224731,0.02695962350299862,0.02766908727939332,0.03954698195403145,0.030924274018145473,0.018446058186262215,0.016689290739951526,0.022857072100368397,0.032857041144279564,0.009387726041222734,0.05533817455878664,0.026285632915423653,0.011974841750385358,0.02445175154923131,0.009735419598305059,0.007941619702420702,0.016656493778020677,0.05542961516142025,0.02564451991748649,0.02766908727939332
534,0.014553127603384104,0.055126064138203666,0.4607997047078427,0.04282798788284592,0.026775516867127487,0.01544382561012059,0.01993921468828643,0.03231527897756766,0.03231527897756766,0.008925172289042497,0.02839827546513522,0.010535006738574947,0.011025212827640733,0.03748572361397849,0.012014655004480285,0.008009770002986858,0.015363001481138722,0.03231527897756766,0.044625861445212495,0.09120604270129579
535,0.006502436757716891,0.02896766200139231,0.4163727456523681,0.05835015184341201,0.03360248792161508,0.019883984749675395,0.012767295331705144,0.031113414742236188,0.038184645365471684,0.011507701343018865,0.03231008454001451,0.009754431421181764,0.005600414653602514,0.02896766200139231,0.010770028180004833,0.006412688534659366,0.007851048579816609,0.045025998241455825,0.04421379989686195,0.15184131824239874
536,0.005338789226553295,0.06785618699891277,0.033928093499456385,0.04318120990839904,0.04318120990839904,0.022618728999637596,0.013767921999779406,0.01748658489934028,0.03799946471939117,0.010439413384448122,0.027142474799565112,0.022950896675745007,0.02685479285324565,0.03653794684556842,0.008050734050718466,0.009499866179847792,0.46807559031421475,0.014615178738227371,0.06333244119898526,0.027142474799565112
537,0.3906910838694763,0.021005951759010936,0.052251642514418245,0.025749231188465022,0.038010769849638845,0.008601744310090134,0.0194689308985955,0.03192904667369662,0.05701615477445827,0.009617182733041152,0.03192904667369662,0.04434589815791198,0.0073909830263186645,0.02752504023594536,0.007903229374677382,0.015991003268292732,0.06971849776903218,0.07422003073464953,0.034705485514887634,0.03192904667369662
538,0.6208430247714873,0.010821578626909809,0.012767814642041908,0.007117642387397254,0.005669986308604592,0.163739273280444,0.003801468093268988,0.008159248590431,0.011947471150273961,0.0023070978772942825,0.007602936186537976,0.004848249162430014,0.0017794105968493134,0.007433982049059355,0.09125988491536313,0.021011613591237856,0.0025733014785205453,0.0022243960847681777,0.007779748655992348,0.006311871551088131
539,0.0143522527332747,0.026093633971270083,0.0266041757982653,0.035186167991254104,0.035186167991254104,0.035478089816851126,0.020976369379401484,0.038956114561745615,0.04363084830915509,0.007659851097722118,0.03408660024152741,0.030299200214691034,0.007961833633057497,0.022260636892426064,0.003994936505310853,0.008940747604335057,0.013302087899132651,0.02272440016101828,0.5359468449406782,0.03635904025762924
540,0.009582299436342645,0.02570998449452288,0.46839668895354686,0.022758332131276305,0.026424150730481846,0.0036533621971480716,0.00972680735744156,0.023781735657433665,0.05945433914358417,0.008271908054759533,0.04756347131486733,0.08375113120850018,0.004466053644588481,0.03280239401025333,0.010228703508573618,0.007993860725187787,0.007927245219144553,0.01192085891654678,0.05006681191038666,0.08551986138541386
541,0.0028853857397586687,0.023600431321464513,0.05578283766891614,0.03609477731518102,0.05113426786317312,0.01363580476351283,0.015340280358951935,0.006530417274362312,0.0409074142905385,0.008522377977195518,0.05578283766891614,0.011448619358674111,0.005600889347618265,0.28468835892601946,0.007968976809845162,0.007594340977044263,0.2862555698636734,0.017044755954391037,0.05113426786317312,0.01804738865759051
542,0.0101311805087679,0.006848156655004211,0.02392084286792421,0.03744131927153355,0.033121167047895056,0.008201431840431157,0.005284741592143325,0.024604295521293472,0.24216983964082012,0.0059888039750969815,0.03744131927153355,0.022661851138033463,0.004024067024510614,0.026095464946826408,0.4237886929076781,0.018427249203219972,0.009161173864311398,0.013047732473413204,0.030755369401616845,0.016885300847946504
543,0.024756228084266998,0.03713434212640049,0.043687461325177056,0.043687461325177056,0.047011475718406796,0.021843730662588528,0.022505661894788174,0.3651729108573111,0.03375849284218227,0.0079858800271829,0.039390007192207865,0.051597595558678926,0.014562487108392348,0.029707473701120393,0.009168973364543328,0.01375601967355044,0.009974934598950514,0.11392329619952554,0.023957640081548704,0.04641792765800061
544,0.00814634480488511,0.01882086558370008,0.019493039354546514,0.017056409435228195,0.01605309123315595,0.004345431534486809,0.21746262428790414,0.014994517672232456,0.014751489241278443,0.0048301336453743585,0.020992503920280858,0.05844211123632724,0.0035673536073679898,0.013312319559202498,0.014520236952227532,0.27419119793224433,0.24220014455208078,0.009096751698788371,0.015594431483637212,0.012129002265051163
545,0.03334182362251939,0.05809560176651105,0.006738936817546631,0.1497887329913046,0.007396394068038986,0.004154139134104088,0.012942817608741705,0.07912067669153412,0.14940530398151525,0.015610421238024344,0.006114482537752597,0.009904244702652325,0.0014579430614884538,0.11108979107214398,0.14485545630103797,0.09656780026966726,0.07728995272663178,0.02160174488219566,0.007220289447371391,0.007303447079218533
546,0.02722988509197779,0.11306683004785255,0.0258511567328903,0.00781917454089061,0.24142616196008448,0.004847888215352179,0.1361494254598889,0.03989057082352229,0.007947357730085538,0.001734197686083469,0.024754440992707082,0.03403735636497224,0.001713034705071441,0.007025924949785766,0.0032319254769014524,0.002035347292323078,0.01058156156424007,0.004013179044475361,0.1424706611297027,0.16417392019119256
