site,A,C,D,E,F,G,H,I,K,L,M,N,P,Q,R,S,T,V,W,Y
451,0.011961358247783398,0.5550697409386488,0.020475402537597304,0.01901868964040285,0.03032884456214426,0.017960844053453245,0.021929512759681226,0.035047950413546046,0.024870546080800766,0.009770040907737799,0.025627104597724208,0.029044448653340646,0.010421448186190856,0.02000258852187845,0.03567681711105454,0.015530552721313512,0.018271539770171943,0.012056136471054012,0.040654176093599004,0.04628225773187711
452,0.04653969749750904,0.015056024780800141,0.026605765080174235,0.02909642439234712,0.019842403909612692,0.00784058092772527,0.01804915931287135,0.0868514189722378,0.02087749021007547,0.014746613468273252,0.03146214362197744,0.022985314705841548,0.011758271264638007,0.018812387951685394,0.005938605082349602,0.008473975965150198,0.01040372052178329,0.5682225397584741,0.01660415518188199,0.019833307394592
453,0.012450561208022789,0.03530615095646604,0.06687471882452192,0.016777912550614543,0.03176007472336589,0.006730077193911454,0.05401261281298124,0.022199239923105428,0.02445054973213115,0.008687404349067543,0.025689898231118058,0.03255288387355787,0.011808821881288513,0.02365663021312414,0.009065408311386136,0.019335151854993127,0.016893204396192185,0.009376864559227064,0.01566902190154301,0.5567028125033819
454,0.011907741110534817,0.023079327995370442,0.03357282025496678,0.02426933285081345,0.020876494408752635,0.009427051284580637,0.03055918445012464,0.0316250109940555,0.02018708910590055,0.010905150605038862,0.025929668730356212,0.5843455662059441,0.012394780287544364,0.021047035241655992,0.009404433997398478,0.03463131557448626,0.03338166185455218,0.010968713352416086,0.023514467517980326,0.027973154177527573
455,0.012035803948546498,0.027204267471549186,0.023473875179745373,0.02220585767422582,0.017461367092382392,0.007949822694682062,0.02477069060709465,0.04839267170392415,0.0601840291552798,0.036188529452242935,0.5209672842109884,0.027646409082057313,0.014088136902540477,0.03045357800180027,0.014256177417932173,0.01289643224694289,0.03797730476363146,0.017183719192366304,0.01680674444915989,0.027857298752907995
456,0.01651266062519257,0.01397151247466773,0.020028111345991344,0.02500981947887846,0.02242253843437103,0.009255357452917879,0.020947119749476176,0.042969665105909084,0.045291506200046024,0.018079157811339765,0.5572530665863372,0.028088367707130236,0.012374065905942715,0.020717915696477383,0.015170325289972295,0.013496456762261156,0.03466767520588943,0.03733228730766414,0.023144342423279667,0.02326804843625568
457,0.01784467556548199,0.018425768241517967,0.01782117603395921,0.03938010901592653,0.019706627754433187,0.6034311240825357,0.02332980629378954,0.02595332493091188,0.02989290384740815,0.009779100986214427,0.02050637412726231,0.023012856643832427,0.010910420257476308,0.027687733737577207,0.03724257309023595,0.010681267047172127,0.012794309052147448,0.018334677177160134,0.01252886484753777,0.020736307267419755
458,0.010542879734446464,0.014855519398877358,0.02170897120222384,0.039454341525398465,0.015339184996453247,0.008509764489235848,0.017221979000051964,0.058518647709704524,0.6278180257922767,0.006903219045572669,0.0148710867385406,0.04429234254081709,0.00826620576750258,0.018718967737773075,0.023728869754953703,0.006650807992119397,0.02570796700703279,0.00838606051234475,0.012898621657203208,0.015606537397471601
459,0.012197084810892421,0.0220522678889079,0.020034920426502508,0.020914702276303675,0.01833793967453572,0.05167968068809106,0.01674712104550846,0.02720427645381909,0.02995935308012537,0.009150842609687845,0.013364345486117566,0.02599021341286477,0.010036635698514835,0.020063884532420927,0.6313906970993539,0.018449685752757225,0.012755857488175378,0.010671827234783644,0.011695209407924281,0.017303454932713423
460,0.017853957868965393,0.021624498621910244,0.035878287436592146,0.5779204398144228,0.022367557770458506,0.04692906627580526,0.023189945092326768,0.02418380289015618,0.05200492975618101,0.009609951055670899,0.0212236283283296,0.021273516817514833,0.013041785263407752,0.021057218125517214,0.006835135841471806,0.010490385070120959,0.012767460204535971,0.02785339605436913,0.01581229525589075,0.018082742456352864
461,0.01197330095456735,0.013765054909374857,0.01899287784384468,0.02938725181869429,0.014924664927898592,0.013516828208221247,0.014920941525639875,0.01784508194076013,0.6397714790786415,0.006309020828766698,0.03527634770341276,0.03163604905485255,0.008047585210403272,0.04020811003353679,0.025899046439831465,0.007434813423613797,0.033098292994201486,0.007854611993391694,0.011284626143411464,0.017854014966935536
462,0.010555829237263128,0.015571984432959568,0.017630525889251968,0.031478952494219184,0.017120097693935934,0.030663731637902588,0.018895055718005233,0.01605979520121873,0.5622522785816217,0.006583590714264418,0.01737378009172003,0.026965290311442392,0.008213591832896558,0.06846870327072913,0.09715765860680635,0.0059006129420582695,0.010798312070833876,0.010382381372995396,0.013194957852904832,0.014732870046970771
463,0.05315905598196604,0.011563868117459884,0.018282692267218154,0.05235161627122795,0.010289355215145285,0.0018506493583169495,0.02112635468518274,0.08274759903525598,0.028959481846363967,0.12002368101498992,0.2554124982856182,0.006647098659724222,0.11788969354981155,0.07242836456669223,0.003020286185421443,0.008348364398875182,0.029591557584435726,0.053356971826799875,0.00895626911172872,0.04399454203776594
464,0.07596520563433778,0.01944069190894552,0.0205276220130543,0.030606087174510525,0.02103643685163106,0.5817732434535424,0.019375572136265878,0.02382437019522194,0.020146786742181705,0.009909072153529866,0.020265795192228746,0.02067171265564966,0.01146079238294177,0.020680496433793154,0.031858622718402674,0.010237792193403017,0.015585202029082933,0.010304335264682109,0.016168378809179207,0.020161784057415845
465,0.01656290022782807,0.03167642116976419,0.028349288930145617,0.5588298424670347,0.026317698543349758,0.022804942106867093,0.022520345115560055,0.033478112807782325,0.034809924210487064,0.012389850957988804,0.01839486597434502,0.02801774344990423,0.012280799076989217,0.03719704689595198,0.011581456819396253,0.011219909410876234,0.02082717394619161,0.02787761461063118,0.022155276800223184,0.022708786478683452
466,0.011103148953470025,0.018845946429731687,0.01640076241436241,0.020283051159373854,0.5281512981341929,0.009368492371288584,0.01592114732804775,0.0153727487464204,0.020822592694858668,0.017526433527491666,0.020794083345508106,0.01757830633158396,0.009291829782921575,0.019997483994493907,0.00759841490904121,0.020411734962529484,0.013232744000431276,0.02701909405856129,0.17775525817630553,0.012525428679385619
467,0.010133813928274454,0.0293858391187977,0.027065346796971743,0.033765131843116726,0.026928240087950087,0.524043290582401,0.029286750676227446,0.02660848708081201,0.02605632782562783,0.010671180689796915,0.020272889130113696,0.029632196193687156,0.014033357991476243,0.030526652501242903,0.0444062248231965,0.011128602836151018,0.019663628324706944,0.018870443708219775,0.039473290243471605,0.02804830561775831
468,0.006815558873282478,0.010921654802877899,0.008095144949648211,0.011391835669669172,0.011325571944496597,0.005598031563367711,0.06633112486079452,0.11356724529522719,0.12237274746796768,0.046799209675876224,0.022154853158630926,0.026361783721762868,0.003492637042703793,0.008826933728875466,0.08414774489567525,0.05469279236397101,0.1312500520512747,0.14293669458727778,0.007960287989034264,0.11495809535758622
469,0.6511774986864901,0.016605133018632402,0.02030712542398981,0.035488054505792344,0.014029699155727712,0.006155619439730069,0.017405388462895535,0.022928292640786038,0.025459300278575608,0.007902548129210981,0.017369876528023676,0.024943224246238314,0.010797292094573353,0.02069597173112962,0.00900461524710328,0.013471414213572416,0.03151744032744369,0.02337746063995803,0.013838118630112037,0.017525926600014886
470,0.008660471295470979,0.017307664270824027,0.010066934880372082,0.03249985384460364,0.014017515343077531,0.005793192541769942,0.014053746865730648,0.028958491973163535,0.5700888268311742,0.004557621046145635,0.0099097353933098,0.023244928209038784,0.006541891396706212,0.03282373385443533,0.1156964848284133,0.005055833023875011,0.04447317128171185,0.035518494453091555,0.009675515559146398,0.011055893107939632
471,0.016464125695324298,0.04544946393575068,0.05309780247625788,0.0221448739938998,0.019737321378556185,0.49799953579435935,0.027741872429318085,0.022443812730673824,0.028920662792586052,0.013488371184019604,0.03127248161043179,0.03536375296304588,0.013642921702915638,0.025048265874978444,0.027746855760224145,0.0436160219906859,0.011400879757022914,0.0210001275059373,0.01966541774974845,0.02375543267426383
472,0.012942427317060558,0.038797612222586104,0.020973394790133517,0.019930160480423946,0.024776400587734858,0.020019888606552138,0.018008599207547528,0.03108769659791989,0.021259725834885813,0.010560251530666599,0.022310120287882033,0.041620068268518065,0.009700669511772548,0.017938007641636756,0.01334891942571523,0.5978632949041682,0.029612510242923166,0.010133741502666006,0.01419654539007987,0.024919965649127268
473,0.008545145670693054,0.057853537747100815,0.022300614991911744,0.020377663321600348,0.0261928206873742,0.005189593061892852,0.0288930517077172,0.028396211079133617,0.019273559386401927,0.024205234825922076,0.023005249868335385,0.020254452051965962,0.007146227882576473,0.016839001005838926,0.5964144468620232,0.033988625600904224,0.013555651183355102,0.011638521076052332,0.014916575174996524,0.02101381681420403
474,0.4031245159041783,0.1873048450396599,0.014110595678981614,0.014833463410178918,0.010497598960903702,0.004457543648769706,0.011682579923633278,0.012982672618535678,0.016424420614722057,0.005433454341332429,0.020608740076682786,0.013838182494935188,0.009123335999010005,0.18708752851818852,0.005914069972872427,0.012322124701616545,0.022151955134269624,0.018173464428098106,0.015752858205340538,0.014176050328090715
475,0.011155391809407276,0.019035662140929197,0.017374252519490204,0.018798264909034048,0.052988730272942305,0.009590220433659551,0.02136203666878505,0.57250792398991,0.021030524943514928,0.012005832886578208,0.027368683428805697,0.03321063194405563,0.00918996414427154,0.02632700504029564,0.008499569705079332,0.0220442768690204,0.04176952898436689,0.03199589693841254,0.02389531123163453,0.01985029113980712
476,0.014165785627351426,0.05799752586955832,0.017959628539783206,0.01820551730610494,0.019918952779915133,0.014579517335080804,0.01811663149798385,0.028907715321217393,0.021467846577320034,0.025629767433190672,0.01640763578065546,0.022780651596943167,0.008769979049007193,0.018383504219873652,0.02274982025326297,0.007614220275991728,0.010154475263511377,0.008330990740752359,0.6248625378545979,0.022997296677898436
477,0.0074861019920323246,0.03637720337078332,0.007765359505740832,0.010965252503992834,0.29402826894460615,0.005743100794847514,0.0493191897012219,0.012431264650892233,0.01880148100554686,0.005399504446934499,0.01469467467839816,0.0105787600098847,0.005438635153867844,0.019539390643821413,0.006581865871434838,0.009352575041336467,0.008212121013981161,0.005832358528729596,0.013608162996911793,0.4578447291450356
478,0.009132822629607483,0.015519888693199773,0.021362001700060706,0.017356858118340295,0.021273712004028257,0.010972046830747328,0.014877042606466731,0.0365073383229502,0.02710359694962824,0.012646767921096274,0.6165519721953755,0.014980581440752374,0.006090364496173171,0.015185530157653008,0.03679176886359893,0.00759791541003256,0.0546950516851172,0.02905045585279322,0.014189910321466196,0.018114373800912593
479,0.015095956690597228,0.033331514927081266,0.026536265552668425,0.02311912349573486,0.04749400620153004,0.01606551931788669,0.021237112745733644,0.03172422550117272,0.022775009813465225,0.02485198389812658,0.024992783906397507,0.028081864479460615,0.011790376751559438,0.02134450209071813,0.02051662562103444,0.008580246926692637,0.014303546364338579,0.015306005635075923,0.5314382596385813,0.061415070442144816
480,0.017889186954959255,0.026080767938537384,0.021528381308858112,0.025055912056134617,0.044355405657907805,0.014776700872359884,0.02114063779417732,0.046381661315237646,0.015753119452936348,0.500070885278594,0.05765866505935189,0.02004831342780326,0.011367295311725275,0.01673230713621465,0.013728063633377863,0.057266550510184734,0.011413936972379619,0.02177400860539724,0.041944293735512686,0.015033906978350421
481,0.016903689341208093,0.03156142491841639,0.030550935368477913,0.04863641791811293,0.03431385772775429,0.5514270086457591,0.026530913897613743,0.02310662335857225,0.01720230591603015,0.01635535929596702,0.0253448396025813,0.017945813985755142,0.0078124254171820316,0.024242232784859083,0.018850264232862995,0.011982520270738588,0.014236982063757045,0.02719776379732493,0.02941420092761321,0.026384420529413807
482,0.294668582205648,0.052664674232938684,0.02437441764278407,0.017638500924288605,0.014298407126716501,0.00888949626970641,0.02185969728561247,0.01834412679302824,0.015058452799334845,0.007724937140981817,0.015462565753272374,0.01623365065992142,0.008866243708728124,0.02035183414183525,0.008956316711912033,0.3739332561798653,0.018830444542108974,0.02234053888762586,0.02067637729449888,0.0188274796991922
483,0.014563363954131922,0.023864811051138423,0.018078791459195585,0.02623953839489518,0.02601507866406919,0.04190324717167415,0.021421593258339193,0.026424361126694437,0.06137593948838929,0.01121597798613524,0.018070105964063027,0.018579572061235013,0.011193606894835204,0.02141798577394506,0.5440864825941598,0.027316293331185317,0.01303851315665791,0.013116111301912321,0.041833188506172576,0.02024543786117101
484,0.015439779109232301,0.02146902278098265,0.025528417180801136,0.02071898776351364,0.49950107422154705,0.011873841662298563,0.022237491722735984,0.016503652971292367,0.024297184348120494,0.047687014796116436,0.024692137992899352,0.020429835692797455,0.02875739131589755,0.041047164916029395,0.010852203117016086,0.03561313135174048,0.0135074253976717,0.03345585805615117,0.018620836078940946,0.06776754952421515
485,0.01738349738626208,0.03507258478481927,0.029334358231708997,0.02939981910355707,0.04642539265134171,0.01638855343624006,0.030473852919774846,0.04866140381189339,0.028898311591682692,0.4027860412751889,0.04248441969484595,0.03649252464597563,0.022762627397475883,0.027066331331022014,0.017276008714258682,0.04431097108191224,0.027047500755856557,0.030334184668618126,0.03032585510512879,0.03707576141243707
486,0.04524132820033181,0.02587487278076802,0.06887624759232926,0.4590823297133497,0.03341200636022315,0.039919798912626564,0.03244010021036384,0.025593393009265053,0.030668189365449593,0.01952476253209302,0.020082907592712064,0.02962864081159953,0.017577055472237077,0.03909282444760715,0.011751675084464038,0.012567847351778844,0.015661170566318976,0.02007123929604265,0.021878124042138042,0.03105548665830153
487,0.017091750527317,0.04975881170173318,0.027315548505909094,0.024854157899714048,0.44905853147341157,0.024630935360242013,0.0246294052444638,0.05201159801426051,0.023770224997027082,0.0423234457261677,0.028983396558116364,0.022631059011480745,0.01688584801585848,0.026979651334235803,0.01543606028517425,0.045298181828955696,0.018660710118510622,0.025053257812721167,0.022487340851161105,0.04214008473353975
488,0.018738982024822996,0.037002304757933216,0.05435596982386392,0.45198620431624287,0.03044931944327428,0.043194596885361265,0.03025805288481987,0.03443427879812059,0.04897383142588181,0.01793437740922795,0.024143291561279062,0.017962877788950258,0.02413230588853935,0.023357528274144827,0.013742332855282672,0.016253127903593366,0.017167907959637126,0.03487471094635656,0.03079558655458746,0.030242412498080507
489,0.4866495763225503,0.023100532222535258,0.04474202361785885,0.02465986019403627,0.032036531509368305,0.03405445606952431,0.018105343673581277,0.021223103927116443,0.02776140670659227,0.014801764768710448,0.025457301431860663,0.022040371991860347,0.01641627225870325,0.019491738973475402,0.01080561412971973,0.054994034911937356,0.04005964923046175,0.02383238491197731,0.028410607147581344,0.03135742600054919
490,0.01370485349680622,0.031104261550516123,0.02753862560437538,0.03161431565929775,0.054856035218446945,0.015356730310868006,0.0353764082799248,0.05029206583917286,0.02650916267241925,0.44702471149120765,0.05106657942381477,0.021389974541545734,0.03327885251231593,0.020362018997520655,0.034913008790371444,0.013251148476391316,0.013992392843756082,0.026435188019702946,0.03274422198542484,0.019189444286121293
491,0.02544564940392188,0.02801934319093522,0.028203815262156786,0.04004909752025244,0.03961433608790131,0.46693711684894607,0.031237433946011504,0.03393115328806,0.028098263466027503,0.016758677314650784,0.02719644810530263,0.021459439593496814,0.020069452016711613,0.02485373943070859,0.05235500415497957,0.015727299133291437,0.016228235183941973,0.01836695168989029,0.031493046898933355,0.03395549746388027
492,0.01525400615860763,0.04292501683236214,0.025307544682811847,0.034303877441382434,0.5242475821688978,0.0190764797066239,0.016522445120088013,0.024499608987991677,0.029905565185229556,0.042439236608342826,0.035983012285790164,0.027461616989413438,0.0072969653642307635,0.018583834308312123,0.01272177675052463,0.026362341597514573,0.010972596824950382,0.026615041879020362,0.025130349634639282,0.03439110147326655
493,0.023357497273647745,0.02959026639079733,0.03081789630344316,0.02217806704550133,0.05040788049998952,0.02071529028562899,0.027171475260515585,0.04857724000714571,0.02812309796878942,0.4759881980810762,0.027882729242005688,0.02562469636560204,0.013503723119794227,0.015752094395476163,0.01470800342992178,0.03503638869952151,0.02005243900834388,0.03174869679858353,0.036173333309792756,0.022590986514423497
494,0.018862419879906413,0.03992321865104099,0.04083803687427816,0.04721548033689919,0.031174551563014147,0.027605380207121152,0.023371306048135036,0.023324387350699097,0.024520703416795697,0.015129300835179771,0.03166551847284799,0.40462380070367254,0.013406799824061648,0.037481152066082365,0.018245565323681365,0.050639265194227026,0.05002546408307064,0.02437069991051241,0.0408847055862591,0.03669224367251527
495,0.03445230178469767,0.01921232841951669,0.023546401605896352,0.5110628615427569,0.02406760428779945,0.028389514334728427,0.0194488154830978,0.018801115038981568,0.029783810265836753,0.008888238902081928,0.025253896604620803,0.016572211703918923,0.01478626665903769,0.11485059481031344,0.010782032186508778,0.010031924446065236,0.012942912185201652,0.03110468403804536,0.02344929942080209,0.02257318628009249
496,0.019767522204072893,0.03284101461611133,0.5005183525578482,0.05206398719340651,0.02346959051248444,0.028332417979837776,0.029594461189165498,0.01952082864103216,0.025198223979156695,0.015058872439782206,0.030486323464862027,0.04110994845088065,0.009042711139155538,0.022698219196244294,0.012305419243275875,0.014491563841086122,0.013792660541385187,0.021686495387719766,0.02196896285772936,0.06605242456476353
497,0.012429301806380794,0.0654934898883759,0.024527965853784865,0.0351924752181633,0.02631344689402431,0.018984204335907372,0.4367417490249736,0.025785927134831393,0.053939445749113926,0.01316688318234626,0.02077870094212783,0.037833365233032386,0.023575071533546557,0.04633336374896791,0.04296296327230523,0.02478604902952016,0.010203457766582425,0.022854660084326957,0.03031622153752355,0.027781257764165287
498,0.020104872033640194,0.08210472859940685,0.022266508522147888,0.023169519203245108,0.0181840047107788,0.020013108384633965,0.02545248924796185,0.01877768025228305,0.020584593960540066,0.02159892107936558,0.01624102416064632,0.026222297005768763,0.011333604907257723,0.018097539228603327,0.04060335142195464,0.011112491174798388,0.009495769837714432,0.016522282443390632,0.5593188736522142,0.018796340173648157
499,0.008451751858276733,0.016242221985326648,0.018233342967592638,0.013952286108658856,0.030554390735274096,0.008597028760208705,0.011557784883152778,0.024467797797325268,0.04038028602658906,0.4164263502699393,0.2700301579658191,0.010194706213851932,0.0071689512067454,0.014349497157240492,0.013064652769118317,0.007315992667509528,0.02585519706489061,0.030492108515730514,0.016729247210186277,0.015936247836563732
500,0.13131197288864255,0.11188802989487624,0.036779237147734956,0.0871997517586018,0.0027738938039833555,0.03593980896659783,0.07481067905679305,0.02055628588247104,0.058740415761198525,0.003177471972513868,0.02115872087921182,0.06488419889467997,0.0009142178894973645,0.08283050862310005,0.05370768027884585,0.07358634995631974,0.06334435488532082,0.06973138607994078,0.0020107439856967163,0.004654291393973657
501,0.01161056095785184,0.022570231775946765,0.02800659557882662,0.027533834825403943,0.018290905580877582,0.02853752033926477,0.017678322180267412,0.0322125803562588,0.04044512244246641,0.008361606408944422,0.02106093430555775,0.024616922563255834,0.0074158832766342995,0.022546002408412272,0.5894843359925415,0.023840189634154064,0.013381656032811402,0.017338220596631964,0.0249030295229805,0.020165545220911997
502,0.08116865724222423,0.03945591204895159,0.11706680662431942,0.09871397301701702,0.009280918006423163,0.03158280218690796,0.05430712688414021,0.0211580234009636,0.016848236733823647,0.03414313801140605,0.02085053439548206,0.08367542231573398,0.023178272067240015,0.06586229353601075,0.020806584171463867,0.09922695231282742,0.08112209109405676,0.06660245936723293,0.01466582364769057,0.02028397293608477
503,0.015619951423406967,0.07270607932580292,0.014714397160926646,0.024240373453752115,0.015754825327822998,0.027855193448003513,0.025387053754661056,0.02527050825038902,0.023571899269126697,0.00682964672602979,0.01822464361341415,0.3967167643704771,0.007457320643858202,0.019458021607165248,0.009657592125217943,0.03425676418054373,0.20172054813822166,0.010636640929969028,0.026588910409405905,0.023332865841805443
504,0.026361331490912063,0.32804946707728716,0.017849725934565963,0.020330828813532802,0.014891923272627047,0.01036266744676719,0.013554382272099787,0.021424298764795874,0.015093734619712433,0.031500157694680876,0.01924012208715382,0.013110470714799257,0.0386465682364739,0.017579697850005224,0.007104339048541747,0.33664197951340574,0.022520157523978988,0.009593796032922102,0.02209804633193613,0.01404630527380193
505,0.1459483019600541,0.02156244077460976,0.0206229320035268,0.04287792026390922,0.024198307082920034,0.4464353524250051,0.012736212050887716,0.023967810664213725,0.025956001041158475,0.008391381666157546,0.027773305560769238,0.024572295472422838,0.008375183139722653,0.024076969586812644,0.03703995093031146,0.010488533316731406,0.011246373781641245,0.043223645223139893,0.0201671323541167,0.020339950701889403
506,0.21708991295485608,0.029269216329773605,0.042758813082459,0.025124750756849525,0.019033269111124917,0.4317374027257602,0.01773224152076223,0.020665426080851566,0.012785347611202823,0.009285064841903749,0.01845296263206015,0.013982539178127678,0.008109856465286851,0.02005264431921172,0.0070112311217927084,0.038615486339732025,0.012070767107917319,0.02253876696080185,0.018990042682048562,0.014694258177477446
507,0.015182689970343404,0.023721237950167246,0.02291212651295856,0.05764423903374007,0.02518969606373159,0.5174826348864096,0.020524010902100095,0.028702135335673718,0.029758081887630766,0.016243216752891847,0.028428623153512102,0.020588715810446332,0.012075118580905316,0.025517082435103464,0.03314251862045569,0.010731679603869454,0.01221188125658174,0.05503488730958862,0.027376342292673793,0.0175330816412167
508,0.03700318264912405,0.0654461650662545,0.015275587828376336,0.023019036749841366,0.020057760490837337,0.021652238338252992,0.013774126004189324,0.026345932413265497,0.02056415686720157,0.010637743451877273,0.02613111073493034,0.0232949261904051,0.010358790708583126,0.02192762883174752,0.01167803637264825,0.008927533717018626,0.013961488466508562,0.5830046679703269,0.02331357137250979,0.023626315776101504
509,0.009784631586287892,0.04735332479542935,0.050195282890788326,0.5286188799250937,0.02092109575720045,0.09523318632604875,0.011394399806909048,0.01824570955501566,0.03889207216547889,0.00937760405085077,0.02111443837501036,0.01316333215859682,0.006459702106967508,0.020743005055963024,0.007061967605582869,0.03372583348844445,0.00883721307030006,0.02116532445284671,0.021860641265874944,0.01585235556131041
510,0.022664589247819503,0.023757535588391523,0.020655801541443194,0.07001034767672273,0.026516637666317594,0.5187115629817919,0.01820166797789221,0.02177511396471488,0.021526975211759752,0.011757773202803384,0.027312624705983286,0.02181324333082992,0.01013613165493571,0.017458764742335316,0.029512602153674974,0.06075979422533285,0.012129161642438215,0.017924409258094805,0.024618151925505736,0.022757111301212593
511,0.04594688249258596,0.10191804464248153,0.01275576733273978,0.016069429384403783,0.05778733003795762,0.006501917733669845,0.040501027033990895,0.017102553987219046,0.016758443929879487,0.21937286057402758,0.0987729007662554,0.06549242453622989,0.0056040246223428075,0.13228553644885402,0.01121364209060278,0.03830705345087448,0.031233344823440753,0.010322654781555923,0.040483617834199064,0.03157054349668938
512,0.025737114044305624,0.02060701264405685,0.020665985172141427,0.04379000918668483,0.018880778909913864,0.5040695964260822,0.012279821415454915,0.027271104757970455,0.0170619849263185,0.009375406863411909,0.020863162435708214,0.014228996717093611,0.0797347733094167,0.018590682150637344,0.017266532464493955,0.06711722787091345,0.009409052320251098,0.03852509266185096,0.01636759065134854,0.01815807507194567
513,0.002468690790561584,0.007601246697861913,0.010403224423593984,0.007874608117338828,0.034755978368120916,0.002002351659125897,0.0036834108665884054,0.4273871826366261,0.004693027124276364,0.07161240371653431,0.0427278953693762,0.004330709216462736,0.0015977823248879083,0.006065596297017835,0.0016138957428809071,0.01478847768039056,0.013761861592306508,0.33428653024185206,0.003460449639887673,0.004884677494309308
514,0.08087143598275313,0.11115290482970741,0.0056728792342767365,0.0224565144334751,0.00353208416976151,0.002396604017194096,0.021376552166101372,0.013558764541351104,0.05151972610527022,0.0015423629028864174,0.026095185882337068,0.03751499573075846,0.2341726440728468,0.0434315266594744,0.002417509688593595,0.12081949401084635,0.1126217942846964,0.05075882688062115,0.0033855363400229033,0.054702658067025844
515,0.02515357143269447,0.023974346323943484,0.01964728540824657,0.02484954855466721,0.021166246960403395,0.019368426574627187,0.022302181136627016,0.026870943678731635,0.21809872072057815,0.009183116853092857,0.01837679526451102,0.013053071074752459,0.006482372545433184,0.01872403746143001,0.3592832794201303,0.05386967094033706,0.006730190339480062,0.009573461664308402,0.015098784715562913,0.08819394893044256
516,0.004463470391125292,0.016403207432742768,0.012220350874269429,0.010137041244157624,0.04125362455009414,0.0057893666535917855,0.0725758306453565,0.12933495781307772,0.00964317901383394,0.2466613230470993,0.290881151631841,0.006839624404202007,0.026641063887011148,0.007915545682935256,0.010472066096569328,0.004639793997890129,0.0038779581937152256,0.07541168428678854,0.014088520900904941,0.0107502392527939
517,0.014678237402493497,0.02670514216802976,0.020533259660759785,0.03576658411020218,0.02274400819749852,0.6158121571443821,0.020272957183537273,0.021599709992556164,0.017710862868143634,0.008803087762135063,0.019967207149865433,0.023915733468893214,0.015275086139695566,0.02011044493986022,0.022064571325883676,0.009774640935603124,0.015156426972486028,0.021846216762861186,0.0249868475280613,0.02227681828705232
518,0.01794935126660372,0.06287553449073668,0.029172183190477846,0.028334100144024977,0.07802454500299676,0.013479553581615334,0.04307726194810052,0.01997260654748095,0.020936183723424266,0.009503688061407473,0.023376001277059442,0.03556290367391157,0.01871478234784437,0.02031054394485851,0.00894616614466793,0.026821462751390055,0.022283488380649082,0.013471970837645075,0.02651059939612376,0.4806770732889817
519,0.00812646147979182,0.09096055686894274,0.017617176137469655,0.018008910906251164,0.016552169377475258,0.006799157870954903,0.015399072563464051,0.40476408822588134,0.010820152633428821,0.10767780013827112,0.014896102039553204,0.03262520539524586,0.005819429044453026,0.012761784488297031,0.005105112592686478,0.008776246865186276,0.03464420461387359,0.1615496805582096,0.010998664555322219,0.016098023645241905
520,0.0052630621295499894,0.010835158739287535,0.007045982449789879,0.008570777559796423,0.012843571091132589,0.004861946056411356,0.008713739549261638,0.3923407379729971,0.006649950722614123,0.31150809106795874,0.1362513742252449,0.006867760636655073,0.013827118608855764,0.027916612023609094,0.008608420036741104,0.007677537022388593,0.0036775226056861092,0.01025255988989358,0.00972045341152887,0.006567624200597568
521,0.018408068487141757,0.0969995567619717,0.04445752280805806,0.3731842124332813,0.01450475034953759,0.07477914352762376,0.016698362258813153,0.012138091128099208,0.03255232046230336,0.009063212832110533,0.08232759170260201,0.010019305980756427,0.0055891992068286865,0.11577780335762805,0.00315653866496647,0.01020595557537903,0.004658250139162729,0.015422651844918,0.02059279873365864,0.039464663745159556
522,0.056115414337915843,0.009050157982370423,0.04484202706662259,0.1565141519418123,0.0060296985117406325,0.07644819033692853,0.06572045597675857,0.03694774969592022,0.06982881317756472,0.006160327494621408,0.05650136581919869,0.06703529630474812,0.0021474817901900706,0.1513231532463342,0.02867823528726418,0.06804241492620094,0.0688027250884064,0.014720740225040004,0.006303919836942053,0.008787680953420139
523,0.006055804575741703,0.0057835672655826426,0.00554782437360191,0.006770593407262533,0.004714290694137232,0.002553419887184627,0.0031352853508072364,0.33567098028213394,0.0030429488905471865,0.22285326082373094,0.06578131585142578,0.0033175938662458626,0.0014504741626546961,0.003708795779299188,0.0018182960792633793,0.0015991934168871162,0.005290200822207892,0.3100491767502056,0.006483281402730857,0.004373696318349622
524,0.048823025835688864,0.05494041266687814,0.05144353364550515,0.04469244483219788,0.02544268419380885,0.007202963023556796,0.05422954601581207,0.019838062638513683,0.026485971584610888,0.005035577389378587,0.021784747820245212,0.18985056946307274,0.004806115335039314,0.14152400130327591,0.00505644231767334,0.2008535831737821,0.03243979753007852,0.015416832939518775,0.029972499238648184,0.02016118905271496
525,0.04981431535704522,0.0652039039143749,0.03170223267164696,0.09732793270638215,0.04214356034468923,0.05664989357063397,0.05172039973515455,0.03408527088271881,0.10924326888748319,0.06499366688743309,0.07620188696724646,0.041464531332751325,0.0019469659416990104,0.0660792555852512,0.07141809227492975,0.04385981658591924,0.0409404548492597,0.007493856668732474,0.01335424785771115,0.034356446978937666
526,0.03134495504572822,0.04875038833034004,0.0029878558000088775,0.03099269931453327,0.08293052838050348,0.010629831638911806,0.05357670909546159,0.13507261782555885,0.05027143883001527,0.059421023693051356,0.05284313008378073,0.027034465617489605,0.00035064542143689554,0.03361557547626477,0.04013033628152023,0.03847739391629019,0.07706171997130909,0.05127748330239624,0.08156632048262061,0.09166488149277889
527,0.11097268269300134,0.08230567032889034,0.054630723192404286,0.030234594114015557,0.02591118672046644,0.00930959288265243,0.10553874159033447,0.01095663228635267,0.03576846580926167,0.019894764416094005,0.03352181390751081,0.10175554101064564,0.1318347993240119,0.06452326761505604,0.010209555080503072,0.07534225148722987,0.037084386376512964,0.011769847182772268,0.021022845640109734,0.02741263834217449
528,0.011473734802836248,0.02193560392015723,0.022892108449985467,0.04728713253977522,0.019334719021152063,0.5887058219534456,0.02271646491009864,0.020765764900913336,0.026095412947105625,0.009773945907808678,0.027687500270738116,0.023383628722777466,0.01099360003435376,0.019546030091779295,0.046239625693639826,0.00810267530905762,0.012670244221409348,0.019084938688018957,0.022085730819160578,0.019225316795786894
529,0.01945939089061084,0.01649820104768674,0.016980008964320663,0.05090909380227597,0.017580277437597932,0.6435406930390428,0.013888031080814142,0.015301987958937946,0.025187938540342986,0.007363343254662648,0.016640053097282184,0.019379889724826398,0.007269520684343139,0.018208297348532517,0.023329746999913532,0.015517437972849225,0.01182747126145615,0.027482086199741337,0.017374136317667162,0.0162623943770957
530,0.03363836407300786,0.08011147941802833,0.007304106434788942,0.01355135550528231,0.02502422445457983,0.0029192726576073797,0.11776196765022622,0.004550641576353916,0.09770983290804108,0.22334696206081125,0.12581705723700362,0.05011944039724215,0.001460881446546791,0.029213879692597523,0.0741091493563326,0.026087504669870604,0.007102220410983914,0.0024919358434636585,0.006376011607867003,0.07130371259936505
531,0.01059246733479831,0.025341483515811312,0.022429770303011316,0.023988673739718577,0.04718340768668869,0.009950941824402454,0.017504058578046846,0.05147031958986326,0.05129716985008938,0.15212386070375836,0.43161355699055476,0.023518767940628633,0.006451752860178253,0.017079015181167143,0.008257918970864067,0.01041217175345568,0.03153147788263748,0.02314413186538127,0.018113327259171377,0.01799572616977284
532,0.013825830883190338,0.025171910803104405,0.027164607053697745,0.02882926504700757,0.03282046988788112,0.01583887632739998,0.04470556886439496,0.023410424133464326,0.02980450344788592,0.013219557013963726,0.024264603113328457,0.02936411621359616,0.00983033692014186,0.029832505595344117,0.010377667767994205,0.01761688918426355,0.01364927203075356,0.019602274932299973,0.018064070531835445,0.5726072502484526
533,0.5511337774738413,0.015635775312150896,0.01550198702226169,0.024896345084123122,0.016825540543475716,0.010956709368923477,0.011356495633283047,0.028877006335144843,0.017997384807371227,0.007501488747659314,0.0243733561857398,0.015198108629007558,0.00505609283165168,0.014700691896646682,0.007378269533167018,0.14153266236123765,0.02040645392691345,0.039625650364652085,0.01427590157412167,0.0167703023686278
534,0.019258144112971134,0.02676648627155373,0.586278457359581,0.037626348565270674,0.017590794614668535,0.050347709900847075,0.014017609967580313,0.020171708001149733,0.019252524956921587,0.007737409215840487,0.018263451366701305,0.04975577999379255,0.008965580014797839,0.02129782204747882,0.009867443120650703,0.006901201742631364,0.01197818638470736,0.019508391593448374,0.024437573001064316,0.029977377768343194
535,0.031979638859381425,0.019832716771159324,0.6018954007231723,0.03151621916633127,0.023031304576361964,0.02210498828212729,0.011631778308623185,0.021609544887892573,0.0232993327340401,0.01061629750782124,0.022067895066799435,0.049157771363855955,0.005825656824433105,0.02009964692984472,0.00993434202172034,0.006289369751074666,0.007856953586198355,0.03679586756383268,0.026381031766003885,0.018074243309326114
536,0.02849460438978733,0.029010060842682754,0.0203796425063001,0.022777643359093127,0.022980006550639358,0.016070412916355407,0.010985399503604453,0.06420048372095119,0.021518608235007515,0.008281471843460052,0.017507588312175547,0.045601554994025954,0.0146905309982583,0.020909181828507747,0.006995585773884503,0.010842961745417351,0.5734390652738939,0.021544273738238116,0.02733078374779593,0.01644013971992138
537,0.5957282684808004,0.016366933491201496,0.0212768827980588,0.019323412542442256,0.025367855461295778,0.008769218100045325,0.016195155658031524,0.022399117673594166,0.028475556242534186,0.009467521717330103,0.02137865539859723,0.026193786338227734,0.007542729151093359,0.019640651676984963,0.00837157937503746,0.015120229010478395,0.05140018879784831,0.04146631452067399,0.023625713322229604,0.02189023024349481
538,0.7301233075344044,0.0037602299749459975,0.006369761919970035,0.004748003403466177,0.0034775987032752867,0.1378915951883928,0.0025528889392890755,0.00538450405782882,0.0069562586855636,0.0015472936285459047,0.004833787008304368,0.003004588572861978,0.0011728199666850212,0.00447032265059178,0.06255642474380922,0.0063340265977376966,0.001543140664640789,0.004324060278755824,0.004894833040365178,0.004054554440566021
539,0.010804493365668971,0.0426667877774605,0.01658707112826997,0.019125485688975985,0.0198345857099588,0.034523803305094095,0.014583140830800891,0.020899014635770805,0.02224620183784339,0.011546938488666746,0.018975060093034186,0.019371954876479837,0.0065310522745370475,0.015410311652661011,0.02363826519042436,0.013945424964335675,0.0101001093119706,0.016120291083855716,0.6418815407668385,0.021208467017353
540,0.01679217611698602,0.018194790407923794,0.6576058305260942,0.022248233820582105,0.019315681694045198,0.03141506041965493,0.009033953110471182,0.017752890027970942,0.028295045435933832,0.0078054756242893104,0.026440209098669606,0.030722455395848055,0.004467111005585759,0.021475905831069838,0.00929297194269309,0.007625066375178797,0.0076245361548772945,0.02430942823292342,0.025881961235895194,0.013701217543307439
541,0.02398687632832586,0.020342475209970803,0.03277462290478494,0.02530057601541829,0.03129626409340307,0.014268452918558614,0.016831840985740264,0.025154550522909165,0.02844319389392722,0.00993386588097415,0.03515083787382718,0.023670968993527053,0.007912272544038127,0.04557990740762978,0.009734726799251909,0.020909922827938677,0.5667622855157458,0.015484085361085528,0.029264128388606196,0.017198145534337322
542,0.006934406582532019,0.021766939394170636,0.014230729803613958,0.019712683250028215,0.01722500170367153,0.006011667495245022,0.024639079895557144,0.013955332941792409,0.3283793633281455,0.020847427072765906,0.01914671315592972,0.012314261570116437,0.002983596450416929,0.014572474739121584,0.4225667623508026,0.012123915079453727,0.0061235237568896,0.009260249122308318,0.016778772491678983,0.010427099815759787
543,0.01729321681272523,0.021284577427802744,0.024197454311045304,0.024198781167781333,0.07266130791482817,0.01572954242909833,0.015507327550502893,0.4744214887723863,0.021613772051164732,0.011542506059442351,0.031895259224794595,0.04709460621939103,0.011517434874305465,0.019350249948657618,0.008458285833113267,0.022051489524963126,0.04609168058603873,0.07355918085118808,0.018229976759085487,0.023301861681685177
544,0.006605322214184009,0.012719049232302488,0.012572205375571122,0.011404104573866371,0.010732554299472053,0.031414798464834096,0.13417137196740947,0.04176845775685696,0.010189349022940405,0.003928923146323822,0.01339053969517671,0.025603552756727096,0.005875869660112118,0.009231679322155859,0.009768407059415112,0.289774754402931,0.343236480722316,0.0072244644548052775,0.011876993063891552,0.008511122808708452
545,0.02032543040567471,0.011167080686592645,0.005411316034652053,0.02115349808718902,0.012227007204014227,0.007081917723476808,0.019847483500235463,0.13535222211260586,0.170942938530798,0.01028383156095765,0.07316556051201108,0.012158072192440953,0.0013112630071906075,0.053220338718575684,0.1887890357502526,0.15902311340082137,0.05974754239243037,0.02870953786355278,0.006387264562429394,0.003695545754098718
546,0.02294064421012887,0.04197776573325666,0.01591147449423516,0.006626848469084072,0.2863587206082532,0.004268028748552407,0.08155937683004562,0.011068055437596574,0.006885278039321912,0.048461170361286623,0.006337338252132871,0.00566980247342834,0.001587611250262816,0.01187927794380956,0.0029977139895782834,0.011835575474729423,0.004560244836486374,0.011384516968930808,0.255815675293169,0.1618748805857114
