site,A,C,D,E,F,G,H,I,K,L,M,N,P,Q,R,S,T,V,W,Y
451,0.01298537840135586,0.41671656105532084,0.03014462843171897,0.027227406325423587,0.03037485107816106,0.007407915097908667,0.033761983843525245,0.10550619951101642,0.04019283790895862,0.011105915738001725,0.044423662952006907,0.06492689200677933,0.011105915738001725,0.028134986536271042,0.0037657072031354907,0.06294393737333626,0.024115702745375174,0.014305925357425954,0.015989489231929745,0.014864103464347434
452,0.02949495890637947,0.017679939113774114,0.04373458622880965,0.014482323235284675,0.029677040655263692,0.004936196306220701,0.021867293114404825,0.20351424276172606,0.03195988993643783,0.00442486989105802,0.02957074902392004,0.03612857123249494,0.01278395597457513,0.024439915833746568,0.006155238061832469,0.008227298399479041,0.01240234534846841,0.4183637136614626,0.022458301036415766,0.027698571278246112
453,0.01901203895971008,0.006560697120999857,0.021619628130872818,0.026811849814975756,0.03632186644740407,0.008861543582915719,0.006924012870428716,0.043569255949335604,0.0550348496202134,0.01161846825315616,0.0550348496202134,0.03632186644740407,0.016597811790223092,0.049793435370669256,0.012019105089471892,0.009701029773537196,0.028261138994163635,0.012909409170173514,0.026141553569601364,0.5168855894245303
454,0.011610041874236735,0.036281380856989794,0.05103344068868567,0.036281380856989794,0.028088810986056614,0.009362936995352207,0.046073009319581436,0.08129617157222874,0.027211035642742343,0.01130848234503578,0.04353765702838776,0.47564070203971637,0.014274641648651722,0.02902510468559184,0.00916582253229216,0.002737129301065318,0.01558524554062325,0.011610041874236735,0.03349050540645212,0.026386458805083484
455,0.01196202044347726,0.051037953892169634,0.04029312149381814,0.031898721182606025,0.023924040886954517,0.008699651231619827,0.04029312149381814,0.13062318080330232,0.03358112848014073,0.006897020796239141,0.393325062459354,0.051037953892169634,0.015949360591303013,0.05468352202732462,0.008144354344495156,0.015623863436378465,0.004962815045202108,0.0032403527627392287,0.019139232709563615,0.05468352202732462
456,0.019131169272346232,0.016739773113302957,0.02591964869156587,0.04017545547192709,0.029759596645871928,0.008733794667810237,0.03214036437754167,0.05694856924023374,0.060486438853933566,0.008767907548477658,0.45768529316364026,0.04463939496880789,0.01217438044603851,0.02770721067029455,0.00838551943692395,0.023218171316581302,0.00470645558893243,0.05401735081011304,0.03214036437754167,0.036523141338115545
457,0.012049552952889942,0.020943270608594425,0.021454082086852826,0.0761769233228678,0.028374753727773094,0.5021306488516819,0.032578420946702435,0.03665072356504023,0.051742197974174446,0.00925913016379964,0.027488042673780178,0.03665072356504023,0.011728231540812874,0.04188654121718885,0.005017877774049983,0.010228108901871695,0.012935549493543612,0.023898572152705067,0.012935549493543612,0.02587109898708723
458,0.011493301030429566,0.018060901619246464,0.03612180323849292,0.008917265336984113,0.020641030421995957,0.009364911950720386,0.021071051889120868,0.02568617689880486,0.5345464485317087,0.006880343473998652,0.018060901619246464,0.024322234517858064,0.008644534108357279,0.15329653485199196,0.0034224908297829275,0.00661052608286145,0.04744623950650524,0.008872021848050892,0.016313072430287127,0.020228209813556036
459,0.012375469000789698,0.03764205154406867,0.031152042657160286,0.028231538658051503,0.022034371635552396,0.0016751827499962293,0.025811692487361374,0.1914338415709618,0.01547330434431199,0.00821281124597862,0.01704545730297449,0.05018940205875823,0.011017185817776196,0.025094701029379114,0.45291486065875264,0.0062076500716330375,0.016132307804600864,0.009714077817824173,0.012547350514689555,0.025094701029379114
460,0.043473414162836996,0.031101383919147768,0.01762752555646827,0.45641504720029746,0.04056702250323622,0.0029704398917545166,0.04056702250323622,0.035886212214401275,0.09760150056984536,0.011378555092371134,0.03332291134194403,0.035886212214401275,0.01727854662174876,0.03732166070297732,0.008043461358400283,0.012117422306161467,0.01760455693536666,0.008922447296462,0.022757110184742264,0.029157547424201024
461,0.015024579884003172,0.018133113653107276,0.030049159768006338,0.005071222592122042,0.021034411837604444,0.018601787816404477,0.021910845664171296,0.028424880861627623,0.4787282379270065,0.006965037032319351,0.01482741375064821,0.22168970993583542,0.009225619227019491,0.017782174856873074,0.021283987336274096,0.008281264502993874,0.011960773380548318,0.009225619227019491,0.01481296608282003,0.02696719466359544
462,0.01658521474349777,0.0285419974655543,0.0395905126135108,0.007091732020338505,0.03506588260053814,0.014306524392514779,0.03506588260053814,0.03409183030607875,0.6028713014428427,0.009158999186707725,0.018943867972053254,0.030658816186555048,0.013196837537836934,0.025156697735122666,0.003308122197239516,0.008642999232527006,0.014610784416890893,0.01614876172393204,0.021916176625336337,0.025047059000384383
463,0.07831174799940108,0.009600719105695805,0.0057232504638028,0.07022240260166075,0.0073257605936675844,0.003052400247361493,0.003295585060492422,0.044803355826580425,0.014829080322463774,0.1310366412728433,0.2995424360977092,0.0048195793379392,0.10053326577180766,0.08908124571521096,0.001024634461704326,0.007314833604339662,0.04332632211801184,0.04253857080677526,0.0070440005708342175,0.036574168021698314
464,0.09039588200172706,0.03092747293461486,0.028932152100123572,0.01996436560628526,0.035875868604153226,0.43928511351302735,0.02637931515011267,0.03449602750399349,0.028932152100123572,0.010551726060045067,0.032032025539422526,0.033218396855697434,0.014236455795298898,0.032032025539422526,0.04159263719723789,0.012120225879781496,0.0190829088319964,0.013729500261910527,0.022997351669328994,0.033218396855697434
465,0.055074227548193175,0.07669280063867077,0.04183869456535747,0.37381481906656,0.04511341214039457,0.0024044212691084845,0.034860363926668525,0.06972072785333706,0.012133251316381,0.012782133439778463,0.02473961310924864,0.04793300039916923,0.01299877976926623,0.025564266879556923,0.011798892405949352,0.012173460418836633,0.028404740977285466,0.043747334419712916,0.034860363926668525,0.03334469592985685
466,0.014499587675745064,0.021145487598419898,0.02480192628745866,0.036248969189362656,0.4603507744062395,0.01240096314372933,0.024165979459575104,0.02617981108120636,0.03769892795693716,0.10148891582054846,0.03769892795693716,0.02692780568352655,0.011219919034802727,0.03926971662180954,0.009617073458402337,0.007113511399113309,0.019234146916804674,0.026196346658289387,0.0466053333070298,0.017135876344062346
467,0.01013289624693888,0.05138825953804717,0.04231974314898002,0.05604414842954584,0.04796237556884402,0.35255111417244006,0.05138825953804717,0.044964727095791274,0.044964727095791274,0.01124118177394782,0.025694129769023587,0.05138825953804717,0.01635080985301501,0.05138825953804717,0.038801787216759795,0.012404062647114836,0.02664576420491335,0.006750678727140082,0.009656440328721566,0.04796237556884402
468,0.008748550450211685,0.03280706418829381,0.023859683046031862,0.004062180431362736,0.03280706418829381,0.007607435174097115,0.07999744819263753,0.03499420180084673,0.25550312734254016,0.008748550450211685,0.022822305522291347,0.017966921425635374,0.009050224603667258,0.024995858429176235,0.1838167957615105,0.06983904207293755,0.11233684214285274,0.009720611611346314,0.022822305522291347,0.03749378764376435
469,0.46997546866899864,0.02078892432606466,0.030848081258031432,0.026148018903085095,0.016777026649104815,0.00637527012665983,0.019922719145811972,0.03825162075995898,0.043467750863589755,0.008388513324552408,0.02452026971792242,0.043467750863589755,0.010744837292123307,0.030848081258031432,0.009284373970863829,0.010767105572125296,0.0562824121333328,0.0927409997554828,0.017076616410695973,0.023324158999974986
470,0.012136631246007971,0.0324833365701978,0.01512922525187295,0.024333400537655016,0.02300903007055678,0.007564612625936474,0.023498583901845213,0.023426469473198343,0.5421384101908,0.005812807596772238,0.014159403120342634,0.009544260827443909,0.00862838627645879,0.019873797430270655,0.1858643006292663,0.0065740085915876505,0.008850607723077025,0.00788881030990518,0.012842249341706108,0.0162416682850989
471,0.011936019587089314,0.09999621837000608,0.01902736549683742,0.02687172051599154,0.03154506321442485,0.3544856211604212,0.040307580773987314,0.040307580773987314,0.06046137116098096,0.014806866406770846,0.06046137116098096,0.06595785944834286,0.01727467747456599,0.04267861493716303,0.011162099291258025,0.011237506055876022,0.01395262411407253,0.013347769132510158,0.02790524822814506,0.03627682269658858
472,0.013725728780413943,0.19473864415640862,0.031518340162432025,0.026593599512052025,0.03868159929025748,0.002710831288233232,0.022999869848261207,0.03958600545825322,0.030392685156630878,0.010910194671611084,0.028366506146188825,0.035672410031801424,0.01077209094159069,0.022999869848261207,0.008163593813185868,0.40343869472979976,0.014475727568511669,0.011197305057706112,0.01605651291293707,0.03699979062546368
473,0.011455023495703534,0.0061226982805104,0.0376379343430259,0.0351287387201575,0.05546642955814343,0.006425988790272713,0.008920177494033446,0.05269310808023625,0.03293319255014766,0.010057171728385723,0.042154486464189,0.03634007453809396,0.008247013305512724,0.028482761124452027,0.5190183938585361,0.010807744152090099,0.01756436936007875,0.015967608509162498,0.02242259918307925,0.042154486464189
474,0.5079853631984453,0.03574560017593502,0.011954451740351082,0.030488894267709277,0.01993504625196376,0.019750174218630158,0.022535269676132945,0.02658006166928501,0.03455408017007052,0.01538066664813676,0.04936297167152931,0.030488894267709277,0.009442233215748302,0.028795066808392097,0.01006429519516617,0.014996996363932417,0.056874114355293756,0.006183503426670082,0.03839342241118946,0.030488894267709277
475,0.014903252434772083,0.03024483582350806,0.028564567166646498,0.031161345999978003,0.020566488359985476,0.012097934329403221,0.03808608955552867,0.5048326436654542,0.03808608955552867,0.00854390839784872,0.028564567166646498,0.027526502453821065,0.012695363185176221,0.05412233778943548,0.010711712687492434,0.009490098501226351,0.004548245033529449,0.03820009890995325,0.048967829428536856,0.03808608955552867
476,0.015687772310930458,0.07067267569603408,0.023330533180358114,0.022747269850849166,0.028434087313561448,0.0385082457401831,0.024591643081999095,0.05686817462712291,0.03369965903829506,0.007586107061558299,0.02166406652461825,0.036395631761358654,0.00883389120421327,0.02527474427872129,0.06801930287974517,0.007710938932491244,0.011665266590179059,0.00883389120421327,0.44991562941774355,0.03956046930582463
477,0.009686419126363602,0.0698570780675256,0.010523517075555518,0.015498270602181763,0.27589146626843347,0.007103374025999976,0.0061902071260875255,0.017758435064999942,0.029393271831724035,0.006659413149374976,0.02303796981405398,0.0167916522501329,0.007044668455537166,0.034096195324799884,0.008275775564271814,0.005299407025497864,0.010655061038999963,0.006986925271475386,0.02079036300292676,0.41846052991405797
478,0.012169693571285447,0.027658394480194193,0.04196446059063946,0.028975460884012965,0.04507293915290906,0.014317286554453463,0.02433938714257089,0.013863145675252223,0.03380470436468179,0.013979525467996698,0.5972519815233344,0.02535352827351134,0.008222765926544218,0.022961685983557446,0.008179345070379268,0.010675169799373198,0.006039664059519635,0.0069970515511121895,0.023403256867856624,0.03477055306081556
479,0.017483662694297922,0.020358827551562604,0.059175473734546805,0.04048848202890045,0.04273784214161714,0.021734397896330984,0.03205338160621286,0.06993465077719169,0.034967325388595843,0.02209049882686849,0.03846405792745543,0.04808007240931928,0.01349616067630015,0.034967325388595843,0.005582227220753721,0.008643608523023693,0.017483662694297922,0.019232028963727714,0.3760981976954906,0.07692811585491086
480,0.025684237890920773,0.056872241044181704,0.041905861822028635,0.03791482736278781,0.051134529429069604,0.016249211726909057,0.03317547394243933,0.046835963212855526,0.022748896417672682,0.38869628062579237,0.034617885852980174,0.030623514408405543,0.011539295284326723,0.022748896417672682,0.018516543595780092,0.03985608994211768,0.016587736971219666,0.044332634029423064,0.03844065368237531,0.02151922634104173
481,0.017428125910220558,0.05305127190289641,0.05305127190289641,0.07965923099112844,0.08620831684220667,0.3352802170226595,0.03831480748542518,0.032841263558935865,0.020284309845225102,0.017683757300965473,0.036298238670402806,0.019704758135361523,0.007184026403517223,0.02758666138950613,0.04417328457933082,0.011689263300638193,0.014368052807034445,0.025790744860143024,0.04310415842110333,0.036298238670402806
482,0.2554706784707597,0.06578964685202585,0.013929312555389073,0.026315858740810338,0.021052686992648267,0.010121484131080898,0.03508781165441378,0.026315858740810338,0.022883355426791596,0.00907443404855529,0.02506272261029556,0.023923507946191216,0.009274653650671533,0.03289482342601292,0.010964941142004307,0.2333803320595017,0.08927574974606303,0.015801381855637935,0.040485936524323585,0.03289482342601292
483,0.01414472606359753,0.036478504058751526,0.02310305257054263,0.04077009277154583,0.04331822356976744,0.03695849421689666,0.02310305257054263,0.058322959150864266,0.17629229728164064,0.010662947340250447,0.02165911178488372,0.02310305257054263,0.010344650404720582,0.030134416396359956,0.3379307997426966,0.028462679865895655,0.01386183154232558,0.014746629300346361,0.02772366308465116,0.028878815713178293
484,0.016246693123150944,0.028688206648743598,0.042647569448271236,0.026244658122013067,0.3295979004442031,0.013647222223446795,0.03411805555861699,0.02352969348870137,0.04013888889249057,0.008172989521492325,0.035913742693281035,0.03101641414419726,0.018442192193847018,0.09748015873890566,0.010497863248805226,0.007400365795114397,0.015163580248274215,0.01705902777930849,0.02352969348870137,0.1804650841984355
485,0.014879845175894548,0.06447932909554303,0.0429862193970287,0.038687597457325834,0.0313083969960399,0.014879845175894548,0.0429862193970287,0.18785779078498324,0.0429862193970287,0.18817332230091222,0.022568121740574314,0.07737519491465165,0.025791731638217224,0.038687597457325834,0.015475038982930334,0.006162132905225635,0.03517054314302349,0.022017501573016546,0.02304802337181249,0.06447932909554303
486,0.06947413701728601,0.042077135176402956,0.03681749327935258,0.28455744540398764,0.09817998207827353,0.0032334130775601346,0.07363498655870515,0.03927199283130942,0.03349876372869478,0.029453994623482065,0.026776358748620055,0.05890798924696412,0.021038567588201475,0.03731614177372096,0.012272497759784192,0.0143678022553571,0.017325879190283562,0.011883225548226984,0.031004204866823225,0.05890798924696412
487,0.0205069588898047,0.0684860250259506,0.048470993739538386,0.03808435222392303,0.2590443871294117,0.03332380819593265,0.03808435222392303,0.04101391777960941,0.04101391777960941,0.04695476631930662,0.059242325681658034,0.029621162840829017,0.0205069588898047,0.03808435222392303,0.01904217611196151,0.06922841020977559,0.02221587213062176,0.020230152367606776,0.0313635841844072,0.05548152605240286
488,0.020609891005090912,0.07483246686787323,0.11564494666611091,0.21861035779876653,0.04988831124524881,0.015075649444354066,0.044899480120723936,0.06414211445817707,0.08718526922901089,0.017959792048289572,0.02806217507545246,0.01726903081566305,0.02806217507545246,0.02993298674714929,0.014031087537726226,0.01496649337357464,0.01726903081566305,0.02182679468707578,0.07483246686787323,0.044899480120723936
489,0.29750034710257317,0.1356633216350699,0.036400088211224785,0.03624252068515286,0.06845809462751097,0.021245615574055125,0.02200438755884281,0.029339183411790412,0.05134357097063323,0.016651968963448612,0.04107485677650658,0.02800558416579994,0.011624959465049031,0.025671785485316612,0.011202233666319974,0.046790226265570146,0.004806079075995171,0.006968825683027021,0.047394065511353736,0.06161228516475988
490,0.018154828175843442,0.07060210957272448,0.057765362377683684,0.057765362377683684,0.011811535004392176,0.020497386650145822,0.03035862466795818,0.05628813821985898,0.048878383550347716,0.3082406726960896,0.05295158217954337,0.033443104534448445,0.002754631885254184,0.031770949307726025,0.010189813235959659,0.015885474653863012,0.019856843317328763,0.019255120792561226,0.10590316435908674,0.027626912441500888
491,0.013781713582376157,0.043850906853015036,0.043850906853015036,0.009398707153293717,0.09647199507663308,0.23372139280551116,0.05359555282035171,0.06890856791188077,0.04823599753831654,0.016078665846105518,0.03710461349101272,0.028374116199009727,0.022969522637293592,0.03215733169221103,0.005395689097653583,0.014616968951005014,0.016078665846105518,0.10151813590196287,0.05359555282035171,0.060294996922895666
492,0.01822664417477869,0.03966975496863597,0.037465879692600644,0.07493175938520129,0.3253198516904216,0.02497725312840043,0.01926816669905176,0.04561311880188328,0.0613078031333465,0.05593470459961611,0.08429822930835146,0.048170416747629397,0.00749317593852013,0.02497725312840043,0.013223251656211993,0.0048771045535303415,0.01272426102767569,0.021906377018968016,0.04214911465417573,0.037465879692600644
493,0.030571824310640663,0.04168885133269183,0.04168885133269183,0.026975139097624123,0.2663650695412726,0.021837017364743336,0.032755526047115006,0.054805655528376414,0.04168885133269183,0.2197119061028816,0.07018181824065732,0.028661085291225626,0.010664589875804886,0.014792818214826128,0.013896283777563941,0.005355573455375242,0.019107390194150416,0.01813175134886403,0.016984346839244817,0.024135650771558426
494,0.016246222915475523,0.09341578176398425,0.003006753489554411,0.18068747264735563,0.04670789088199212,0.03113859392132808,0.017322410293306504,0.041761595377701355,0.014177200705839627,0.01245543756853123,0.04670789088199212,0.1812077820891086,0.01067608934445534,0.09341578176398425,0.016984687593451682,0.0031766293931554655,0.010441734800366257,0.026690223361138358,0.12455437568531234,0.02922544552196664
495,0.02190513172225584,0.03157259607298106,0.019308019578283597,0.43069829302399826,0.04652803631807736,0.0039602946191125395,0.03157259607298106,0.030483885863567928,0.011501924091775154,0.010279449884226395,0.04911292722463722,0.025258076858384854,0.020091652046442494,0.11403715956408379,0.014733878167391164,0.013394434697628332,0.018041483470274892,0.018895329641845905,0.04652803631807736,0.04209679476397476
496,0.014271651747530006,0.08336314456299226,0.36460740272149333,0.07740062286380088,0.03948780531931213,0.0029470672807161533,0.026182690857943447,0.02679529646667609,0.044133429474525324,0.017448100024812337,0.06820620918790277,0.010677960565559124,0.009743744169700395,0.035727061955568115,0.014156005680508123,0.017448100024812337,0.01705155229697569,0.03242151740690276,0.035727061955568115,0.06220357543670058
497,0.0131664180401515,0.05661559757265145,0.04355045967127034,0.1132311951453029,0.04043971255189389,0.02177522983563517,0.274894938817351,0.03774373171510096,0.023589832321938103,0.008352199236269089,0.025734362533023383,0.19616233561637134,0.008256551319654224,0.02598803233490173,0.003746671450027888,0.01286718126651169,0.010887614917817584,0.031453109762584135,0.047179664643876205,0.004365161247667565
498,0.02900214145963377,0.1041330869428701,0.03954837471768242,0.03954837471768242,0.026365583145121614,0.015536861496232377,0.04350321218945066,0.02806658850932301,0.032224601621815306,0.03127272827362158,0.023515249832135498,0.04579285493626385,0.014033294254661509,0.02559012481732392,0.006583317543869754,0.012835431752634335,0.010610539558402602,0.022896427468131926,0.4225756236180217,0.026365583145121614
499,0.011166227182382672,0.025682322519480143,0.030214497081741353,0.02054585801558412,0.025682322519480143,0.011945266288130302,0.016569240335148484,0.005229822074582554,0.018923774832276766,0.42448555985382075,0.245027998483946,0.013517011852357971,0.00917225804267148,0.02445935478045728,0.013516833362060752,0.009691442460181186,0.04091150414206976,0.0031170288736907417,0.025682322519480143,0.02445935478045728
500,0.13170308042174425,0.10760578539481305,0.03255640504062287,0.09990487833901641,0.004890544455773816,0.052164446358295466,0.058479696372345465,0.05008677698557365,0.10217702505057027,0.0045648708138750676,0.018031239714806517,0.043623967051951255,0.0015593040293771583,0.07461202640609593,0.03830791402185136,0.056413050649674425,0.08352706632594195,0.03373987380365095,0.0033622493133444982,0.0026897994506755985
501,0.012989501897791477,0.03273354478243452,0.04813756585652136,0.027474550782669614,0.028218573088305623,0.003325609488021176,0.017789969990453552,0.11586050526007607,0.07753412679501605,0.008894984995226774,0.03030883776151345,0.03409744248170263,0.007306594817507707,0.03719720998003923,0.3948636740986243,0.007694334573143524,0.014613189635015414,0.028218573088305623,0.04546325664227017,0.02727795398536211
502,0.050605044997729415,0.03292769103973349,0.07300880907872036,0.09089844491155111,0.021259620340969062,0.023638583728733606,0.07667039597347984,0.04195231747284561,0.0025973472550288876,0.04762935125930866,0.004374919909474405,0.09439271431390263,0.013562171596825092,0.16502862740492633,0.03473324985576504,0.06763340900996138,0.06759804077440444,0.07695634415983224,0.007838398171141644,0.006694518745666852
503,0.038547897102574336,0.036099518791829474,0.010881524723119335,0.03369288420570751,0.01630300848663267,0.014864507737812139,0.02839091784828369,0.0366602851578623,0.030998885364253395,0.006016586465304913,0.08833893086006617,0.2470875470034692,0.006738576841141501,0.02406634586121965,0.00902487969795737,0.03581992377651816,0.20590202161464888,0.03229482155111952,0.0421161052571344,0.05615483165334556
504,0.015596859704564101,0.3352082364047649,0.029634033438671794,0.03704254179833974,0.021951135880497623,0.013470015199396269,0.019118731250755996,0.03486356875137858,0.02279541033743984,0.007415692564362557,0.031193719409128202,0.01743178437568929,0.004704483270133896,0.02822288898921123,0.008845980130946804,0.2899950264113345,0.010256582531678023,0.01139770516871992,0.04233433348381685,0.01852127089916987
505,0.11086425395093816,0.029981458409609082,0.02498454867467424,0.056621243749720905,0.0352723040113048,0.29370134448255514,0.013035416699830035,0.027255871281462802,0.04612532063016782,0.039743678891287174,0.15489844080706797,0.033312731566232316,0.007889857476212916,0.03747682301201136,0.00636591896451389,0.01033843393434796,0.010902348512585121,0.012096511230734354,0.023062660315083913,0.02607083339966007
506,0.15508685904636926,0.03121672235947001,0.09650190244214144,0.04598869855671556,0.033446326223065856,0.3608922106062341,0.02627925631812317,0.035039008424164235,0.017519504212082117,0.012062609457499162,0.030659132371143705,0.019363662550196024,0.009681831275098014,0.033446326223065856,0.007745465020078411,0.005571462003213928,0.017112073881568577,0.011840811877344376,0.030659132371143705,0.0198870047812824
507,0.017762125792844367,0.04597256087559719,0.03552425158568873,0.012740898092773756,0.03552425158568873,0.3823862387291954,0.027911911960184006,0.05582382392036801,0.07104850317137747,0.020566671970661896,0.05582382392036801,0.0339797189080501,0.015630670697703044,0.04884584593032202,0.01894582566356576,0.01132657296935003,0.013711114647107931,0.019162194730299554,0.05210223565901014,0.02521075918984362
508,0.005111348129848883,0.16445879545,0.018124586039910226,0.037073016899816374,0.03741795804878184,0.01500463740532216,0.015684737919153077,0.007858699941566797,0.02812435764813655,0.011994211349940588,0.04531146509977556,0.03883839865695048,0.010874751623946133,0.029128798992712857,0.012357672299938787,0.00916411653703326,0.0373769989659091,0.4001840334344904,0.037073016899816374,0.03883839865695048
509,0.013030470012676555,0.15980807716898912,0.014554120171540098,0.4667022956737644,0.03658555042020725,0.008012267858765468,0.015098798586117282,0.03068465519114156,0.008317569871196704,0.011460533866570949,0.03658555042020725,0.019412741039293645,0.007609794487403109,0.02172443792706696,0.009059279151670367,0.027553116753273984,0.01174351001142455,0.034429395763459054,0.043237468678426746,0.024390366946804833
510,0.1363714671972352,0.030872714709090195,0.024698171767272157,0.03546225596337876,0.03249759443062126,0.3028889020618408,0.02129152738557944,0.028066104280991083,0.02684583887746973,0.00995894022873877,0.04749648416783106,0.02572726225757516,0.008343976948402755,0.017641551262337254,0.04297571612289822,0.13518562835204181,0.011226441712396434,0.010230326484773107,0.02134638108043638,0.030872714709090195
511,0.028296217505193916,0.044465484651019016,0.03890729906964163,0.023083792819681117,0.06954622632456446,0.007102705482978804,0.012311356170496592,0.0149423302480324,0.07781459813928328,0.17899209843077885,0.03890729906964163,0.044465484651019016,0.0060547653297524226,0.1926837668210824,0.027790927906886885,0.07134098059162866,0.040162373233178464,0.007024816233259965,0.01846703425574489,0.057640443066135756
512,0.0817592905054894,0.026578404655620235,0.02990070523757276,0.01141216212035827,0.027600650988528704,0.3448802463180774,0.01380032549426435,0.05125835183583902,0.02110638016769842,0.009697526022996568,0.027600650988528704,0.016688765713994098,0.09510630113160375,0.04030695619387018,0.004537640065426253,0.06046043429080525,0.009966901745857583,0.07799168808943308,0.021745967445507462,0.027600650988528704
513,0.0020143741735572846,0.007050309607450496,0.008973121318573357,0.007050309607450496,0.0068670075802533094,0.0015422552266297963,0.02272292616469595,0.3487021078509505,0.004112680604346121,0.04683851490826506,0.02858039746383664,0.0035251548037252473,0.0031639517444513343,0.005194964973910891,0.0012818744740819084,0.0007547306945979581,0.09117752762940891,0.40374840195406536,0.00290306866189138,0.003796320557857959
514,0.14340621085026065,0.03990422917339522,0.009976057293348809,0.018705107425029018,0.0037401042941258367,0.009069142993953462,0.00900378855605602,0.007482042970011607,0.008132725766753245,0.0036065548251036023,0.005075855827742208,0.039036745930495324,0.27560988200476827,0.034447949844022434,0.0006849761463671913,0.15042096498572163,0.10933758793510291,0.04916771094579055,0.003383903885161471,0.07980845834679044
515,0.014321763542435828,0.04186361650865857,0.030234834145142307,0.04186361650865857,0.030234834145142307,0.0030486796930216907,0.012656442200292127,0.10141865380982651,0.24959752758765005,0.010268434237972858,0.022676125608856734,0.015117417072571153,0.007160881771217914,0.024737591573298245,0.2664634025989675,0.031074871874190915,0.020590579114302635,0.011106673767603296,0.018140900487085384,0.04742315375310547
516,0.005957104750001458,0.028217864605270065,0.019147836696433263,0.014892761875003649,0.15635018959988842,0.008123324659092896,0.027258586926034823,0.05810802068819375,0.0167543571093791,0.25931767519783927,0.29208479670511334,0.009405954868423357,0.002480112188521242,0.012468358779072819,0.0178509770957005,0.006538285701221114,0.005527210592784859,0.016462961268833655,0.02680697137500656,0.016246649318185796
517,0.01796011497744929,0.04381253664348464,0.03245373084702565,0.008642093338609132,0.038097857950856205,0.4196606776905795,0.02577208037852037,0.03129466903106045,0.024340298135269237,0.008941334008874416,0.0265530525112028,0.03982957876680421,0.016850975632109473,0.030215542512748023,0.006206530876866312,0.010557237745417983,0.018255223601451927,0.12422246321420159,0.046118459624720665,0.030215542512748023
518,0.018464424897586353,0.005501552751931909,0.020673633992437164,0.04923846639356361,0.04545089205559718,0.013130257704950295,0.008020172271384891,0.02188376284158382,0.02272544602779859,0.008440879953182332,0.031097978774882275,0.07536606445751426,0.2594505299912854,0.025689634640120137,0.007673527230165756,0.011362723013899295,0.03497671041433763,0.012058399933117617,0.039390773114850876,0.2894041695398107
519,0.025283585245977635,0.10524292358638192,0.015832636021418947,0.02993576493123753,0.017185761900399693,0.004818628354344897,0.013853556518741579,0.21725560323147777,0.008692427619602561,0.09376172209229863,0.03232426521480864,0.008692427619602561,0.0041431197065395385,0.010309623455807687,0.0035183635603153215,0.004487190241589319,0.0650463293179636,0.31614651680856515,0.008692427619602561,0.014777126953324352
520,0.004513110801794862,0.010762033450433901,0.005995990065241746,0.008744152178477545,0.012718766805058245,0.004074944704533225,0.008394386091338442,0.4461838753289558,0.006264467232342121,0.20534200301742728,0.20210493510105854,0.005749579514615372,0.0033026455093237784,0.010879599684082707,0.0024983291938507272,0.0032536380198986206,0.003279057066929079,0.04061540051235368,0.009327095657042714,0.005995990065241746
521,0.02787902163388937,0.032094887821358685,0.09933424524483696,0.36458480712364394,0.022536404186990613,0.0047226738916716264,0.04037743951719319,0.018139057028553417,0.010786436705624122,0.014554658430616147,0.015177578330014086,0.014874026763413803,0.007291189589908728,0.19090959612048172,0.016914873311256604,0.03842940515452159,0.00604635234285114,0.009785543923298555,0.015493777878556044,0.05006802500131955
522,0.022514113877112923,0.024689276256789013,0.08976071132501226,0.1197085727335893,0.010369496027851387,0.08840312544564996,0.05925426301629365,0.02006999231197042,0.09506735956345143,0.02549876072422472,0.03072443267511522,0.06618827251820034,0.0020868565944508013,0.08254209953129985,0.05141898856785811,0.08365307719947336,0.10095885941023393,0.015810380513293865,0.007035687947005559,0.004245673761124044
523,0.004209248283246876,0.01028927358127014,0.009260346223143125,0.011575432778928906,0.007716955185952605,0.0038584775929763025,0.00514463679063507,0.2825645474501156,0.0045172420600698175,0.1947764939300918,0.08944754455968666,0.005787716389464453,0.002204844338843601,0.005974416918156855,0.003086782074381042,0.002723631242100919,0.001767727132938719,0.3361109737105542,0.011575432778928906,0.007408276978514501
524,0.06531211423917609,0.06591977676412392,0.09924028548635705,0.0740203961377329,0.018311049101145532,0.008673654837384727,0.059485522958690036,0.010051974783246464,0.009431303941507778,0.00523172831461301,0.02220611884131988,0.15969705031806458,0.005316111029364833,0.10409118206868691,0.005782436558256485,0.19082501965355889,0.04268805713688099,0.02197325892137464,0.02059993023878873,0.011143028669726522
525,0.04374621256827133,0.10651251755753013,0.07322735582080198,0.058249033039274305,0.024525908648115505,0.0480173938676482,0.03226100291405962,0.012708879935841666,0.10207449599263312,0.037550619679669536,0.07126940513040622,0.06594616537870264,0.0013496936526334483,0.05618192676319841,0.053450991285578064,0.045942899298582564,0.04554015310343266,0.029124516519637152,0.018743102899636856,0.07357772594434653
526,0.0338241603935044,0.06197288755851361,0.008468344883772046,0.06297208159270368,0.049398678488670265,0.017252748797407416,0.05607417558173381,0.10670114553552776,0.14160954500085476,0.04692874456423675,0.04816371152645351,0.025934306206551898,0.0005016811545681968,0.03359110137229578,0.039759911954295575,0.034329491035482225,0.06293586838061413,0.0693311566869833,0.044458810639803246,0.05579144864602759
527,0.06572334734454915,0.16766037431110867,0.07544716843999892,0.03725786095802416,0.047902964088888195,0.026080502670616904,0.14118768363040726,0.0099494817840106,0.05868113100888805,0.026657176200231704,0.011705272687071295,0.011054979760011779,0.09509978919183007,0.048788081353181814,0.01445348054406109,0.0374697432756185,0.08601628773095517,0.010161234806733858,0.011054979760011779,0.017648460453800915
528,0.014296716383691378,0.02729373127795627,0.03602772528690226,0.014386977168146476,0.028146660380392406,0.4379702441260399,0.03602772528690226,0.034642043545098346,0.039160570964024206,0.010722537287768534,0.0600462088115038,0.037528880507189874,0.012867044745322239,0.03216761186330559,0.07632878284702115,0.009897726727170954,0.0160838059316528,0.011739858909061304,0.034642043545098346,0.0300231044057519
529,0.1375393581611731,0.022533956227861092,0.02003018331365431,0.011980090400595996,0.023719953924064313,0.43526986658747535,0.01767369115910674,0.020961819746847535,0.039189489091932345,0.0069872732489491786,0.020961819746847535,0.03998637981628091,0.0067265540978689855,0.024361033759849833,0.005575050812107804,0.08577723412202193,0.02234532989733345,0.009516073076894971,0.02575309283184125,0.02311174997729343
530,0.07354323035643714,0.09258567393087178,0.013327259633214164,0.0032579723588682954,0.08888224697363689,0.005532070036428521,0.12179383018943428,0.008623520939138577,0.14260357323185716,0.1158273451645474,0.08542541889861413,0.04220453965417823,0.0025719272976378214,0.04712535504369359,0.07375501688704093,0.03233150518220919,0.01237682556389346,0.004510764798934025,0.011276911997335064,0.022445011862029515
531,0.012027395871952763,0.03908903658384648,0.03291708343902861,0.03678968149067904,0.04169497235610291,0.011371356097118973,0.023163873531168288,0.19350600329446763,0.04169497235610291,0.09995257517870197,0.306484227536022,0.03908903658384648,0.006254245853415437,0.02156636501177737,0.00856746007317183,0.011168296166813278,0.009979748627345731,0.01746500467336436,0.02405479174390553,0.023163873531168288
532,0.014632825536047863,0.08241563855200015,0.045727579800149576,0.048776085120159546,0.03680771496699256,0.016628210836418026,0.10678423063018942,0.03325642167283605,0.056280098215568695,0.014070024553892176,0.03658206384011965,0.023601331509754617,0.009501834763667444,0.05226009120017094,0.010304806715526665,0.00986303904995698,0.014070024553892176,0.023601331509754617,0.02151886108242333,0.3433177858904796
533,0.5292273440603003,0.028021455989298755,0.028021455989298755,0.035821672712887415,0.03214225834066622,0.01734661561242304,0.01655813308458563,0.021856735671653027,0.03214225834066622,0.009586287575286415,0.05203984683726911,0.028021455989298755,0.012021562306243154,0.024837199626878442,0.009757471281987957,0.007898477099261432,0.020424713901638917,0.039496269435862735,0.026019923418634558,0.028758862725859247
534,0.013606343080392054,0.05110310781585712,0.47337167309771727,0.04303160903047555,0.027741687100036726,0.02257492312240059,0.020228313510443446,0.03132125962907372,0.030342470265665174,0.009159991023597032,0.027741687100036726,0.010365405537473189,0.010553902701100926,0.03734457878851097,0.011698301789172113,0.008159319735304918,0.014278809536783607,0.03132125962907372,0.04413450220460388,0.08192085530228141
535,0.00662596391998384,0.028965759623769405,0.42702988732976854,0.05717637141590605,0.03342203033511854,0.02063643308286173,0.012632868699789303,0.03218417735974378,0.03778142559622097,0.01143385248306687,0.031034742454038648,0.009082114364202089,0.005642680446188846,0.028965759623769405,0.010597229130647345,0.006484871557560315,0.007828583682099842,0.04645355435347542,0.04137965660538487,0.1446420379364041
536,0.005187738878931016,0.06530314708034643,0.03377748986914471,0.044524873009327115,0.04081446692521652,0.02278016758616736,0.013604822308405507,0.016055622273231464,0.03627952615574803,0.010532765658120393,0.02577755805803149,0.02259198570442001,0.020796005747686648,0.037674892546353714,0.007963798424432492,0.009698487190150462,0.47850481813306384,0.01484162433644237,0.06530314708034643,0.027987063034434188
537,0.4024830300057048,0.020734742523994983,0.05210846552101894,0.024393814734111743,0.036060421780860843,0.008569234994442431,0.019288132580460454,0.03071813707258516,0.0552926467306533,0.009873686916188087,0.033175588038391976,0.041469485047989973,0.00747197928792612,0.026754506482574172,0.00805232719378446,0.016334966108833133,0.07357682855051277,0.06974828131898937,0.033175588038391976,0.03071813707258516
538,0.6197140412923589,0.011052715538440457,0.012269853411089542,0.007210426239404076,0.005673778024449108,0.16796906814978066,0.003845560661015507,0.008240487130747515,0.012360730696121274,0.002338516618185106,0.007691121322031014,0.004874654359033741,0.00178402298706905,0.0075239230324216436,0.08730038670734394,0.021459806236229596,0.0024373271795168714,0.0021994600334460926,0.0075239230324216436,0.006530197348894257
539,0.014079038449969954,0.025431362448755733,0.026482000893991105,0.03370436477417049,0.03587883992089117,0.03379486339318425,0.020222618864502297,0.039723001340986656,0.04277861682875486,0.007651253037710282,0.03370436477417049,0.032713059927871366,0.0077779303325008825,0.02180870661858091,0.003918216982063622,0.00868940654334083,0.012933070204042166,0.023171750782242217,0.5418331691081002,0.03370436477417049
540,0.009644904386309319,0.026628112336439375,0.4810351072573162,0.02357743412572685,0.025927372538112028,0.0035640760758249633,0.009679390151099978,0.022912561777866436,0.06157750977801607,0.008493449624553938,0.04926200782241285,0.06920543063989049,0.0044581002554219765,0.03284133854827523,0.01026291829633601,0.007520917224795852,0.007637520592622147,0.012046353207338484,0.04926200782241285,0.08446348753922886
541,0.0028205899052112368,0.02511823375582455,0.05708689489960125,0.034886435771978544,0.0448539888496867,0.013651213997730735,0.015315996192575945,0.006056711304989247,0.03924724024347586,0.008844448505572025,0.05708689489960125,0.011721203797483041,0.00557281469745076,0.2887998508749508,0.008050715947379663,0.007585182775622332,0.29042656647548715,0.01610143189475933,0.04830429568427798,0.01846928952634158
542,0.009924566021104895,0.006604905634543477,0.0229832055225587,0.03639007541071794,0.03359083884066271,0.007661068507519566,0.0048671069781115244,0.024953194567349447,0.2452225812579779,0.005467890241765494,0.03797225260248829,0.021834045246430765,0.00389893665114835,0.02646550938961305,0.4261802162901918,0.017938904280835437,0.0089118552026248,0.012843556027312216,0.030115924477835537,0.016173366849207976
543,0.022065829515483408,0.034674874952902494,0.04283366905946778,0.04283366905946778,0.04612571377219936,0.021416834529733895,0.020227010389193122,0.3549481657843851,0.034674874952902494,0.007585128895947421,0.0368135832246237,0.04891758387873142,0.014003314884826007,0.02800662976965201,0.008668718738225624,0.012355840940665757,0.015304205641009538,0.14027819194705637,0.022755386687842265,0.045510773375684516
544,0.0078036027702337914,0.018728646648561095,0.018124496756672027,0.017558106233026026,0.015607205540467578,0.004220275909790933,0.2204972194730073,0.014644467405477835,0.014785773669916652,0.004721507558460781,0.0208096073872901,0.05503497576102455,0.003533706914822848,0.013377604748972212,0.014080450135092843,0.2798762420776713,0.23958473787068904,0.008918403165981475,0.015607205540467578,0.012485764432374064
545,0.03346906559370024,0.05888076354447263,0.006843968141623902,0.1343221154991176,0.007678598402797548,0.007259272217811694,0.012925045656103753,0.08201249207980117,0.15379176220807672,0.01703336373965101,0.0057688124633274865,0.009218757316523754,0.0014575117338643494,0.10836936923586733,0.1481642654798267,0.09652239452468904,0.08028387628136646,0.02177781665343509,0.007155057602606807,0.007065691625336715
546,0.027186168876628242,0.11263103236447843,0.025545302716722017,0.007686755896980061,0.2429135164207756,0.004730311321218497,0.1364771385567851,0.0389464187794138,0.008199206290112063,0.001658764665315607,0.02508084266732707,0.03401374553514219,0.0016620012750227155,0.006928906724038364,0.0031738863058498306,0.0019680440953840114,0.010503398578956769,0.003910967244777569,0.13981420221012614,0.16696938947494597
