site,A,C,D,E,F,G,H,I,K,L,M,N,P,Q,R,S,T,V,W,Y
451,0.010579193379217668,0.4322182897264745,0.024558841773183876,0.022182179666101566,0.024746404262447317,0.02047792683382022,0.027505902785965933,0.08595594620614354,0.03274512236424516,0.009047994337488796,0.036191977349955176,0.05289596689608833,0.009047994337488796,0.022921585654971613,0.0030679232811054308,0.010058719370783347,0.0196470734185471,0.011655043553375398,0.034979588560490965,0.10951632624210529
452,0.0027833726085910236,0.015645379581808318,0.038701728439210055,0.030629568629474177,0.02626188715517825,0.004368152198045499,0.019350864219605024,0.20923554420049703,0.028282032320961194,0.0039156678425313505,0.016894567542593577,0.031970993058477865,0.011312812928384475,0.021627436480735025,0.005446909928481414,0.0072805231717325836,0.01097511702007449,0.4709324874455879,0.01987386054986462,0.02451109467816637
453,0.016644363344650918,0.005743656790707102,0.018927214842608907,0.023472820101430782,0.031798501138548964,0.007757965965727122,0.006061726796514642,0.03814333266482502,0.04818105178714739,0.010171555377286671,0.04818105178714739,0.031798501138548964,0.014530793396123818,0.04359238018837145,0.010522298666158626,0.008492906242734313,0.024741621187994608,0.011301728196985193,0.022885999598895014,0.5770505307875932
454,0.008482738441074276,0.026508557628357108,0.053910813145049356,0.026508557628357108,0.02052275429292164,0.0068409180976405455,0.09163959611902313,0.09758993361761031,0.019881418221267835,0.008262407572474945,0.03181026915402853,0.4600629018480718,0.01042959644394378,0.021206846102685688,0.006696898769269165,0.04388327351567759,0.013531392148240005,0.008482738441074276,0.02446943781079118,0.01927895100244154
455,0.009516715777337691,0.040604653983307475,0.03205630577629537,0.025377908739567166,0.019033431554675375,0.006921247838063775,0.03205630577629537,0.22362512943897175,0.026716394336378464,0.005487115403149658,0.39763874604269883,0.040604653983307475,0.012688954369783586,0.04350498641068658,0.006479466061166086,0.012429996117339023,0.003948304591507158,0.0025779521450421446,0.015226745243740302,0.04350498641068658
456,0.05098801678932319,0.013082113986692094,0.020256176495523245,0.03139707356806102,0.023257091531897058,0.006825450775665441,0.02511765885444882,0.11700040376517098,0.10000065100718498,0.006852109953796773,0.4540439713325801,0.03488563729784558,0.009514264717594251,0.021653154184869676,0.006553274071814228,0.01846117849268598,0.0036780897847885786,0.002773230382826476,0.02511765885444882,0.028542794152782748
457,0.011332011808547772,0.019696115762475888,0.020176508829853352,0.014070978321365352,0.02668506006528992,0.599776251516082,0.03063840229718471,0.0344682025843328,0.04866099188376396,0.00870775644235776,0.025851151938249602,0.0344682025843328,0.011029824826986497,0.03939223152495177,0.004719067206202532,0.009619033279348689,0.01216524797094099,0.01204721724491073,0.01216524797094099,0.02433049594188198
458,0.00939073542565397,0.014756869954599095,0.029513739909198197,0.007285955469039262,0.01686499423382754,0.007651710346829161,0.01721634828036561,0.020987189904326905,0.5573598954191092,0.00562166474460918,0.014756869954599095,0.04212297257090653,0.007063117243226918,0.12165239157104285,0.07637899298882465,0.005401207303644113,0.008869875815974686,0.007248988749627625,0.013328785765444344,0.016527694349150985
459,0.011134750669881415,0.033868199954222626,0.028028855134529074,0.025401149965666975,0.01982528777808154,0.0015072351800569364,0.023223908540038377,0.16282797379081318,0.013922008604450689,0.007389425444557665,0.01533654337549704,0.045157599938963504,0.00991264388904077,0.022578799969481752,0.5171770000942831,0.005585294245340896,0.014514942837523985,0.008740180633347775,0.011289399984740876,0.022578799969481752
460,0.01680812681907929,0.03023259081842534,0.0171351142661514,0.5630785698327748,0.03943381411098957,0.0028874629512178553,0.03943381411098957,0.03488375863664463,0.02884707182533688,0.011060703957960489,0.03239206159117001,0.03488375863664463,0.016795883788014075,0.03627910898211041,0.007818773487523795,0.011778931487698185,0.01711278725571246,0.008673205633361816,0.02212140791592098,0.028343053892273762
461,0.013313559944687779,0.01606808958841628,0.026627119889375557,0.004493704748773493,0.01863898392256289,0.011203741379858386,0.01941560825266968,0.025187816111571473,0.5813068047584267,0.0061718489809810895,0.013138847363321129,0.15679040103565722,0.008174992948492495,0.015757116187718724,0.020577347078642772,0.007338182646678304,0.010598663963729257,0.008174992948492495,0.013126045015889359,0.023896133234054987
462,0.013928857231965153,0.02397059151547492,0.033249530166626504,0.005955890494416262,0.02944958386186918,0.012015131478902947,0.02944958386186918,0.02863153986570615,0.6426108123016346,0.007692055486309115,0.01590973867295724,0.02406297442835767,0.011083176722208831,0.032948320610236344,0.002778279479878854,0.0072587002476438124,0.026001518258642938,0.013562308357439753,0.01840598991366824,0.021035417044192272
463,0.07081117321770336,0.011674686963694628,0.004556727335155155,0.06699384602466349,0.005832610988998597,0.002430254578749416,0.027484537779688175,0.062264997139704674,0.0070382306696686586,0.14067471853046304,0.23660698913087777,0.0038372440717096045,0.1035746690774511,0.09034506529119439,0.0008157916361898651,0.016307499250875032,0.053736528777035976,0.04789615164592667,0.005608279797114036,0.04150999809313645
464,0.09705207636869534,0.0279766177028267,0.026171674625224975,0.021723625066193047,0.032452876535278966,0.5043501979841679,0.023862409217116888,0.03120468897622978,0.026171674625224975,0.009544963686846755,0.02897578262078479,0.030048959754887937,0.012878125609237685,0.02897578262078479,0.0063597271889676964,0.010963809640296949,0.017262168369829238,0.013172753668364404,0.020803125984153185,0.030048959754887937
465,0.013253930957591099,0.07602469811815185,0.02469496112113951,0.47021759464736473,0.044720410657736395,0.00238347536679558,0.0345566809627963,0.0691133619255926,0.012027553575275473,0.012670783019691975,0.024524096167145765,0.04751543632384491,0.012885542053924046,0.02534156603938395,0.011696107402792593,0.012067412399706644,0.0281572955993155,0.010538196125845273,0.0345566809627963,0.0330542165731095
466,0.011477116396884054,0.03568505133998237,0.019631909626249035,0.028692790992210136,0.46288237353869244,0.00981595481312452,0.01912852732814009,0.02072257127215176,0.029840502631898535,0.07005550746762501,0.029840502631898535,0.021314644737070385,0.008881101973779329,0.031083856908227635,0.007612373120382281,0.005630684136953556,0.015224746240764562,0.00877661842114663,0.1501393015901379,0.013563864832681153
467,0.008483605931576913,0.04302400151014006,0.035431530655409466,0.05263322442824976,0.0401557347427974,0.3749298028880863,0.04302400151014006,0.03764600132137255,0.03764600132137255,0.009411500330343136,0.02151200075507003,0.04302400151014006,0.013689455025953657,0.04302400151014006,0.07096589614366335,0.01038510381279243,0.02230874152377633,0.03208951084547974,0.020460149490698697,0.0401557347427974
468,0.008192863283783075,0.03072323731418654,0.022344172592135662,0.0038041603689224386,0.03072323731418654,0.007124228942420065,0.04468834518427133,0.0327714531351323,0.30400773701806627,0.008192863283783075,0.021372686827260203,0.09336186883313123,0.008475375810810079,0.02340818081080879,0.09843100485971583,0.039918874278839146,0.1426887421030846,0.023286009995989506,0.021372686827260203,0.03511227121621318
469,0.5221237417766654,0.01817567466871032,0.026970355960021765,0.15606424098863048,0.014668088329134642,0.005573873565071165,0.01741835489084739,0.03344324139042699,0.03800368339821249,0.007334044164567321,0.021437975250273713,0.03800368339821249,0.009394168929895221,0.026970355960021765,0.0081172915996182,0.007861055195136281,0.0078075910672913305,0.005310340629377475,0.014930018477869192,0.020392220360016453
470,0.009353092994142635,0.025033278307852347,0.011659335102287394,0.07435897938549302,0.01773190546806208,0.005829667551143696,0.01810918005248893,0.018053605079196778,0.5313728153926724,0.004479639276141998,0.010911941826499738,0.007355283131700827,0.006649464550523279,0.01531573891834402,0.18314955141316985,0.005066258705160592,0.02707723577445508,0.006079510446192711,0.009896877470546276,0.012516639153926173
471,0.006800535775308417,0.06577257384345285,0.32847483698445507,0.0153101371340538,0.017972769679106635,0.25650353695745665,0.0229652057010807,0.0229652057010807,0.03444780855162105,0.00843619801264189,0.03444780855162105,0.037579427510859326,0.00984223101474887,0.024316100154085446,0.0063595954249146555,0.05568398229680848,0.00794949428114332,0.007604878732301756,0.01589898856228664,0.020668685130972628
472,0.012025158178125573,0.09380175353249598,0.027613326186806873,0.023298743970118295,0.033889082138353885,0.0023749686123576033,0.020150265055237447,0.046051878121825277,0.026627135965849483,0.009558459064663917,0.024851993568126184,0.07511599022359067,0.009437465911946651,0.020150265055237447,0.029103496526360396,0.46800344901684565,0.021653761455806383,0.00980999746110244,0.014067166170637463,0.03241564378451241
473,0.009436148638107123,0.005043611744912504,0.03100448838235197,0.028937522490195176,0.0456908249845187,0.0052934492360113125,0.020817483887845472,0.04340628373529276,0.027128927334557972,0.011711538265077077,0.03472502698823421,0.02993536809330535,0.00679352979070304,0.023462856073131224,0.5439149753152168,0.05187999845718753,0.014468761245097588,0.01315341931372508,0.01847075903629479,0.03472502698823421
474,0.5565498641918493,0.030735137154135044,0.010278795489061002,0.026215264043232836,0.01714074956672916,0.011529335662897997,0.019376499510215573,0.02285433275563888,0.029710632582330546,0.007887778561680677,0.04244376083190078,0.026215264043232836,0.008118714792841287,0.06341134614593899,0.00865358230553317,0.008511909339810116,0.04582319363639646,0.0053167613629751505,0.033011813980367274,0.026215264043232836
475,0.011351239046273633,0.023036338064496495,0.021756541505357798,0.023734408914935785,0.0535230268832911,0.009214535225798596,0.029008722007143734,0.48864943323727883,0.029008722007143734,0.006507569205978412,0.021756541505357798,0.020965887200040514,0.009669574002381241,0.04122292074699373,0.008158703064509174,0.04623311263940755,0.08591706657717006,0.003980007864398931,0.037296928294899084,0.029008722007143734
476,0.015006726656463805,0.037691412651785924,0.022317696053202583,0.02175975365187252,0.027199692064840644,0.020337587798829736,0.023524058002024346,0.05439938412968128,0.03223667207684817,0.04123986688658869,0.020723574906545254,0.03481560584299602,0.008450389767717482,0.02417750405763613,0.0034731207831441508,0.007376187678600853,0.011158848026601291,0.008450389767717482,0.5478184793675601,0.03784304982934351
477,0.007162422671483798,0.012107553028257355,0.007781397470254002,0.011459876274374075,0.38155641214811953,0.005252443292421451,0.004577220878291114,0.013131108231053628,0.02173424810657152,0.004924165586645109,0.017034951218664166,0.051601269273686995,0.0052090346701700345,0.025211727803622967,0.0061193514086463514,0.003779065566665504,0.007878664938632176,0.005166337664676837,0.015373004758306686,0.3929397450094568
478,0.010140352743038013,0.0230462562341773,0.03496673359668281,0.024143697007233362,0.037556862011251906,0.011929826756515308,0.020280705486076023,0.011551415526753537,0.028167646508438924,0.007467910681817759,0.6312881166677373,0.021125734881329197,0.0068515896912419,0.019132741024600025,0.0068154094213494654,0.008895046265822819,0.042336573072897885,0.005830267662360243,0.01950067835199618,0.02897243640868004
479,0.015506208361662058,0.03839798863564643,0.05248255137793312,0.03590911410069108,0.03790406488406281,0.020474011145393645,0.0284280486630471,0.062024833446648234,0.031012416723324113,0.020679724439893216,0.03411365839565652,0.04264207299457066,0.011969704700230363,0.031012416723324113,0.004950860693244735,0.007665990650709333,0.015506208361662058,0.017056829197828263,0.42403597971315904,0.06822731679131305
480,0.02343608693886059,0.05189419250747701,0.03823782605814096,0.03459612833831801,0.092463751669681,0.014826912144993435,0.03027161229602826,0.04273639382968695,0.02075767700299081,0.4513637388304924,0.031587769352377316,0.027943026734795318,0.010529256450792439,0.02075767700299081,0.016895783607085543,0.0049116816963412566,0.01513580614801413,0.016943110099279422,0.03507592888342002,0.01963564040823455
481,0.0147752969022976,0.044976051782488716,0.044976051782488716,0.09867643745422715,0.07308608414654415,0.36153157884643766,0.032482704065130735,0.02784231777011206,0.017196725681539796,0.014992017260829571,0.030773088061702807,0.016705390662067235,0.006090507012212011,0.023387546926894123,0.03792840713692789,0.009909977511395817,0.012181014024424026,0.06517267283730503,0.03654304207327208,0.030773088061702807
482,0.3110886545413785,0.06274671103931417,0.013285046990070224,0.02509868441572567,0.020078947532580535,0.00965334015989449,0.033464912554300896,0.02509868441572567,0.02182494297019623,0.008654718764043334,0.023903508967357774,0.02281698583247788,0.0052839335612054035,0.03137335551965709,0.010457785173219028,0.2402488439160717,0.05155301798698686,0.013381209500559432,0.038613360639577946,0.03137335551965709
483,0.0123926610700628,0.03196002065437248,0.020241346414435903,0.03572002308429866,0.03795252452706733,0.003533178685089779,0.020241346414435903,0.1317519974038724,0.15484736953813247,0.009342159883585804,0.01897626226353366,0.020241346414435903,0.00906328943929966,0.026401756192742484,0.37587918679485316,0.01679941630611229,0.012144807848661543,0.012920008349639937,0.024289615697323078,0.02530168301804488
484,0.013338691845969725,0.023553294519720425,0.03501406609567053,0.021547117597335706,0.3458625516880315,0.01120450115061457,0.028011252876536424,0.019318105432094085,0.03295441514886638,0.0067101032721656115,0.029485529343722547,0.02546477534230584,0.015141217771100769,0.08003215107581838,0.008618847038934285,0.05872263623753082,0.012449445722905076,0.04575665568427725,0.019318105432094085,0.16749653672430612
485,0.01349386116054332,0.0584733983623544,0.038982265574902926,0.03508403901741263,0.028392174597901058,0.01349386116054332,0.038982265574902926,0.2169021953050619,0.038982265574902926,0.21724853482768586,0.020466012772423967,0.07016807803482526,0.023389359344941758,0.03508403901741263,0.01403361560696505,0.005588160689375671,0.031894580924920576,0.019966680151325446,0.02090121393924369,0.0584733983623544
486,0.02551922117207025,0.03902892087976976,0.03415030576979853,0.33468815191423806,0.09106748205279606,0.0029991733668807133,0.06830061153959706,0.03642699282111843,0.06881552375688209,0.02732024461583882,0.024836586014398927,0.05464048923167764,0.019514460439884872,0.03461283042961504,0.011383435256599508,0.01332694859309211,0.016070732126964013,0.013899248559901515,0.028758152227198762,0.05464048923167764
487,0.020424078792386436,0.06820923467120119,0.048275095327458835,0.037930432043003365,0.32832829917656614,0.03318912803762795,0.037930432043003365,0.04084815758477287,0.04084815758477287,0.03514376247832008,0.059002894289116356,0.029501447144558178,0.020424078792386436,0.037930432043003365,0.018965216021501682,0.007318688111035877,0.022126085358418635,0.020148391000257112,0.031236826388355718,0.062219163112253575
488,0.02163877742904459,0.07856825126441856,0.07910157786422352,0.291595449724764,0.05237883417627903,0.0051052140003470334,0.047140950758651136,0.06734421536950161,0.013528619998184463,0.018856380303460457,0.029463094224156963,0.018131134907173514,0.029463094224156963,0.031427300505767426,0.014731547112078478,0.015713650252883713,0.018131134907173514,0.04197157095466547,0.07856825126441856,0.047140950758651136
489,0.2579672232930799,0.22580503946649108,0.08083326404187444,0.02467095197516516,0.04660068706420085,0.014462282192338196,0.01497879227063599,0.019971723027514657,0.034950515298150645,0.011335302258859665,0.027960412238520513,0.019063917435354898,0.007913324218449203,0.017475257649075322,0.007625566974141958,0.0719145005954835,0.018395215275364002,0.023873392246149556,0.03226201412136983,0.04194061835778077
490,0.014392002713267838,0.05596889944048604,0.04579273590585221,0.04579273590585221,0.009363439972252606,0.01624903532143143,0.1157733932497099,0.044621685765272735,0.038747699612644175,0.2943373977810667,0.10754912248216181,0.026511583945493383,0.0021836984179989627,0.025186004748218714,0.008077841239762146,0.012593002374109357,0.015741252967636697,0.015264245301950738,0.08395334916072905,0.02190087369410323
491,0.012061491676294,0.03837747351548092,0.03837747351548092,0.008225568425855487,0.08443044173405799,0.25905491440224127,0.046905800963365565,0.060307458381469996,0.042215220867029,0.014071740289009664,0.032473246820791536,0.024832482862958232,0.020102486127156666,0.02814348057801933,0.004722203719459268,0.012792491171826969,0.014071740289009664,0.15915945761334185,0.046905800963365565,0.052769026083786245
492,0.017546654526255517,0.03818977749832083,0.036068123192858556,0.07213624638571713,0.3986087087289172,0.02404541546190571,0.018549320499184403,0.04391140957199346,0.05902056522467764,0.005729663361719662,0.08115327718393178,0.046373301247961005,0.007213624638571712,0.02404541546190571,0.01272992583277361,0.004695152210610578,0.012249551273046305,0.021089105914824942,0.04057663859196587,0.036068123192858556
493,0.024277162759125767,0.0331052219442624,0.0331052219442624,0.0214210259639345,0.33114094838863967,0.01734083054223269,0.026011245813349033,0.044330543132845894,0.0331052219442624,0.22294736046244462,0.017402785670655594,0.022759840086680406,0.008468777706671779,0.011747014238286663,0.011035073981420805,0.004252874382748067,0.015173226724453606,0.049732342049739704,0.05347710113835837,0.019166181125625608
494,0.014473170824226842,0.08322073223930435,0.002678607643577776,0.1664414644786087,0.04161036611965217,0.04730079848928955,0.015431907131075591,0.02219219526381449,0.0178115881842268,0.011096097631907243,0.04161036611965217,0.2041259568428666,0.009510940827349067,0.08322073223930435,0.015131042225328059,0.0028299439255264824,0.009302162862914997,0.023777352068372667,0.11096097631907247,0.07727359856392962
495,0.0483833069270162,0.019781885912200814,0.012097486047877035,0.3420792654114858,0.0291522529232433,0.002481332106897284,0.019781885912200814,0.01909975191522837,0.007206558169253731,0.0064406140179258465,0.030771822530090153,0.01582550872976065,0.012588472853218699,0.23610426226697928,0.009231546759027046,0.008392315235479134,0.011303934806971892,0.11374969666896614,0.0291522529232433,0.026375847882934417
496,0.03609145137939782,0.07095712641222848,0.39471606349654337,0.03702350657133186,0.03361127040579245,0.002508487733750293,0.01330446120229284,0.022807647775359156,0.037565537512356265,0.014851491574652475,0.05805583070091421,0.009088877364776473,0.008293690100130603,0.03041019703381221,0.012049323353019933,0.014851491574652475,0.014513957675228555,0.03085387072962979,0.03041019703381221,0.12803552037031848
497,0.01102498472103514,0.047407434300451086,0.03646725715419315,0.09481486860090217,0.03386245307175078,0.018233628577096574,0.29332682630638635,0.03160495620030073,0.019753097625187958,0.006993767681240091,0.021548833772932315,0.12479839697973448,0.00691367628386368,0.13272876987812557,0.031130963110603104,0.010774416886466158,0.009116814288548287,0.02633746350025061,0.0395061952503759,0.003655195810555915
498,0.02633352384058767,0.0445176132716762,0.03590935069171046,0.03590935069171046,0.023939567127806972,0.0398601569742201,0.03950028576088151,0.02548405532960097,0.029259470933986297,0.03904824965300529,0.021351505816692703,0.04157924816934895,0.012742027664800485,0.023235462212283238,0.005977556854997919,0.011654385885010448,0.009634216039239392,0.020789624084674475,0.48933478186995955,0.023939567127806972
499,0.008992274879510122,0.020682232222873284,0.024332037909262687,0.016545785778298627,0.020682232222873284,0.009619642894359667,0.013343375627660184,0.004211628233730894,0.029801082650050572,0.4485561914870542,0.2499063322201804,0.010885385380459623,0.0073865115081690295,0.01969736402178408,0.011474479148089545,0.007804615933159732,0.015994671436030096,0.03970456020179672,0.020682232222873284,0.01969736402178408
500,0.16410570394974544,0.10970947746907041,0.022110479797253547,0.09888318047841889,0.003857372248763091,0.05224325145520713,0.05671582532759878,0.0542711776841678,0.06753746556251991,0.005495815461687877,0.017465361600027717,0.05602186083526999,0.001229886803953449,0.08234247648632355,0.023352077420072625,0.07296875398646852,0.07342571098446228,0.033490624291144654,0.002651943421024625,0.0021215547368196998
501,0.012597317522380158,0.031745240156398,0.046684176700585285,0.05639538343507092,0.027366586341722413,0.0032252013207038992,0.017252847911085868,0.036205780068353205,0.04586859256308488,0.008626423955542936,0.0293937408855537,0.03306795849624791,0.00708599110633884,0.03607413654136136,0.48886505225179383,0.00746202406404794,0.014171982212677677,0.027366586341722413,0.04409061132833055,0.026454366796998332
502,0.059851432729733624,0.04111784819047764,0.058348814848496786,0.0795522947441663,0.014933002298906577,0.03648605197637149,0.05826585987900638,0.0663025302071452,0.014792140557136057,0.04055200624290226,0.020558924095238816,0.06858465856737983,0.019052451208949762,0.17833539921429284,0.027267274327613812,0.06712872996050524,0.08025345334691464,0.05615852946049363,0.005405137483934656,0.007053460660334594
503,0.012382270939667985,0.02918678150064597,0.004267313386205702,0.027240996067269575,0.013181127129323986,0.012018086500265986,0.007989591602547537,0.11777286508668626,0.014936090925525234,0.0048644635834409955,0.10170121508658973,0.2537633726669857,0.005448199213453914,0.01945785433376398,0.007296695375161493,0.008370130749870888,0.22294105004938994,0.05579038084750067,0.03405124508408697,0.0473402698716175
504,0.011093022134278195,0.47154491832173295,0.021076742055128567,0.02634592756891071,0.01561240152231746,0.009580337297785714,0.013597898100082948,0.02479616712368067,0.016212878503945052,0.00527429516682795,0.02218604426855639,0.012398083561840335,0.003345990028407149,0.020073087671551016,0.006291564792575693,0.2618867736861389,0.007294833652485893,0.008106439251972526,0.03010963150732653,0.013172963784455354
505,0.11988082138782935,0.02857588526398755,0.02381323771998962,0.0126647199392557,0.0336186885458677,0.3554663480431673,0.012424297940864151,0.02597807751271595,0.04396290040613469,0.02567823234829151,0.15011889680539653,0.03175098362665282,0.007519969806312512,0.03571985657998443,0.006067475685955572,0.009853753539306051,0.010391231005086382,0.019684577758406402,0.02198145020306734,0.024848595881728303
506,0.11860548317128293,0.03218296127598697,0.009163624435094333,0.04741216863643023,0.034481577190131084,0.47271714059195297,0.02709266779224585,0.0361235570563278,0.018061778528163902,0.0124359786587358,0.03160811242428682,0.019963018373233787,0.009981509186616892,0.034481577190131084,0.007985207349293514,0.005743913272998429,0.01764173716704381,0.012207315865408823,0.03160811242428682,0.020502559410348214
507,0.016282703749535197,0.04214346852820873,0.03256540749907039,0.011679698227969352,0.03256540749907039,0.4455022099727627,0.025587105892126732,0.051174211784253465,0.06513081499814077,0.018853656973146015,0.051174211784253465,0.031149520216502108,0.014328779299590972,0.044777435311221775,0.005693398394929808,0.010383173405500703,0.012569104648764009,0.01756615979547161,0.047762597665303226,0.023110934354178988
508,0.004307898774542634,0.2346264617847117,0.01527559461944342,0.031245534448861537,0.020740728609501075,0.012646068600448658,0.013219264574518344,0.006623396213236368,0.023703508892239787,0.010108849380514031,0.03818898654860855,0.03273341704166447,0.009165356771666053,0.024550062781248348,0.010415178149620516,0.007723615257021955,0.012498213779544616,0.42824891228208206,0.031245534448861537,0.03273341704166447
509,0.011753116584980927,0.07326160809276475,0.07948587269124777,0.5349433633881685,0.03299913502706183,0.0072268397197149895,0.013618690646089013,0.027676693893664762,0.007502213527585531,0.010337078442212143,0.03299913502706183,0.017509745116400157,0.006863820085628861,0.01959483053578301,0.008171214387653407,0.033683497973684945,0.01059231494695812,0.010782428802710074,0.03899897775925489,0.02199942335137455
510,0.1390609930163789,0.025796014669738136,0.02063681173579051,0.06073451972110411,0.027153699652355933,0.32156470292759776,0.01779035494464699,0.023450922427034674,0.028436442430799024,0.008321295054754235,0.03968617641498174,0.021496678891448448,0.006971895856685982,0.014740579811278938,0.003663106177596801,0.159550656238599,0.009380368970813869,0.02793257787444689,0.01783618851421003,0.025796014669738136
511,0.027108256105738564,0.12495615195407109,0.019879387810874942,0.017470519126725665,0.0727640045161722,0.005375544346684822,0.03180702049739991,0.009317610200920354,0.1341858677234059,0.17288444428739083,0.05963816343262484,0.04543860071057131,0.004582431246354273,0.12495615195407109,0.017039475266464245,0.02342244327413788,0.03847623447266118,0.005316595384631273,0.04771053074609987,0.017670566942999948
512,0.08288298789351722,0.022007887798710813,0.024758873773549666,0.020167650979158167,0.02285434502173815,0.3646971476055526,0.011427172510869077,0.042443783611799436,0.017476852075446823,0.008029905007637728,0.02285434502173815,0.013818906292213768,0.09126441363555829,0.06768777344637238,0.0037573313644962765,0.08702713728819306,0.008252957924516555,0.047729730073703125,0.018006453653490666,0.02285434502173815
513,0.0014964793766275622,0.005237677818196468,0.0066661354049773235,0.005237677818196468,0.020252942600931217,0.0011457420227304774,0.028426284513968954,0.34434562605571756,0.003055312060614606,0.044579283122247355,0.01434341490665217,0.002618838909098234,0.0031664721990243895,0.0038593415502500283,0.0009523050578539033,0.0005606897339132911,0.0896768824667096,0.41940191546002215,0.0021566908663161926,0.0028202880559519447
514,0.14995481541565503,0.03730278838903473,0.008477906452053348,0.009537644758560015,0.0031351982225983482,0.004624312610210918,0.005963869501565687,0.010597383065066685,0.015472996149704737,0.001868532652448472,0.010900165438354306,0.04606586458442058,0.2752308235720546,0.03666383417188706,0.0005741914737472904,0.15647871404977665,0.11450527753153399,0.061767604150674414,0.00283660791568422,0.04804146989496898
515,0.011589675267676193,0.03387751232089963,0.02446709223176085,0.03387751232089963,0.02446709223176085,0.03226528523082432,0.010242038608644075,0.017915428523869167,0.33185182430557847,0.00830957849380557,0.018350319173820632,0.012233546115880425,0.0057948376338380955,0.020018530007804333,0.27377049720000246,0.04586282526199865,0.0065937882379662055,0.008987911432075411,0.014680255339056512,0.0648444500618385
516,0.005103965265193951,0.024176677571971342,0.01640560263812341,0.012759913162984879,0.031816043825304,0.006959952634355387,0.010948533290581918,0.20156113028407868,0.014354902308357986,0.2839114288195928,0.2912845861261438,0.00805889252399045,0.0021249259489676555,0.01068271799691757,0.00407263029527491,0.00560191309594458,0.0047356378749222215,0.028552797375210926,0.022967843693372774,0.013919905268710776
517,0.01700959643076439,0.04149380824395975,0.030736154254784993,0.008184720431428748,0.036081572386051954,0.5094707229296026,0.024408122496446905,0.02963843445997125,0.023052115691088743,0.008468124131420358,0.025147762572096815,0.03772164385814523,0.01595915701690759,0.02861641947859293,0.005878057327758122,0.009998508010592709,0.01728908676831656,0.05855188114509872,0.04367769288837868,0.02861641947859293
518,0.0154796319932859,0.004612221201792617,0.07407147886406369,0.0412790186487624,0.03810370952193453,0.011007738306336641,0.0067237033361392485,0.01834623051056107,0.019051854760967265,0.0070764031969306985,0.026070959146586782,0.04393125220882047,0.29481378156251203,0.021536879295006476,0.006433093815391545,0.009525927380483632,0.008690319715528928,0.010109147424186712,0.033023214919009926,0.31011343419169957
519,0.04338932640707047,0.12770267658444603,0.012219895429531957,0.01368628288107579,0.013264260797482625,0.003719098608987987,0.010692408500840463,0.2120414147561054,0.00670896219660578,0.0693209594962526,0.03582503251277794,0.01046114557945419,0.0031977296451111666,0.007957141209927786,0.002715532317673769,0.003463289085308202,0.06734535939237862,0.33817528666813357,0.00670896219660578,0.011405235734229828
520,0.0037248983810387474,0.008882449985553936,0.004948793563380051,0.007216990613262574,0.010497440892018288,0.003363257761520423,0.0069283109887320685,0.3908089284340295,0.005170381334874679,0.21508864739848504,0.23978269809034897,0.004745418485432925,0.029562678118065948,0.008979483338515068,0.0020619973180750206,0.002685391856097701,0.002706371479973464,0.040198945076401885,0.007698123320813412,0.004948793563380051
521,0.05085163598702006,0.015619218869988476,0.0797728396280195,0.37825661615457845,0.01845907684635002,0.0038682391193951395,0.04195369546238099,0.014857305754379284,0.008834934907776605,0.016131033294062767,0.05308426772791063,0.012182990718591013,0.005972054273819123,0.13413238925887477,0.014060157398203361,0.04563384418715125,0.004952435251459761,0.015855034505479832,0.012690615331865638,0.0728316153226934
522,0.04514217692291719,0.02453355751656906,0.1296343445892422,0.12378699445799068,0.00858674513079917,0.057604576853036,0.05451901670348679,0.016619506704772583,0.10768477375773805,0.02533793645153854,0.038163311692440756,0.03653934098212413,0.0017034419837427194,0.09408433436631336,0.05393327520171381,0.07215752210755606,0.07441845780025949,0.026342030457762917,0.005743032973761168,0.003465623346235188
523,0.003236097500261724,0.007910460556195325,0.007119414500575794,0.008899268125719742,0.005932845417146494,0.002966422708573247,0.003955230278097662,0.31398714976042935,0.004939393931466999,0.1974780016651172,0.08484301068306242,0.00444963406285987,0.0016950986906132841,0.0045931706455327685,0.002373138166858598,0.0020939454413458213,0.0013590401352222396,0.32757387800474114,0.008899268125719742,0.005695531600460634
524,0.06029486662663717,0.05327196671102514,0.10975170483804247,0.017757322237008377,0.014797768530840315,0.02296166322962628,0.04056454415638292,0.008123335549955974,0.0076217507746021524,0.0042279338659543765,0.027333672870742187,0.16341960435387595,0.004296126347663317,0.128126591581604,0.004672979536054837,0.19406024489431106,0.08348297322426852,0.017757322237008377,0.028472575907023106,0.009005052527373481
525,0.03535635012508049,0.14093154252503626,0.059624883375976885,0.10908643435832137,0.019970056633102307,0.056321676090173245,0.035024407018056355,0.013797493673779778,0.06143169802373375,0.03389543505499309,0.06695842518157832,0.05374294680398493,0.0018508832977021652,0.06480063139930088,0.054772121432214875,0.04684607993592266,0.04311716773056179,0.026085886476989877,0.016475710964184258,0.05991016989930693
526,0.03791500094319488,0.07742479802793675,0.0028805632951298854,0.07306901774618761,0.04301377668218711,0.013422251060366255,0.06835702888952977,0.106674166171824,0.11470340448583226,0.048748946906478706,0.05161653201862453,0.017743182881402184,0.0006105890691360204,0.0326904702784622,0.04154501357596608,0.04231831427776881,0.059918239878092465,0.06449517309829778,0.04516446551629647,0.057689065197286234
527,0.07887566889364066,0.15013466418284577,0.07569289319218474,0.015291493574178737,0.09830245869114901,0.02752468843352172,0.09778507732961664,0.01376234421676086,0.020643516325141293,0.0017419699105300011,0.024286489794283876,0.030582987148357468,0.09924733187327857,0.050690191320052896,0.011864089842035226,0.05729463760163997,0.07918715505106046,0.008340814676824765,0.015291493574178737,0.04346003436871851
528,0.01311963661644544,0.025046578995032206,0.03306148427344251,0.01320246603412327,0.02582928458862696,0.5095904743380101,0.03306148427344251,0.031789888724463956,0.03593639594939403,0.009839727462334082,0.05510247378907085,0.03443904611816928,0.011807672954800896,0.029519182387002244,0.044697370552278355,0.009082825349846843,0.014759591193501124,0.010773290781016081,0.031789888724463956,0.027551236894535425
529,0.14299026225255584,0.029619411466600864,0.015409659434155336,0.009216546357702693,0.018248280908868163,0.42753019339767756,0.01359675832425471,0.01612638777993,0.03014933367552131,0.005375462593310001,0.01612638777993,0.04676749178936977,0.005174885630873061,0.01874147769018892,0.010390656557015297,0.1051011374621321,0.01019756874319103,0.04164530261405886,0.019812419272485428,0.017780376270179234
530,0.07384192472701201,0.07230355129519929,0.01025549522709736,0.002507051028939162,0.1079733032674976,0.00425699801879513,0.11706289257317977,0.0066359086763571155,0.13929366838217438,0.09045382548864433,0.07517663232037912,0.05129320824399355,0.0019791306578608933,0.05987241531944716,0.06774366631210271,0.022953508347682307,0.014135468101484647,0.0034710906922483364,0.008677726730620844,0.07011253458928415
531,0.008999639076981977,0.02924882700019142,0.024630591158055933,0.027528307764886042,0.031198748800204176,0.008508749672782957,0.017332638222335658,0.2848263058134407,0.031198748800204176,0.13704978793563014,0.28945521036037786,0.02924882700019142,0.004679812320030626,0.016137283862174577,0.006410701808261133,0.008356807714340405,0.007467463171687862,0.002389633141923469,0.017999278153963953,0.017332638222335658
532,0.011543816624085683,0.07109344617090829,0.03607442695026777,0.03847938874695229,0.134078106603898,0.013117973436461006,0.10949923112360876,0.026235946872922012,0.04439929470802186,0.011099823677005466,0.02885954156021421,0.01861905907110594,0.007495984820834859,0.04122791651459174,0.008129448326820905,0.007440593025493176,0.011099823677005466,0.01861905907110594,0.016976200917773066,0.34591091810092356
533,0.5601757918896632,0.023265462118688417,0.023265462118688417,0.04644090637203691,0.026686853606730832,0.014402428930616636,0.013747773070134063,0.01814706045257697,0.026686853606730832,0.007959237040603931,0.043207286791849916,0.023265462118688417,0.00593041191260685,0.020621659605201098,0.008101366273471858,0.03440193992564532,0.027762853107342427,0.030449836540987527,0.02160364339592496,0.023877711121811796
534,0.012387059737705696,0.04652368719187089,0.5448048216596689,0.07007491459027136,0.025255715904158482,0.01046171915616727,0.018415626180115562,0.028514517956307963,0.02762343927017334,0.008339151477788178,0.025255715904158482,0.009436547119207743,0.009608152789625509,0.0339980791017518,0.010650000682476471,0.007428151736517202,0.012999265538905102,0.028514517956307963,0.040179548029343044,0.029529368017478984
535,0.006024846100398102,0.026337940565598728,0.4915536402103051,0.02059799008711912,0.03038993142184469,0.05039692967702943,0.011486795074934915,0.029264378406220808,0.03435383552034617,0.01039655548642055,0.028219222034570064,0.008258170731280712,0.005130767642649102,0.026337940565598728,0.009635831914243437,0.005896553857969863,0.007118362315026683,0.015773423459913463,0.03762562937942675,0.14520125554910387
536,0.004586685890912518,0.0577371048034187,0.029864019725906223,0.039366207820512755,0.03608569050213669,0.020140850512820475,0.012028563500712228,0.014195413043924479,0.03207616933523261,0.009312436258615919,0.02279096242240211,0.019974471440534974,0.022107138369062432,0.03330986815581848,0.0070411103418803285,0.008574817545062183,0.5352048427669444,0.013122069273504249,0.0577371048034187,0.024744473487179442
537,0.5302852237325696,0.021490785485581088,0.01680687534185759,0.025283277041860105,0.03737527910535842,0.008881691722382415,0.019991428358680084,0.03183820071937939,0.05730876129488291,0.010233707374086234,0.03438525677692974,0.04298157097116218,0.0077444272020112045,0.02773004578784657,0.00834593611090528,0.0066969983403119245,0.006098071922890915,0.040299005214995215,0.03438525677692974,0.03183820071937939
538,0.6410752816569164,0.003131138621670903,0.0018854702109047715,0.006234314969943126,0.004905690468151968,0.18544660435830368,0.003324967983969666,0.007124931394220715,0.010687397091331069,0.0020219399902518245,0.006649935967939332,0.004214748148693943,0.0015425109203982988,0.006505372142549348,0.08670253267607927,0.012386536946380474,0.002107374074346972,0.0019017081871484276,0.006505372142549348,0.005646172048250378
539,0.01181389902093051,0.021339777499856567,0.022221381491750243,0.02828175826222758,0.030106387827532586,0.013116084508455729,0.01696905495733655,0.03333207223762537,0.03589607779436577,0.006420263080628918,0.02828175826222758,0.027449941842750295,0.006526559598975598,0.0182999612285002,0.05543444766942337,0.007291390801980549,0.010852302588994306,0.01944370880528146,0.5786414142589292,0.02828175826222758
540,0.005914808765976878,0.024904129756370484,0.5743697353411888,0.022050961456470036,0.02424875792067652,0.03695815697090523,0.009052717865984548,0.02142913490664437,0.05759080006160675,0.007943558629187136,0.0460726400492854,0.04303732991603097,0.0041694696877181345,0.030715093366190268,0.009598466676934456,0.007033990847219143,0.0071430449688814545,0.011266436748356565,0.0460726400492854,0.010428126015087417
541,0.002518358689683166,0.02242677041834496,0.050969932768965824,0.031148292247701336,0.04004780431847314,0.012188462183883135,0.013674860011185957,0.005407723936627943,0.035041828778664005,0.007896750147304565,0.050969932768965824,0.01046525600279637,0.002957516500639944,0.280334630229312,0.007188067441777231,0.006772416975800316,0.34599658467922634,0.014376134883554466,0.04312840465066339,0.016490272366430123
542,0.007725226234170691,0.005141221306170179,0.0178899975949216,0.02832582952529253,0.026146919561808493,0.009303517223158225,0.0037885286300545426,0.019423425960200594,0.31424265745294105,0.009024116446836459,0.029557387330740034,0.016995497715175514,0.0030349103062813423,0.02060060329112184,0.42163115843206467,0.01420339016813973,0.006936937842928782,0.009997351597162068,0.023442065814035202,0.012589257566796677
543,0.018823766855397196,0.029580205058481305,0.03654025330753573,0.03654025330753573,0.039348608284923696,0.018270126653767864,0.01725511961744743,0.3856294525137355,0.029580205058481305,0.006470669856542785,0.0554476208223212,0.07535103568492164,0.011945852042848218,0.023891704085696436,0.007395051264620326,0.010540436243571169,0.007426727468660323,0.13172688316462725,0.019412009569628356,0.03882401913925672
544,0.00635311832060677,0.015247483969456244,0.014755629647860884,0.01429451622136523,0.012706236641213538,0.017040609574986765,0.2367622457199564,0.01192244619679463,0.012037487344307561,0.003843903521711658,0.016941648854951384,0.023502975561544435,0.002876883767821933,0.010891059978183031,0.003530115479122952,0.28931275295325004,0.27784895364056006,0.007260706652122022,0.012706236641213538,0.01016498931297083
545,0.0567141477520715,0.04685081770823297,0.00596432853412519,0.0065743161389682616,0.03428108612797534,0.003758344007804914,0.017140543063987674,0.11154956597198329,0.17061940435626238,0.021752165364536735,0.04771844178314487,0.016159505981103293,0.0012701810767118456,0.10098827294294956,0.15756123626448262,0.10374109635394446,0.062411615681682846,0.022462720819015812,0.006235434376585426,0.0062467756944310626
546,0.03180286982584624,0.08483187365441336,0.02722632666111344,0.005761238237201558,0.23119973019403356,0.0035453773767394206,0.09384393444894422,0.052493893567963065,0.006145320786348329,0.0012432472872059917,0.02386723441071633,0.01726287639569619,0.0012456731323679045,0.008874577302012835,0.002378833852779998,0.00327818298704097,0.019190710307905923,0.030741941022332134,0.18705944969398924,0.16800670885534913
