site,A,C,D,E,F,G,H,I,K,L,M,N,P,Q,R,S,T,V,W,Y
451,0.012469266223517537,0.4542722282109836,0.027247655821760548,0.025368507144397756,0.02745193840788267,0.006940741673174939,0.031986378573371076,0.09196083839844185,0.040871483732640816,0.010077900098459382,0.03872035300987025,0.0565912851682719,0.010662126191123694,0.025368507144397756,0.02116957099954632,0.01124950671342455,0.022293536581440444,0.012906784336623416,0.03315257549323375,0.039238816077437816
452,0.06065091054740835,0.019272277032814214,0.04496864640989982,0.014098941462079297,0.028908415549221318,0.005141572711510942,0.024528352587218086,0.10557856113628655,0.03237742541512787,0.0065197646728798846,0.009118299675212802,0.03519285371209552,0.01284818468854281,0.02698118784593989,0.006040564443120873,0.008611017397640393,0.01245285592889534,0.4963142719454253,0.02248432320494991,0.027911573633730927
453,0.014250099283664785,0.005190294648132774,0.07454021636025672,0.021182580016258463,0.028192567976076013,0.006815264874796201,0.08857110581280307,0.034076324373981,0.04125028740008226,0.009113435588390268,0.04354197003342017,0.02924452658447691,0.013513025182785573,0.03732168860007443,0.009675993340760037,0.00921193568370602,0.021770985016710088,0.00979694325751954,0.01959388651503908,0.4831468694510666
454,0.012940902895245627,0.038283504398434975,0.007952075186362132,0.04375257645535426,0.03168290019180826,0.01020893450624933,0.03445299135489315,0.029166059548508306,0.029638842114917404,0.012250721407499195,0.04594020527812197,0.5219115920816209,0.015062362386269498,0.03168290019180826,0.00998700114741782,0.022510556492212643,0.021892359717112373,0.012761168132811659,0.038283504398434975,0.029638842114917404
455,0.011374762532284902,0.04625736763129195,0.036518974445756795,0.031539114294062684,0.021683141077168094,0.008068145517085804,0.03854780635940996,0.061258160438688807,0.06806383897484429,0.03106900730345163,0.4174736478191902,0.04625736763129195,0.015083924227595196,0.05337388572841378,0.007624840818344824,0.014762989669561253,0.015831086235385327,0.0030850666902078974,0.018752986877550785,0.05337388572841378
456,0.021414959962674788,0.01829194496811805,0.02832301156353762,0.04390066792348333,0.03376974455652563,0.009977424528064393,0.036583889936236104,0.016479228664148946,0.06587391311045196,0.009684218528129378,0.4960465032655517,0.04877851991498147,0.013718958726088536,0.03251901327665431,0.009357273962355543,0.016566289782446533,0.01430422243822406,0.009379982441283312,0.03512053433878665,0.039909698112257565
457,0.013530437296750002,0.023001743404475007,0.02359153169689744,0.01705002912382026,0.03066899120596667,0.5028885633597241,0.036802789447160006,0.04182135164450001,0.05750435851118751,0.010000758001945652,0.032859633434964286,0.040003032007782616,0.012603695016150687,0.048424722956789484,0.03064753893597181,0.011085177544325303,0.014154919018138461,0.010876164015782244,0.013732384122074628,0.028752179255593757
458,0.011788113739377309,0.018991961024552334,0.03662735340449378,0.009705327237922945,0.02136595615262138,0.009767294241198342,0.02385036965874014,0.1024532892400806,0.5953893393345776,0.00737817190881889,0.02010913520246718,0.03732798652605149,0.009156838351123445,0.02727104625483071,0.0035800260868537053,0.0072222950375058145,0.011368296710044764,0.00932332632114387,0.016812555661079115,0.020511317906516523
459,0.012395610117518434,0.03667034659765869,0.03143172565513603,0.02750275994824403,0.02378617076604889,0.06521093390427203,0.02588495053952379,0.044428705626127836,0.016721224252511917,0.008462387676382778,0.016924775352765556,0.048893795463544935,0.01128318356851037,0.02666934298011542,0.5347422900304009,0.006259051093498333,0.01600160578806925,0.009888632790379876,0.012395610117518434,0.02444689773177247
460,0.01083586742952292,0.02736644867424129,0.014781703409660292,0.45951811897039824,0.032125831052370206,0.0520661809093642,0.033586096100205215,0.03078725475852145,0.14760570826059205,0.009236176427556433,0.02736644867424129,0.032125831052370206,0.01394139838121726,0.029555764568180588,0.006717219220041042,0.009985055597358307,0.01394139838121726,0.007345249400525777,0.01802180766352475,0.02309044106889109
461,0.016497604935314415,0.01919721301563859,0.031054315172356538,0.005521787322670749,0.021996806580419217,0.007596019538562033,0.021996806580419217,0.03016704902457492,0.6589715071540008,0.007231826820959741,0.015530056715221969,0.027223232129173717,0.009867726316449742,0.0332578140560982,0.0029310610393609537,0.008947853524238325,0.030511026601341674,0.009343776246549756,0.015083524512287462,0.027072992714362105
462,0.011937050124085996,0.020889837717150493,0.026954629312452252,0.00518984829706604,0.02457627966723588,0.021952172257925496,0.025321015414727872,0.023210930796833885,0.5213264656279337,0.006579476446346613,0.013097552572464016,0.017782968373749482,0.00918234624929692,0.06992753239197295,0.13896598648385924,0.006144069916808971,0.010315969243037284,0.011768922657549573,0.016711870173720392,0.01816507627578304
463,0.05089472981291453,0.008060966523163482,0.015047137509905164,0.05060269516442823,0.005129705969285852,0.0018500578905621106,0.019326196207032006,0.0834134796744743,0.021371166382971,0.11770744665006459,0.30470453457557967,0.0033192215095379043,0.11769595804551006,0.07001299777735705,0.0006588726446399612,0.006966267365696838,0.02745085897077294,0.05194845092705356,0.0043405204355495665,0.039498735963501064
464,0.08843015511569205,0.027977510620516167,0.027977510620516167,0.00933690695356379,0.03245391231979875,0.5047684347776856,0.025354618999842777,0.03245391231979875,0.02704492693316563,0.00965890247613058,0.027977510620516167,0.03004991881462848,0.01330078373762244,0.03004991881462848,0.019785470131394707,0.011590682971356696,0.018439722908976566,0.010761842938566269,0.02253743911097136,0.03004991881462848
465,0.010393001730261408,0.07377387037372925,0.023955016176924082,0.45909620135551604,0.046108668983580785,0.002443908010379142,0.033533577442604205,0.08197096708192138,0.01219109201152908,0.012942784276092849,0.02379802270120298,0.0526956216955209,0.012719632823056767,0.025439265646113533,0.012295645062288207,0.012295645062288207,0.028374565528357404,0.010363340781364788,0.033533577442604205,0.032075595814664896
466,0.011494443590255683,0.0164966600644928,0.01935906288885168,0.030651849574015157,0.45811093908537714,0.010077320407895394,0.01935906288885168,0.02163659969930482,0.03198453868592886,0.0034907444596986525,0.02942577559105455,0.022292254235647384,0.00955382324384888,0.030651849574015157,0.007662962393503791,0.005890486507201556,0.015652008293114122,0.0188626766609324,0.22292254235647388,0.014424399799536546
467,0.009574432021231675,0.049345149647886354,0.040092934088907656,0.007699403667620594,0.0427657963615015,0.3985511481314072,0.05345724545187686,0.040092934088907656,0.040092934088907656,0.010346563635847133,0.023758775756389718,0.05345724545187686,0.014918301056337731,0.05345724545187686,0.04417568028029509,0.011060119748664178,0.023758775756389718,0.0077872732022609085,0.03284224575031322,0.0427657963615015
468,0.003269152844534399,0.012422780809230713,0.008470077824475487,0.0015679801900508547,0.012422780809230713,0.0027403192961538343,0.06776062259580391,0.1347451203637008,0.11548306667972175,0.044216677456583905,0.01620362714247485,0.00656997389381075,0.003388031129790196,0.009317085606923037,0.08607727446096465,0.050533345664667315,0.13709041998982624,0.14615036246153784,0.008470077824475487,0.13310122295604337
469,0.5888019849445569,0.02254184389175711,0.03155858144845996,0.029046303024966826,0.017213771699159976,0.006714591797544671,0.020581683553343447,0.0411633671066869,0.0498293391291473,0.008848200406110267,0.024275831883430733,0.04303442924789994,0.011270921945878556,0.03155858144845996,0.009467574434537985,0.007184144567108453,0.0097100173856953,0.006316124299750616,0.017213771699159976,0.023668936086344964
470,0.009614686238104412,0.024036715595261025,0.012540895093179667,0.005136776951505583,0.0188113426397695,0.006009178898815257,0.02060289908165231,0.01833700943801777,0.5404374922530875,0.004754515172688995,0.011693537316613472,0.007954431922363113,0.007092801323191779,0.021696113185768934,0.17965108400762875,0.005408261008933732,0.049860777516938286,0.032288125426470034,0.010552704407675573,0.013520652522334326
471,0.010686970789786955,0.04264893147062504,0.05116547813853252,0.02662693310799708,0.027784625851823043,0.3971017033214563,0.04260309297279533,0.03550257747732945,0.05325386621599417,0.013892312925911518,0.05325386621599417,0.06390463945919299,0.015215390347426902,0.037590964387760585,0.011385377259242171,0.035636165520992934,0.012780927891838595,0.01243514943139897,0.024578707484304994,0.031952319729596494
472,0.015716805729365665,0.018379199692123517,0.03506056662704648,0.03038582441010695,0.04340832058586706,0.0031207089523552748,0.02532152034175579,0.025466879602895582,0.0325562404394003,0.01248732510004395,0.03376202712234105,0.02432427668194589,0.01125400904078035,0.02463715492711374,0.005263383354493302,0.5658232096462645,0.018702083731304903,0.012318577463556869,0.018603565965371598,0.04340832058586706
473,0.00902202629109053,0.07789008049297072,0.03040757009219401,0.027366813082974607,0.043210757499433594,0.00513127745305774,0.007839908378993664,0.051312774530577386,0.027366813082974607,0.011758948658103736,0.035695843151706014,0.02932158544604422,0.0067406798951046105,0.021605378749716794,0.5096550985043594,0.0268319218072341,0.014155248146366175,0.012630836807526741,0.017847921575853003,0.03420851635371826
474,0.34977413282724296,0.22450584407551236,0.006467509442346724,0.017008018490569116,0.011225292203775617,0.00425200462264228,0.012756013867926838,0.015169313788885969,0.020787578155140037,0.005149216607236522,0.026726886199465758,0.0165077826526112,0.005255432707756831,0.2280137478891923,0.005557075348403772,0.005624897892576777,0.004503303663751713,0.003420588757211791,0.020787578155140037,0.0165077826526112
475,0.01234171562363995,0.026226145700234894,0.023978190354500474,0.027974555413583888,0.050354199744451,0.010759444389839959,0.03227833316951987,0.522354171843232,0.031082839348426542,0.007467073682846927,0.023978190354500474,0.025909050742542003,0.010360946449475515,0.04662425902263981,0.009429625420309173,0.011105514552338377,0.0501769376424891,0.00455413407662769,0.041961833120375824,0.031082839348426542
476,0.01615835531188,0.06631779868267275,0.023582464509230277,0.02493003390975772,0.028146812478758717,0.005032049696417101,0.024237532967820004,0.05817007912276802,0.03355966103236617,0.018861700109016222,0.021813779671038005,0.03490204747366082,0.008903583539199187,0.025663270201221184,0.0037071165144231086,0.007721691918951507,0.011331833595344417,0.008639120661797233,0.5403840604801332,0.03793700812354437
477,0.007382328352637698,0.02339306470613443,0.007849564324323629,0.01170029399285975,0.35005431509743135,0.005487748509925369,0.06520292715535493,0.013780346258257038,0.02480462326486267,0.005041590094484282,0.0172254328228213,0.010918150762409918,0.005041590094484282,0.02583814923423195,0.0062637937537532,0.004005998472733079,0.008268207754954222,0.005439610365101462,0.01550288954053917,0.38679937544270027
478,0.010178429366896793,0.02205326362827639,0.03430507675509661,0.022591148107014836,0.03430507675509661,0.011724519903640611,0.018524741447752166,0.011011844207486174,0.028944908512112757,0.006820748020482409,0.5781806123699302,0.0201355885301654,0.0066159790884829164,0.019707171752927837,0.0342596054786515,0.008344478129618095,0.08137100126694273,0.005559092929828728,0.01890279739566547,0.026463916353931666
479,0.017341750448838168,0.019322337295344882,0.0507865548858832,0.0374216720211771,0.039500653800131375,0.008799933798984704,0.029625490350098538,0.06463743349112407,0.03231871674556204,0.011041892941541917,0.0374216720211771,0.04443823552514781,0.0126966387214708,0.03231871674556204,0.005450379869817682,0.008670875224419084,0.016928851628627735,0.017775294210059123,0.44240172343479617,0.07110117684023648
480,0.022164689226068658,0.049444306735076236,0.03383031513452584,0.03570977708644395,0.04728538946805704,0.01367608484161683,0.026782332814832957,0.040173499222249436,0.01947806022896942,0.3992958876875279,0.0691610236869265,0.025711039502239637,0.009452588052293985,0.018365028215885457,0.016069399688899776,0.09663776607182077,0.013391166407416479,0.011773846303234903,0.03422547563791481,0.01737232398799976
481,0.01709022770994508,0.054965891188673295,0.0507377457126215,0.05549503385054919,0.08244883678300996,0.4095859229829528,0.03664392745911553,0.03297953471320398,0.01939972630188469,0.018845448407545127,0.03664392745911553,0.019987596795881198,0.007248249387517358,0.0299813951938218,0.005062185541182376,0.011571766566036482,0.0140338445588102,0.012081608045690409,0.04397271295093864,0.04122441839150499
482,0.25624986010482104,0.05151764359867137,0.011513556583094442,0.022896730488298392,0.016485645951574843,0.009366844290667522,0.02943865348495507,0.022896730488298392,0.018733688581335044,0.007493475432534018,0.019625768989970045,0.019625768989970045,0.004579346097659677,0.027476076585958065,0.009366844290667522,0.40395481090382573,0.00484584842399444,0.0038287891819209965,0.034345095732447574,0.025758821799335686
483,0.015882222491727337,0.03845169655891881,0.026092222664980624,0.045661389663716086,0.045661389663716086,0.02716937955545267,0.02705860128220213,0.019225848279459404,0.09180242448270753,0.011596543406658054,0.025192490848946814,0.025192490848946814,0.01141534741592902,0.031764444983454675,0.4542649518504932,0.011207237020125799,0.01461164469238915,0.015544302864243773,0.031764444983454675,0.030440926442477395
484,0.017061441446801707,0.028439863622735196,0.046309626784176064,0.029469762499021133,0.40237619711156586,0.012966695499569294,0.03241673874892324,0.02235637155098155,0.03601859860991472,0.040151426941609496,0.03601859860991472,0.029469762499021133,0.016623968589191407,0.10805579582974417,0.010291028174261347,0.0071630772731861424,0.014734881249510567,0.01867558578057724,0.023154813392088032,0.06824576578720683
485,0.012866215317020414,0.05789796892659186,0.03859864595106123,0.034738781355955116,0.028035863874799772,0.012866215317020414,0.03859864595106123,0.21514329620319209,0.03859864595106123,0.21548494640424745,0.020211322538594083,0.06947756271191023,0.020434577268208895,0.03158071032359556,0.01336106975229043,0.01388328113718531,0.03158071032359556,0.018682900203003634,0.018481077777695178,0.06947756271191023
486,0.03478651005197239,0.03717176607557322,0.1206592157575115,0.32282099436521816,0.07434353215114643,0.026115629379917942,0.06505059063225314,0.03469364833720168,0.009442097812819215,0.023654760229910237,0.023654760229910237,0.0520404725058025,0.018585883037786608,0.02924030936343392,0.010408094501160505,0.012102435466465703,0.015306021325236034,0.010493083899403037,0.02738972237147501,0.0520404725058025
487,0.020147805515737714,0.06977311732335509,0.04945370444771985,0.03626604992832788,0.3373888406480418,0.033999421807807385,0.03626604992832788,0.04184544222499371,0.033999421807807385,0.040779337809658964,0.04945370444771985,0.03022170827360657,0.020147805515737714,0.03885648206606559,0.01813302496416394,0.03578643332801409,0.021759629956996727,0.020613753070633727,0.03022170827360657,0.034886558661677544
488,0.022016877828182974,0.0836520296029198,0.06370759318149852,0.3106667657007828,0.055768019735279846,0.01799044622029034,0.05019121776175187,0.07170173965964552,0.02528889417474119,0.019304314523750712,0.029524245742206974,0.017925434914911376,0.03136951110109491,0.03136951110109491,0.012547804440437967,0.016730405920583953,0.018589339911759945,0.021273412955563,0.05019121776175187,0.05019121776175187
489,0.36965811432285295,0.03132776142986656,0.03504801717492292,0.035013380421615566,0.06613638524082939,0.020525085074740157,0.021258123827409447,0.028344165103212603,0.04960228893062203,0.016087228842363906,0.039681831144497644,0.027055793962157477,0.01123070692768801,0.024801144465311023,0.010822317584862991,0.06423715935841305,0.03716295701815546,0.006698064210081163,0.04578672824365112,0.05952274671674645
490,0.014531165896275603,0.058124663585102404,0.047556542933265604,0.047556542933265604,0.08328086677312128,0.015852180977755204,0.02492615087970017,0.0459725891302816,0.040240151712763204,0.3247519940406367,0.043593497688826796,0.027532735382416934,0.026494360925605445,0.023778271466632802,0.025565968638509903,0.012759072494290775,0.014138431682862749,0.013413383904254403,0.08718699537765359,0.022744433576779206
491,0.012864637475187308,0.04327196241653913,0.039665965548494206,0.009747814384355574,0.09519831731638607,0.2952222588230989,0.05288795406465893,0.06799879808313292,0.039665965548494206,0.014874737080685325,0.03661473742937927,0.022666266027710973,0.021635981208269563,0.02974947416137065,0.05969461239348322,0.013599759616626583,0.014874737080685325,0.017379118954041595,0.05288795406465893,0.0594989483227413
492,0.01686475770607902,0.03769769369594134,0.03560337737950015,0.07120675475900033,0.3977292605516084,0.0228878854582501,0.018310308366600078,0.038155081795965856,0.05826007207554571,0.024714422224052502,0.08010759910387534,0.04272405285540019,0.006606812297226832,0.023735584919666774,0.012324246015980821,0.004663611396934493,0.01124317180405268,0.02150813066288154,0.04005379955193767,0.03560337737950015
493,0.034683928301314275,0.05675551903851429,0.05675551903851429,0.03285845839071879,0.040616572915804255,0.02837775951925714,0.04459362210168979,0.041620713961577134,0.0480239007248967,0.3871462965967003,0.028401290072319684,0.03672415937786218,0.013283206583482067,0.019509709669489284,0.0168732624168556,0.007352715312147173,0.02714394388798509,0.023298344832610462,0.023122618867542855,0.03285845839071879
494,0.015382142015889973,0.08460178108739486,0.01550888208134302,0.16920356217478968,0.04230089054369742,0.030764284031779946,0.01497799346698526,0.022560474956638626,0.013328135135118144,0.01091635884998643,0.04230089054369742,0.209708258158096,0.009400197898599427,0.06768142486991587,0.014713353232590409,0.0456253763443415,0.029523758998779133,0.024171937453541386,0.11280237478319313,0.024527923373622376
495,0.020964342892605712,0.027240048064579116,0.017185309823616685,0.45746440983151204,0.03870954198650717,0.003734257110561701,0.028287742220909087,0.026267189205129864,0.010035285651406855,0.009429247406969694,0.04326360574962565,0.02228731205283746,0.017511459470086574,0.14709625954872724,0.012465784707519257,0.011491895277244316,0.0156485382498646,0.017185309823616685,0.03870954198650717,0.03502291894017315
496,0.013338916087019467,0.07350202864920982,0.41132525730498964,0.06995447001728489,0.03481675041278359,0.002789713715063664,0.016143295777168987,0.026460730313715538,0.04134489111518051,0.01696200661135611,0.06615182578428884,0.01873866924735654,0.009187753581151226,0.031500869421089914,0.01323036515685777,0.01696200661135611,0.015384145531229961,0.029816642622218496,0.031500869421089914,0.06088879261958908
497,0.013259793539665235,0.0570171122205605,0.043859317092738846,0.11403422444112103,0.043859317092738846,0.024790048791548048,0.353944865457028,0.038011408147040335,0.049580097583096096,0.00879940158460247,0.027151005819314525,0.03170630097086456,0.008692539513168712,0.038997814563656856,0.0358391304769802,0.01295843459558193,0.0114034224441121,0.033539477776800296,0.04751426018380043,0.005042027705580892
498,0.026713377086515985,0.13740241172920775,0.03278459915163325,0.03434577053980627,0.024042039377864383,0.013356688543257993,0.03606305906679658,0.02326648972051392,0.028850447253437262,0.008608556730002805,0.018980557403577146,0.04507882383349572,0.01182395379239232,0.02253941191674786,0.025960633551675653,0.011305500333598065,0.00890445902883866,0.019493545441511665,0.447940263582379,0.02253941191674786
499,0.009271140638408415,0.019932952372578097,0.024916190465722618,0.015946361898062478,0.019932952372578097,0.009271140638408415,0.012859969272631026,0.004255576687414674,0.03752193890527698,0.48210791691759375,0.24732981761853237,0.010774568850042214,0.007816844067677685,0.019932952372578097,0.004296031296781478,0.007521868819840791,0.009583595896165219,0.016762361616317906,0.020982055129029575,0.01898376416436009
500,0.13679326506210324,0.11826693310093647,0.03525094876331936,0.08654579312361901,0.002769717402832236,0.03586461821479584,0.07593641879431712,0.018280134858692756,0.058164065459476964,0.0023903040599785054,0.01744921963784309,0.06418103774838835,0.0008681203799921933,0.08616898586589179,0.05317631017084112,0.07289896204254445,0.06250466735943792,0.06755297117574699,0.0018762601761121596,0.003061266603130365
501,0.013067415974036453,0.03430196693184569,0.048426306256723325,0.03611263347093616,0.028387834702217125,0.0035765735712989955,0.020079200155226743,0.023670184607293823,0.016275538930802188,0.009147191181825517,0.03166335409093448,0.03742032756201348,0.007840449584421871,0.041162360318214825,0.5116999146685203,0.013694809555110462,0.015245318636375859,0.028387834702217125,0.05145295039776853,0.028387834702217125
502,0.08509583998980681,0.03849303390402196,0.134367726643427,0.10024379173077826,0.004755021835202714,0.03623238585103576,0.05389024746563074,0.016724559558299195,0.0026624911797968973,0.03355430502577009,0.018798923534522356,0.08705347667524967,0.022493320681306748,0.06519774206891808,0.019400489087627065,0.1030254730960588,0.08285625547840728,0.06949289359145921,0.0076986067808043936,0.017963415821876914
503,0.018780253416100377,0.08378882293337092,0.002183592054071181,0.03890195350477935,0.018780253416100377,0.01601845144314444,0.010851671235899668,0.03947408920519811,0.020636660612929975,0.006723794432924827,0.02367944995943091,0.338053047258577,0.007460648617354946,0.0259346356698529,0.010085691649387241,0.02859847048599579,0.23607827512752239,0.011346403105560648,0.045385612422242566,0.01723822344955655
504,0.013156179466832096,0.42207486202091893,0.021103743101045947,0.02637967887630743,0.017586452584204954,0.010049401476688544,0.013615318129707059,0.028138324134727926,0.016233648539266114,0.015049447496410571,0.022214466422153627,0.012790147333967238,0.03036582877019051,0.02009880295337709,0.00639507366698362,0.2621861511798646,0.00958398614367508,0.008275977686684683,0.030148204430065637,0.014554305586928237
505,0.15674510730230568,0.029781570387438075,0.02589701772820702,0.014711605040587416,0.04581780059605859,0.36983724131371226,0.013537077448835491,0.03503714163228009,0.04581780059605859,0.00838917475702481,0.04581780059605859,0.03722696298429759,0.008049073077685966,0.039708760516584105,0.010176261661055157,0.01044967382015371,0.011679047210760029,0.04060589027982471,0.024817975322865064,0.02589701772820702
506,0.2426244542014149,0.02550758036882497,0.0356571007707925,0.04433178216984431,0.026196053100362552,0.35836954332867854,0.02305252672831905,0.030332272010946112,0.014056418736779906,0.009605219470132934,0.02401304867533234,0.015576031573188544,0.007583068002736528,0.02881565841039881,0.006549013275090638,0.041286765903325105,0.01372174210018991,0.009575280773045312,0.026196053100362552,0.01695038730023459
507,0.015854736774877413,0.035439999849725984,0.027385454429333714,0.10048351952595176,0.030123999872267087,0.3742620364577504,0.022314073979457102,0.04303428553181012,0.060247999744534174,0.017719999924862995,0.04303428553181012,0.027385454429333714,0.012818723349900887,0.037654999840333866,0.018294636093967212,0.009413749960083467,0.010954181771733486,0.04976840507475474,0.04303428553181012,0.020775172325701436
508,0.0056464071698642815,0.06880128178084916,0.018763985940231584,0.03752797188046317,0.026472587890852262,0.015463664338666994,0.016849293497350808,0.008165532849048926,0.031754437745007295,0.012509323960154391,0.04586752118723276,0.03931501816048522,0.011628385653101264,0.031754437745007295,0.013105006053495075,0.009381992970115792,0.016512307627403792,0.5136378535097215,0.03752797188046317,0.03931501816048522
509,0.010257633012854643,0.03725140409931423,0.0574533196860138,0.44051512653945757,0.028311067115478802,0.18635605801887337,0.011796277964782836,0.02283150573828936,0.02788361975444581,0.009437022371826271,0.02722217991872962,0.01474534745597855,0.005849394032123719,0.016537947516115002,0.007372673727989275,0.02527773849596323,0.008959198454265448,0.010110355646180017,0.03217166717668047,0.019660463274638062
510,0.012351335394693097,0.035103795332285644,0.026678884452537095,0.12041579403043774,0.041685756957089204,0.4151190109367415,0.022999038321152663,0.03176057672921083,0.02899878744840988,0.011910216273454058,0.04764086509381623,0.030316914150610334,0.009393973398780665,0.020211276100406888,0.015270355061378854,0.04977403815771846,0.012584379458743909,0.01142289442523805,0.02301350271162364,0.03334860556567137
511,0.040186576976132815,0.11252241553317188,0.013395525658710942,0.02009328848806641,0.07797814964622261,0.006303776780569852,0.03325785680783406,0.011481879136037949,0.022963758272075894,0.19866760006678885,0.10716420526968753,0.06429852316181249,0.005542976134639008,0.15309172181383932,0.005845320287437502,0.041316490928307505,0.02381426783770834,0.00611213778234245,0.03214926158090625,0.02381426783770834
512,0.014793246744851506,0.028994763619908947,0.030202878770738486,0.037268648119356214,0.0278795804037586,0.4469417100905323,0.0139397902018793,0.05177636360698026,0.021965730015082535,0.009929713568461968,0.030202878770738486,0.017679733914578624,0.07585839319162224,0.02588818180349013,0.004851602512832183,0.06491364989531855,0.010355272721396051,0.03491093935051079,0.022652159078053864,0.028994763619908947
513,0.0019867143154047515,0.0068115919385305776,0.009536228713942807,0.0073355605491867764,0.021574562554734052,0.0015893714523238015,0.003076202810949293,0.49086394020667923,0.004146186397366439,0.05827053143104006,0.03561535991856128,0.0036677802745933882,0.001238471261551014,0.005019067744180425,0.001343130804780677,0.010569350990858472,0.00953622871394281,0.3209565250136124,0.002889766276952366,0.003973428630809503
514,0.08685610038723274,0.1250681733323823,0.0030398514351620692,0.0177139419467187,0.0038398123391520877,0.002279888576371552,0.018600749915710518,0.009948604696894044,0.019743299921870388,0.0015588684630948944,0.022448133675042975,0.033162015656313486,0.255083625063398,0.04460232481188398,0.000727823070980612,0.1280790738014952,0.11652763834787931,0.05252863279960055,0.003474115925899508,0.054717325832917246
515,0.012684727592477019,0.03911124341013747,0.026074162273424982,0.03610268622474228,0.02760793652480292,0.002754294455153926,0.01144719319321097,0.01988278278386375,0.3014023837280977,0.009578263692278563,0.022349281948649987,0.01380396826240146,0.006342363796238508,0.021333405496438623,0.28911048067827944,0.04877998866581085,0.0072425382820032035,0.009985849381311694,0.016183962790401712,0.07822248682027491
516,0.003943249445481298,0.019484291377672297,0.012267887163719593,0.009742145688836152,0.0289802588057234,0.005430048416728346,0.07499361203767921,0.15924215407336942,0.01003736222486149,0.20414247613198483,0.3312329534204292,0.005914874168221948,0.02208811962183194,0.008078852522449491,0.0030166256774818113,0.003990758474944928,0.0033799280961268278,0.06494763792557431,0.01840183074557939,0.010684933981304164
517,0.017797062140386392,0.04477363600082656,0.032719195539065556,0.008788302984424864,0.03866814018253203,0.525442517446431,0.026584346375490765,0.032719195539065556,0.023630530111547348,0.008861448791830257,0.026584346375490765,0.03866814018253203,0.017361205796238868,0.02933445117295533,0.006367556299719216,0.01076834283564183,0.018099980510972436,0.01655059223195956,0.04477363600082656,0.03150737348206313
518,0.022386130568554253,0.11607803524380601,0.02269688955693325,0.054099815540672794,0.09987658253662667,0.015097622941583103,0.010259228006083513,0.027049907770336383,0.028225990716872755,0.009547026271883433,0.03606654369378186,0.028225990716872755,0.009274254092686762,0.028225990716872755,0.009016635923445463,0.014342821549650456,0.01180359611796497,0.014754495147456213,0.04327985243253823,0.39969259045537836
519,0.006954588980244122,0.08229596959955544,0.01899137759989741,0.02057399239988886,0.019133646748127134,0.005675584110314168,0.015928252180559113,0.2990889018749096,0.009875516351946653,0.09054653692426094,0.015619217643222428,0.021079511621746164,0.004888869481161709,0.0129941004630877,0.004047342767191252,0.005153876947692299,0.004299162653810965,0.33595128296949484,0.009875516351946653,0.017026752330942505
520,0.00478159535348531,0.01078924079760788,0.006280304344876228,0.008952774278866113,0.013149387222084604,0.004207803911067074,0.008952774278866113,0.4843765867265919,0.006473544478564729,0.2606784775847164,0.1369982668719512,0.006375460471313748,0.0025344775968642167,0.014000633268929847,0.0032698110863539583,0.003393390250860543,0.0033395269135452965,0.004738487857747238,0.010519509777667684,0.006187946928039814
521,0.012872881575191186,0.10687291746141879,0.05039851401416521,0.34968536696884933,0.01765311583068078,0.12379684805268638,0.009111285590028792,0.014122492664544626,0.008935809894564273,0.004448029185683346,0.08596299882766295,0.012019142693229469,0.005706057642240253,0.13036147074964272,0.003155864282579805,0.005230552838720232,0.004707497554848209,0.007633779818672771,0.012019142693229469,0.03530623166136157
522,0.057068960498845356,0.005675660174307676,0.046254925013063365,0.14751334093036914,0.0061122494184851885,0.10263370861262053,0.06356739395224598,0.03075841642850611,0.08153605890226095,0.004006348358334831,0.055010244766366706,0.06356739395224598,0.002091032695797565,0.15714214610611962,0.0260412643291764,0.06539565970750968,0.06527009200453829,0.008960124876173424,0.00681079220916921,0.0045841870638638925
523,0.0025580745618972,0.005426539688389287,0.005140932336368799,0.006104857149437947,0.004439896108682144,0.002219948054341072,0.002790791839743062,0.3576112008316129,0.002639938226783978,0.21180954915179473,0.05995616730101507,0.0031508940126131345,0.0012852330840921998,0.0032559238130335727,0.0016555544812035113,0.0015027340675539563,0.0009768021338182403,0.31689321076526,0.006511847626067144,0.004069904766291967
524,0.045123312303336924,0.05775783974827129,0.06487054569666713,0.038505226498847515,0.015199431512702966,0.007599715756351482,0.060963079395729605,0.010220904713209212,0.014888031442910489,0.005156949977524221,0.012556052119189408,0.17828180365494886,0.0048947321820568875,0.18565019919087203,0.005156949977524221,0.21502740079281893,0.029886687026157027,0.019252613249423758,0.019252613249423758,0.009755911512034095
525,0.05045298691236013,0.06630963994195903,0.02677889305348345,0.1071155722139338,0.038680623299476094,0.05569171712442071,0.05105842275530845,0.03053733418379692,0.12184396339334971,0.06600324124943695,0.07977878555516946,0.0386806232994761,0.0014505233737303537,0.06733712850989762,0.0718153352536731,0.04310126596227337,0.04047972205759126,0.003743286125755751,0.008603601551110805,0.03053733418379692
526,0.031177471689137246,0.046646317339015135,0.002700576266995613,0.022932444772750575,0.08551824845486107,0.00872707595973468,0.05131094907291665,0.15393284721874992,0.048610372805921044,0.05841554202147433,0.051310949072916646,0.025655474536458327,0.0003691435185101917,0.03078656944374999,0.039361823946347026,0.03793980625154006,0.07590005235475862,0.05140668088828109,0.08429655919122019,0.09300109519466143
527,0.11978594492527428,0.09686185653466237,0.05327402109406431,0.025070127573677322,0.015221148884018378,0.004843092826733119,0.11215583388224067,0.012535063786838663,0.03196441265643859,0.014578796334743599,0.02841281125016763,0.11838671354236514,0.13180023236832608,0.06821471499171321,0.007348140840560594,0.08118399436270665,0.03652279634423884,0.006874067237943782,0.012535063786838663,0.022431166776448127
528,0.011601948981694293,0.025137556127004305,0.032788116687396916,0.06308408569294507,0.025137556127004305,0.46785269781207434,0.030165067352405168,0.029004872454235733,0.03969087809526996,0.009668290818078577,0.05386619170072351,0.032788116687396916,0.011090098291325427,0.027930617918893674,0.05362356043836346,0.0083791853756681,0.013965308959446834,0.010083421898833336,0.029004872454235733,0.025137556127004305
529,0.010293675381177946,0.023920644957007603,0.02120238984825674,0.07215161445719102,0.024550135613770965,0.58036835737763,0.018658103066465932,0.022212027460078488,0.04240477969651349,0.007345709868687375,0.022212027460078488,0.02591403203675824,0.0072883215103382555,0.025213652792521527,0.00609278038692823,0.007774209611027471,0.014352386974204564,0.014561645577833094,0.028269853131008986,0.025213652792521527
530,0.030584374201880364,0.0815583312050143,0.0072819938575905616,0.0018889299076060603,0.01994633100122632,0.0028853183209321086,0.12460300600766074,0.004633996091193994,0.09449677642027934,0.23244124393429075,0.13766546543734798,0.05230848978565506,0.0014029529450403833,0.027357406927474088,0.07333180486455854,0.023951618350870164,0.0017659138792013166,0.00242733128586352,0.006648777000408773,0.07281993857590562
531,0.011481191357509532,0.040566876129867,0.033805730108222506,0.03803144637175032,0.040566876129867,0.011268576702740837,0.022537153405481673,0.08354054021625641,0.04346451013914322,0.1529913075737514,0.3765994824642214,0.03803144637175032,0.006405296231031633,0.02098286696372432,0.008570466788000072,0.010866127534785806,0.010906315012058495,0.003442670096356302,0.02340396699800019,0.022537153405481673
532,0.016017022284180647,0.005769390865603024,0.048051066852541936,0.05491550497433365,0.03883324262607332,0.019220426741016778,0.011909667076481263,0.03494623043821232,0.05913977458774393,0.015376341392813422,0.038440853482033556,0.024800550633570034,0.01011601407421936,0.05913977458774393,0.010828409431558748,0.010170100085360284,0.015376341392813422,0.026510933435885207,0.02329748695880822,0.47714086807900713
533,0.49460046022789395,0.020427282327146724,0.02096484238838743,0.029964712432713484,0.02343129443408007,0.013976561592258286,0.01264546048823369,0.017318782842580916,0.02489575033621007,0.007113071524631451,0.04192968477677487,0.019916600268968056,0.005382864937558934,0.018527070017644705,0.0073765186181363185,0.14815470912183543,0.0042127645206203,0.04876589722523749,0.019430829530700543,0.02096484238838743
534,0.012273545883291147,0.04649119392096598,0.49052523138249665,0.020693685839009577,0.022581437047326333,0.07333485801082826,0.016815963758647266,0.027253458505393846,0.027253458505393846,0.0075271456824421105,0.023950008989588534,0.06524560620354831,0.009298238784193197,0.03161401186625686,0.010132696110979765,0.006755130740653176,0.012956562240269205,0.027253458505393846,0.03763572841221055,0.030408579611111663
535,0.02733302824045827,0.02952327842313947,0.5318229119742168,0.023525216620976612,0.03424700297084179,0.002780796979027574,0.01301217940095624,0.031710187935964626,0.03891704883050203,0.011728425674945819,0.032929810548886336,0.06811425139553025,0.005707833828473632,0.02952327842313947,0.010976603516295447,0.006535687589855304,0.008001636208140607,0.030636604709261186,0.045061846014265515,0.01791237071512303
536,0.004138536760825196,0.05260093860752191,0.026300469303760954,0.03347332456842303,0.03347332456842303,0.0175336462025073,0.010672654210221837,0.138324365511819,0.029456525620212264,0.008092452093464908,0.02104037544300876,0.039967721796440495,0.004247096557689833,0.028323582327127176,0.006240789326316158,0.007364131405053066,0.45728604795630506,0.01132943293085087,0.04909420936702044,0.02104037544300876
537,0.4843080821115828,0.020508677268155282,0.01584238692723203,0.02513966890935164,0.037110939818566696,0.008398114973445784,0.019008042346095138,0.03117318944759603,0.05566640972785005,0.009389514893854223,0.03117318944759603,0.04329609645499448,0.007216016075832413,0.026873439178962094,0.0077161360018802045,0.006165850547218922,0.06620213630106493,0.03975501854765125,0.03388390157347394,0.03117318944759603
538,0.7552674763791329,0.002214116540869728,0.0014032384426429364,0.004456216319661207,0.003549867237696216,0.13006097522787502,0.0023800246252735986,0.005108345537172603,0.007480077393717025,0.0014444287380970808,0.004760049250547197,0.003035393724986619,0.0011140540799153015,0.004654270378312815,0.059044866235510994,0.0008077176901077313,0.0016110935924928977,0.002785301535206564,0.004870748070327365,0.003951739000454277
539,0.012802043570008291,0.023275219939903384,0.023730617349283663,0.0313856552038913,0.0313856552038913,0.01447818620529864,0.01871067906385827,0.034748403975736794,0.03891821245282521,0.006832498654755783,0.030404853478769697,0.02702653642557306,0.007101863586281972,0.01985623084327817,0.00356343719350997,0.007975043535415002,0.011865308674641832,0.020269902319179793,0.6032378086132101,0.03243184371068767
540,0.008016307574773852,0.02635579641528992,0.6069705400196932,0.023330001172550328,0.027087901871270203,0.0037451314029327163,0.009971136098432386,0.024379111684143185,0.06094777921035794,0.008479691020571542,0.04875822336828637,0.010333324368037864,0.00457823693598933,0.03362636094364577,0.010485639434040078,0.008194659389627962,0.008126370561381062,0.013734740746731571,0.05132444565082774,0.011554602131417064
541,0.0025879739831062764,0.021167811779351592,0.05003300966028558,0.03237430036842009,0.045863592188595106,0.012230291250292031,0.013759077656578536,0.005857293107122314,0.036690873750876096,0.007643932031432519,0.05003300966028558,0.010268550452187926,0.002981431010105424,0.2751815531315707,0.007147572808612226,0.007660104951277604,0.34118101577423027,0.01528786406286504,0.045863592188595106,0.01618715018421004
542,0.006369504379915672,0.004305457174575871,0.01503910756368978,0.023539472708384003,0.020823379703570465,0.005156265450407924,0.0046880387158826625,0.015468796351223776,0.45117322691069345,0.013658886372870657,0.023539472708384003,0.014247575586653478,0.002529943328471178,0.016406299160388854,0.3355400643609523,0.0035998656556377787,0.005759658215881192,0.008203149580194425,0.019335995439029717,0.010615840633192788
543,0.015752550108660498,0.02362882516299075,0.027798617838812646,0.027798617838812646,0.09344859827649664,0.013899308919406323,0.014320500098782272,0.29255163617718305,0.021480750148173407,0.0050814677769872585,0.020728866657753312,0.0334075862015623,0.00926620594627088,0.0189030601303926,0.005834277818022407,0.008753045434293552,0.02300686578526912,0.2995587848954301,0.015244403330961774,0.029536031453738433
544,0.006709312310110285,0.015500824992323761,0.016054425884906753,0.014047622649293406,0.013221291905217324,0.020692655357086986,0.14270600786583776,0.038614831348790034,0.012149295264253757,0.003978087829888398,0.01728938172220727,0.00508485611676852,0.002938064867826072,0.010963998165302172,0.003666583730246928,0.2770135616051526,0.3690441717132975,0.007492065412956485,0.012843540707925401,0.009989420550608646
545,0.017931183979257942,0.006248745932165647,0.006109884911450855,0.007243550765023715,0.00670597124427533,0.0037663674111683356,0.01740157095033471,0.15056502103218175,0.1708854357600405,0.008395261710390487,0.08173133729264999,0.005985607718531201,0.0013218501010350409,0.05208417719688834,0.200542677671936,0.16496689260917308,0.060533139419120335,0.027107235874746748,0.006546305262268773,0.0039277831573612644
546,0.018774196258465284,0.036541977175376716,0.010694162425708077,0.006813216384120468,0.2627865421695711,0.00422419415815469,0.07721645235336529,0.005280242697693362,0.006924908455991294,0.055145485351654894,0.006400294179022257,0.005866936330770402,0.001492648112422152,0.0061220205190647674,0.0028161294387697927,0.0017734943051739747,0.0021887016363495797,0.0034968726014797595,0.3270343864377823,0.15840713900906375
