site,A,C,D,E,F,G,H,I,K,L,M,N,P,Q,R,S,T,V,W,Y
451,0.01026837628447405,0.5022120892500319,0.02738233675859747,0.026287043288253566,0.02060881308842161,0.006116648758143525,0.036509782344796626,0.07301956468959325,0.059743280200576294,0.00876234776275119,0.03285880411031696,0.07301956468959325,0.009957213366762715,0.019328708300186445,0.035479907076592404,0.010162884339107864,0.01685066877452152,0.011948656040115259,0.009403260293446675,0.010080050583717548
452,0.05402000461504635,0.014666099673417005,0.01955479956455601,0.009080980847571557,0.011446711940227906,0.005134894320037588,0.02234834235949258,0.37770413528339103,0.01738204405738312,0.003010481997439189,0.003755700692000342,0.02234834235949258,0.006518266521518669,0.01422167241058619,0.0031926203370703683,0.004646685045043012,0.0072202336853745275,0.3582605120724926,0.009386303790986884,0.03610116842687263
453,0.013573397499184849,0.005738420307485305,0.039063609550097,0.018097863332246462,0.016324160745150595,0.006463522618659453,0.004953622035656833,0.04790610882065241,0.04286336052374163,0.00925458920398967,0.02908585178396753,0.02041650834519876,0.017327741488321082,0.03257615399804364,0.010180048124388637,0.0077643999139020425,0.027146794998369694,0.011634340713587012,0.016966746873981066,0.6226627591233762
454,0.01126323070963008,0.024468397748506725,0.006993178348605837,0.037346501826668155,0.037346501826668155,0.00844742303222256,0.017801230203961488,0.10429170461934979,0.026939284762280566,0.009097224803931984,0.044348970919168444,0.5259985307188355,0.010136907638667073,0.03942130748370527,0.007972848704569607,0.00826984448335351,0.022270884571129402,0.01043505198098081,0.020870103961961622,0.02628087165580352
455,0.015358346076722642,0.02948802446730748,0.027303726358618035,0.0237806648929899,0.022339412475232936,0.009331653312439075,0.049146707445512465,0.010103051795894073,0.027406310150998422,0.006641446952096277,0.5582517726712686,0.05265718654876335,0.014744012233653741,0.03686003058413435,0.005542861741975089,0.00819111790758541,0.005044539065500102,0.0036112793820759713,0.020477794768963525,0.0737200611682687
456,0.012068775408521908,0.027386836503953564,0.026372509226029357,0.028482309964111704,0.05086126779305661,0.00890072186378491,0.035602887455139634,0.008031518100806885,0.09946267678581824,0.007428512163018165,0.5274517013763608,0.035602887455139634,0.015823505535617614,0.030959032569686636,0.007422885933433172,0.01148480240488375,0.004702446954881774,0.003657596848217285,0.01873836181849454,0.03955876383904403
457,0.009810013757312365,0.015696022011699784,0.030709608283760452,0.0815595093538115,0.02716619194332655,0.533139608699929,0.033634332882213826,0.019089756500715958,0.04154829356038179,0.007848011005849892,0.0294300412719371,0.03210549956938592,0.009055397314442182,0.03924005502924946,0.009245790831790363,0.007848011005849892,0.014414714092377353,0.010410095911375475,0.014414714092377353,0.033634332882213826
458,0.010657185839263084,0.014209581119017444,0.02314131782239984,0.1081840923128885,0.014999002292296193,0.008099461237839943,0.019284431518666535,0.018522110885412023,0.6138775689531757,0.0057038459421408045,0.024543821932848316,0.018071461305177394,0.008999401375377714,0.031370071184506035,0.007674063337111105,0.00669376961804954,0.010708170280827224,0.010124326547299927,0.02131437167852617,0.023821944817176307
459,0.008775416839520307,0.01587932570960817,0.02381898856441226,0.019055190851529805,0.024701173326057153,0.014539606532180777,0.018525879994542867,0.05837656588546407,0.14940739755126914,0.00555776399836286,0.018525879994542867,0.04446211198690288,0.008133313168335893,0.025651218453982428,0.5090599812994996,0.005499860362783811,0.011498822065578332,0.00590205026374817,0.01111552799672572,0.021513925154953
460,0.012395885693175046,0.03508079197997428,0.015444926707335707,0.5367917810218984,0.02338719465331619,0.003099284942602178,0.025985771837017984,0.033410278076165985,0.11046412517050568,0.00746399829361155,0.02338719465331619,0.02505770855712449,0.013492612299990108,0.024193649641361573,0.007795731551105396,0.010023083422849795,0.01631664743254618,0.03143956144404092,0.016705139038082992,0.02806463358397942
461,0.0100790562510365,0.016164524176190614,0.0342687912535241,0.003991463922209325,0.013598726687906388,0.011189700081445271,0.02196717388046417,0.017484077170165358,0.6582051050336685,0.006641238615024051,0.018063868595968882,0.02024733834977601,0.0100790562510365,0.01802034517180275,0.03359811212359779,0.007322391293488056,0.06032789842064038,0.00865373516503134,0.014520674259967843,0.01557672329705641
462,0.013424225283819641,0.01980073229363397,0.03960146458726794,0.004848648255862396,0.016851687058411894,0.010719739421757125,0.026400976391511958,0.025549331991785763,0.6080240953286205,0.005351549268549723,0.023369498123395293,0.02374943512226399,0.013424225283819641,0.03630970668508982,0.06982310506039305,0.006827838721942748,0.009443289096245191,0.012185066026851675,0.011000406829796652,0.023294979168981145
463,0.05154077127631672,0.004178343351742896,0.007642252292695237,0.06544791944564095,0.0076422522926952365,0.0013222605543490177,0.019436847473013635,0.08432830116077501,0.014793377904312448,0.1464765022766587,0.23825845383108682,0.00739572802518894,0.08977110491698455,0.07971806145073468,0.0005343599758283457,0.013609490384251794,0.02620200786066939,0.09765100151777248,0.004178343351742896,0.03987262065754039
464,0.08793218508576726,0.02476888420746697,0.023060685296607177,0.009422810560960875,0.0514430672001237,0.5118462015756556,0.04458399157344055,0.026750394944064327,0.022291995786720274,0.007039577616859035,0.035197888084295165,0.02907651624354818,0.01422893348088528,0.035197888084295165,0.006729159683012293,0.008916798314688109,0.012618110822671853,0.008291633398840365,0.016718996840040204,0.02388428120005744
465,0.010807562450421665,0.13624011921571583,0.022816205238334792,0.417040865236566,0.06812005960785791,0.0014131097967345447,0.05449604768628634,0.03892574834734738,0.008529724697998523,0.01048000917043968,0.032056498638991966,0.049541861532987584,0.011121642384956396,0.016028249319495983,0.008256976922164596,0.015137791023968427,0.016513953844329195,0.00981217797035468,0.03633069845752423,0.03633069845752423
466,0.012702367629881391,0.04648636969446985,0.020056369941917992,0.019542104045971374,0.5836515372734037,0.007258495788503653,0.019542104045971374,0.013140380306773853,0.0272193592068887,0.004170708976128682,0.03175591907470348,0.030485682311715345,0.010887743682755479,0.05443871841377741,0.00886211695108004,0.005820217284677054,0.014113741810979324,0.012816695605724963,0.05395415408216476,0.02309521387251163
467,0.01023545436361052,0.020823855429414506,0.03774323796581379,0.02047786367071841,0.03178377933963266,0.4617417063034907,0.027449627611500937,0.03178377933963266,0.03774323796581379,0.008051890766040274,0.021567564551893594,0.027449627611500937,0.020823855429414506,0.03178377933963266,0.027450807439655722,0.012324322601082054,0.02516215864387586,0.006052797166283015,0.018772292970389293,0.12077836149060411
468,0.005809011995508713,0.01033193305924432,0.008609944216036934,0.0012175288184275398,0.013133418424628398,0.003084159122162483,0.07551715594161326,0.08294963935566456,0.15788932417493676,0.06238373751698485,0.021576330269032364,0.007001004721288301,0.003562735537670455,0.026299556695873822,0.1623143891131676,0.062331620777204576,0.10369522071907261,0.1510343118832265,0.0052984272098688815,0.035960550448387266
469,0.5965946377292372,0.0204932969854466,0.019468632136174273,0.020617111617108705,0.018541554415404064,0.005855227710127599,0.016929245335803714,0.04867158034043567,0.029951741747960416,0.009161709240552597,0.031149811417878835,0.027812331623106104,0.008951095235022652,0.031149811417878835,0.00811193005673928,0.021636309033431757,0.048688149520659835,0.005317995314906616,0.013199072634694418,0.017698756487431154
470,0.008839470257949662,0.017917845117465532,0.012053823079022268,0.0842517033539785,0.01163088191835482,0.005524668911218538,0.012999220967573033,0.01311692110121022,0.5095718722739663,0.005418049153528826,0.02078208853889271,0.01072512963551635,0.006696568377234593,0.027488873378995218,0.14733743204277092,0.004804059922798729,0.035383730472430305,0.04520397789533159,0.009894929393227236,0.01035875420853476
471,0.008766210467789118,0.028058111659667685,0.10397603861659348,0.02449465976046717,0.06998474217276335,0.3742554814672745,0.02449465976046717,0.04453574501903121,0.0816488658682239,0.011948614517301058,0.032659546347289556,0.04453574501903121,0.008748092771595418,0.032659546347289556,0.007311838734467813,0.00566168326633013,0.021299704139536666,0.008352428751330026,0.025783852379439122,0.04082443293411194
472,0.01133284688787469,0.010546133440507907,0.03153487829669479,0.0290120880329592,0.072530220082398,0.013712269060903651,0.023396845187870326,0.02864238554069944,0.04266483534258706,0.01250521035903414,0.04029456671244334,0.00945310732125618,0.009801381092215946,0.025903650029427856,0.004741032049591552,0.5548345749921413,0.012895758829523388,0.011512733346412382,0.020147283356221672,0.03453820003923714
473,0.008819120023619793,0.06611194456759076,0.02101025652685892,0.029764530079716803,0.032470396450600146,0.004129183363660135,0.008480555818280222,0.02857394887652813,0.03105864008318275,0.00803659972283222,0.034016605805390634,0.03759730115332649,0.015791672776111817,0.029764530079716803,0.546528446501605,0.017771219262507486,0.015874416042515632,0.012316357274365572,0.014286974438264065,0.03759730115332649
474,0.41757792201782706,0.11979958514075206,0.007642652650866282,0.01758032101818056,0.012674184920083662,0.004865981710389263,0.01879275695046887,0.03152620661598739,0.028683681661241966,0.010372258453744768,0.020184813020873976,0.02096115198321528,0.005567664866098718,0.21898848896696615,0.0046981892376172195,0.00512647027975085,0.004106859307656323,0.0033743725865687042,0.028683681661241966,0.01879275695046887
475,0.018529688996783807,0.018623099830575144,0.03332554706523973,0.03332554706523973,0.015829634855988872,0.011512461713446451,0.01711311876323121,0.48420849116485903,0.042212359615970314,0.008369423495948202,0.02345131089776129,0.08111042258210684,0.007721773100482377,0.028781154283616127,0.0071952885709040335,0.008596684886144255,0.0881424318098291,0.0045536762007445915,0.03724619966115029,0.030151685439978804
476,0.011889608849899402,0.031148121288797525,0.027059109796322776,0.01569428368186721,0.020120876515214374,0.0052784735726399135,0.039235709204668026,0.0413007465312295,0.023079828943922368,0.005836975982065871,0.018683671049841918,0.0413007465312295,0.009231931577568946,0.024522318252917518,0.015869868286005024,0.009124583535969307,0.014531744149877044,0.00843778692573506,0.6002862732245451,0.037367342099683835
477,0.007010653361941289,0.0038916600576891203,0.007010653361941289,0.016495654969273625,0.3686220511237987,0.005193076564400955,0.032704137736655994,0.013353625451316744,0.025493284952513785,0.004919756745221957,0.016495654969273625,0.013201383185401082,0.0043476920074054515,0.014380827409110338,0.005842211134951076,0.0032820521723300224,0.006924102085867941,0.005552992761933695,0.014759270235665874,0.4305192597133075
478,0.012234129640447513,0.029530657752804338,0.0317181138826417,0.020887538410520146,0.0317181138826417,0.010979347113222127,0.020887538410520146,0.010236794918985756,0.0317181138826417,0.0116785034987614,0.6572041857203393,0.02676215858847893,0.007646331025279697,0.024468259280895025,0.006749345629728337,0.008234510334916597,0.004292401331923891,0.005907348503180182,0.021958694226444257,0.025187913965627237
479,0.02419311884485799,0.022614325675079122,0.03842436522418622,0.029691554945962078,0.031105438514817417,0.011093054214109875,0.046658157772226115,0.05024724683162814,0.03628967826728698,0.013155074725649689,0.03628967826728698,0.0225246278900402,0.010886903480186097,0.02840061777439851,0.004175399663412099,0.01145989840019589,0.01765443807597745,0.015552719257408709,0.49933645534366233,0.05024724683162814
480,0.015943879584123136,0.05491780745642413,0.02907413335928337,0.035304304793415515,0.01995440989530553,0.021489576830774668,0.026013698268832486,0.04493275155525611,0.04493275155525611,0.3774023637965844,0.03626060242632155,0.049426026710781716,0.009325665417128627,0.02471301335539087,0.008986550311051222,0.052277669363962755,0.014977583851752038,0.02014390247790649,0.08646440526223728,0.02745890372821207
481,0.013681913334322544,0.04762420907411651,0.04396080837610756,0.1331352876279325,0.04396080837610756,0.4362673052646006,0.01843517770610962,0.04396080837610756,0.01843517770610962,0.009071277918879338,0.024847413429973833,0.021166315144051782,0.005548451542615517,0.025976841313154465,0.007362118941490525,0.012423706714986917,0.010205187658739255,0.02224219337585218,0.035718156805587396,0.025976841313154465
482,0.29864262908005745,0.01954031270601479,0.011533650711252988,0.032567187843357985,0.026053750274686382,0.007515504886928764,0.011842613761221085,0.026053750274686382,0.02056875021685767,0.007515504886928764,0.030062019547715056,0.01860982162477599,0.006513437568671596,0.02056875021685767,0.00723715285407955,0.3708104409313912,0.03153710507874965,0.003785264077534015,0.02298860318354681,0.026053750274686382
483,0.01353658702134076,0.036335049373072574,0.032874568480399,0.0460243958725586,0.03001591035166865,0.004691345605052346,0.043147871130523686,0.034518296904418946,0.02910062498378882,0.010303969225199681,0.019724741088239395,0.028765247420349124,0.014688636980603806,0.026552536080322268,0.5277579228165772,0.00901983895901626,0.014688636980603806,0.011902861001523773,0.036335049373072574,0.03001591035166865
484,0.01651601017944718,0.018869314834945895,0.02096262830468296,0.023696884170511173,0.41626436246223225,0.018794080549026104,0.03406427099510981,0.030279351995653164,0.03893059542298263,0.04911940487498672,0.024774015269170772,0.04192525660936592,0.010283553507957682,0.03206049034833865,0.00973264885574566,0.00657626624634935,0.03206049034833865,0.011848442085255588,0.03633522239478379,0.12690671054511588
485,0.026985734758485945,0.029234545988359773,0.05846909197671955,0.029234545988359773,0.019872369532326368,0.020636150109430432,0.05846909197671955,0.04385181898253966,0.0501163645514739,0.2675184563997049,0.06334857860895687,0.08770363796507931,0.029234545988359773,0.08770363796507931,0.011693818395343912,0.004803584692787459,0.03508145518603173,0.013613862125319664,0.018576889826382434,0.04385181898253966
486,0.013314900710568402,0.050300736017702845,0.026629801421136804,0.34570228039383594,0.1131766560398314,0.07999202396606445,0.026629801421136804,0.1131766560398314,0.0066462398615429585,0.018108264966373026,0.03233618743995183,0.03233618743995183,0.019682896702579382,0.023970834584507297,0.009054132483186513,0.011913332214719095,0.011041624979495748,0.021794653816316893,0.022635331207966285,0.021557458293301218
487,0.016456159422577665,0.09319644592899522,0.04022616747741207,0.025859679092622045,0.27614263402089495,0.013408722492470689,0.036203550729670866,0.03291231884515533,0.04525443841208858,0.04679421264821141,0.030169625608059056,0.06033925121611811,0.008830134324309968,0.025859679092622045,0.010970772948385112,0.1225888962952326,0.009784743440451583,0.01622471431946525,0.0517193581852441,0.03705849550001335
488,0.021132820623340206,0.04316666848107062,0.02089943244480638,0.26339087189162114,0.26271647952068056,0.0032816793935475526,0.019185185991586945,0.021583334240535313,0.118638660614316,0.013813333913942598,0.021583334240535313,0.02466666770346893,0.007507246692360108,0.0313939407135059,0.010791667120267655,0.012790123994391295,0.013282051840329424,0.03453946120409193,0.03837037198317388,0.017266667392428253
489,0.37602355109557606,0.10819100079561592,0.02535720938894132,0.03517834378577669,0.07035668757155339,0.01894218511541822,0.014924145848511327,0.03078105081255461,0.04104140108340614,0.011193109386383493,0.02238621877276699,0.017589171892888344,0.007817409730172599,0.01969987252003495,0.007695262703138653,0.06478201105222134,0.07515170617185213,0.006448076836702039,0.025920884894782833,0.02052070054170307
490,0.015181734630239056,0.06325722762599606,0.029195643519690485,0.023721460359748522,0.0190519701537247,0.018073493607427445,0.015538423827369734,0.22084149681380447,0.02108574254199869,0.28958420231025433,0.055528457666587004,0.0345039423414524,0.04895020168678803,0.02108574254199869,0.04918970012317761,0.011501314113817466,0.013087702267447461,0.008826589901301776,0.023721460359748522,0.018073493607427445
491,0.01589527413616866,0.032925924996349366,0.03545868845760702,0.013636159436975725,0.05121810554987679,0.3517299893790769,0.046096294994889105,0.05762036874361139,0.038413579162407584,0.016462962498174683,0.038413579162407584,0.05762036874361139,0.030730863329926084,0.030730863329926084,0.006549468078332748,0.017072701849958932,0.0192067895812038,0.01729456524979175,0.030730863329926084,0.09219258998977824
492,0.013325295723234811,0.04441765241078269,0.03135363699584661,0.13325295723234806,0.40701612897591793,0.03331323930808702,0.015228909397982639,0.021419082680863493,0.026650591446469623,0.01216524449350213,0.048455620811762946,0.03807227349495659,0.0075072088581604555,0.03135363699584661,0.011104413102695675,0.004743137745323866,0.014026627077089272,0.021419082680863493,0.05922353654771026,0.02595172402055575
493,0.01752129704894787,0.027255350965030033,0.06132453967131757,0.07008518819579151,0.027137307918669945,0.03066226983565878,0.03773817825927236,0.04905963173705406,0.04905963173705406,0.37445505563821957,0.03654638452062911,0.054510701930060065,0.018170233976686684,0.040883026447545046,0.011680864699298583,0.008160328330730606,0.01533113491782939,0.014063331253430756,0.03591402969300144,0.020441513223772523
494,0.02796505185867909,0.03559188418377339,0.0026519223556863633,0.09787768150537679,0.0244694203763442,0.06525178767025121,0.016470947890210703,0.02796505185867909,0.025009208890734318,0.01779594209188669,0.02796505185867909,0.2986579951773255,0.012629378258758296,0.09787768150537679,0.023030042707147483,0.08038849048639445,0.03445181227238462,0.032625893835125604,0.03559188418377339,0.015732871033412785
495,0.06410642180270591,0.03417880006143353,0.020366842755875816,0.4973124141533868,0.04638551436908836,0.0022753281266642226,0.016234930029180923,0.021646573372241233,0.009194251707328798,0.010645855756839951,0.02823466092031465,0.024051748191379146,0.010645855756839951,0.10193691650902768,0.01180722183940431,0.015101765408744848,0.01298794402334474,0.013850846019177696,0.02951805459851077,0.02951805459851077
496,0.013638419579871804,0.02551409818192924,0.4880020936668191,0.02945766256162633,0.021994912225801074,0.0028582423252409444,0.014496646694277977,0.01876036631024209,0.03986577840926444,0.013017397031596553,0.03357118181832795,0.08278292438171624,0.009664431129518654,0.037520732620484186,0.013866357707570241,0.01028794281529405,0.013866357707570241,0.016551435681008555,0.06378524545482311,0.05049777369701725
497,0.013275177858983757,0.05476010866830799,0.02305688786034021,0.07301347822441066,0.03982553357695126,0.03052405678128708,0.3344205181300145,0.04867565214960709,0.13197165726027063,0.007701229128823521,0.029205391289764262,0.023779412283326716,0.009170804340622254,0.01897637406295332,0.0707839468227483,0.008761617386929278,0.012168913037401776,0.025769462902733173,0.03982553357695126,0.0043342446575731115
498,0.023119285607376885,0.022815530340796773,0.04351865526094473,0.03893774418084528,0.019468872090422643,0.013958813951623779,0.02740063479392816,0.017614693796096675,0.04351865526094473,0.00921187548927909,0.02466057131453534,0.023865069014066466,0.010419959710367048,0.03522938759219335,0.006128397799301433,0.010586176609579633,0.011042046857254632,0.021759327630472367,0.5659185885568018,0.030825714143169185
499,0.009786362035865097,0.024753739267188185,0.028054237836146613,0.01829624206705214,0.028054237836146613,0.01052033918855498,0.011373339663302682,0.03757507618524921,0.015854991893667403,0.38378608387579827,0.321756580655931,0.013150423985693728,0.007382694167407004,0.020038741311533298,0.006108898024797936,0.01168926576506109,0.0032690638384341875,0.01849157043487045,0.015029055983649973,0.015029055983649973
500,0.11028940620903996,0.06885882569715102,0.07669382621588329,0.07705259029637751,0.001476057969498041,0.04266536571099492,0.07675136096923352,0.009944794942722003,0.039557197740916546,0.0006447149751830524,0.08950315448449807,0.0715260251649621,0.0007667715726865098,0.11759720019768771,0.03189889792651791,0.08674502776210251,0.06207318553886513,0.0315318157468574,0.0026709620400440746,0.0017528188387789234
501,0.012513245387238496,0.026880304905919722,0.03456039202189679,0.026027216091862104,0.03628841162299164,0.002919362019010715,0.021346124484112723,0.04192806960809488,0.01470524113744266,0.010996488370603524,0.030240343019159694,0.03819832802420172,0.006311028108346372,0.023411878466446212,0.5551813095370164,0.03160432424893938,0.011340128632184884,0.019099164012100857,0.03628841162299164,0.02016022867943979
502,0.05250010440731056,0.01544914615142949,0.14387292399074667,0.11291418527068127,0.012478156506923818,0.03400608699774399,0.068629860788081,0.036048007686668805,0.029964102634355318,0.028191436540915864,0.04634743845428846,0.04325760922400257,0.034289568287319105,0.054255714759341905,0.01735644814543313,0.11657083005169525,0.06576325726622015,0.05613271600759508,0.007394219770155232,0.02457818705909237
503,0.01401903337132717,0.14568073211518373,0.0018158717729538682,0.02492272599347052,0.02492272599347052,0.011805501786380772,0.022982650949269687,0.020497658245946807,0.020713694436277432,0.005981454238432926,0.034508389837113025,0.3433191198219602,0.005826091790681421,0.04486090678824694,0.006501580693948832,0.0038192081097301956,0.18905364378059722,0.027315137271596956,0.01401903337132717,0.03743483963208461
504,0.010640979799909694,0.38702303217142997,0.017580749234633403,0.018379874199844017,0.020217861619828414,0.013043781690211882,0.01684821801652368,0.02378571955273931,0.021281959599819388,0.007925062731513608,0.017580749234633403,0.019255106304598493,0.003005396425811777,0.050544654049571036,0.006971676420630488,0.3088957015549071,0.007793379536420737,0.008790374617316701,0.026957148826437884,0.013478574413218942
505,0.08982528563295485,0.03143268771937153,0.03929085964921441,0.009204189917933843,0.02857517065397411,0.48015299887411705,0.02027915336733647,0.015716343859685764,0.036979632611025326,0.009822714912303602,0.03929085964921441,0.03929085964921441,0.00873130214426987,0.04490383959910217,0.007373335440023255,0.012089495276681355,0.01232654420367511,0.011691794069232878,0.033087039704601605,0.02993589306606812
506,0.2877571094330877,0.02215995021023916,0.008627984687855144,0.020259101756149117,0.021947360235828217,0.4028218193929352,0.015049618447425063,0.022901593289559874,0.021069465826395087,0.007118062779187528,0.02926314698110429,0.012847235259997003,0.0063462246465045445,0.02394257480272169,0.007215570488491469,0.036340872264564714,0.008360899137458367,0.010220054320232581,0.015492254284114035,0.020259101756149117
507,0.01236273788254256,0.02734732711281785,0.054694654225635686,0.00890591425530758,0.02734732711281785,0.41770967395978026,0.019533805080584176,0.039067610161168345,0.030385919014242056,0.01243060323309902,0.054694654225635686,0.023780284445928564,0.010938930845127138,0.0607718380284841,0.09017721897866418,0.010724442005026607,0.015192959507121025,0.011422247732939856,0.04972241293239608,0.02278943926068154
508,0.01931152442426814,0.19076314282659332,0.024536715313029388,0.030756873448207697,0.05645780181467889,0.01212619580222275,0.014569045317572067,0.007316600580051798,0.02050458229880513,0.008787678128059343,0.03256610129810227,0.022144948882709542,0.007908910315253407,0.01977227578813352,0.007381649627569847,0.009712696878381376,0.04136445699046027,0.42326995907635856,0.027681186103386924,0.023067655086155773
509,0.013401103138453628,0.06528957762968918,0.008539721344897427,0.40961594242412247,0.01845051453281418,0.1844930182813654,0.015287569184331747,0.02140259685806445,0.07578213038626738,0.0060802831983137635,0.02229437172715047,0.01726015875650359,0.005879834301666058,0.01990173621390436,0.004777365370103671,0.03862200366826685,0.006948895083787159,0.025651299848322782,0.028161311655347958,0.012160566396627527
510,0.015186059212743883,0.01819211592772627,0.02110285447616247,0.13888945487114382,0.03297321011900386,0.4035703613162147,0.020291206227079302,0.03297321011900386,0.035171424126937446,0.006356281468723637,0.035171424126937446,0.04058241245415861,0.009592206580073852,0.01819211592772627,0.03317711616673959,0.05532064427499557,0.009096057963863136,0.01041542277065024,0.015785388969746995,0.04796103290036926
511,0.027321838970341007,0.11072534740611883,0.01752136846396947,0.011946387589070089,0.14321757122264075,0.0050542409030681175,0.012750191519492466,0.02992130465630802,0.030600459646781923,0.20025088837095673,0.08606379275657416,0.04026376269313411,0.003982129196356698,0.12530360631225354,0.004454585202704103,0.029808058260419854,0.03187547879873118,0.014100907373188365,0.01663068459064235,0.058207396067248236
512,0.11222273587687163,0.014485745944728496,0.02535005540327486,0.007948633531723813,0.03621436486182124,0.38651661640584883,0.013702732650418846,0.024142909907880823,0.01635487445372572,0.007041682056465241,0.019500042617903748,0.02373092125739941,0.08927895133244923,0.015363669941378706,0.032450862243849424,0.0908220443184422,0.007921892313523396,0.02210739501944011,0.03900008523580749,0.015843784627046793
513,0.0019076395757935006,0.0051618482639118266,0.004618495815079004,0.007312618373875086,0.008286165402646286,0.0012717597171956671,0.0032500526106111504,0.5749982145389211,0.006750109268192388,0.06659997014288302,0.03669599223268756,0.002580924131955913,0.000933525749856394,0.003988700931204593,0.0013711159451015786,0.0034549750422246555,0.005389356985657651,0.25171058318585016,0.0074499934801738115,0.006267958606178645
514,0.1454721615692711,0.1159179456029898,0.014748488614666112,0.003745136974520739,0.004938234577316032,0.0029132817016624428,0.018223177587420175,0.007150782358625996,0.023191847579054292,0.001111069091606312,0.01034981657169552,0.01807022028463596,0.2032314603415027,0.04111458434132155,0.0005829868804266866,0.11858380744721439,0.1153659553858327,0.07210372211614544,0.004526715029206364,0.07865860594488593
515,0.022056005876282925,0.01577428666630659,0.018403334444024356,0.06309714666522638,0.023246317192451817,0.003469482206560138,0.010271628526897315,0.03456064226066265,0.28098849397512227,0.007240656174698108,0.02007636484802657,0.014247742795373696,0.005889067022087793,0.051169933632976394,0.3360336712644083,0.021277653245002318,0.025321670110877374,0.009397447375672014,0.0192034794198515,0.018274976297491564
516,0.0044371087271833035,0.007126265531536821,0.006719050358306146,0.00810919870830052,0.004648018660202192,0.005112320924798154,0.027592536900630224,0.08775836085985166,0.006355858447046354,0.17916990667174004,0.525413663536077,0.005225928056460336,0.03667667027751089,0.0057357746961150015,0.0037126236575512066,0.003177929223523177,0.0032662050352877097,0.05432056155826987,0.012377198028458691,0.013064820141150839
517,0.012806958567010236,0.02688954491400162,0.025993226750201565,0.010832488136479534,0.04104193697400247,0.5950829146560858,0.029992184711771036,0.028881363055779517,0.038989840125302336,0.009747460031325586,0.025154735564711192,0.01999478980784736,0.012577367782355596,0.025993226750201565,0.005309240963929563,0.010260484243500618,0.015290133382471508,0.011035031409073593,0.03119187210024188,0.022935200073707265
518,0.012570220837228828,0.07648397716557138,0.025901635628939965,0.030797041051210627,0.034218934501345145,0.011845015788927167,0.006618754923513463,0.038496301314013284,0.029330515286867267,0.00993452937135827,0.03241793794864277,0.03526665067164286,0.0805823753579055,0.026780035696704896,0.00993452937135827,0.012049438979477979,0.009476012631141732,0.017109467250672573,0.030779474937767625,0.46940715128571026
519,0.007156800191797363,0.09852852388127689,0.019292243995279852,0.013866300371607392,0.013090358291686099,0.005411239169407763,0.008372105884744085,0.336227918244899,0.019292243995279852,0.1293999932913156,0.015410395927375899,0.009440885359392266,0.0035497728951314924,0.009646121997639926,0.0034397024177630743,0.009852743071162167,0.0035502203977242647,0.2687007208349438,0.012325600330317679,0.01344610945125565
520,0.003936652176394134,0.011472529199777192,0.005819398869452198,0.013846155930765575,0.012167833999763688,0.003936652176394134,0.006582598721183634,0.4871868227012557,0.006923077965382787,0.307423246955803,0.0898326814715142,0.007170330749860745,0.0021070413083304493,0.008583827854161346,0.002694889409343635,0.0035222677367736984,0.003431953179420527,0.00687852062922642,0.009560440999814327,0.006923077965382787
521,0.030578769448668205,0.09396418327907956,0.025466474308509162,0.5096278326510122,0.016641248452729556,0.046028290334843826,0.011476723070847968,0.016641248452729556,0.007055486881325302,0.006953156419418013,0.05252656208147304,0.012326850705725595,0.005839034544817386,0.10647757330413857,0.004590689228339187,0.00715917586888225,0.007396110423435358,0.008019878772399786,0.014162764640620898,0.017067947131004672
522,0.07693621554248757,0.01971190501435545,0.047162669720774965,0.15445411546705906,0.009200371354790623,0.08268764940357996,0.04260672926500582,0.005470491075821452,0.058187920494455835,0.004747963965015311,0.012987077904306584,0.07679315630372593,0.0018569556862880158,0.1655927637311586,0.037809474510397165,0.11747943865730545,0.07462996880221251,0.0027394148821820287,0.005783090565868392,0.0031626276532092774
523,0.001430660024678411,0.0038627820666317105,0.0055182600951881565,0.004066086385928117,0.004066086385928117,0.002272224745077476,0.0022073040380752628,0.37111862608150314,0.0019313910333158544,0.23724341185688902,0.058576377752299055,0.00257518804442114,0.0008779050151435704,0.0018842839349422975,0.0010300752177684561,0.001153069273621406,0.0007591890961125805,0.29212349941472715,0.004544449490154953,0.0027591300475940787
524,0.03709532294051715,0.01921457050395068,0.12674474628547838,0.05122687453690464,0.021136027554345748,0.00918957719754163,0.14991077698380975,0.011189913312816067,0.006320143858605843,0.0037080750095343407,0.034927414456980437,0.16093874572837594,0.0037080750095343407,0.036883349666571336,0.003842914100790135,0.17673471454251452,0.03870576511363113,0.013210017221466093,0.035226712590576255,0.0600862633860556
525,0.04357319992237458,0.05533104752047566,0.027180163694268743,0.021517629591296092,0.039961312098121295,0.026611898519936106,0.06455288877388826,0.0049656068287606365,0.08714639984474916,0.0778278107747174,0.0436681306411597,0.0475652864649703,0.0011465386601475034,0.051224005456112755,0.06723696846523419,0.06885641469214748,0.12438239544237006,0.017807693454865728,0.023393434740159372,0.10605117441424501
526,0.02912147244171696,0.07263158518447282,0.0012067139818603,0.046120528067954226,0.05731292358192946,0.003931507966169569,0.07572985560143283,0.1557261819409746,0.08781818935940805,0.04272236239106337,0.037636366868317735,0.01848803986513854,0.0004197266023861913,0.05546411959541561,0.03993416610869924,0.030658614337867412,0.056393338579829776,0.040317787607626714,0.055464119595415605,0.09290240032232114
527,0.051809249566732184,0.0353589027010714,0.07955753107741066,0.15911506215482132,0.024751231890749983,0.029872176419870673,0.11072919530072359,0.008930013234333638,0.012119303675167083,0.015149532757789465,0.01131135009682261,0.05862133868861837,0.12928023966334654,0.08026493459086052,0.03283326679385201,0.06777457554381913,0.039746781739241024,0.007712284156924507,0.01131135009682261,0.0337516798510227
528,0.014556841034765787,0.02253962482802445,0.03327277950803608,0.014996812310246379,0.029113682069531577,0.533838135245335,0.030379494333424253,0.03677517735098726,0.029113682069531577,0.01145456343719275,0.04658189131125052,0.04110166880404459,0.007763648551875087,0.03881824275937544,0.031252760610066564,0.009704560689843858,0.013437084032091496,0.010535972016538945,0.025878828506250295,0.018884550531588048
529,0.008173016233278459,0.024519048699835375,0.02844209649180904,0.07245747743483705,0.027348169703662537,0.5443322835660339,0.020315783208435027,0.024519048699835375,0.03742381117343295,0.004903809739967076,0.039502911794179224,0.020913306243977234,0.006077371045258342,0.024519048699835375,0.005489016733961638,0.048205199650883275,0.010456653121988619,0.0077868944383045376,0.023701747076507535,0.020913306243977234
530,0.051553530923862514,0.12888382730965628,0.0067515715215464905,0.0027013654154236376,0.034369020615908345,0.0032972791151738685,0.1153817120676923,0.0067515715215464905,0.10803024631098565,0.10310706184772502,0.1370355830618865,0.0981255388631945,0.001265919660289967,0.04024221629139732,0.06278060934250726,0.03711854226518102,0.002354555275820515,0.0025318393205799343,0.006164478345759839,0.051553530923862514
531,0.013674363043289305,0.028068429404646465,0.01975185772919566,0.0410230891298679,0.038819447410490385,0.01240232927182053,0.017203230925428477,0.13781798849863197,0.02666500793441414,0.1121080558585137,0.4069635402433237,0.038092868477734486,0.0058604413042668444,0.022220839945345117,0.005992136614475089,0.008742625552266929,0.009232872631612888,0.017646100534314133,0.017203230925428477,0.020511544564933953
532,0.015641405688355238,0.004667853119985182,0.08118178973697678,0.035751784430526255,0.16377404018735178,0.008781140035567852,0.006544045545552393,0.05005249820273676,0.05561388689192974,0.010649467702709949,0.05005249820273676,0.027806943445964863,0.0059586307384210425,0.031282811376710476,0.008629741069437372,0.008974579305158686,0.010010499640547352,0.01472132300080493,0.027806943445964863,0.38209811823256196
533,0.5397731545932143,0.019046373588521306,0.018545153230928643,0.02688984480124465,0.023490527425842945,0.029105847065085764,0.01215027280647049,0.020134737793579667,0.013050293014357192,0.007118341644194833,0.01806963648141765,0.02072693596397907,0.004004067174859593,0.023490527425842945,0.006127963676306854,0.15445099662188566,0.0037197482980818757,0.006441873498941925,0.029363159282303677,0.02430054561294098
534,0.009469644944072615,0.05146977550555987,0.5116805068410355,0.02619416413309204,0.026764283262891132,0.11605357639609931,0.015206979126642688,0.023896681484724226,0.06082791650657075,0.007871848018497392,0.021584099405557364,0.011311885575389485,0.0065598733487478265,0.01967962004624348,0.007603489563321344,0.008260581253978744,0.013119746697495653,0.018083975177629143,0.023072657985250974,0.021288694727200387
535,0.02639601598157156,0.03257555224182637,0.5487759500759894,0.02793133501775941,0.0188595302452679,0.0026401849573487093,0.013057285214164679,0.026543042567414077,0.034126769015246666,0.007388269580620413,0.03257555224182637,0.11698787357139577,0.004564727065733631,0.028666485972807198,0.008739782308782685,0.006231844776697219,0.009555495324269065,0.01832523377445161,0.023888738310672668,0.012170331756154605
536,0.00374062514205638,0.04107976265690014,0.020539881328450065,0.029098165215304266,0.04107976265690014,0.015871726481075054,0.020539881328450065,0.045826973787441355,0.024941284470260793,0.009069557989185744,0.03174345296215011,0.02354742502862159,0.004429578690404166,0.017458899129182557,0.006914415496705962,0.00956652007078496,0.5340203294069037,0.012697381184860041,0.0872944956459128,0.020539881328450065
537,0.5500360415827472,0.015976292675766453,0.013948044777047352,0.021785853648772436,0.023964439013649683,0.0070562568336652596,0.021145093247337956,0.047928878027299365,0.03594665852047452,0.007814490982711853,0.04229018649467592,0.021785853648772436,0.009463880651758684,0.02319139259385453,0.007900364509994401,0.004902115457168301,0.015461009419125753,0.07026509680084879,0.03594665852047452,0.02319139259385453
538,0.7689067614418175,0.0019422644847727252,0.0013062855881068227,0.005327325942541177,0.002435349002304538,0.13035298663181258,0.0020055815313096198,0.002939214313126167,0.004058915003840896,0.0011215423036928793,0.004058915003840896,0.003216498682289012,0.0007379845461528903,0.003479070003292197,0.0481122886005953,0.006013887227823082,0.0012353219576907077,0.004436030106434301,0.005878428626252334,0.002435349002304538
539,0.015699879839928182,0.014972052386508788,0.057968787101273296,0.028984393550636645,0.03276496662245882,0.04911554448601832,0.011418094429038678,0.025986008010915614,0.03588543963412156,0.0059494266928902815,0.02511980774388509,0.034254283287116036,0.006552993324491763,0.016746538495923394,0.0022339678070388298,0.005933812852886243,0.00793257086649003,0.01277278359858564,0.576943682647334,0.03276496662245882
540,0.005736799066569869,0.022579810854344365,0.5714932728541028,0.0325575359975737,0.028658990699744775,0.053124121584458346,0.008021966067644071,0.020698159949815668,0.033869716281516554,0.006594104054808532,0.033869716281516554,0.008153024880322698,0.003880904990590438,0.02980535032773457,0.009432072888523598,0.00536067451937672,0.005284636582931661,0.03551325429989725,0.0745133758193364,0.010852511999191237
541,0.0326481135962024,0.023169827604801824,0.01737737070360137,0.0810943966168064,0.022116653622765384,0.011584913802400915,0.0139018965628811,0.005712732596529626,0.024328318985041914,0.00784784483388449,0.04423330724553076,0.01581106902028284,0.003007696153704018,0.2432831898504192,0.006665292872614225,0.01913575182618665,0.3718913030774014,0.011867472675630205,0.025608756826359914,0.018714091526955322
542,0.006941272616341986,0.04273822953199885,0.016321370746533854,0.023226566062375102,0.01887158492567977,0.005074711912787838,0.004224497151613071,0.03019453588108764,0.24921795528751778,0.005376202559129479,0.027449578073716032,0.020129690587391755,0.00368226047330337,0.023226566062375102,0.46216064995725853,0.005769841291300716,0.007945930495023061,0.010064845293695878,0.020129690587391755,0.017254020503478646
543,0.011744758650023368,0.027161377630187396,0.01552078721724994,0.021729102104149918,0.027355672278918636,0.010864551052074959,0.025563649534294016,0.3316066881437342,0.031041574434499876,0.0052997810010121755,0.13750458079361977,0.029624381398018197,0.009657378712955517,0.02414344678238879,0.005365210396086399,0.007701013689040333,0.10029503377792995,0.1419716520299665,0.0160956311882592,0.019753729185590832
544,0.004101391580089029,0.011278826845244831,0.008202783160178057,0.015038435793659776,0.016405566320356117,0.003993551819419916,0.09419582605679779,0.01651917091728197,0.01002562386243985,0.0037208500932766455,0.009497959448627226,0.0046711547532069355,0.0025417074580833428,0.015038435793659776,0.002527825352087072,0.27542813460533194,0.48397432618030867,0.0038808866564283293,0.010937044213570746,0.00802049908995188
545,0.014003367937136661,0.020903578225001097,0.004663367321504869,0.0033352071561462936,0.007305942137024292,0.00317649658131491,0.01752852132408947,0.20180985397470197,0.1678075721852882,0.01721809886852708,0.04542990623841996,0.003593086296897193,0.0010054048812418752,0.05569618964236985,0.29413973103364716,0.06911245550640988,0.050336756872417635,0.013082511542177561,0.004981324184334745,0.00487062809134953
546,0.013804738998306343,0.031192674323144085,0.0050912234743087734,0.006279175618314156,0.28927492449626196,0.005708341471194685,0.046084136953091964,0.005708341471194685,0.005886727142169519,0.029418407523098527,0.00738726543331077,0.004957243909195385,0.0015191553915276177,0.005540449074983078,0.0034564269458610022,0.015336946945690998,0.011408082922211495,0.023366748080627435,0.18451334117663806,0.30406564864886954
