site,A,C,D,E,F,G,H,I,K,L,M,N,P,Q,R,S,T,V,W,Y
451,0.012578050789483614,0.3964490523631662,0.030396956074585396,0.02918107783160199,0.0236100239252752,0.02550005735579968,0.040529274766113864,0.08105854953222774,0.07295269457900497,0.010275027405493657,0.03839615504158155,0.08105854953222774,0.011398858527969525,0.02353312728354999,0.0034153793348247114,0.06457796240568243,0.019198077520790783,0.013509758255371289,0.010904894970896094,0.011476472504353715
452,0.06269588550099019,0.018705805979663395,0.024161666057065222,0.13070376022600685,0.014496999634239132,0.004362343739509341,0.03051999922997712,0.206655132568109,0.022303076360367897,0.00664310991015116,0.02519797183407198,0.027613332636645962,0.008921230544147158,0.01812124954279892,0.004055104792794163,0.0062352686598877985,0.010354999738742238,0.32156607729556413,0.012080833028532611,0.044606152720735794
453,0.017998523919184804,0.0071463259305236055,0.026972408292862946,0.022498154898981004,0.021566676215032964,0.008318645508866926,0.006745715888209914,0.058230518562068484,0.058230518562068484,0.011926732717532097,0.03666365983537644,0.026118962269017307,0.022498154898981004,0.0412466173147985,0.013025247573094263,0.00971457352364876,0.03666365983537644,0.014557629640517121,0.021062102458620516,0.5388151721552384
454,0.010919681104547574,0.023345525120067226,0.0762193411402701,0.037612234915663866,0.037612234915663866,0.008256344249779873,0.018867574622515593,0.15238322180215397,0.019912359661233812,0.009148922006512834,0.042313764280121846,0.41078040120695547,0.010104779529581337,0.037612234915663866,0.008059764624785113,0.00280822461922963,0.035868376576492694,0.010578441070030463,0.02051576449945302,0.027080809139277982
455,0.016009468612002507,0.028817043501604526,0.02770869567461973,0.02484227888069355,0.022513315235628533,0.009479290625527801,0.048028405836007544,0.16402746100786836,0.025812719806801658,0.006796472523963329,0.40807060864365596,0.051459006252865216,0.015008876823752354,0.03602130437700565,0.0055846983530241315,0.0085765010421442,0.0055093422538065725,0.003680066030014003,0.02001183576500314,0.07204260875401129
456,0.0138413403965034,0.029897295256447343,0.0276826807930068,0.03249706006135581,0.057494798570091044,0.009834636597515574,0.0393385463900623,0.05796628561002068,0.03146857919045835,0.008047650330084826,0.47226590926292616,0.0393385463900623,0.016987099577526903,0.03397419915505381,0.020111093168400165,0.012457206356853061,0.0054922184475096605,0.031095023721331938,0.01868580953527959,0.04152402118951021
457,0.010888633650902244,0.017725682687515277,0.03464565252559805,0.07080283120604372,0.0293155521370445,0.4958345627152534,0.03629544550300747,0.021172343210087697,0.04483555032724453,0.008564093882732101,0.03464565252559805,0.03464565252559805,0.009771850712348167,0.042344686420175394,0.006477020968485065,0.009073861375751868,0.015555190929860343,0.021410460575337954,0.01587925740756577,0.04011601871385036
458,0.011673038660314022,0.016212553694880585,0.026529633318895508,0.009002450433215431,0.016518450934406636,0.009313594675782464,0.021886947488088792,0.029116232045669134,0.5173820820555667,0.0063440427501706646,0.026529633318895508,0.019524134740832116,0.009727532216928353,0.1911508905600394,0.0031232069101834515,0.007419304233250439,0.012746904514512698,0.011081998728146223,0.02735868436011099,0.02735868436011099
459,0.01103008346880535,0.019907955529063312,0.0313933144881383,0.024006652255635173,0.032649047067663826,0.0015441647242754619,0.024006652255635173,0.17786641302848297,0.020969278871625103,0.007159878742908734,0.024734126566411996,0.0627866289762766,0.010202827208644946,0.030230599136725766,0.4519180018480635,0.007015885258230761,0.014575467440921353,0.007353388979203564,0.014319757485817469,0.026329876667470834
460,0.008427636327596123,0.029302556294066927,0.01241586829815171,0.2834672285805884,0.019535037529377953,0.0019476653759466095,0.022932435360574124,0.026372300664660238,0.45521119313616176,0.005860511258813386,0.019535037529377953,0.019535037529377953,0.010143192563330863,0.01758153377644016,0.005926359699923649,0.007756559019017717,0.012864536909590359,0.005684136175346147,0.013524256751107815,0.021976917220550195
461,0.012224835114264337,0.02020840090317166,0.04125881851064214,0.004990074942622821,0.01597115555250663,0.009084510497756066,0.025390042160395164,0.02020840090317166,0.49511240854313615,0.00792169315404329,0.021771538083993968,0.06491580427785773,0.011649548755946015,0.0795845987767939,0.10405244613000528,0.008920825623922624,0.011191116724808886,0.010423280465846434,0.016783248207718836,0.01833725267139651
462,0.013811665855511754,0.021650719449180587,0.04216192734840431,0.024859363930874012,0.018206286809538223,0.01146096842671126,0.027623331711023515,0.026702553987322727,0.4315864671794665,0.005563032080692236,0.01459260490069256,0.03955521796985833,0.01456502944763058,0.017454145159942227,0.22501059287970596,0.007152469818032874,0.00942443081905508,0.012920590639027127,0.01213752453969215,0.023561077047637696
463,0.05615630515008129,0.005935447535790712,0.020689165055293106,0.14896198839811037,0.004352661526246522,0.0016529094403467805,0.01121501310025118,0.10114702915921077,0.011614561215101377,0.07929376814781806,0.28478027193756394,0.004352661526246522,0.04578764965362417,0.06976862200822803,0.01366298891062917,0.019232181600694998,0.03285926214664199,0.06558074960923098,0.005223193831495827,0.017733570047394093
464,0.021736293803578083,0.031550144595273576,0.02921309684747554,0.04121261478083377,0.06067335499091071,0.4246414297060995,0.052583574325455955,0.032864733953409976,0.027198400513166875,0.008862400167211678,0.049297100930114954,0.03755969594675425,0.01678199180599658,0.0438196452712133,0.03783942349463683,0.01065883263353837,0.015465757154545868,0.010152896747672757,0.019718840372045982,0.02816977196006569
465,0.019256911059594754,0.1423117210072341,0.09064521367977596,0.3050648526123215,0.07115586050361705,0.0015448389899432068,0.05692468840289364,0.0406604917163526,0.009458321855422282,0.011384937680578728,0.033485110825231555,0.05174971672990332,0.012374932261498616,0.017249905576634434,0.009331916131621909,0.016264196686541037,0.018362802710610856,0.011035567453248974,0.03794979226859576,0.04378822184837972
466,0.013137570714968145,0.03788237228225466,0.019706356072452212,0.019706356072452212,0.40183599963195327,0.007564055866193778,0.019201064891107286,0.013137570714968145,0.027734871509377184,0.03627294551602012,0.034038251397872,0.03255832742405147,0.011346083799290667,0.04992276871687894,0.008707459659920746,0.06008051722853898,0.015282480219452738,0.008809900361802165,0.14749499734179064,0.035580050578654765
467,0.011065792504162382,0.023361117508787253,0.05256251439477132,0.06822549565548311,0.03504167626318088,0.3397388673723177,0.030035722511297897,0.03710295133748563,0.042050011515817054,0.008640413325167887,0.022526791883473424,0.03319737751248714,0.021750005956457093,0.03504167626318088,0.05251679943478695,0.013140628598692828,0.027423920553793734,0.006797421889618526,0.013630780971587047,0.12615003454745116
468,0.007589874132343983,0.01859519162424276,0.0154959930202023,0.0023197288465043532,0.016904719658402505,0.005903235436267543,0.047128742684764885,0.016904719658402505,0.1991547454198696,0.01570958089492163,0.013774216017957598,0.014494679874337456,0.0064121350428423315,0.1911231962241183,0.18845614925011134,0.023178070172835193,0.09042142491844424,0.09750774348572047,0.0103306620134682,0.01859519162424276
469,0.48700642239795305,0.025038491349847206,0.023112453553705115,0.02385019695615638,0.023720676015644725,0.006987485958096895,0.020486038377147717,0.060092379239633315,0.03466868033055768,0.010992508397493899,0.03605542754377999,0.03466868033055768,0.010860068537283128,0.039190682112804326,0.00979767052820108,0.04258728066421179,0.009570649885532688,0.06528703688227151,0.015541132561974131,0.020486038377147717
470,0.0174137979980689,0.034330058910478696,0.02355984435032852,0.006746579319931374,0.022250964108643603,0.01082479335015094,0.024521470650341926,0.024231766405280214,0.6484811498504162,0.00702662024483482,0.018205334270708397,0.017832808685776087,0.012782468743263343,0.01798921534628609,0.017223369915875905,0.0091026671353542,0.03864705753300611,0.010358207429885814,0.018774250966668033,0.019697574784700893
471,0.009934909601267715,0.0425533234025756,0.04718300755090745,0.02776569818996207,0.09255232729987356,0.29805532425184944,0.02922705072627586,0.05553139637992413,0.09255232729987356,0.013882849094981034,0.03702093091994943,0.05553139637992413,0.010679114688446949,0.03702093091994943,0.008956676835471633,0.006702107535862341,0.025241543809056428,0.026460470213427994,0.032665527282308315,0.05048308761811285
472,0.01349250355781209,0.017619881892858655,0.03637109654714563,0.03485563419101457,0.08365352205843497,0.003140201738510972,0.028846042089115505,0.03576741301861357,0.049207954152020575,0.015491392973784254,0.04647417892135276,0.011452649729424688,0.011950503151204996,0.029876257878012485,0.05215453286949672,0.43583327995919224,0.012694388427462166,0.013942253676405829,0.025349552138919686,0.041826761029217494
473,0.012158591297342333,0.006637340528517926,0.027178027605824044,0.0385022057749174,0.04200240629990989,0.005634469137792789,0.01235526333717649,0.0369621175439207,0.040176214721652934,0.011014024380292494,0.046202646929900865,0.054356055211648095,0.011712017083478694,0.0385022057749174,0.5001359816845125,0.012609043917120116,0.02053450974662261,0.01621145506312311,0.018481058771960348,0.04863436518936934
474,0.47467124524143695,0.03528445898596971,0.012901155978489195,0.030417637056870447,0.021002654158315304,0.008648151712247478,0.030417637056870447,0.023840850666195755,0.05188891027348487,0.012601592494989183,0.03675464477705178,0.03392736440958627,0.009295582871779583,0.030417637056870447,0.008019195224084025,0.008788193525848496,0.07179850161082946,0.024442458321046547,0.0464269197183812,0.028455208859652994
475,0.016668780154098888,0.02580972410957247,0.0421106024945656,0.044450080410930355,0.020515421728121704,0.01538656629609128,0.02286004135419276,0.4309437869423235,0.05334009649311643,0.011481302885759583,0.030773132592182555,0.04523582904801786,0.010127866422743628,0.0381000689236546,0.009877795646873416,0.011648456003609864,0.0053364907953089786,0.07615856418093288,0.04706479102333802,0.0421106024945656
476,0.013423986596280333,0.017522294229898528,0.03008824581924902,0.018565087845919606,0.023582679155627607,0.0212627256115409,0.04592416467148535,0.04847550715323454,0.02726747277369442,0.006843992546392546,0.020775217351386228,0.04592416467148535,0.011045052262762298,0.029085304291940717,0.08505188495873968,0.010772334922941006,0.016463379787890975,0.010029415273083007,0.47426913363853673,0.043627956437911085
477,0.01148303190879128,0.00954276732756526,0.012095460277260148,0.02748968244831852,0.21964848301820872,0.008807373988296225,0.007560473084416312,0.02159903620939312,0.043198072418786246,0.00855810868674067,0.02748968244831852,0.01818116528600797,0.007315802587052509,0.02451782488633814,0.010308630918119443,0.005638188465801732,0.012426842750609741,0.009549047587310643,0.025198875577625308,0.48939145012503943
478,0.014011561130362303,0.03402807703087989,0.03969942320269321,0.02507331991749044,0.035288376180171735,0.012875488606278875,0.02381965392161592,0.013056396600016063,0.036645621417870644,0.03942718338744116,0.5132977639592889,0.030735037318214094,0.00874115740242786,0.028023122260724613,0.007881060531220901,0.009250351037520744,0.06732822245346745,0.006872555941047783,0.02507331991749044,0.028872307783776877
479,0.028150040204852258,0.023380546598488657,0.039741233230379654,0.03070913476892974,0.03217147451983115,0.011874343464723882,0.04825721177974673,0.056300080409704516,0.039741233230379654,0.014470680046990616,0.039741233230379654,0.023296584997119108,0.01145086381214329,0.03070913476892974,0.10729507645408186,0.012283653907571893,0.018766693469901504,0.01689002412291135,0.3628014519893613,0.051969304993573405
480,0.01771141759484497,0.06100599393779934,0.03431587159001212,0.045754495453349496,0.023077958663375215,0.02495699752000882,0.032297290908246706,0.04991399504001764,0.045754495453349496,0.2943953104353262,0.07561454024898942,0.0549053945440194,0.010765763636082237,0.028897576075799687,0.01016766565629989,0.04767918420601169,0.017157935795006064,0.06436323476308387,0.026949006888365695,0.03431587159001212
481,0.017069151699979884,0.06174620319464857,0.05660068626176117,0.0730020312137805,0.07546758168234824,0.36275618962220246,0.023420973625556344,0.05660068626176117,0.025155860560782742,0.011134561231821872,0.030873101597324284,0.02612339365927439,0.006792082351411341,0.032343249292434956,0.009299164158799582,0.015436550798662144,0.013061696829637197,0.02071289566495482,0.04245051469632088,0.03995342559653729
482,0.2328362991198111,0.021830642998090434,0.013272965755457288,0.03969207817834624,0.029107523997453914,0.008396401153111705,0.013644151873806522,0.031186632854414913,0.022979624208516247,0.008396401153111705,0.03358560461244682,0.021830642998090434,0.007527807930376012,0.022979624208516247,0.008396401153111705,0.2807076108859868,0.05707992292876475,0.0896799217266541,0.025683109409518158,0.031186632854414913
483,0.013308440094566555,0.034321766559671646,0.03622853136854229,0.043474237642250745,0.029641525665170962,0.1279254825954301,0.04075709778961008,0.09623547468236322,0.031346416805221385,0.01018927444740252,0.018631816132393172,0.029641525665170962,0.01417638183986437,0.025081290947452355,0.34930543350199106,0.008743540122816655,0.01417638183986437,0.011440588853223879,0.034321766559671646,0.031053026887321963
484,0.019634233587047648,0.025021127262448376,0.02591718833490289,0.029451350380571468,0.34383086297101556,0.023140346727591868,0.040495606773285765,0.03811351225721014,0.04984074679789017,0.010230093892911412,0.03085379563678915,0.04984074679789017,0.013223055272909637,0.040495606773285765,0.01270450408573671,0.008183697784683905,0.03811351225721014,0.014725675190285734,0.046280693455183736,0.13990364376114978
485,0.027115242088862956,0.029201029941852415,0.06326889820734691,0.031634449103673454,0.020315179444862323,0.0223301993672989,0.07592267784881626,0.047451673655510174,0.05423048417772593,0.20286326432836352,0.06801166530237374,0.09490334731102033,0.031634449103673454,0.09490334731102033,0.013557621044431476,0.005885285690220483,0.03451030811309831,0.014718948063199401,0.020090256241139574,0.047451673655510174
486,0.016828079964111297,0.06357274653108712,0.033656159928222594,0.3039427601958808,0.11443094375595682,0.009825740927576246,0.03178637326554356,0.14303867969494602,0.009012107849293585,0.022005950722299387,0.040868194198556015,0.040868194198556015,0.022886188751191368,0.030278044950564114,0.01003780208385586,0.014303867969494602,0.014303867969494602,0.025101801572524274,0.027245462799037338,0.02600703267180837
487,0.018003356352308056,0.11553624347286535,0.045008390880770154,0.03000559392051343,0.24042906108365047,0.01666977440028524,0.04091671898251833,0.04091671898251833,0.05626048860096268,0.003750002868750133,0.03462183913905396,0.07501398480128357,0.010716283543040508,0.03214885062912153,0.013638906327506108,0.05711031873807978,0.01154061304635132,0.016256249223550148,0.05626048860096268,0.08519611640590811
488,0.016398855852862985,0.05308350585604742,0.11647408152709224,0.22755295131883715,0.2269287080636155,0.004127968944784285,0.022350949834125226,0.026541752928023705,0.052418178468201945,0.016333386417245355,0.026541752928023705,0.026541752928023705,0.00923191406192129,0.0386061860771254,0.012490236672011157,0.014643725753392388,0.015728446179569602,0.025586905307969275,0.047185338538708814,0.021233402342418967
489,0.3357669326607961,0.059957298200052314,0.03247455755800179,0.04517970912897246,0.09035941825794493,0.024327535684831324,0.019167149327442866,0.03953224548785091,0.05270966065046787,0.014375361995582148,0.028750723991164295,0.02258985456448623,0.010039935361993883,0.02530063711222458,0.009883061371962728,0.11396620584292792,0.007740638331766589,0.008233932156528068,0.033290311989769186,0.026354830325233936
490,0.022487238794250707,0.08673649249210987,0.04047702982965127,0.03571502632028053,0.045546058052661945,0.028912164164036618,0.023827973420344213,0.08468878258550597,0.033730858191376056,0.3236001641695051,0.060715544744476914,0.04670426518805917,0.0034776330669620964,0.033730858191376056,0.012219242038660327,0.01839864992256876,0.01897360773264903,0.013199031466190633,0.03794721546529807,0.028912164164036618
491,0.017098480845691596,0.031179582718614093,0.0353368604144293,0.01591875735381798,0.058894767357382166,0.28237152716724306,0.04818662783785813,0.058894767357382166,0.04077330047818765,0.018277686421256534,0.04077330047818765,0.058894767357382166,0.0353368604144293,0.0353368604144293,0.00748452001257745,0.018277686421256534,0.022085537759018312,0.03573922130904121,0.03312830663852747,0.10601058124328791
492,0.012933155452228064,0.044188281128445875,0.02945885408563059,0.13256484338533767,0.28112264756266525,0.027908388081123718,0.014729427042815295,0.021299139076845032,0.026512968677067535,0.10214163605971996,0.04820539759466824,0.037875669538667896,0.007263827034813023,0.02945885408563059,0.010605187470827015,0.005174419954055856,0.013256484338533766,0.020476645515352634,0.05302593735413505,0.08179823656143703
493,0.01645467920581647,0.024249000934887435,0.05759137722035766,0.06581871682326589,0.06609841761092107,0.027101824574285956,0.0354408475202201,0.08753178784350754,0.046073101776286124,0.24273269389355046,0.11961154825506934,0.05119233530698458,0.01588727647458142,0.0354408475202201,0.010714674831694446,0.03192191542393855,0.013550912287142976,0.012487379840132068,0.023036550888143062,0.017064111768994857
494,0.033975989003002395,0.040153441549002834,0.059084353755310265,0.1104219642597578,0.03154913264564508,0.07361464283983854,0.03352593737588349,0.03154913264564508,0.030072484619803518,0.020076720774501417,0.03154913264564508,0.23547971618655586,0.014247995388355843,0.1104219642597578,0.025981638649354776,0.004106397200664235,0.02017225122359046,0.03680732141991927,0.040153441549002834,0.01705634200876362
495,0.014847917340973162,0.04593606156025716,0.02513527707283773,0.44298239151540253,0.0590606505774735,0.011513173198497626,0.022347273191476457,0.02851203820981479,0.0800313074086333,0.013554903411223423,0.03758405036748314,0.031801888772485735,0.014765162644368375,0.030624041040171444,0.015900944386242864,0.013554903411223423,0.016874471593563853,0.01801572687873944,0.03758405036748314,0.03937376705164899
496,0.013231830449781207,0.023177209550072377,0.3093729692888451,0.05883763099876605,0.021460379213029977,0.0028733255797488448,0.013795958065519273,0.01931434129172698,0.04138787419655781,0.011825106913302234,0.030496328355358388,0.2136895763896385,0.009053597480497022,0.03408413169128291,0.014132444847605109,0.009820851504267957,0.014485755968795236,0.05455684964902646,0.08277574839311565,0.02162809017306288
497,0.016441443642119913,0.07750966288427959,0.030142646677219845,0.0904279400316595,0.049324330926359745,0.030142646677219845,0.2893708702281285,0.06782095502374466,0.03191574354058572,0.06779553242761348,0.036171176012663814,0.031044119594220487,0.011595574590464288,0.021793837320387876,0.00440166587175192,0.011543992344467171,0.016441443642119913,0.036171176012663814,0.049324330926359745,0.030620911625970203
498,0.027993947876028893,0.027566924738855483,0.054238274009805985,0.045674336008257675,0.02345438876099718,0.017015929101115605,0.03615884933987066,0.0211661557111438,0.05785415894379305,0.01151307552707575,0.03214119941321836,0.02992456497092744,0.012761946825836704,0.04132439924556647,0.007597868960945824,0.012972552286028179,0.013350959756259936,0.02629734497445139,0.4632621503256087,0.037730973224212865
499,0.013252752512813177,0.03352166812064509,0.04070488271792619,0.02713658847861745,0.037991223870064435,0.015401847514890986,0.015401847514890986,0.004799025002735172,0.02227349584392318,0.3181485891609146,0.29900190608706867,0.018382850259708598,0.010361242873653935,0.02713658847861745,0.00851868775309076,0.01628195308717047,0.04608859249228798,0.004137581388648734,0.02035244135896309,0.02110623548336913
500,0.1015496096491183,0.06648765074524153,0.11241873314412823,0.08470457359901375,0.0028627958137320687,0.05804058810562464,0.05338076618972797,0.06140873297998003,0.028959065657927423,0.0013430400113804766,0.08462064640303464,0.054434333943472586,0.001121507638369264,0.1137677579418577,0.021842520723398987,0.05339550314865487,0.04192914911862078,0.04487465876665954,0.005725591627464137,0.0071327747925929615
501,0.01389778145921525,0.0322428529853794,0.03838434879211832,0.03681384068946361,0.04242480655970972,0.0033920834320507786,0.02370798013630837,0.07852142326174952,0.062104662274027146,0.012213201888401283,0.03504657933193413,0.04478174025747137,0.0073951497672888515,0.027795562918430515,0.42720260934330406,0.013973035711070706,0.013434522077241409,0.02121240327985486,0.04242480655970972,0.02303060927527099
502,0.06196598792883144,0.03683525787016483,0.005937548212059525,0.10997824660612184,0.007962170498942532,0.0011815793118703359,0.09994628824178883,0.07687358164208313,0.032189604614668695,0.03373464693833278,0.03508119797158556,0.08563410376653705,0.04420230944419779,0.04057092145913436,0.04476183234855473,0.1426315007940629,0.06260967464456378,0.06273839040735116,0.010350821648625292,0.004814335650523392
503,0.06062165073134745,0.0570556712765623,0.010624042092449822,0.03192802024290373,0.030049901405085865,0.013806711456390805,0.07504863423498222,0.025675009619541632,0.027332500853362248,0.007297833198377996,0.12124330146269488,0.2748278815630396,0.006997922245019997,0.05676092487627331,0.0082394890949429,0.009391697834753621,0.13850730724424754,0.014595666396755993,0.0164789781898858,0.013516855981382137
504,0.011150801699419403,0.4234540881730559,0.018753621039932625,0.018753621039932625,0.020628983143925892,0.01422688492684544,0.01719081928660491,0.024269391934030465,0.025786228929907364,0.004296997995890118,0.018753621039932625,0.019646650613262755,0.03860383134472521,0.05157245785981473,0.007367493979973532,0.2218346348387725,0.008268863943470595,0.008969123106054735,0.031736897144501376,0.014734987959947064
505,0.10015270933709663,0.03453868874598034,0.04317336093247542,0.03497828638248864,0.03289398928188604,0.3718796112376904,0.023025792497320223,0.017269344372990162,0.04934098392282904,0.011324160244583716,0.046051584994640446,0.04317336093247542,0.010158437866464805,0.04934098392282904,0.008666452511776501,0.014391120310825135,0.014391120310825135,0.012841912730729476,0.046051584994640446,0.03635651446945298
506,0.1526367408097822,0.02875699584326939,0.11224298896701465,0.02631431891770692,0.031098740539108185,0.3688157772127866,0.020732493692738795,0.031098740539108185,0.02974662138523392,0.009915540461744641,0.038009571770021115,0.017542879278471285,0.009502392942505279,0.03257963294573239,0.009636229462822256,0.007116202320406012,0.011215939210825905,0.013798521180467644,0.020732493692738795,0.028507178827515835
507,0.012690387314391345,0.033629526383137064,0.06725905276627414,0.011256449976823082,0.033629526383137064,0.3615898661172957,0.024910760283805237,0.04804218054733866,0.042036907978921324,0.015641640178203284,0.08407381595784268,0.030572296711942785,0.013726337299239619,0.07473228085141571,0.006658122252123506,0.012934433224283486,0.0197820743430218,0.016446681586798614,0.06114459342388557,0.02924306642011918
508,0.005589168248402202,0.22513846996162676,0.02428351427027109,0.03713949241335579,0.02925225532898097,0.02740214880380457,0.017064091108839146,0.05777876173927017,0.025254854841081937,0.009865177672297632,0.03713949241335579,0.02630714045946035,0.009284873103338946,0.0225489775366803,0.009284873103338946,0.01127448876834015,0.026103011010043684,0.34026971149107005,0.03156856855135242,0.027450929175089067
509,0.012233176064829434,0.04465109263662743,0.07057484146765633,0.4814373332856111,0.033074883434538835,0.00838744546936819,0.02626534860978084,0.03434699433586725,0.01378489960189951,0.01063121253253034,0.03720924386385619,0.03189363759759102,0.010383975031773822,0.03586978622376266,0.008586748583966812,0.04653969624932765,0.012577772573697866,0.013782812229948664,0.047001150143818345,0.020767950063547643
510,0.12410187942668945,0.019355992436877596,0.021775491491487293,0.1091298554791134,0.03266323723723094,0.281769109793222,0.02010045368444981,0.03484078638637968,0.04020090736889963,0.006615339187287279,0.04020090736889963,0.04355098298297459,0.009860599920673493,0.01742039319318984,0.003543507883749574,0.10896750388684924,0.010050226842224907,0.011194297366095764,0.017148364809551862,0.04751016325415411
511,0.01624868978655649,0.06841553594339575,0.018262083481338034,0.013696562611003526,0.10900485451629194,0.005267908696539817,0.01792958872999337,0.062378718714632214,0.04332983943081731,0.14593637676074778,0.06499475914622596,0.017120703263754408,0.004418246003549525,0.10757753237996019,0.018907566297083917,0.17795136730233735,0.014443279810272438,0.006883104072278435,0.061235379394731074,0.02599790365849039
512,0.09771663284742967,0.019772087802538564,0.03624882763798737,0.04012976350533379,0.04660563553455519,0.34500266113589756,0.018124413818993684,0.03624882763798737,0.02416588509199158,0.009886043901269282,0.02718662072849053,0.042695099567855374,0.06317132078917376,0.020389965546367895,0.005317610748941863,0.07143218581545031,0.01069637536858644,0.013971651728876803,0.05019068442182867,0.02104770637044428
513,0.007081760058919498,0.004834278056844417,0.004834278056844417,0.007471156996941369,0.012612261071737976,0.0012085695142111043,0.0067738574476621264,0.44949706527237715,0.006321748228181159,0.04292310989303386,0.13355328172041311,0.0024171390284222086,0.0009131414107372788,0.003913463188874051,0.0013255278542960497,0.0006706095900613486,0.06373584053027548,0.2415523316312094,0.0024903856656471237,0.005870194783311076
514,0.08139856228572032,0.05905385891316965,0.005693283184445466,0.008184094577640359,0.005098593308689168,0.009699667647573759,0.006118986586709786,0.047616550269907534,0.013466631742157942,0.000978382075006574,0.03152391985461472,0.009699667647573757,0.13999818897311542,0.024460368463317922,0.0005118219588255434,0.097784910368212,0.17910938018192232,0.06547275662112287,0.0038239449815168757,0.21030643035875826
515,0.03571097473779362,0.019515891787276453,0.02306423574859945,0.07248759806702684,0.02670595718258884,0.004367997268543934,0.012081266344504474,0.04299502059999128,0.21502931127844818,0.008748503214985999,0.02306423574859945,0.016368167305457672,0.006856934952286325,0.040174846580017826,0.272891425113588,0.03407393953274423,0.013750723088219211,0.010796025244025276,0.02206144288996469,0.09925550331533815
516,0.005311873203115079,0.007967809804672618,0.0075251537044130285,0.00934157011582307,0.1408322032894064,0.006020122963530425,0.005824913334781752,0.14699627070498583,0.0075251537044130285,0.14397649420597086,0.42010841360341694,0.006772638333971725,0.01295932168772785,0.006607452033143147,0.00288499330573606,0.0038700790479838433,0.003926167150128537,0.030563442788608376,0.01593561960934524,0.01505030740882606
517,0.015379604276994382,0.032351788464778514,0.030195002567126605,0.013646464818392748,0.04767631984283149,0.477366779116402,0.0335500028523629,0.03484038757745378,0.045292503850689905,0.012078001026850641,0.02922097022625155,0.02322692505163585,0.014610485113125776,0.03623400308055193,0.00669614825295138,0.012408905164572579,0.0192734058939106,0.050758547280457575,0.037743753208908264,0.027450002333751458
518,0.01306864231566448,0.006471302263307179,0.030155939397580277,0.03484971284177194,0.03484971284177194,0.012299898650037156,0.02458642220156108,0.03920592694699343,0.0330155174290471,0.010283521822162214,0.03689969595011146,0.02817603423754932,0.25996676755626286,0.027273688310951946,0.010632115782235508,0.010815428123308534,0.00995706081193484,0.016953914355456623,0.02240338682685339,0.3381353113354388
519,0.01736585513064304,0.1846569262225043,0.024157700594153328,0.01714417461520559,0.015225014246848056,0.006643367663392166,0.010846314552477006,0.28729205231114713,0.024157700594153328,0.11471281666193776,0.0352094077721809,0.011553682892855941,0.004466129521608179,0.011810431401586075,0.004251755304570987,0.00450750591249536,0.00668255267115519,0.18698759694241235,0.015184840373467809,0.01714417461520559
520,0.0047178070836564594,0.015066545202644825,0.006868572077676316,0.016105617285585846,0.015066545202644825,0.004624385161207818,0.008340408951464099,0.43636883069760996,0.008194085987403326,0.2514977998633104,0.12933249523944138,0.008649312986703508,0.0025662187924726746,0.01042546094644542,0.003289175361140771,0.004246026375290814,0.004061416532886865,0.049947758319845686,0.012291128981104987,0.008340408951464099
521,0.04753703394740411,0.05345594984594334,0.08890186593320398,0.2730563906910868,0.013686657740363099,0.08056387401694841,0.025773404390008397,0.013326482536669333,0.034004482652372804,0.011017638517866187,0.03280251467819251,0.009554836535725182,0.004562219246787699,0.1239870765762484,0.003751158047358776,0.02255172884125735,0.005957721604628642,0.006410206789790312,0.032073569907566005,0.11702518750057866
522,0.04603089099198501,0.013827628967546116,0.0844318329898249,0.10901081570409697,0.009273365217989002,0.02593576387779446,0.09141599150766597,0.011387459149743857,0.054434452661766025,0.027655257935092218,0.028468647874359643,0.07479490214263579,0.0018890188407014636,0.16077374709240272,0.053141476032138,0.09496711215446764,0.0980098277520159,0.005025073255414038,0.006182243478659335,0.0033444923737009523
523,0.0026695101885194825,0.028713578787021264,0.010472693816499507,0.007563612200805201,0.013601168899115336,0.004254531862952926,0.004254531862952926,0.29074690795380115,0.0062872073502573365,0.2257789130318812,0.07225797899086234,0.004694655848775642,0.0016207740430296857,0.0032415480860593713,0.001839797562358022,0.0020945387632999015,0.0014334311516930574,0.3035136284336876,0.009724644258178115,0.005236346908249754
524,0.04831046766241838,0.022354529139235118,0.15821120707903355,0.020491651710965526,0.027322202281287365,0.010691296544851576,0.14021435180105712,0.03640874780269178,0.007807118832324948,0.004553700380214559,0.06671445534333965,0.13086100489797098,0.004470905827847023,0.021227326700153534,0.004639619255312948,0.15860485287647097,0.05928384363806094,0.016393321368772418,0.040983303421931044,0.020456093436060523
525,0.016866053348857935,0.033732106697715876,0.02409436192693992,0.12425806650893298,0.059513073959541585,0.04028233311138804,0.08647198780446212,0.014649372051579469,0.06746421339543175,0.04935867093594229,0.042918082182361705,0.03829746641219258,0.0013385460565234156,0.048526759686206726,0.051139159403781,0.0675789484522267,0.0824027177901345,0.013079796474624523,0.03338991200416065,0.10463837179699619
526,0.027682210017263825,0.09197813983135163,0.0016344408826193197,0.08394522577503302,0.10235516073540155,0.005279474134765614,0.04571694524161856,0.1857250900440754,0.09079893291043686,0.04457402161057807,0.015238981747206188,0.004502426425310917,0.0005876641375709914,0.02201186252374227,0.04688526717557102,0.03835617732791188,0.04718553452033026,0.057283342339976666,0.030477963494412376,0.057781139124823466
527,0.05139159214584754,0.12148001524077193,0.039047147755962415,0.13015715918654133,0.02603143183730828,0.04905923692415789,0.03356684631652908,0.010120326325236087,0.013734728584248975,0.041655120860422654,0.013734728584248975,0.16303896782314123,0.10102626163004821,0.06136318692091759,0.024296003048154387,0.05713456687883124,0.02370600900680867,0.00915648572283265,0.013734728584248975,0.016565456623741634
528,0.05116736284872019,0.026075617382087347,0.040417206942235384,0.018833421326478507,0.036742915402032165,0.43211795981177575,0.036742915402032165,0.04254442836024777,0.03514539734107425,0.013700748116011992,0.05388960925631384,0.04754965522615928,0.009185728850508041,0.04490800771359487,0.017772053230416203,0.011547773412067253,0.016166882776894154,0.012555018527321132,0.031090159186334915,0.0218471388876948
529,0.024008383980942266,0.07036940132345147,0.0298497650882395,0.007941554605327772,0.027553629312221075,0.38001035753570184,0.04122651794707256,0.026533124522879554,0.03979968678431933,0.005117102586555343,0.04214084483045576,0.04001397330157043,0.006454003262322053,0.024703253866129246,0.006124725610180714,0.15116389913926612,0.021943146649248298,0.008390694306112275,0.02558551293277671,0.02107042241522788
530,0.08024020599381734,0.020192962409000155,0.015144721806750113,0.0062564254499864105,0.08625822144335366,0.007572360903375056,0.08178480539072196,0.015144721806750113,0.16210281156676984,0.05874215797217633,0.0930190567495681,0.06428795410880642,0.0053743440151622236,0.04537518534429211,0.03297687546753382,0.06250595756764757,0.02307961272740273,0.00571498936103778,0.014423544577857252,0.11980308533799117
531,0.015343331076590824,0.03153906943521447,0.0218347403782254,0.0436694807564508,0.029879118412308444,0.013516744043663344,0.01831300805915679,0.29564121894499357,0.02838516249169302,0.043849549811639264,0.30593040091849233,0.04055023213099003,0.006601200579463495,0.024682749992776542,0.012843491099084317,0.00995970613743615,0.010344177034500137,0.00412086064538776,0.01831300805915679,0.024682749992776542
532,0.017351217414144374,0.1728735933989132,0.03266111513250705,0.0427106890194323,0.08757947907938897,0.010095253768229452,0.0077412345343319125,0.055523895725261986,0.061693217472513315,0.012338643494502666,0.055523895725261986,0.03084660873625666,0.007028341231045821,0.03701593048350799,0.010282202912085552,0.010133360912916023,0.011813594835162127,0.017910934104923226,0.03266111513250705,0.28621567688710847
533,0.47215944391870035,0.02462959479071466,0.02462959479071466,0.03249819183576485,0.031666621873775995,0.08251656995540864,0.015555533552030312,0.02686864886259781,0.018865221541823997,0.00953403669317987,0.02333330032804547,0.027708294139553995,0.0052156788968572235,0.030574669395369923,0.007987976688880431,0.007110790718212526,0.07569140395519686,0.008392805843851377,0.04222216249836799,0.03283945972095288
534,0.011514425362284978,0.07085646661616234,0.4173802617996003,0.0345063070040464,0.03247588053240774,0.07240729444240142,0.017714116654040584,0.02783646902777806,0.08660234808642063,0.009622483120713402,0.02783646902777806,0.048100496961973424,0.008035269410080264,0.025142617186380188,0.009622483120713402,0.0098660902883264,0.016237940266203867,0.02165058702160516,0.02783646902777806,0.02475552504330525
535,0.007742098155643589,0.03680586496262652,0.437132931905925,0.034178975309516926,0.02381555968169951,0.1245799153474777,0.01474998195168231,0.029989964043621614,0.038558525198942074,0.008801402491062864,0.03680586496262652,0.03284342936524078,0.005362443901839624,0.03373870954907432,0.01024973454655422,0.007638953105450788,0.01079638705570378,0.05191922667503163,0.029989964043621614,0.024300067746658646
536,0.10146105845890543,0.04910325526327753,0.022319661483307964,0.030689534539548455,0.046034301809322685,0.01753687687974197,0.022319661483307964,0.010814332318520505,0.025398235481005615,0.010089709985604973,0.04091937938606461,0.025672483906241945,0.014080580373846236,0.019906725106734132,0.007672383634887114,0.030456870131024605,0.3952545725955274,0.014442133900963976,0.09206860361864537,0.023759639643521385
537,0.425678535538183,0.017731567283430064,0.030395118389150114,0.024935016492323533,0.027514500957046658,0.008150626856418791,0.02573937186304365,0.06137850213495026,0.04199581725022912,0.008865783641715036,0.04693650163260901,0.024935016492323533,0.007822750272101503,0.026597350925145105,0.00896539918825116,0.010778922515119565,0.04462102243845941,0.08744787792222469,0.04199581725022912,0.027514500957046658
538,0.639918920957836,0.002916744833746318,0.029332118214019626,0.008260286408715413,0.0037111431691330115,0.13652496869804964,0.003325569852859452,0.004742016271669958,0.006565868683850712,0.00173019512614985,0.006401721966754445,0.0050209584052976035,0.0011586827089148316,0.005690419526003952,0.10037540396638989,0.027530650391546726,0.0019399157475013468,0.0018871744139564346,0.009145317095363493,0.003821923562241459
539,0.018438298809576602,0.017916559216284808,0.06807987252766746,0.03540153371438708,0.03847992795042073,0.013289158635968759,0.014274811981607695,0.03277919788369174,0.04214468299331795,0.007519512915397929,0.030518563546885417,0.04214468299331795,0.007902128061247115,0.020114507792265385,0.06373767199695211,0.007437296998820815,0.009833759365107523,0.01580425612249423,0.4739545609100579,0.04022901558453077
540,0.013812284265937627,0.029891558241333265,0.4972924717843364,0.040468754578665174,0.03563993482620505,0.007304515913938535,0.010194307286545908,0.026475380156609465,0.0441256335943491,0.008423984595284827,0.048770437130596374,0.010453322221807016,0.005205833176861411,0.03860992939505547,0.012192609282649093,0.00676378325168855,0.00686398744800986,0.012888302290001423,0.09266383054813311,0.05195914001199239
541,0.0033034474636660363,0.026065085049880893,0.02027284392768514,0.10947335720949979,0.026065085049880893,0.013350409415792653,0.017105212063984337,0.03868859419114036,0.030409265891527707,0.009277403153347437,0.04976061691340899,0.017774241050730232,0.006790892941815976,0.2736833930237494,0.008049511559522042,0.006602914541970755,0.27821988779095813,0.014404389106513125,0.02880877821302625,0.021894671441899948
542,0.010252466468065073,0.11713081218773794,0.023352840288370445,0.033628090015253444,0.02627194532441675,0.01318136996592709,0.006253323430750561,0.042035112519066796,0.06389610416961955,0.00782834234361032,0.03821373865369709,0.028989732771770207,0.00525438906488335,0.03233470193774368,0.4508866659786358,0.023148418949879727,0.011516469183305974,0.013782004104612068,0.028023408346044533,0.0240200642966096
543,0.009900129889579482,0.034320450283875543,0.0190669168243753,0.025740337712906663,0.03238345447809126,0.013547546164687714,0.028600375236562954,0.2758756047714984,0.042900562854844435,0.006435084428226665,0.03991611635260005,0.04172679564477618,0.01144015009462518,0.028600375236562954,0.006516541193140927,0.0440885988258549,0.010174143940642037,0.2847742388850907,0.020592270170325326,0.023400307011733325
544,0.009367827965056676,0.012780908875143208,0.009737835333442446,0.017041211833524278,0.018590412909299216,0.004820872187618741,0.09055721792752429,0.015912328915007004,0.011685402400130933,0.004494385538511899,0.012029090706017138,0.14359097327518522,0.003075105894771299,0.018590412909299216,0.003034003827117179,0.22419802011152207,0.37417890068268406,0.004445533521788943,0.012780908875143208,0.009088646311212948
545,0.04228719202778574,0.03946804589260003,0.007242334506568789,0.007191243213350849,0.01004581883169219,0.004865943496600905,0.04774360390233875,0.06831007942950004,0.16721370377813327,0.015444017957973923,0.04881889595543662,0.023897026703477122,0.0014900496831696552,0.09523865877906526,0.1907112991023085,0.10126669669811848,0.04669821853059011,0.06166882170718753,0.007242334506568789,0.013156015297533338
546,0.09715656472886755,0.07012177972798925,0.0423678410654054,0.007807155014998925,0.24573362209572205,0.0069663844749221155,0.08331518600179577,0.039926589449591356,0.007075234232342776,0.0015339408930945095,0.04385009789568198,0.01841704111618643,0.003704577236014512,0.0068608331949990544,0.0043539902968263225,0.0015996525742289992,0.0069686101520705385,0.02202603842507015,0.10453236714805032,0.185682494276142
