site,A,C,D,E,F,G,H,I,K,L,M,N,P,Q,R,S,T,V,W,Y
451,0.008840943288136918,0.6398544107125256,0.017784274817550808,0.01664112261580583,0.01962118002269583,0.014469333811661317,0.02148749139767942,0.028672363382454706,0.027763962302511398,0.007353875040631046,0.020605565743618996,0.029218328152845988,0.00821302854065473,0.01398059947083564,0.0391383676022812,0.0191577665152407,0.012214403304492506,0.009037972769673087,0.022742942589689754,0.023202067919014524
452,0.04782055654279435,0.011078449954269825,0.012962973264217002,0.02047163363469897,0.009217696306458713,0.009915500524203147,0.017155322466509908,0.29668422619331286,0.012931424194916689,0.004669842740292046,0.02250962194153591,0.015001118394993896,0.0058947708031278365,0.011212031124768112,0.002770175087261152,0.00440811947663666,0.00705536610642764,0.4597646175312091,0.007965785063907665,0.020510768648458508
453,0.009620819024015076,0.03679588039060004,0.044715566486366404,0.011526442927514495,0.018281078718809383,0.004918334007444157,0.025914920960056223,0.021934601123242217,0.022127319452178194,0.006857504851242285,0.016603887714965144,0.020785165848427434,0.011328538946017276,0.017773731656724082,0.007408224878335443,0.00806511595380482,0.016236988276368033,0.008096336151384156,0.01091278127512012,0.680096761357385
454,0.007428754538277448,0.026442141527359523,0.033439243817578464,0.01903123492451854,0.01821809738459574,0.011125946602603281,0.02135998610404692,0.06227895547313557,0.0342253831806939,0.006318229547353147,0.01983731330909517,0.5944954538493941,0.00703406766325681,0.01976407632452805,0.005758089368150624,0.029245902400070075,0.032884546357890634,0.006996450725543461,0.012296380452323355,0.031819746449585275
455,0.010456098967482159,0.01536024986851661,0.015634158639932134,0.014847115274842745,0.014779628381258703,0.006728455549491562,0.021789052395378487,0.03470311797739034,0.0333715036338522,0.01167724137392066,0.6554056415797127,0.02417181388478446,0.010297220078313003,0.019338320355390955,0.011413757431242717,0.00663304653722215,0.024701157720757913,0.02726232119541487,0.012957047091717147,0.028473052063378412
456,0.01732293830446189,0.01618209134293251,0.015117095080758775,0.016470979185969816,0.02202673287759091,0.006076367129685828,0.019142677700064184,0.03387490895975286,0.06321797281915455,0.01291775422357824,0.6118771863925586,0.018928181989284944,0.009904083818211876,0.016546071847803757,0.014819197378341278,0.015592746264230585,0.031208744183162163,0.02884081429159844,0.010732523772469832,0.01920093243838902
457,0.010085923703914366,0.010777742383821707,0.01810639960563969,0.04674263035515657,0.015301126004690588,0.6629271882390009,0.018596099872457666,0.013176092429875044,0.04325975892242011,0.005550783493732803,0.017770817359525314,0.01721237927748512,0.0068575997866486575,0.023132353431743212,0.028831282504632058,0.006077868575018974,0.009242041484313977,0.01614684716977742,0.010888579419984725,0.01931648598016107
458,0.007193937582876946,0.009638906626133639,0.014399677535581634,0.05247308109380579,0.009363812115481072,0.01164364970110025,0.011702809196552035,0.03125640982685382,0.6755350587006316,0.004218382438964021,0.014046170051745122,0.028730791013199506,0.006310414344256184,0.041482421254152475,0.03135603025441029,0.00478968682327595,0.011351092887452388,0.0069279421858344905,0.013925246444773467,0.013654479922919396
459,0.006923741187783078,0.011185559017069167,0.016462272242782613,0.011845379985468899,0.017443192803815386,0.026732666318714786,0.013114062335594348,0.06392231724036122,0.05738633941812759,0.004544570818629865,0.014067598043890024,0.027352133830350414,0.006674833010162388,0.015762846081742818,0.6468931518948772,0.02179558688739116,0.00896597812908212,0.004930386052175374,0.008452030845570913,0.015545353856410659
460,0.02214754899032458,0.02136935161205051,0.039734925074428676,0.6336244100166064,0.015421267127174804,0.028644375925330496,0.01743793701633405,0.018610617605609787,0.045603745133481415,0.0057343232971586,0.014985768894758092,0.01683478384310422,0.009872045295572155,0.0211898735391853,0.005838990923818526,0.007032247465137523,0.011001844681957265,0.03608875281310291,0.012617972172222014,0.016209218572642736
461,0.006487006092059799,0.010343706390717921,0.017852707168484947,0.025805842904261203,0.008831582161451842,0.015275549618593842,0.012253901217390362,0.010653258494663653,0.668803838844936,0.004620224983200828,0.032893989344568934,0.027367711943831443,0.006819926249557493,0.03394450666903031,0.03499546690941332,0.004964102340579846,0.05372515068982976,0.005822192109826878,0.008722040204922189,0.009817295662679333
462,0.008989234247189538,0.011937096162527774,0.02028243803160452,0.03258397154101065,0.010884184174176047,0.01203154170414823,0.014381184573972769,0.014067294883636115,0.631737984764525,0.003950597708332851,0.03851385592245411,0.03974384297731048,0.008800203271576828,0.042595718458588276,0.05296583877469293,0.004884540622352504,0.02249504727031036,0.008202199289871018,0.007571536790317276,0.01338168883140272
463,0.051596893994924266,0.006883781663891645,0.01243587703518364,0.0662701870470339,0.010625662560176621,0.001027475330533815,0.022241938243266843,0.0880766616332653,0.01993874520560034,0.14770978605798035,0.1963621191992544,0.010138370164838165,0.09326014065145607,0.08039699095705985,0.004321962355290491,0.01408928842746367,0.028532790677622995,0.09720349128193494,0.002941595316655862,0.04594624219656688
464,0.0910710382457052,0.015335246690644426,0.01508279526135112,0.03545025667876032,0.024765623803434944,0.6105526888121163,0.022585109091243106,0.016698865250692602,0.014321832406989577,0.006084498253511896,0.021865083353623128,0.01749830716036175,0.009853393646395718,0.019630217725245484,0.027623047690523726,0.006273747570390544,0.009945722503712798,0.009284917349851542,0.011497911104154516,0.014579697401291329
465,0.026878208392715673,0.03819425615708719,0.023595175414493685,0.5903649447744107,0.029471015312768314,0.016991924626981365,0.02676127232884334,0.022355700657743484,0.0390474404446236,0.009498984914437526,0.020227913890050762,0.027108743380914894,0.010362852053521832,0.013546323097403074,0.00822620593240967,0.012291652957095034,0.013071462471612734,0.02558379003660585,0.02297506545503971,0.023447067701241543
466,0.009001618896217388,0.044543704455278776,0.012031699753653922,0.012588507570585517,0.6256413111258742,0.00513347295269976,0.0118788670210864,0.019017907071218924,0.015687978321108527,0.023421637852195847,0.017366217432567964,0.01701621031861574,0.007890814014619834,0.023029828805995047,0.006305961035511626,0.028152164448537156,0.009697692604119752,0.018615111885910023,0.05793548156466767,0.03504381286953584
467,0.008961196848943646,0.014932456422167936,0.024613815137379744,0.03843749768062087,0.02013771923833006,0.6066542826509839,0.018036944893980684,0.02105813895238841,0.021788284731569255,0.006990808490688602,0.014313179869318548,0.019375561247251726,0.014154480487254054,0.020443232399578414,0.035008955438227206,0.010244235778441227,0.016403887535614767,0.016891244340630537,0.035739517743981465,0.03581456011264894
468,0.00812206280304237,0.006660309020057876,0.0050279102483232665,0.011057385276791783,0.018474722157728905,0.0021037017558846655,0.07402225153533483,0.07610369344855163,0.15091781964616893,0.05766830998307157,0.024422905168121643,0.04133135473349478,0.0024700629970058514,0.03877020902990258,0.14196865214473128,0.06046919931808371,0.09418161809640997,0.14411525715391776,0.003771341448829773,0.03834123403454681
469,0.693226743107881,0.01328555512000961,0.013166670149969476,0.02152771747873944,0.013663256497694426,0.007572168735515872,0.010488209984725176,0.02327368892122203,0.0160912523705319,0.006871508938391818,0.018071794142379524,0.017198294480868646,0.006976057146522639,0.017640520956988225,0.006342956547870847,0.032673469665947044,0.044653222614254535,0.01706979211868739,0.009232663104189192,0.01097445791761109
470,0.006296392066889687,0.023547275107796493,0.008781212461311359,0.056385918135520866,0.0082255403130245,0.004358357454961187,0.008625229949918467,0.016799626083243726,0.542061328880809,0.008649516757373243,0.026690913872337216,0.03398492157880801,0.004984055577396913,0.03300504078697329,0.11489097438397478,0.0037392652021004083,0.03552886447027803,0.04839512247159217,0.0073766189923770995,0.007673825453313481
471,0.012922334010467025,0.04492177660777427,0.060844881316146675,0.017816521234251006,0.03395616109608304,0.5541576055598665,0.017845231944088723,0.025287318060171135,0.03428715094235141,0.010685496011612434,0.02127814655695982,0.025759127543279105,0.008106240732335316,0.021854491134974997,0.007323212603103218,0.030136869219867617,0.01704419389491995,0.00983338158768696,0.02093812005942733,0.025001739884633535
472,0.008639063204618594,0.01648537075043924,0.017743705285753874,0.01768033603243494,0.0280742817228351,0.029178872972043114,0.014348462630451933,0.036693386978300366,0.022031079361135773,0.00917230753042157,0.022169474566104828,0.029613986556581158,0.007341962330945617,0.015807905775320135,0.0077654581392741446,0.6501540432725186,0.023965740491228547,0.00871875715459172,0.013842650663365283,0.020573154581635535
473,0.00627226518895751,0.05719306089641002,0.01419595420147848,0.017796353744513434,0.018152230897536134,0.0067114186897753855,0.02802820034105185,0.017302713845440378,0.017188000079890915,0.01836017196008751,0.02004371221953935,0.01987635618339969,0.026439764769289196,0.015646742295842366,0.6387777467537088,0.02764588412200983,0.010378951404417868,0.008348500399122383,0.009689088296801231,0.021952883710727625
474,0.45138183025917605,0.1256596028952806,0.017973101534759697,0.011527087061339333,0.008482403829134547,0.004024312665030727,0.01098288089461141,0.03723087832408514,0.017761285840794065,0.016223403509826845,0.013243696803243393,0.012795663775985263,0.009413988634268315,0.1912954585315257,0.0036518100402093906,0.009531287167099103,0.01615711647806473,0.01562654189631543,0.016104464506269876,0.010933185352980369
475,0.028345759967289986,0.013939156382998346,0.01851455511002063,0.01979605809197702,0.011387978108263818,0.008677083143631754,0.01250103795555167,0.5946449512472087,0.02302054143990504,0.011087815380105101,0.024674110341826434,0.06148309204807749,0.006461755465439029,0.01756868514918242,0.006095637869236792,0.014784306486993885,0.054409271050460166,0.0322180914576348,0.02066351328546458,0.01972660001873228
476,0.0087203802224858,0.0396994476801557,0.016080142009143174,0.011070890971108058,0.013725857791257514,0.007205391037417555,0.01913897213890438,0.02227848237665385,0.015232675341545177,0.0101402577508362,0.011737250316399985,0.021379649892574345,0.007598690539229446,0.015983606915776362,0.03189201037092594,0.013882459733355003,0.00981187293505417,0.006404167904511648,0.696670300836636,0.021347493236029805
477,0.0050687467051004735,0.024671189719590716,0.011469113364999933,0.010916338418519413,0.3350326191731483,0.004024131019361826,0.03838362112909111,0.008775266410500766,0.015427103719048745,0.003932333562803328,0.01081322001032102,0.022611491431418655,0.003374063979317302,0.010028853534034968,0.00457138417663718,0.004244914761169709,0.005412802924660417,0.004308152160050651,0.010084320646143003,0.4668503331540825
478,0.0076589168081781355,0.016234737110278376,0.017475520938371576,0.013549100842255529,0.017199267214572187,0.007832174839981389,0.012407916351165293,0.02585919707860857,0.024668266329473915,0.021433308678604667,0.6998371083490702,0.01553357366076646,0.005221180481484733,0.014332343826786257,0.009546357998164192,0.005755685704314758,0.03189793885350102,0.02646698680707838,0.013338981254876816,0.013751436872467522
479,0.017320908235067458,0.03701659403474855,0.021010273615741846,0.0178840989981968,0.01879220080108263,0.019943243844629806,0.023637490535327942,0.02583167680352407,0.020905413379492793,0.018015476338436417,0.020621690304534934,0.015225752497951266,0.008585521804303753,0.017989298914780318,0.030151107754269477,0.009190828318714886,0.012512749503863241,0.012272557401727599,0.6288297023317772,0.024263414581829085
480,0.012260930347358095,0.02709474297860166,0.019441095547262033,0.023641043803595548,0.03395340706344034,0.0160005788056093,0.019390155139311555,0.024516259287258237,0.024448042996697027,0.5141629277555221,0.04738618549436055,0.026436162507880914,0.01631824356705069,0.01725059488695309,0.0074486584681826,0.046186617214003536,0.012099920972579142,0.033392417240096575,0.05945212164424155,0.0191198942799955
481,0.011212751935167204,0.026019020729898215,0.02464602185324093,0.06349927341611385,0.02830130196597033,0.5867843114856336,0.013044601938034006,0.02620591483920475,0.01491778453194333,0.007910477467136672,0.01638365738507531,0.016056943802135855,0.005081056990257462,0.018777763636670667,0.03959196126095312,0.010579142791233932,0.00950638970997931,0.03982735929089969,0.021513425270758335,0.020140839699693543
482,0.36337604264139756,0.013226633681426557,0.01856980740561889,0.020460861893021466,0.015773067579126224,0.008320155463241411,0.009286872666058573,0.018492024466510517,0.013450563846540354,0.0060325734430798,0.019206175961377477,0.013261322668192448,0.009756249293854791,0.014171193571870936,0.006087749222526462,0.36420158862797863,0.03462769754897424,0.01743695072468837,0.01639399033108356,0.017868478963431716
483,0.010080657644090633,0.020869428891532028,0.021393696673446292,0.02307449755336074,0.017296648528366036,0.02612557401820302,0.021816981978791113,0.045077746920453764,0.043516058506475275,0.00817908172478386,0.013064792919598915,0.01768611909771912,0.010911995300272925,0.016147874456111263,0.6395460454528841,0.010310444017023931,0.010479673912422372,0.009003320907747749,0.018639330812494255,0.016780030684222534
484,0.012312653103850275,0.025226892046750198,0.014801706738742006,0.016397599212913158,0.5129574257781665,0.012853686634152648,0.021853226289575638,0.03499422985289681,0.023117493589858644,0.0460294988707685,0.016177571131029814,0.023045760449471556,0.007775650171078971,0.019613143751206395,0.007931185662308438,0.02965970126533257,0.019157887209334347,0.013847273742462708,0.022603137459472157,0.11964427704062869
485,0.02016802116138392,0.02034238972532304,0.03426146927131424,0.02187138728397056,0.03669883887302606,0.01823364796544716,0.03528219407010214,0.029432112322305443,0.028586452347377063,0.47971737285185884,0.05072874947047719,0.03205572433686061,0.02371120493521848,0.03665872639291186,0.012655128908059868,0.02443389667559504,0.022582650726882456,0.02421983898831041,0.02052751519516347,0.02783267849841211
486,0.015987394673655116,0.027244476051343502,0.04570689398966342,0.535579841688988,0.0335682349042013,0.06830180742235303,0.017971525805313544,0.038415354640768166,0.031022447703133126,0.015013938788755059,0.021568610398577787,0.022635171666867977,0.014894345816762748,0.02437887312021151,0.007662290504349801,0.010667800485338264,0.010721768977384362,0.026428162653475043,0.016111796860925152,0.016119263847933094
487,0.014138654358741905,0.04968462656826535,0.023689093481351408,0.019303690266832017,0.47050304189526404,0.012467805374455231,0.023386244476109982,0.022264689512187175,0.026786105393890067,0.04709054768484896,0.021065454367329015,0.03028961683904606,0.008833016548369535,0.01970798325861705,0.010818664322346279,0.06837792268305587,0.009599094375157444,0.04261736307177149,0.02835395840981745,0.051022427112543664
488,0.04080416063013453,0.02902821485543555,0.04256973927688299,0.5004719405675211,0.04892837836815184,0.03299261727247247,0.016208108908751705,0.01991387080977133,0.05133269684491388,0.014051104698839861,0.020252248353420044,0.018735784276010456,0.008406047012059374,0.02346746141736716,0.011829629899807894,0.012905639807787866,0.012989566693034891,0.05023144439894066,0.02677865737293282,0.01810268853576353
489,0.48672171333495234,0.10539813277888242,0.042404882110798174,0.020325566009950218,0.030595959566646094,0.012984971501171111,0.011603583086295166,0.019634094911083297,0.022833151746664008,0.00900744522149974,0.015508546816335423,0.012392785893105692,0.00926322063698874,0.014138252742239238,0.00652743643221875,0.06038572187230552,0.05959312994673361,0.02901593487808925,0.016645617873952242,0.015019852640088942
490,0.013515127806929607,0.02765439139837909,0.02110640498475245,0.022402186362835377,0.04486180117653601,0.014280536392698719,0.023837208076315473,0.06450270578256426,0.01651854038486666,0.46066292599651326,0.07248127347404677,0.019847990433785306,0.05410016581785843,0.015404134952202667,0.06372768449922185,0.01155737120336948,0.010224106951187839,0.007412412356559573,0.01875401851411137,0.017149013435265825
491,0.01674042653644666,0.01911445083263307,0.02215137922347986,0.04880261050292751,0.02808574366007283,0.542133487999076,0.022764447989150692,0.02531685920274234,0.02182572388053806,0.012374290689525249,0.023453243386605056,0.02680017797312838,0.022345119380661662,0.019698633492454872,0.03887101951320693,0.013598514879225016,0.016814112547952478,0.026706714102771787,0.01925666581522146,0.03314637839218001
492,0.010492455927202028,0.051357486248983446,0.018769746050808923,0.03795273680861867,0.548081928575982,0.01855715107933213,0.011521517702013255,0.01463409308236566,0.01813897016588473,0.040517003943752135,0.02498562767743139,0.022060589553261643,0.00621482503492531,0.018943020513835517,0.008979912482589628,0.036501663249808004,0.010394515986088768,0.032477989867605,0.027087715051090942,0.042331050998420716
493,0.01222321396727653,0.016899060949548992,0.02735330703523038,0.028289360119433303,0.03463870049921875,0.018865005189887117,0.023416597435645174,0.04816117469584149,0.02580134781913876,0.5071276878726895,0.04679567498081325,0.02672476546735612,0.02557016502791837,0.02243507594405263,0.009466189087218205,0.03033894563408258,0.01136875859482814,0.022339234040206147,0.047895022122344144,0.014290713517270468
494,0.02050365480295702,0.02279569052175444,0.0310955271195531,0.03608358577113336,0.019443849044865055,0.031014793956346095,0.028447631868024167,0.038691476262812205,0.040066396568437475,0.014675667173954883,0.019530253884206233,0.4546152151082147,0.01083441531125023,0.03850616438858707,0.017190605638377956,0.054718606863951844,0.04753521214736328,0.021607511019004415,0.022772063204961095,0.029871679344245432
495,0.06345467846078384,0.01921779507147744,0.021441554725700668,0.5467925053007577,0.020955092497882567,0.02314088941767874,0.011432187327847721,0.01363478726647304,0.035559366667106844,0.007321206428420675,0.01526191340636718,0.01490477886748286,0.00804420884752318,0.09606077098415278,0.0083766252998411,0.02125924670082206,0.008769541892940401,0.030468182914782153,0.0170930481801414,0.016811619741817614
496,0.025343211123139236,0.016004635751248303,0.5823858399829777,0.0394197403771155,0.014769961833556422,0.02442143765369926,0.010509985503452153,0.013957353577306134,0.023422775272624506,0.009292501451159193,0.018645905428804208,0.05295489050435689,0.0072894254363349235,0.020161986999977444,0.011005364552040164,0.008163145932933465,0.010961279860847115,0.022394771692368785,0.03112115307357892,0.05777463399247973
497,0.010333856968826553,0.025742098803498464,0.015001519928716005,0.03190308003427036,0.02399473717271791,0.04641065399218174,0.43474750940374907,0.02539231423743496,0.11943610856470382,0.01661308137614068,0.019670505635526907,0.03649749288455514,0.015431365275915414,0.03684482927275712,0.06170998646780134,0.007204549371614831,0.00911505659217959,0.01972533232544177,0.021991504983829326,0.02223441670813901
498,0.01529158421820398,0.03341029656469222,0.02314696140165388,0.021620227361722637,0.012889668663879007,0.02198954380283074,0.01847169969713064,0.012228088689812521,0.02379378691582224,0.015595401083085826,0.017075026345930635,0.015370970566698247,0.007636987286783725,0.019565456389686892,0.023799333239702947,0.010369787926467202,0.008105573271832395,0.014171307667226933,0.668001826500554,0.01746647240628342
499,0.007411504664407019,0.01581369019149138,0.01750503412318333,0.012534464692304978,0.016403465383686512,0.008129129014707727,0.007593314345414383,0.03433898579067538,0.019578813397823785,0.3833361427095377,0.35696668388136876,0.009246382911534812,0.011450806726295951,0.01281528297318093,0.008921247328054686,0.00826036703909282,0.018403264450202784,0.031138880193188487,0.010084563708791197,0.010067976475057378
500,0.10983856972799176,0.06834418307996588,0.07359514341548631,0.08387721298727376,0.0011019305497167026,0.04202957532304463,0.0745853844335462,0.010386825603582563,0.04477509190820636,0.0009940551637522316,0.08163313633010337,0.07351292736946785,0.0012816888535059842,0.10986870550927176,0.033550274453032665,0.09032323946233217,0.06149340156978287,0.034925854254794594,0.0024376429342342822,0.0014451570709080237
501,0.00883132503868231,0.017063998842744895,0.018972409657475778,0.03290504267337789,0.019080646949256208,0.015253365946546268,0.014823876418048217,0.0493586654109532,0.044331665506806006,0.008065855160098351,0.019533706575554515,0.02142187678669646,0.004945967059349705,0.013665143063126092,0.6171487229349465,0.04134972014828122,0.008733187152821526,0.011833362322039376,0.0201191200073101,0.012562342345885298
502,0.05351937814401071,0.01913192791651813,0.13512919441825547,0.11147871008622978,0.012340129850046955,0.03073066772485886,0.06918770273825109,0.039730390635993644,0.026451237859095107,0.03160861990368294,0.047938733289486675,0.044444749364189795,0.035350163535179946,0.054311856501437855,0.01888513073935956,0.11486262073024042,0.06609499960299543,0.056978511176706874,0.005253398885094491,0.026571876898366265
503,0.018201942458081398,0.12554356311934553,0.01669358260235475,0.015967759608016767,0.014875251107296452,0.00806523486567063,0.027730770805544508,0.03195860046981794,0.026239129243584045,0.0045852095422880485,0.037908137631999725,0.36858954433290175,0.004528723271288009,0.023107919154480128,0.005207680360447295,0.024454973217978876,0.16353670931370165,0.03371081373055778,0.009426028124206488,0.039668427040438235
504,0.02108690533328671,0.28560973039970955,0.01445842914288558,0.01480337575698049,0.01391033501636195,0.011322817922270297,0.013648664092736873,0.016620699305892443,0.018564076544227197,0.02752789294518562,0.013411677648459554,0.01443951781830869,0.0266669542885521,0.02625625581231192,0.006109554933837986,0.4213219438066418,0.013990277665711736,0.007923851229936902,0.020748954584111065,0.011578085752591593
505,0.09579783677899327,0.01772704556683643,0.021630532443709122,0.03604717450738743,0.016933548281344826,0.5750692542591149,0.01380695842703397,0.01129331681940371,0.02372557216551985,0.007512110336599876,0.022284370208063866,0.021562185923597085,0.007271087517061479,0.02119551915496529,0.02625837101263286,0.009500749188116704,0.009754975967294629,0.024694385364594045,0.020112753679501497,0.017822252398229183
506,0.27115229417224657,0.023768102575849222,0.038603507349652656,0.013134654905726862,0.014367981563620683,0.4548446047445304,0.011127221755728898,0.014468924119113404,0.014028228059088384,0.005665720040570994,0.016899100672718766,0.009433901121142963,0.005317285060950218,0.015114769502615972,0.0055027175903663685,0.03758397182768447,0.0063709032069592785,0.017490785467317287,0.010871378451150241,0.014253947812966334
507,0.02636519794723494,0.01809867086961019,0.02695291792409809,0.03574328001394889,0.01814604941675842,0.5769600265750459,0.013182690437268517,0.02243072926085398,0.02000457503013894,0.011017712168865363,0.032030836199114905,0.018070223828950543,0.009579933191109252,0.029378239822257343,0.06371570114520182,0.008063654658871298,0.01263627790357172,0.01704968191114418,0.02461724293765401,0.015956358758301713
508,0.03922764108095885,0.1524534627110153,0.03789479999901334,0.018051170147037766,0.059190351464660375,0.014916939923726042,0.010371293731493854,0.02333978483565901,0.013621257736838688,0.00647964031923674,0.01751116297074696,0.014155830470459858,0.005772414534069127,0.012836547047621187,0.012055781039664648,0.0074365062787989785,0.048379660369515055,0.47572626670004975,0.016625254633022744,0.013954234006411827
509,0.02110131839810772,0.0648378188798215,0.025833180275188147,0.4974759546753777,0.012730024989839493,0.11592796701608254,0.011110863418050997,0.013302905954540404,0.05149235111934287,0.005085097496650582,0.014719976042775869,0.01256902140519023,0.00485547617905333,0.02510882842732016,0.004092299099484299,0.046468360365259705,0.011643145319399346,0.03496003422904772,0.01733664437115608,0.00934873233831139
510,0.026672258458253117,0.014082156525217484,0.015653005483692417,0.08136231335473217,0.020034440886277247,0.5384792838097241,0.014453877165251695,0.02155072223604219,0.021692106635681056,0.005929906004025836,0.023119300904702614,0.024544266517114045,0.008389200893041121,0.01294216781693969,0.03554724361498576,0.07068957010716849,0.007987443817662513,0.014284723493273338,0.01734271710036748,0.025243295175847644
511,0.03354130101740244,0.09988113407604479,0.011452687859783638,0.008758784671403863,0.11281243167630574,0.003573337437048837,0.018439341638229564,0.03905663120642148,0.03718793797880774,0.2099618877588422,0.07963796249638498,0.04131728855577392,0.0030916986938208818,0.11046081562123711,0.003522561752297757,0.03525413215275792,0.03655699153877815,0.025234194122944927,0.024744565567676763,0.06551431417803733
512,0.09715883454478423,0.01090372936258341,0.015851207054915762,0.03272069837059988,0.01944876908507083,0.4273316103567162,0.00896283719915275,0.01699915041884364,0.011921632805484434,0.005923475175979672,0.014077141646356288,0.03307009226522316,0.09384631286576157,0.010579803428690608,0.03468474656559864,0.09763393371984362,0.005960358083149391,0.031204605917940637,0.020932838828390088,0.010788222304915301
513,0.0017932015244583636,0.004585651564283905,0.0046277244023687145,0.007105807469835433,0.0151509299283188,0.0011502838788101282,0.0034237348983148764,0.49961814109361796,0.006105763700035175,0.08196344199187625,0.04900447804046492,0.0022596975965353118,0.0017122733175191317,0.0035033413128850725,0.0011968672749348877,0.008695346501400036,0.008794961952036748,0.2816031494990283,0.012062516645753488,0.0056426874075225395
514,0.13255920021432988,0.11377385547295026,0.017356759818327874,0.005825169796581912,0.004814122318638361,0.004483654227667395,0.01855104862955323,0.010709682823183013,0.047397199092308426,0.0013156356232610948,0.012865618893416812,0.0186031273989996,0.19047636809516538,0.03873250233671632,0.004368325282876886,0.11504282860596436,0.10945166085502157,0.06669470132197498,0.0029450260718947947,0.08403351312116789
515,0.03266712109217797,0.012081905515445374,0.013175696878399774,0.027341696997530585,0.013743492212157917,0.033235436504497784,0.007702656151410349,0.030578176689632714,0.22308093952623426,0.005585412755047282,0.026460600125137457,0.010472126600289315,0.005004495773342391,0.05857275278316066,0.3906215210537339,0.02835633647022047,0.03390828698410109,0.007102531944060959,0.012592937582425776,0.027715876360993923
516,0.0039806035902215315,0.005811613495590332,0.005590831211972793,0.006391013722399032,0.016276775564833607,0.004567909088893308,0.03247012456129508,0.09982613738318566,0.005287367271123355,0.2290151581035807,0.4494714893237768,0.004707500984308509,0.03857787472423437,0.004946945616020115,0.010317994648339011,0.0030289796707814527,0.0030963192713027088,0.05583647768484971,0.01090360280929751,0.009895281273994456
517,0.018806870790907405,0.01655460942355446,0.016178694349865744,0.03836950872651548,0.020371245557131396,0.6933084851007003,0.016272879689313343,0.017807510226659176,0.018713630932994874,0.007419205444695151,0.014402804307841617,0.012895303011149124,0.00874027621433388,0.01697305680960508,0.015300009602267892,0.007590892022171043,0.010938365587765852,0.015099820159945565,0.01928803494906977,0.014968797093512709
518,0.00859646133750307,0.05307815660546752,0.04051216898085343,0.018198841779624764,0.03546881860792032,0.0082503626077168,0.03560170955137057,0.019510936089006004,0.017740343832297164,0.0069061049724763865,0.018738026975609473,0.04005563127463136,0.08365311408701881,0.015274081844895208,0.0070959741754128185,0.02107544949634247,0.006860721343616629,0.010842574355098637,0.03874347874427181,0.5137970433388668
519,0.009629355888841456,0.10893489499837736,0.013737552947131547,0.010016546777949768,0.018606635582957467,0.004401735774271519,0.007403868616224648,0.41232813814812314,0.012967093500942542,0.14050436124493496,0.025522877142065654,0.016631798545027995,0.0029202475953107833,0.007397957963992491,0.0028323997015899344,0.01621674928609584,0.030456052872996166,0.1403160783111606,0.0089445882674243,0.010231066834581767
520,0.0034981434458794757,0.009874320539895336,0.00460101912099156,0.009545829493566348,0.009499032354850211,0.003105455062576862,0.00573311697448412,0.4187563868220733,0.005528971366278748,0.354388755951282,0.10191506658225957,0.005728876293421909,0.017649688271654924,0.015668580670150003,0.004618889011798383,0.0028245093963739725,0.0029091210683449796,0.011886447259301245,0.00708503619200565,0.005182754122811296
521,0.03214629800774749,0.08292891676350171,0.03705282016354812,0.5105709550357936,0.01008257360306884,0.03643440697755985,0.014256807308732482,0.010150492872507728,0.030932929064393273,0.010697035795463767,0.05449740603218935,0.007929907917851454,0.004271185745367607,0.09707098340639825,0.0030940378238276237,0.010693345289598906,0.005133039286565736,0.011909213305595074,0.008990777600522392,0.02115686799976662
522,0.08294936862590675,0.02245301025616783,0.04669713453731359,0.1578001534831148,0.006571190212393694,0.07505124677294586,0.04621743572090536,0.004273601094876879,0.05421862016530413,0.0062901034516924656,0.016993853519005054,0.07967521332118128,0.0013392206045585637,0.1539959236558188,0.04078443485000716,0.11826912303512813,0.07519295296471372,0.004468733310022834,0.004429578241544056,0.002329102177399048
523,0.0011680903268892185,0.003321534580966004,0.004648318568414638,0.0033970947204638065,0.0032013857936746683,0.001866329065196869,0.00195423613220576,0.36065542710742277,0.0015478838259639271,0.24844146394274352,0.06193510473436438,0.002168050402308912,0.000697204312724053,0.001446543780992685,0.0012699358671487393,0.0009272815441010495,0.005728657140499693,0.28870542643698544,0.004534758640202801,0.002385273076731027
524,0.042433601719081025,0.01298427451785492,0.0949952095923862,0.056360077679079065,0.029917803462683946,0.006853588379580552,0.11172028941611416,0.018171424414440453,0.01928594680258893,0.003060762640501086,0.0431914226658629,0.1792267618758305,0.002982243349193519,0.04784790381523165,0.0030752069871780117,0.17962754516258672,0.043822342067789254,0.009859629691935462,0.039275186508111105,0.05530877925197053
525,0.04511876138773292,0.061274097883150316,0.02913244927386135,0.030649753417689267,0.04181410008999475,0.027693632372650677,0.06578174613035379,0.007596716731216131,0.08493262734641906,0.07226027598357712,0.046260885321639446,0.04779513855203483,0.0008303479611757524,0.04955265854767922,0.06451683225919756,0.0696844679957252,0.11724294663968476,0.019968393789492143,0.02368313212034717,0.09421103619637855
526,0.02764076804668465,0.06928698438380024,0.0009219971571155762,0.05682688573071964,0.05605101233633991,0.0047279828268089194,0.07217075622743187,0.1435155225355925,0.08325499388779171,0.042583081426056324,0.040627499229909145,0.02105520001816671,0.000620102342368286,0.05996283955109626,0.03761141551057004,0.029619553925358876,0.05763498386866218,0.04000592179828413,0.06239710150757561,0.09348539768966747
527,0.052868588328816614,0.04441010663938607,0.07382550513725353,0.11539553385163806,0.035025474408588414,0.03731318680851161,0.10430871988155904,0.0072482248796349605,0.01773769831679627,0.0178509355777385,0.008174242254869719,0.05892697948585385,0.13350290363008735,0.07389907744608246,0.038599748837929,0.07096016756283438,0.043704210519580046,0.011660347404789074,0.017349072328145004,0.037239276699906065
528,0.017034625230089192,0.014988474206481734,0.019226467709662853,0.042199685448100786,0.018965414010736772,0.6468624491428756,0.017540910577616625,0.020387613009574396,0.017303295609651412,0.007792727622709879,0.023364404153942007,0.023104262716646506,0.006097349133734204,0.019597394357292144,0.0357437497947989,0.007395294094380549,0.010133228754105855,0.022200337210132624,0.01627456873050612,0.0137877484869618
529,0.014390910441344898,0.015712174756133106,0.017924314612170433,0.05372391251552661,0.016845246594781167,0.6429220357727645,0.013369556561750456,0.0160612387439999,0.021539040640124667,0.003726274843638355,0.02214782047087426,0.01309058099552408,0.004812548549031118,0.015424118511489518,0.02007042574491814,0.060754344215889954,0.007681148095020725,0.010703789110210917,0.015342617100330237,0.013757901724476893
530,0.052048777734924445,0.11877224784284751,0.010447836320385095,0.031963351407559654,0.03837287420543596,0.0025270419367429305,0.10831613660464964,0.004683631690518457,0.10458370173226181,0.09880489072010332,0.1295529520865362,0.09560469835369138,0.0009034464633798777,0.03860466841746328,0.05903839295375242,0.04082601528839096,0.00499415000241714,0.0039132552218971856,0.00490799501603982,0.05113393600100295
531,0.010649261017721826,0.01829614190383564,0.013618390860268304,0.02114927125345132,0.04835964631454098,0.009597802892298625,0.01209561826735084,0.06486460890529284,0.030193530353208348,0.13544953220229874,0.4883350837376026,0.021526220011961868,0.0047213004225928135,0.014623935259890456,0.00823922236280976,0.006834137153364321,0.029999184572673785,0.03531205245671954,0.01133359099377316,0.014801469058344166
532,0.011734610742381026,0.027108882885132527,0.08785133059178013,0.022344835686383874,0.11003145536073203,0.00766801830998642,0.02798223932826346,0.02535557834947046,0.02677305872468542,0.008933932899074383,0.025700852021141408,0.027249302244387288,0.005514043258711631,0.02040983366931265,0.007765611455549437,0.007679471618625016,0.008866153202284802,0.012132120734112444,0.018775699961909788,0.5101229689560758
533,0.5857550201853549,0.012597274311566884,0.012379332760064463,0.03299704402451663,0.015146444723609586,0.03575865358519177,0.008055470630422282,0.012955622292953484,0.009644288903132299,0.00517698513757338,0.01108059145561734,0.013126560816468423,0.0030786373162117503,0.013956453159150277,0.004588975404990106,0.15088592343842813,0.013194519142427526,0.027138791733105107,0.01754963049538277,0.014933780483833033
534,0.016693861662335555,0.026968081585142436,0.6221503181341071,0.037828536716839,0.016873653276682127,0.05530100329371595,0.01481886920726313,0.015099214127633041,0.028614219968405227,0.006519053521665818,0.015483079809805391,0.037811292757137585,0.005547251721491401,0.014420008003330511,0.00625164969412855,0.00652528816573747,0.009901546465743826,0.02499349584423563,0.015157844701741979,0.02304173134285822
535,0.03407528184654929,0.018132202485108398,0.6535814851536268,0.030468639724700836,0.013820811623231052,0.021393098217742344,0.009350582501834544,0.016125455027144766,0.01895069394869032,0.006008006983649293,0.018108730514917792,0.060386583607230884,0.0038496602853447023,0.016941150135474394,0.006933729222520203,0.005247507241524198,0.007109953341217101,0.030077601617500824,0.01635343476874401,0.013085391753248259
536,0.023786457373098324,0.022061353525253055,0.014339681407103753,0.017757731283181165,0.022561456124006556,0.011150551041053683,0.013655266445754976,0.04373547652198443,0.015624702909569533,0.007208638149286566,0.02213294823031145,0.03303478537626594,0.008314942142023666,0.013201880025975186,0.005770867834289167,0.011118985371243414,0.6592095084562806,0.009792626841451525,0.030690147952315432,0.014851992989551683
537,0.6449901238155239,0.010781820684684468,0.01899826263613183,0.01429438282485713,0.01452229822184579,0.01108969826017997,0.014289963227851959,0.024937375913956766,0.01873247707922786,0.0060130212092231,0.021116379097424334,0.028219365835504516,0.015857062017753124,0.014316764371756403,0.005714542764909255,0.01772686150407143,0.033615509003109764,0.04898133596000555,0.02050975545728775,0.015293000114695093
538,0.7585837326974945,0.0033472158647539735,0.005408827626010202,0.004002966366692328,0.0019308460897677537,0.13514154998355768,0.0015045991611539115,0.0024613439611249413,0.0033514909600518834,0.000871044975560091,0.0030972310292588985,0.0024937149362436687,0.0005379524389443461,0.002782429911221326,0.05298211012756685,0.0075981210235691165,0.002022226216918467,0.005621394184053548,0.004493829753986057,0.0017673726920705427
539,0.01062005602671066,0.022196802242623565,0.02618927747543403,0.016839136204034152,0.01910319533173547,0.04490969576053052,0.008600372673346537,0.01719258825932901,0.019507437967647086,0.011290676635587011,0.015378693960185092,0.01988830168965738,0.005142674061623238,0.011471834478807034,0.021183884908981824,0.004946671702715023,0.006288602970185152,0.009466116021862774,0.6908886104369945,0.018895371192009985
540,0.014098402431540166,0.014772417618580199,0.6579659736470423,0.038069580609250024,0.01668714191615857,0.04442430493214366,0.0061326280606315954,0.013180640580797933,0.01968439890059461,0.005151427637708744,0.02009641190845813,0.03205403696792656,0.003286071855191788,0.017455923444749916,0.007189013290516773,0.0041963174302111685,0.004196365451038225,0.03935534663570341,0.028816108649930613,0.013187488031825668
541,0.04120476372635962,0.017907371232706214,0.015163590828104867,0.03719026818933486,0.017431099499522554,0.011405950331345576,0.012999838585874147,0.034764935727521824,0.018882420480084976,0.008168034646259228,0.025794898458156208,0.019862191556025848,0.012004918276084036,0.042703018288273935,0.0076723057003969955,0.031818285429563206,0.5982944341939971,0.012123189409132417,0.018876938516322075,0.015731546924934305
542,0.005446787585302346,0.03628172576796684,0.011387167944568026,0.01372119342333922,0.012554380187282275,0.0050602997489203804,0.027373408138559107,0.01756800792245124,0.22951591831343718,0.014318204808134914,0.01621199469725356,0.013698841501795102,0.008018887664393804,0.014277351897200696,0.5241116651455855,0.011796803159022968,0.006237312517779465,0.007116591030529309,0.013375596646467034,0.011927861900011157
543,0.023246806657747185,0.020324601924790322,0.01370339987439985,0.016286265656739008,0.028271477914676057,0.010564641866183494,0.016749972547901223,0.5140625560273214,0.022739084850652253,0.008741222802021706,0.07640400498294132,0.04473161110421594,0.009490281118231629,0.017567849762084402,0.0055932993756106384,0.021505778100828786,0.058153882660578075,0.06082951778259291,0.014490624868739133,0.0165431201217446
544,0.00578787493649896,0.015833738868980585,0.005920930181395886,0.009810714725532379,0.009533389849618814,0.028371044751961,0.09392462745300308,0.02542393943190666,0.006796528810789292,0.002732188380125809,0.006999505115693611,0.02503850089619912,0.001905874314769153,0.010580250708155544,0.005040494504667872,0.2764258776466496,0.45409451284267727,0.002591769441098167,0.0074266733934110025,0.0057615637468662936
545,0.015954172527060478,0.023460146029489783,0.0034191126579813684,0.016102189165237327,0.00487786551238639,0.002440343264015467,0.02007345439511373,0.17799916226771148,0.1683328184433752,0.0190391948382059,0.04730308543813963,0.005759003618309462,0.0007854696200171522,0.057417629093890865,0.2885735644384351,0.07132763772128554,0.050922008086327096,0.015979477210941218,0.0035813232797718675,0.0066523423923048565
546,0.01695460861430748,0.03722279489619494,0.007581210370400811,0.004547810895131016,0.30821615247065326,0.004200492281895454,0.05057804054227688,0.010809839173284553,0.004176644165716069,0.027490478053898686,0.005433818027267325,0.007663693771176554,0.0012024827212844386,0.00415736172348236,0.0026308546695936286,0.016784957725471977,0.013838964901875616,0.023353994247414623,0.16497449944070391,0.28818130130797043
