site,A,C,D,E,F,G,H,I,K,L,M,N,P,Q,R,S,T,V,W,Y
451,0.010954420971150998,0.4773884239615779,0.029211789256402658,0.028043317686146554,0.021985716926607574,0.03288627682651136,0.038949052341870204,0.07789810468374042,0.06373481292306035,0.009347772562048853,0.03505414710768319,0.07789810468374042,0.01062246882051006,0.02062008653393129,0.0030551571469746345,0.010841880960287337,0.017976485696247792,0.01274696258461207,0.010031505361901508,0.01075351296499495
452,0.028836960668309413,0.01843857064547811,0.024584760860637475,0.03482942638871176,0.014391079528178034,0.0029333101615558973,0.02809686955501426,0.27766318148484675,0.021853120765011086,0.0037848498389340137,0.004721756572965186,0.02809686955501426,0.008194920286879159,0.01787982608046362,0.00401383850785918,0.005841923372824748,0.009077450163927683,0.40957334953064517,0.01180068521310599,0.04538725081963841
453,0.014494426218696396,0.006127803283128626,0.021923366246724765,0.01932590162492853,0.017431843686662445,0.006902107723188759,0.005289752187353868,0.051156798418928444,0.04577187226956756,0.00988256333092936,0.031059484754349415,0.04429450127231352,0.018503522832378376,0.03478662292487134,0.010870819664022298,0.008291256606259737,0.02898885243739279,0.012423793901739767,0.018118032773370492,0.5943566778431935
454,0.00764285005915863,0.016603432887137712,0.15826089800523843,0.02534208177510493,0.02534208177510493,0.005732137544368973,0.012167043363066742,0.0972479843165207,0.013857041720590475,0.006173071201628124,0.030093722107937104,0.38022503440028094,0.006878565053242767,0.026749975207055205,0.005410107345247121,0.05191633159070337,0.09089315230663833,0.007080875790102847,0.014161751580205698,0.018221861970667122
455,0.013480006017908663,0.025881611554384627,0.023964455142948735,0.020872267382568255,0.01960728148059442,0.008190383403286277,0.04313601925730772,0.08238082765716578,0.024054492841781638,0.006151475502347894,0.45843049391825885,0.04621716348997256,0.012940805777192315,0.03235201444298079,0.004864964577891848,0.007189336542884621,0.08443941422403708,0.0031696165433147687,0.01797334135721155,0.06470402888596158
456,0.011006803253572457,0.02497697661387596,0.024051903405954627,0.025976055678430997,0.046385813711483925,0.008117517399509687,0.03247006959803875,0.04686420017414498,0.027917561888647337,0.03426569286501585,0.5127428581127105,0.03247006959803875,0.014431142043572777,0.028234843128729346,0.027339641222185216,0.010474215999367336,0.004288662825409529,0.034818607057622894,0.017089510314757233,0.03607785510893194
457,0.008629674804602003,0.013807479687363206,0.027014634170928007,0.12216929471617356,0.02389756099735939,0.5054250743734964,0.02958745647292115,0.016792880700847144,0.07309842187427577,0.006903739843681602,0.025889024413806003,0.028242572087788367,0.007965853665786463,0.03451869921840801,0.004881150744140951,0.006903739843681602,0.012680338488394782,0.009324608935029809,0.012680338488394782,0.02958745647292115
458,0.011118519407464937,0.014824692543286581,0.024143070713352435,0.008283591863657165,0.01564828657346917,0.008450074749673351,0.02011922559446036,0.019323905245975447,0.6271521863792321,0.00595075686596715,0.02560628712022228,0.018853747722274886,0.009388971944081502,0.0988320445868891,0.016496601669623998,0.006983532850969713,0.011171710888927253,0.010562593437091688,0.022237038814929874,0.024853161028451035
459,0.010825570972272394,0.019589128426016716,0.029383692639025072,0.02350695411122006,0.030471977551581556,0.0014572543943915926,0.022853983163686167,0.07740811766293727,0.019737194256604553,0.006856194949105849,0.022853983163686167,0.054849559592846805,0.01003345602308173,0.03164397668818085,0.5700255475133618,0.006784763593994535,0.014185230929184518,0.0072809149902009025,0.013712389898211701,0.02654010948040975
460,0.02874968103283481,0.032223840610514275,0.043206022044324575,0.4326614845378598,0.021482560407009514,0.0022697182371067977,0.023869511563343906,0.030689372010013594,0.2195228081627347,0.00685613630010942,0.021482560407009514,0.023017029007510195,0.012393784850197796,0.022223338352078806,0.007160853469003171,0.009206811603004078,0.01498783284209966,0.006872896069827107,0.015344686005006797,0.02577907248841142
461,0.010094890103678054,0.016189918090804424,0.03432262635250538,0.0039977343755131095,0.013620089822422772,0.015322601050225619,0.022001683559298324,0.017511544057400706,0.5783262212135712,0.006651671773741352,0.01809224631570385,0.10154609660752947,0.010094890103678054,0.018048654517726966,0.07874954205754275,0.007333894519766107,0.00928368605271502,0.008667329886996308,0.014543485742587025,0.015601193796593358
462,0.011395686450490246,0.016808637514473115,0.03361727502894623,0.004115967518745538,0.014305223416572864,0.009099876283255101,0.022411516685964153,0.021688564534804017,0.45278472004231085,0.004542875003911651,0.011615168760422631,0.05436198747305101,0.011395686450490246,0.042213740210683616,0.18311879306328582,0.005796081901542454,0.0612714231124961,0.010343776931983456,0.009338131952485064,0.019774867664086017
463,0.07632868442572392,0.009054161187051393,0.011317701483814242,0.13062120150666268,0.003772567161271414,0.0014326204409891444,0.011032549986895858,0.09366373641777302,0.004504773259618856,0.09165952601320848,0.24632644405948645,0.003650871446391691,0.07910033619406479,0.07575937762176312,0.017430682948502505,0.0263562911266907,0.032360312640296617,0.0712596019351267,0.0045270805935256975,0.009841479551142819
464,0.018848504669752013,0.02652752509076209,0.024698040601744013,0.08334600637434778,0.05509562903465973,0.4814765449035291,0.04774954516337176,0.028649727098023058,0.02387477258168588,0.007539401867900805,0.03769700933950402,0.03114100771524245,0.015239216541501623,0.03769700933950402,0.004989579369940956,0.009549909032674352,0.013514022216048614,0.00888035614316568,0.017906079436264412,0.02558011348037773
465,0.010188555013674215,0.12843691221462225,0.02165074523053066,0.34379822474474814,0.06421845610731113,0.0013321733712332307,0.05137476488584889,0.03669626063274921,0.11453169084146393,0.009879762478047864,0.03022044993285229,0.046704331714408076,0.010484645895071204,0.015110224966426142,0.007784055285734679,0.014270768023846914,0.015568110571469358,0.009250181575496742,0.03424984325723259,0.03424984325723259
466,0.012236026201462248,0.04279839734581179,0.019320041370729863,0.018824655694557303,0.49150301527573137,0.006992014972264142,0.018824655694557303,0.012657958139443704,0.02622005614599053,0.08804562827431454,0.030590065503655617,0.029366462883509394,0.010488022458396213,0.052440112291981075,0.00853676246613645,0.03950931877190519,0.013595584668291387,0.008438638759629136,0.04736526271533772,0.022247320366294995
467,0.01038348443780927,0.0211250200631292,0.03828909886442168,0.09305768710117954,0.032243451675302466,0.41295091289785935,0.027846617355943043,0.032243451675302466,0.03828909886442168,0.008168341091076625,0.021879485065383817,0.027846617355943043,0.0211250200631292,0.032243451675302466,0.0036482412759558454,0.012502562894505041,0.025526065909614454,0.006140335636174528,0.011965939731396908,0.12252511636614938
468,0.02140101349003493,0.018547545024696938,0.015456287520580782,0.0021856675269925252,0.016128300021475597,0.011073161208774293,0.023184431280871172,0.016128300021475597,0.2485681199988828,0.0080641500107378,0.013248246446212102,0.039684259797672296,0.0063957051809299765,0.08577698573132701,0.2089503603008873,0.04710487625319857,0.10716359347602675,0.08376310656314744,0.009511561551126634,0.017664328594949465
469,0.5889483882346863,0.022925388318815104,0.021779118902874345,0.023063896949828487,0.02074201800273747,0.006550110948232887,0.018938364263369003,0.05444779725718588,0.03350633677365285,0.0102489971307644,0.03484659024459896,0.031113027004106217,0.010013388001321542,0.03484659024459896,0.009074632876197645,0.01045622964819171,0.008476164263040242,0.025458257592253147,0.014765504340931759,0.019799199002613045
470,0.012667986544120333,0.025678351102946625,0.017274527105618637,0.04642712522916827,0.016668403347526756,0.007917491590075208,0.018629391976647553,0.018798069925172363,0.6416229793786012,0.005307815591111872,0.013572842725843214,0.013512316460015307,0.009596959503121465,0.013815364620907437,0.03549397360960827,0.006884775295717573,0.0429506882216684,0.02415505908836504,0.01418058195237351,0.014845296731391016
471,0.008947678644988225,0.021269807467895023,0.08607584067841839,0.025001720510853805,0.07143348717386802,0.3356673818086902,0.025001720510853805,0.04545767365609784,0.0833390683695127,0.012195961224806732,0.033335627347805076,0.04545767365609784,0.0089291858967335,0.033335627347805076,0.007463200152493672,0.05883525301211006,0.021740626531177216,0.008525331287295669,0.02631760053774085,0.04166953418475635
472,0.011470913118537623,0.03299013255696067,0.03191906259071338,0.029365537583456315,0.0734138439586408,0.010741386220794378,0.023681885147948636,0.028991331065855178,0.043184614093318106,0.01265755930321393,0.04078546886591155,0.00956827299046631,0.009920789724140648,0.026219229985228854,0.038545471546291905,0.49856401965176234,0.010975782745618822,0.011652991104546158,0.02039273443295577,0.034958973313638474
473,0.009441080454731184,0.004845671719996771,0.022491985789212528,0.031863646534717745,0.03476034167423755,0.008840780541424578,0.04931560350008266,0.030589100673329036,0.03324902247100983,0.04312619367164333,0.03641559603967742,0.04024881667543294,0.008801409690126692,0.031863646534717745,0.5185201350074006,0.009904700004866158,0.016993944818516137,0.013184957186779757,0.015294550336664518,0.04024881667543294
474,0.5588650646325057,0.027586430983228365,0.011605728286018144,0.026696546112801645,0.01924634719760119,0.007389222584793314,0.028537687224029346,0.021778761302548712,0.043557522605097425,0.01074796012333573,0.030651589981364854,0.03183049728834042,0.008454761530504347,0.0533930922256033,0.0071344218060073366,0.007784786755471868,0.027520225708198374,0.005124143823423098,0.043557522605097425,0.028537687224029346
475,0.013525288615707636,0.019890130317217113,0.035592864778177996,0.035592864778177996,0.06762644307853817,0.012295716923370578,0.01827741704825356,0.4551985773691296,0.04508429538569212,0.00893884076919795,0.025046830769828957,0.03769832786139727,0.008247127204699778,0.030739292308426442,0.0076848230771066105,0.009401369638706024,0.003967359935015028,0.0932091013742857,0.039780260634434225,0.03220306813263722
476,0.012909255389592257,0.016144093252495776,0.02937968467976169,0.01704021711426178,0.02184643219777151,0.023216089787282002,0.04260054278565445,0.04484267661647837,0.025059142815090852,0.006337551941924645,0.020285972755073545,0.04484267661647837,0.010023657126036343,0.02662533924103403,0.0035744206920968165,0.009907102973408013,0.015777978809501648,0.009161407050678376,0.5798538126452324,0.04057194551014709
477,0.00834028178463771,0.04699611012711337,0.00834028178463771,0.019624192434441672,0.30510832358004286,0.006177986507139044,0.005276062712312419,0.01588625101835754,0.030328297398682588,0.005852829322552779,0.019624192434441672,0.013112457560892452,0.005172267773418736,0.01710827032746197,0.006950234820531426,0.0039045205255355694,0.008237315342852061,0.006606163789812048,0.017558487967658336,0.4497954727874779
478,0.011573980720677817,0.027937194843015427,0.030006616683238785,0.019760454888962126,0.030006616683238785,0.010386905774967271,0.019760454888962126,0.009684421410916149,0.030006616683238785,0.006931431237833291,0.5442129280736766,0.025318082826482725,0.007233737950423636,0.023147961441355638,0.00638515354107441,0.007790179331225454,0.13966607737915876,0.005588590254928134,0.02077381154993455,0.023828783836689623
479,0.02513633476035587,0.04752155985402889,0.039922414031153444,0.030849138114982206,0.032318144691886125,0.011525538564446257,0.04847721703782918,0.05220623373304681,0.03770450214053381,0.013667950966632316,0.03770450214053381,0.023402794432055462,0.01131135064216014,0.02950787124041776,0.0043381857614488905,0.01190668488648436,0.018342730771070497,0.01615907234594306,0.4557915401519443,0.05220623373304681
480,0.01903650555753536,0.06557018580928849,0.03471362778138802,0.04215226230597117,0.023824956332935937,0.02565789879493897,0.03105956169913665,0.053648333843963295,0.053648333843963295,0.3957362020939844,0.03105956169913665,0.05901316722835964,0.011134559854407478,0.02950658361417982,0.01072966676879266,0.009259020639983963,0.017882777947987764,0.029304865756607918,0.024276835522794284,0.03278509290464424
481,0.015573123993164151,0.054207163491312445,0.05003738168428842,0.012044444013809852,0.05003738168428842,0.4353745279958405,0.020983418125669333,0.05003738168428842,0.020983418125669333,0.010325173998345226,0.028281998343293455,0.024092072662805535,0.006315397688308245,0.02956754372253406,0.07797448667689721,0.01414099917164672,0.01161582074813838,0.01818534984868216,0.04065537261848434,0.02956754372253406
482,0.2839956950225249,0.021188526110526452,0.012673688866333462,0.035314210184210756,0.028251368147368602,0.040747165597166256,0.012841530976076636,0.028251368147368602,0.022303711695291002,0.00814943311943325,0.03259773247773301,0.02017954867669186,0.007062842036842151,0.022303711695291002,0.007847602263157945,0.24443272557960247,0.0595703734927666,0.05910971998715663,0.02492767777708994,0.028251368147368602
483,0.013075031489797906,0.035096137156825954,0.03175364790379492,0.04445510706531288,0.028992461129551887,0.006125179811452719,0.041676662873730834,0.03334133029898466,0.12420920264114604,0.009952635910144673,0.019052188742276953,0.027784441915820555,0.014187800127227515,0.025647177153065127,0.4461652964257196,0.00871229049361679,0.014187800127227515,0.011497010447925745,0.035096137156825954,0.028992461129551887
484,0.018274708836250774,0.020878603900189998,0.023194822753702903,0.026220234417229375,0.40231344437800753,0.020795358330906052,0.03769158697476722,0.03350363286645975,0.04307609939973397,0.009007285154649552,0.027412063254376163,0.04638964550740581,0.011378592294269348,0.03547443479978091,0.010769024849933492,0.0072765364985819345,0.03547443479978091,0.013205585256000622,0.040204359439751695,0.137459546288222
485,0.027584515218201523,0.029883224819718314,0.059766449639436614,0.029883224819718314,0.02031331311495245,0.021094041049212926,0.059766449639436614,0.044824837229577474,0.05122838540523141,0.23999445132530722,0.06475420611405462,0.08964967445915493,0.029883224819718314,0.08964967445915493,0.011953289927887325,0.015209993968321126,0.03585986978366198,0.014614786050598945,0.019261550927077473,0.044824837229577474
486,0.014637234133227485,0.055296217836637164,0.029274468266454967,0.33000778722737306,0.12441649013243361,0.038650897214940805,0.029274468266454967,0.12441649013243361,0.007306293232947496,0.01990663842118938,0.03554756860926674,0.03554756860926674,0.021637650457814545,0.026351433315894537,0.00995331921059469,0.013096472645519327,0.012138194159261817,0.023959131028957685,0.02488329802648672,0.023698379072844493
487,0.017995987609845557,0.101916980940206,0.043990191935178016,0.028279409101185874,0.26476530300549067,0.014663397311726008,0.03959117274166022,0.0359919752196911,0.04948896592707528,0.003043605613582582,0.032992643951383516,0.06598528790276703,0.009656383595526884,0.028279409101185874,0.01199732507323037,0.007681717741948048,0.010700316957205466,0.014316644024043673,0.05655881820237175,0.1621044640446962
488,0.015091987776053232,0.045059517303675314,0.06346380676142326,0.2412571956726584,0.24064470305434568,0.03901195387101374,0.02002645213496681,0.022529758651837657,0.01462965537185973,0.014419045537176099,0.022529758651837657,0.02574829560210018,0.007836437791943535,0.03277055803903659,0.011264879325918827,0.013350968089977868,0.013864466862669329,0.09842384831010229,0.04005290426993361,0.018023806921470126
489,0.27040126027180195,0.060902021826731295,0.021022568888441583,0.029000962774633952,0.058001925549267905,0.015615903032495205,0.012303438752875012,0.025375842427804707,0.03383445657040628,0.009227579064656257,0.018455158129312515,0.014500481387316976,0.019370394105278205,0.016240539153795013,0.006343960606951177,0.16482150921471295,0.1159588381734734,0.07033680131932274,0.021369130465519758,0.01691722828520314
490,0.01762364926302005,0.07343187192925023,0.03389163319811548,0.02753695197346883,0.01169561737019223,0.020980534836928636,0.036887644133155706,0.24955912312469739,0.0244772906430834,0.27861307283340586,0.044059123157550124,0.04005374832504557,0.019961137653087862,0.0244772906430834,0.009443465863967226,0.013351249441681857,0.015192801088810388,0.010246307711058169,0.02753695197346883,0.020980534836928636
491,0.01578542957308387,0.03269838982995943,0.03521365058611016,0.013541926524559265,0.050864161957714676,0.3042300460785806,0.04577774576194321,0.057222182202429014,0.03814812146828601,0.01634919491497972,0.03814812146828601,0.057222182202429014,0.03051849717462881,0.03051849717462881,0.04111216917241509,0.01695472065257156,0.01907406073414301,0.03454691382473654,0.03051849717462881,0.09155549152388641
492,0.011143321845283282,0.037144406150944276,0.026219580812431253,0.11143321845283281,0.2963234591660243,0.02785830461320821,0.012735224966038036,0.01791177748704055,0.022286643690566568,0.009262589091400108,0.04052117034648466,0.0318380624150951,0.01255585560031919,0.026219580812431253,0.009286101537736067,0.11266808702725711,0.011729812468719245,0.03601791064999507,0.049525874867925694,0.09731901799826699
493,0.01588081325056208,0.024703487278652122,0.055582846376967275,0.06352325300224831,0.17274144163498495,0.027791423188483638,0.03420482853967217,0.04446627710157381,0.04446627710157381,0.2948303325367254,0.033124620051470155,0.04940697455730424,0.016468991519101413,0.03705523091797818,0.010587208833708051,0.007396293203726348,0.013895711594241817,0.01311323530124997,0.02223313855078691,0.018527615458989094
494,0.03223372770353149,0.041024744349949155,0.0030567203499596743,0.11281804696236017,0.028204511740590046,0.07521203130824011,0.018985126578527498,0.03223372770353149,0.029246079749143804,0.020512372174974577,0.03223372770353149,0.29919359495296793,0.01455716734998196,0.11281804696236017,0.026545422814672984,0.0037395389531766597,0.020620265352165334,0.03760601565412006,0.041024744349949155,0.01813438728626622
495,0.03665692879095262,0.036080945687532354,0.021500314404848234,0.4586681187141919,0.04896699771879391,0.0024019564879962413,0.01713844920157787,0.02285126560210382,0.09061161957434043,0.01123832734529696,0.029805998611439767,0.02539029511344869,0.01123832734529696,0.07345049657819086,0.01246432669205663,0.010881555048620869,0.013710759361262294,0.014621684261766429,0.031160816730141577,0.031160816730141577
496,0.013348449743893005,0.024482553788372875,0.4093085875714817,0.028266678406668307,0.021105649817562824,0.002742682534532132,0.013910541925211857,0.018001877785568287,0.038253990294332615,0.012491098871618811,0.03221388656364852,0.011084120368366694,0.009273694616807906,0.036003755571136574,0.013305735754550475,0.009871997495311641,0.013305735754550475,0.14336333058694672,0.061206384470932185,0.08845924807850628
497,0.01276536758566047,0.052657141290849425,0.0221714279119366,0.07020952172113257,0.0382961027569814,0.02005986334889502,0.28153451872173,0.04680634781408838,0.024779831195693845,0.007630939488793394,0.02808380868845303,0.022866205032591017,0.008818615442126775,0.14708957508015272,0.12886027492944477,0.00842514260653591,0.011701586953522096,0.024779831195693845,0.0382961027569814,0.00416779547873729
498,0.02392315484045071,0.023608837849891116,0.04503182087614251,0.04029162920496961,0.020145814602484807,0.014813812570117699,0.028353368699793442,0.018227165592724352,0.04503182087614251,0.009532177050949124,0.025518031829814092,0.02469486951272331,0.010782266970343983,0.036454331185448705,0.04372892924193142,0.010954263315062069,0.011425984401409297,0.022515910438071256,0.5130682711542623,0.03189753978726761
499,0.010278290623582027,0.025998029224354534,0.02946443312093514,0.019215934644088134,0.02946443312093514,0.011049162420350677,0.011945040454433167,0.003471869678605519,0.016955597724373172,0.3108246107994539,0.28962673042953563,0.013811453025438345,0.007753798189719774,0.02104602365781081,0.03864206835729342,0.012276847133722976,0.06380431061730579,0.05280233129134552,0.01578451774335811,0.01578451774335811
500,0.1275036767570181,0.06571042020273363,0.12362909097431309,0.07896950140892144,0.0022008274709049537,0.055779556679565925,0.06474692430533283,0.05322000975097434,0.02090786097359706,0.0009612809643033128,0.10648821114087453,0.053609899932300156,0.0007816022793868058,0.09757001787678629,0.02943999446399015,0.04356908761224772,0.0374140670053842,0.030902037870409026,0.003982449709256583,0.002613482621699632
501,0.012042955251616054,0.025870052021990043,0.033261495456844335,0.025049025174404386,0.03492457022968655,0.06978444683965929,0.020543864840992094,0.0403522707699703,0.07277514112510738,0.010583203099905016,0.029103808524738796,0.03676270550493321,0.006073838300815054,0.022531980793346167,0.4657451582391378,0.010973093631430614,0.010913928196777048,0.01838135275246661,0.03492457022968655,0.01940253901649253
502,0.05094657563814918,0.06269906318263756,0.03336643623400664,0.0971022641082171,0.005626839003570037,0.015414608478235465,0.09002942405712057,0.06095742253867539,0.035540338421944234,0.03036369726454775,0.03134953159131877,0.08780290411284848,0.03806121992658757,0.03885745857871028,0.03973520876595137,0.1329980128116554,0.07711599156630072,0.061393162694591,0.007314890704641049,0.0033249503202913856
503,0.02686293926013968,0.09519516233621896,0.00173398175076624,0.02379879058405474,0.02379879058405474,0.011273111329289088,0.0334508896552684,0.019573279270759313,0.019779572918316266,0.005711709740173136,0.16476085788960973,0.2881521953230888,0.005563353643025783,0.042837823051298525,0.006208380152362106,0.0018848726710489492,0.1927868380369977,0.01189939529202737,0.013386819703530794,0.011341236807969713
504,0.026176740191167558,0.428948477174146,0.014256063037675043,0.014904065903023908,0.016394472493326297,0.01057707902795245,0.01366206041110525,0.01928761469803094,0.017257339466659263,0.0033184007777091367,0.014256063037675043,0.015613783326977429,0.08566787659440689,0.040986181233315745,0.005653266377009069,0.220314040959313,0.012809498785016884,0.0071280315188375215,0.0218592966577684,0.0109296483288842
505,0.12230735037872066,0.05567532026444236,0.03479707516527647,0.059131152949654917,0.02530696375656471,0.3745019615931878,0.017959780730465277,0.02783766013222118,0.03275018839084845,0.00869926879131912,0.03479707516527647,0.03479707516527647,0.007732683370061438,0.03976808590317311,0.015436247600309776,0.010706792358546609,0.010916729463616149,0.031063731413076723,0.029302800139180185,0.02651205726878208
506,0.2305854786830043,0.02692187767345388,0.010482042880563059,0.024612557974118977,0.02666360447196222,0.43142384704579056,0.018283614495059806,0.0278228916229171,0.025597060293083732,0.00864765550442018,0.03555147262928297,0.015607963593343738,0.007709957919603534,0.02908756851486788,0.008766116538727305,0.006228570099838962,0.01015756360836656,0.012416230614914632,0.018821367862561566,0.024612557974118977
507,0.01195560927952454,0.031682364590740024,0.06336472918148006,0.010317659977756057,0.031682364590740024,0.426356367977846,0.02263026042195716,0.04526052084391432,0.03520262732304447,0.014401074813972741,0.06336472918148006,0.02754988225281741,0.012672945836296013,0.07040525464608895,0.005888691928047991,0.01242445670225099,0.017601313661522237,0.013232877042346757,0.057604299255890966,0.026401970492283357
508,0.0047869198475271844,0.1411674958181109,0.02222080952692487,0.033331214290387295,0.027853062121887557,0.013308016237981791,0.015788469927025563,0.10604701708450533,0.02222080952692487,0.009523204082967798,0.03529187395452772,0.023998474289078857,0.00857088367467102,0.02142720918667755,0.00799949142969295,0.010525646618017042,0.03673235860573294,0.40421054019821984,0.029998092861348566,0.024998410717790475
509,0.02867964148239058,0.061047455754096154,0.07159281669460779,0.4936645561460813,0.02526101617410876,0.007044989517105018,0.02093055625854726,0.02930277876196616,0.010861650190663503,0.008324653057376752,0.030523727877048084,0.023631273195134004,0.008050213945595101,0.02724791655528988,0.006540798830796019,0.07222515892033912,0.009513889208430572,0.010351313470978197,0.03855628784469232,0.016649306114753504
510,0.07933681735595013,0.01744042105669594,0.020230888425767292,0.1250590263363891,0.03161076316526139,0.3412378105399304,0.019452777332468547,0.03161076316526139,0.03371814737627882,0.00609364109209858,0.03371814737627882,0.0389055546649371,0.009195858375348767,0.01744042105669594,0.0033225699259575373,0.09633756393222517,0.008720210528347969,0.0100459939693056,0.030543332448057632,0.045979291876743836
511,0.022305868616833303,0.09587610194954665,0.017349008924203678,0.011828869721047961,0.03695838142392731,0.005004521805058754,0.008674504462101839,0.01626469586644095,0.05204702677261104,0.17440747015504515,0.07807054015891657,0.01369658599279238,0.003942956573682654,0.1435780048899615,0.03087535486510824,0.05187873559310353,0.028915014873672797,0.038607791793083705,0.1584039945253379,0.011314571037524137
512,0.05710326120836777,0.01696782618762928,0.029693695828351237,0.03026544460246073,0.04241956546907321,0.395109969521369,0.016050646393703374,0.028279710312715468,0.019157223115065316,0.008248248841208679,0.022841304483347112,0.019157223115065316,0.05765766180262375,0.017996179289909844,0.043025263190016136,0.10997665121611568,0.009279279946359763,0.012529676617204423,0.045682608966694224,0.01855855989271953
513,0.005895998817859452,0.003988469788551983,0.003568630863441248,0.005650332200448642,0.013765952497037257,0.0009826664696432421,0.005022517511509904,0.45696735103761127,0.005215691261952593,0.04473998587727012,0.11156163246323297,0.0019942348942759915,0.007213190043125927,0.0030819993820628963,0.0010594372875841205,0.004002622572300409,0.06347607237950814,0.25496655579822985,0.0020035169682551634,0.004843141886098836
514,0.07872357080462807,0.05396926480471973,0.010254160312896748,0.007238230809103586,0.00372878556832609,0.004557404583509665,0.005074015136311658,0.0372878556832609,0.017511810182698363,0.0008389513153598536,0.030222788290643045,0.014419233289862486,0.15766825805437285,0.027302716809852266,0.0026130199009072818,0.1056578727830053,0.18184536447294034,0.06836106875264499,0.0034180534376322493,0.18930757500732454
515,0.011690094689353557,0.012107598071116185,0.014125531082968878,0.04843039228446474,0.0178427761048028,0.17907091950914308,0.007884017348633796,0.10661091849802289,0.19424697366549976,0.00555758599985661,0.015409670272329689,0.01093589503197591,0.0045201699465500424,0.027121019679300258,0.22790529592106637,0.03721072273842366,0.008947305114961487,0.007213037148750069,0.014739684608315352,0.04843039228446474
516,0.005244476434114545,0.008422947000244572,0.00794163574308774,0.009584732793381756,0.08876330550256523,0.006042548934958062,0.0057365866248449944,0.11909954208824124,0.007512358135353268,0.1860075489955786,0.47131881692672906,0.0061768278001793535,0.0012125238285382743,0.006779445146538314,0.0028986887819755663,0.003756179067676634,0.0038605173751120963,0.029569920320007544,0.014629329000424787,0.015442069500448389
517,0.0138572817510708,0.029094807957856926,0.028124981025928364,0.011720881221478914,0.04440786477778162,0.5618748894927603,0.0324519011837635,0.031249978917698176,0.04218747153889254,0.010546867884723136,0.027217723573479062,0.021634600789175663,0.013608861786739531,0.028124981025928364,0.0057446619770453325,0.011101966194445406,0.01654410648584021,0.01194003545551772,0.03374997723111403,0.02481615972876032
518,0.029346253723880094,0.004418125207184511,0.020156526573745708,0.02396610720783541,0.05342936055046656,0.009217733541475155,0.03567655980295281,0.029957634009794256,0.022824864007462295,0.007731002325108195,0.02522748127140569,0.07037037731037057,0.2330466562094412,0.0208400932242047,0.015462004650216386,0.007988702402611802,0.022122560499540377,0.026629008008705997,0.016528349798507175,0.3250605996750912
519,0.012915993049954288,0.0750742096028593,0.017408512371677516,0.012512368267143213,0.0118121906568393,0.0048828754213241805,0.0075546374443128846,0.2691356042258456,0.017408512371677516,0.0975537421165089,0.027811390755767877,0.00851905924571453,0.0032031662763886623,0.008704256185838758,0.003103843291074285,0.003311880006300875,0.05739764303069065,0.33843480496135087,0.011122105126349523,0.012133205592381296
520,0.0036956905764147646,0.010770298251265884,0.00546319476513487,0.012998635820493308,0.011423043599827452,0.0036956905764147646,0.00617967932449682,0.39076054693571854,0.006499317910246656,0.2536779985685477,0.19572945860473584,0.00673143640704118,0.0019780697807155866,0.008058413669466784,0.0026074122378833627,0.0033066705157395264,0.003221884092259026,0.057727991910629786,0.008975248542721569,0.006499317910246656
521,0.038303761553388486,0.029242175760100398,0.06996997948220428,0.35407077829450645,0.013158979092045177,0.14170617846420036,0.03630063197805566,0.013158979092045177,0.0055790888898320755,0.0075735131465008215,0.011442590514821896,0.009747391920033467,0.004617185646331641,0.11603445938622206,0.003630063197805565,0.02339374060808031,0.005848435152020078,0.012845472663349917,0.022398262284332213,0.08097833287412416
522,0.05578156091223131,0.012508181908349042,0.0635377368371143,0.11682526629752923,0.007959752123494845,0.04304965621969827,0.0552993305421747,0.00946565117388576,0.0657576175090431,0.030127233843765436,0.030902567067685866,0.060909407553699696,0.0016065554744668495,0.1992731588860448,0.04819666423400547,0.085147440146743,0.1011224847238359,0.0047902969904413725,0.005003272763339617,0.0027361647924513534
523,0.002156286888588459,0.02910987299594419,0.00831710657026977,0.006128394314935621,0.012256788629871238,0.0034246909406993164,0.0033268426281079073,0.3211851459915664,0.0029109872995944194,0.22427203174922086,0.07508981495313659,0.0038813163994592262,0.0013231760452701907,0.002839987609360409,0.0015525265597836906,0.0017379028654295043,0.0011442477357783574,0.2883349446564505,0.0068493818813986345,0.004158553285134885
524,0.052901807039084155,0.01743355004697092,0.2074148040751412,0.03196150841944667,0.019176905051668008,0.008337784805073049,0.1329384492735304,0.010152707484152979,0.023222819483920864,0.003364369307310177,0.05230065014091275,0.12709906057135975,0.003364369307310177,0.04602457212400322,0.0034867100093941834,0.151736360028005,0.055906594833490454,0.011985565657292505,0.031961508419446685,0.009229903922486878
525,0.021393896780986972,0.016289960233603944,0.05401407866931835,0.09502476802935635,0.06515984093441579,0.03601650380175207,0.0990258108937503,0.013157275573295492,0.04703726017453139,0.053358665786653096,0.025153615066594325,0.04503978269681469,0.0011106791068366325,0.052736866954349065,0.05706850985187289,0.06652918115333326,0.09803774847906761,0.023592356200391917,0.04473090838665516,0.08552229122642072
526,0.02803755451115109,0.10825115969365186,0.0012916331554356185,0.05002240452013508,0.10195291040238484,0.007313466731325038,0.03815285628363674,0.18122606734727456,0.10562688915562395,0.03518827623457037,0.01771382613168849,0.017221775405808246,0.0013526301947282189,0.02273274353566689,0.044087745038869114,0.04391919792487259,0.0547494847456166,0.05505050195851931,0.02204387251943456,0.0640650045096067
527,0.04178252473756153,0.10872130196131857,0.023297421848853986,0.1397845310931239,0.010872130196131858,0.03936460933082225,0.06437445510867545,0.008583260681156729,0.011648710924426993,0.017243054581206056,0.010872130196131858,0.19741499566660478,0.1086939484831335,0.05325422260439022,0.03993843745517823,0.04603503877859962,0.030183015942466775,0.007412816042817176,0.010872130196131858,0.029651264171268704
528,0.01605960557290897,0.024866486048375182,0.036707669880934796,0.016544996952175456,0.03211921114581794,0.5149502760699742,0.03351569858694046,0.040571635131559515,0.03211921114581794,0.012637066680321815,0.05139073783330871,0.04534476867644886,0.008565122972218116,0.042825614861090586,0.005243105450880377,0.010706403715272646,0.014824251298069817,0.011623645165095684,0.028550409907393725,0.020834082905395426
529,0.0545359008388024,0.08180385125820362,0.023723116864879042,0.006523579379320347,0.022810689293152928,0.39583692699139617,0.016945083474913605,0.0204509628145509,0.03121462745378821,0.00409019256291018,0.03294877342344312,0.0523304048489979,0.005069042065145095,0.0204509628145509,0.00457830474945999,0.15896933981619982,0.017443468282999294,0.013062040730221236,0.01976926405406587,0.017443468282999298
530,0.08746153004589906,0.060129801906555605,0.011453295601248683,0.004582568151888581,0.0916263648099895,0.00559346994479587,0.07444642140811646,0.011453295601248683,0.1608702128238374,0.053733014469687986,0.058115646015053694,0.07339800192840132,0.004294985850468259,0.06880966145922374,0.050561672116815816,0.04810384152524449,0.016050116696171672,0.00864240628111328,0.01045735685331402,0.10021633651092601
531,0.012220054927726348,0.025083270641122507,0.01765119045116028,0.03666016478317905,0.023829107109066383,0.011083305632123898,0.015373617489720246,0.2856098740377012,0.023829107109066383,0.05749939546354154,0.3188673437307522,0.034041581584380545,0.005237166397597008,0.01985758925755532,0.016064566590381836,0.007812822002972585,0.008250929885496958,0.047325213025145814,0.015373617489720246,0.018330082391589522
532,0.01485178890364313,0.08658000743152583,0.02640318027314335,0.033946946065470024,0.22862503939457804,0.008337846402045266,0.0062136859662637114,0.047525724491658025,0.05280636054628669,0.010111856274820856,0.047525724491658025,0.02640318027314335,0.005657824344245004,0.029703577807286264,0.00819409042959621,0.00852152037961985,0.009505144898331605,0.01397815426225236,0.02640318027314335,0.3087051670912891
533,0.48273476176715535,0.019501207184410334,0.018988017521662695,0.08275146603848496,0.024051488860772744,0.02730500080147235,0.012440425272813489,0.020615561880662353,0.013361938255984859,0.007288329957809922,0.0185011452775175,0.02122190193597595,0.004099685601268081,0.024051488860772744,0.006274301441940716,0.04333922081280688,0.11193313937366062,0.006595707533235562,0.030064361075965936,0.02488085054562698
534,0.010055165786355584,0.054652220727541966,0.4737868878508973,0.02781378441840237,0.02841915477832182,0.13052604185696143,0.016147247033137396,0.02537424533778734,0.06458898813254958,0.008358574934800534,0.022918673208324053,0.012011314625689449,0.0069654791123337795,0.02089643733700134,0.008073623516568698,0.008771344067383278,0.013930958224667559,0.019202131606974204,0.02449927136062226,0.023008456083679962
535,0.0061683147418613435,0.03127447665653691,0.4630315083107516,0.026815750613038668,0.01810627595904769,0.1459057201363621,0.012535774024540156,0.025482906905326376,0.03276373744970534,0.007093180272616619,0.03127447665653691,0.03318650887922331,0.004382410741680331,0.027521539457752486,0.008390713249314782,0.005982943360380974,0.009173846485917495,0.02919039170548404,0.02293461621479374,0.058784908179129056
536,0.15597531510996568,0.03880279126472431,0.019401395632362154,0.027485310479179712,0.03880279126472431,0.014991987534098028,0.019401395632362154,0.009316709259718243,0.023558837553582613,0.008566850019484588,0.029983975068196056,0.022242237031373742,0.004184055753923718,0.01649118628750783,0.006531162886141715,0.009087976673507912,0.44132510545196746,0.01199359002727842,0.08245593143753914,0.019401395632362154
537,0.4330474337171718,0.014408161082034904,0.012578993137248133,0.01964749238459305,0.021612241623052357,0.006363659402025894,0.019069624961516783,0.04322448324610471,0.03241836243457853,0.007047470094473592,0.03813924992303356,0.01964749238459305,0.005841146384608745,0.020915072538437766,0.0071249148207864895,0.004420954885030959,0.11256631952845546,0.12859349247923801,0.03241836243457853,0.020915072538437766
538,0.6672007042543272,0.0024041552586602064,0.015136646959226882,0.006594219674904891,0.0030145004228136645,0.14135645965276325,0.0024825297599641943,0.0036381901654647677,0.005024167371356107,0.0013882567736641872,0.005024167371356107,0.003981415652772764,0.0009134849766102013,0.0043064291754480915,0.10678704075734163,0.01742744078576734,0.0015290944173692498,0.0015002158164459849,0.0072763803309295345,0.0030145004228136645
539,0.01581152417670383,0.015078521026772576,0.0583810123447526,0.0291905061723763,0.03299796349920799,0.011684775478313038,0.011499290310330059,0.026170798637302886,0.03614062668960875,0.0059917340101497294,0.025298438682726125,0.034497870930990174,0.006599592699841598,0.016865625788484086,0.10494702195130946,0.0059760091376518405,0.007988980636650355,0.012863612889521762,0.5090181314380988,0.03299796349920799
540,0.006519759104201269,0.025355762023027813,0.5648436408278772,0.03656014393281817,0.03218231333691991,0.00262706024152673,0.009008182746971613,0.02324278185444216,0.03803364303454171,0.007404780059822281,0.03803364303454171,0.04815033205509896,0.004358021597707905,0.03346960587039671,0.010591647427340735,0.006019713286042573,0.0059343272819852326,0.011803912964472685,0.0836740146759918,0.012186714644272728
541,0.0027168687240626105,0.02350829501287544,0.01763122125965658,0.08227903254506401,0.02243973614865383,0.01175414750643772,0.014104977007725266,0.08271735424474125,0.024683709763519208,0.007962487020490069,0.04487947229730766,0.01614807287106758,0.0031726562522625327,0.24683709763519207,0.006762660209183345,0.005747957477744799,0.32964309856151824,0.01204083403098498,0.0259828523826518,0.018987469048860933
542,0.009664639607239166,0.005649272857257458,0.022724963400805608,0.03233937099345414,0.02627573893218148,0.007065744922939558,0.0058819534613906285,0.04204118229149038,0.02802745486099358,0.007485523629654742,0.038219256628627615,0.02802745486099358,0.015479703504944951,0.03233937099345414,0.5653762592239143,0.05627392577709737,0.011063469024076414,0.014013727430496795,0.02802745486099358,0.0240235327379945
543,0.006954761797276709,0.023472321065808897,0.013412754894747936,0.01877785685264712,0.023640226627834576,0.009388928426323558,0.0220915962972319,0.2523364163684488,0.02682550978949588,0.004579965086011491,0.09500184292433327,0.03242933186764688,0.00834571415673205,0.020864285391830127,0.004636507864851139,0.006655062504651647,0.03272632278190651,0.36688029275071626,0.013909523594553419,0.017070778956951922
544,0.008726822843841634,0.012080280976114117,0.008726822843841634,0.015999175213709662,0.017453645687683268,0.024795332048570977,0.11519406153870955,0.014958478871135661,0.010666116809139776,0.003958558815763216,0.020209484480475364,0.08132244513434442,0.0027040859516129006,0.015999175213709662,0.0026893169790138186,0.26313907682139637,0.35707964312184753,0.00412881940998959,0.011635763791788847,0.008532893447311821
545,0.038166509071020385,0.04807113302830964,0.0052275936626530566,0.003738737824212222,0.008189896738156455,0.0035608246687636766,0.011517042288032518,0.12739839370465597,0.16541367813987123,0.010152764551433624,0.02765522000673483,0.032246517088933585,0.0011270500098380443,0.07957619335665966,0.18895754723792763,0.10134997213468615,0.03130830247832609,0.10529867234772589,0.005584020503288492,0.005459931158770971
546,0.11152496017225087,0.05726152378051711,0.03392289064652064,0.005976890256767922,0.24302941743239215,0.005433536597061748,0.06391130175553819,0.021776175031778255,0.005603334615719927,0.0011555010374677648,0.028126542384790225,0.014155792713397711,0.00433806550894446,0.005273726697148167,0.003290031334000692,0.051579988647740244,0.009338891026199881,0.025990680351770133,0.10134726957128216,0.20696348043871177
