site,A,C,D,E,F,G,H,I,K,L,M,N,P,Q,R,S,T,V,W,Y
451,0.011710719492066616,0.40361471276290173,0.031228585312177634,0.029979441899690526,0.02350362145452856,0.02461373565130159,0.04163811374957018,0.08327622749914038,0.06813509522656941,0.009993147299896846,0.03747430237461316,0.08327622749914038,0.011355849204428234,0.022043707279184213,0.0032660866737389237,0.05982579057150827,0.019217590961340084,0.013627019045313882,0.01072408534287389,0.011495940700015441
452,0.058407767167369624,0.01811577767915579,0.024154370238874383,0.12530497234543583,0.014139143554463055,0.004121438999106764,0.027604994558713583,0.22633470255627983,0.021470551323443894,0.006473868259009391,0.027258225769548432,0.027604994558713583,0.008051456746291461,0.01756681471918137,0.003943570651244796,0.005739652333989952,0.008918536703584386,0.3186023806030123,0.011594097714659704,0.04459268351792193
453,0.017007240773188385,0.0071901449753473574,0.02572409301969413,0.02267632103091785,0.020453901260143566,0.008098686082470663,0.006206805824764716,0.06002555567007667,0.053707076125858066,0.011595845981719359,0.03644408737111798,0.02558154457610617,0.021711371199814963,0.04081737785565213,0.012755430579891293,0.009728663645412696,0.034014481546376776,0.014577634948447191,0.021259050966485487,0.5504246865665147
454,0.010570356074236594,0.022963187333686397,0.08035381182664438,0.03504907540404766,0.03504907540404766,0.007927767055677448,0.016706160662628224,0.17503693725413028,0.019026640933625875,0.008537595290729559,0.041620777042306586,0.40036083503280223,0.009513320466812936,0.036996246259828086,0.007482386884010175,0.0025746421684683693,0.036187648703235244,0.009793124009954492,0.019586248019908988,0.024664164173218723
455,0.015462720333289022,0.029688423039914924,0.027489280592513817,0.023942276645092683,0.022491229575693123,0.009395070582251558,0.04948070506652486,0.1488043910908772,0.027592561537244584,0.006686581765746605,0.41661700264932827,0.05301504114270521,0.014844211519957462,0.037110528799893655,0.0055805306466005485,0.008246784177754145,0.0050788214037187735,0.0036358213867211807,0.020616960444385365,0.07422105759978731
456,0.013144984436074545,0.029829003143399927,0.02872422524919993,0.031022163269135927,0.055396720123457005,0.009694426021604977,0.03877770408641991,0.06777626272112093,0.03271084770304049,0.008090934950791611,0.48565559527469454,0.03877770408641991,0.017234535149519958,0.0337197426838434,0.019589581659343207,0.012508936802070936,0.005121778303185569,0.008729198522656335,0.020409317940221,0.0430863378737999
457,0.010807981650351276,0.017292770640562043,0.033833681688056165,0.06834048025051384,0.029929795339434302,0.5015555261924564,0.03705593708691866,0.021031748076359245,0.04577498110737011,0.00864638532028102,0.03242394495105383,0.03537157631024054,0.009976598446478102,0.0432319266014051,0.006113253265017667,0.00864638532028102,0.01588111589439371,0.021148858877514696,0.01588111589439371,0.03705593708691866
458,0.011352078774290213,0.01513610503238695,0.024650228195601604,0.008457599786817852,0.015976999756408445,0.008627579868460562,0.020541856829668005,0.028955760665871924,0.5051874552135671,0.006075760470746874,0.02614418141957746,0.019249795902695523,0.009586199853845068,0.21967672700710816,0.0029811850213691893,0.007130231296248397,0.01140638761394345,0.0107844748355757,0.022704157548580427,0.025375234907236945
459,0.011395625321915983,0.020620655344419397,0.030930983016629096,0.024744786413303282,0.03207657498020795,0.001533990689242726,0.024057431235155965,0.15363165141327986,0.02077651804511935,0.00721722937054679,0.024057431235155965,0.05773783496437431,0.01056179907884896,0.03331028940252364,0.4752365290214822,0.007142036573679984,0.014932198697683011,0.007664314375801901,0.01443445874109358,0.027937662079535963
460,0.0079135717108044,0.02672474741574213,0.011766033256712669,0.2846643881678323,0.017816498277161415,0.0018823841429935191,0.019796109196846025,0.025452140395944883,0.4668723238749951,0.005686116471434496,0.017816498277161415,0.01908910529695866,0.010278749006054664,0.018430860286718708,0.005938832759053806,0.0076356421187834655,0.012430115077089361,0.005700016137146753,0.012726070197972441,0.021379797932593706
461,0.011835571443091532,0.018981576842693967,0.040240942906511215,0.004687071411966043,0.015968628137504447,0.008982353327346253,0.02579547622212257,0.02053109331964858,0.4984949275124037,0.007798632346223103,0.021211927186557875,0.06746035411645823,0.011835571443091532,0.07546453373412745,0.10572391911227233,0.008598492074040854,0.010884489915557113,0.010161854269321013,0.017051246994284414,0.018291337684777823
462,0.014003002862523447,0.020654429222222083,0.041308858444444166,0.02604423798951683,0.017578237635933688,0.011181914682949922,0.027539238962962783,0.026650876415770436,0.44115526908247704,0.005582278168168132,0.014272702404328952,0.03843847984527981,0.014003002862523447,0.017253315335043307,0.21933913281261172,0.007122216973180029,0.009388376919191857,0.012710417982905895,0.011474682901234491,0.024299328496731866
463,0.05544575476024941,0.005291826333254114,0.01882237464229519,0.14961374715670542,0.004409855277711762,0.0016746285864728209,0.010366354032378277,0.0951936188805734,0.009915472072726462,0.07727409610018343,0.29525293556541465,0.004267601881656544,0.045661549984805636,0.07004159280412647,0.015284020792784405,0.018908321558470054,0.035852142175800364,0.06506499876348955,0.005291826333254114,0.01636728229764799
464,0.020038714278386962,0.02973088681607721,0.027680480828761546,0.050421255526982615,0.061748764925698835,0.42826073903930145,0.05351559626893898,0.03210935776136339,0.02675779813446949,0.008449830989832471,0.04224915494916235,0.0349014758275689,0.017079445617746485,0.04224915494916235,0.04026816959279694,0.010703119253787795,0.01514592347234122,0.009952713736980201,0.02006834860085212,0.028669069429788738
465,0.019410377770371606,0.14437283617216295,0.09179378535462639,0.30666844730135273,0.07218641808608148,0.0014974639654726691,0.05774913446886519,0.041249381763475146,0.009038898039042077,0.01110560278247408,0.033970079099332466,0.052499213153513816,0.011785537646707183,0.016985039549666237,0.00874986885891897,0.016041426241351443,0.01749973771783794,0.010397906070260624,0.03849942297924346,0.03849942297924346
466,0.012672869879786169,0.03825621218850189,0.02000979454703079,0.01949672289197872,0.4043369912121431,0.007241639931306383,0.01949672289197872,0.013109865392882242,0.027156149742398928,0.03567301916056682,0.031682174699465424,0.0304148877114868,0.010862459896959572,0.054312299484797856,0.008841537125432211,0.06814161711667033,0.014080966533095743,0.008739910261921497,0.13978934097425,0.03568481835734651
467,0.0112160540496297,0.022818868583729387,0.04135919930800951,0.06710812136180869,0.03482879941727117,0.3532262351198138,0.030079417678552378,0.03482879941727117,0.04135919930800951,0.008823295852375363,0.023633828176005435,0.030079417678552378,0.022818868583729387,0.03482879941727117,0.05000573945960496,0.013505044672003108,0.02757279953867301,0.006632680656545702,0.012925393935513545,0.13234943778563046
468,0.007527785864192156,0.019572243246899605,0.016310202705749666,0.0023064193368009475,0.01701934195382574,0.0058424606707163,0.046399194310522675,0.01701934195382574,0.20770628398522858,0.01613885019496441,0.01398017374778543,0.013262316605424195,0.0067490493954826215,0.16976230895779063,0.19564382280931886,0.023567844729154373,0.09073620220724436,0.10177887784243685,0.010037047818922874,0.018640231663713907
469,0.4936378107661089,0.024262789200522692,0.023049649740496555,0.02440937802466804,0.021952047371901484,0.0069322254858636264,0.02004317368738831,0.0576241243512414,0.03546099960076393,0.010846893995527792,0.0368794395847945,0.032928071057852226,0.01059754011057313,0.0368794395847945,0.009604020725206898,0.05187632131704457,0.00897063918321356,0.05746432799522527,0.015626881179997665,0.02095422703681505
470,0.016349080962169638,0.033140028977370894,0.022294201312049504,0.006475247575012274,0.021511948634433734,0.010218175601356023,0.024042766120837705,0.02426045891892839,0.6559430579185582,0.006850173587501244,0.017516872459467467,0.017438758323735492,0.012385667395583059,0.017829866958134984,0.01885558045847189,0.00888537008813567,0.03815109040510355,0.01039136501832816,0.018301210032279445,0.01915907925254254
471,0.01027789507426537,0.042109728872387744,0.05655950331418777,0.028718628627839148,0.082053224650969,0.30546257491091794,0.028718628627839148,0.05221568841425299,0.09572876209279714,0.01400908713553129,0.03829150483711886,0.05221568841425299,0.010256653081371121,0.03829150483711886,0.008572724963534072,0.006638009293625933,0.024972720545947086,0.026812955861919386,0.030230135397725417,0.04786438104639858
472,0.013346293989522466,0.016906313515765214,0.037137513709975555,0.03416651261317752,0.08541628153294378,0.0030154735067390577,0.027553639204175414,0.03373112703008655,0.050244871489966925,0.01472694509188686,0.047453489740524324,0.011132591013735326,0.011542740747695105,0.03050581483319421,0.05137542360346124,0.4410154491069728,0.012770214696459293,0.013558139925864092,0.023726744870262162,0.04067441977759227
473,0.011619854610554748,0.005963936134939168,0.02768259480749807,0.03921700931062227,0.0427821919752243,0.00544050996216725,0.011173770779985777,0.037648328938197376,0.04092209667195368,0.010588825199388275,0.044819439212139746,0.04953727491868077,0.010832563228073014,0.03921700931062227,0.5048592228673808,0.012190466395192124,0.020915738298998544,0.016227727990602316,0.018824164469098688,0.04953727491868077
474,0.4845464405588625,0.030286560478502412,0.012741684194133464,0.029309574656615232,0.021130158473373774,0.008112471556741717,0.03133092463293353,0.023910442483028215,0.04782088496605644,0.01179995862798795,0.033651733865002684,0.034946031321348936,0.009282304281427883,0.029309574656615232,0.007832731158233382,0.008546753112977399,0.06212360144170578,0.03416635993546357,0.04782088496605644,0.03133092463293353
475,0.01643130482317397,0.024163683563491137,0.043240275850457824,0.043240275850457824,0.020539131028967463,0.014937549839249064,0.02220446597726213,0.43857175471938076,0.054771016077246576,0.010859422051366103,0.03042834226513699,0.04404089083111091,0.010019088306813397,0.03734387459812267,0.009335968649530665,0.011154296286528647,0.004819778881448214,0.07644935893238296,0.048327367126982275,0.03912215434089041
476,0.013464371148215004,0.016838311493801994,0.030643051578696217,0.017772969915643803,0.022785858866210006,0.020805169036174152,0.04443242478910952,0.04677097346222054,0.026136720464182063,0.0066100754026417454,0.021158297518623578,0.04677097346222054,0.010454688185672828,0.027770265493193443,0.09024983620193597,0.010333122043978956,0.016456453625596112,0.009555360169700973,0.47867448210493535,0.042316595037247155
477,0.011617164437985274,0.012750943685033538,0.011617164437985274,0.02733450455996535,0.21435758182131837,0.008605306991100204,0.00734901885772657,0.022127932262829095,0.04224423431994645,0.008152396096831773,0.02733450455996535,0.01826432003191699,0.007204443062316449,0.023830080898431333,0.00968097036498773,0.0054386000578763105,0.01147374265480027,0.009201714406324972,0.024457188290495317,0.4969581882021633
478,0.01386116998210818,0.03345799650853698,0.03593636662028047,0.02366541216457494,0.03593636662028047,0.012439511522404778,0.02366541216457494,0.011598205889115669,0.03593636662028047,0.036867429670936674,0.5180440338713622,0.030321309335861645,0.008663231238817612,0.02772233996421636,0.007646954036874285,0.009329633641803585,0.07479855609963366,0.006692978099187253,0.024879023044809555,0.02853770290434037
479,0.02575605307292187,0.02407526603042637,0.04090667252758181,0.03160970149858593,0.033114925379470986,0.011809692454767533,0.04967238806920648,0.053493340997606977,0.03863407960938281,0.014004924498773334,0.03863407960938281,0.0239797735506514,0.011590223882814844,0.03023536665082133,0.10137249775342481,0.012200235666120888,0.018794957647807857,0.01655746268973549,0.3700650174129095,0.053493340997606977
480,0.017819614255492337,0.0613786713244736,0.0324945907011919,0.039457717280018734,0.02230196767067967,0.02401774095305489,0.029074107469487496,0.05021891290184203,0.05021891290184203,0.29349226745577883,0.0755742671618307,0.05524080419202624,0.010422793243778535,0.027620402096013123,0.010043782580368407,0.05460061505071442,0.016739637633947348,0.07586889857086444,0.02272496089435842,0.030689335662236798
481,0.017297903443935773,0.06021080166406913,0.0555792015360638,0.0810900874476468,0.0555792015360638,0.38243113922306565,0.023307407095768697,0.0555792015360638,0.023307407095768697,0.011468724126489357,0.03141433130299259,0.026760356295141834,0.007014850679309024,0.03284225545312862,0.009307851868437479,0.0157071656514963,0.012902314642300529,0.0201994427010776,0.04515810124805184,0.03284225545312862
482,0.23248313793364048,0.021999181969370195,0.012984995920249964,0.036665303282283665,0.029332242625826933,0.008461223834373154,0.01333283755719406,0.029332242625826933,0.023157033651968625,0.008461223834373154,0.03384489533749262,0.020951601875590666,0.007333060656456735,0.023157033651968625,0.008147845173840816,0.2696191038877529,0.05871012403642665,0.10681327896733656,0.02588139055220023,0.029332242625826933
483,0.013062492381914228,0.03506247955145398,0.031723195784648835,0.04441247409850837,0.028964657020766327,0.1254541386308461,0.041636694467351604,0.09311172260020459,0.0380560635765239,0.009943091216083963,0.019033917470789297,0.02775779631156773,0.014174193861226075,0.025622581210677904,0.35359325139804726,0.008703935305294785,0.014174193861226075,0.011485984680648717,0.03506247955145398,0.028964657020766327
484,0.01958437899346163,0.02237488407063318,0.024857096414778214,0.028099326381923195,0.3398125960800598,0.02228567264773219,0.0403927816740146,0.035904694821346304,0.04616317905601668,0.009652798725904516,0.02937656849019243,0.049714192829556435,0.012194047297815732,0.03801673569319021,0.01154079476400417,0.007798014722144343,0.03801673569319021,0.0140496631909616,0.04308563378561557,0.16708020466745896
485,0.029388845402892556,0.0318379158531336,0.0636758317062672,0.0318379158531336,0.021642026841275402,0.022473822955153128,0.0636758317062672,0.04775687377970039,0.05457928431965759,0.20229013447292382,0.06898984222196047,0.09551374755940077,0.0318379158531336,0.09551374755940077,0.012735166341253438,0.005231349421443447,0.03820549902376032,0.014826192168493745,0.020231183181048645,0.04775687377970039
486,0.016221662603841645,0.061281836503401764,0.03244332520768329,0.2902507207647415,0.13788413213265396,0.010067514523055272,0.03244332520768329,0.13788413213265396,0.008097173457146318,0.022061461141224634,0.03939546632361542,0.03939546632361542,0.023979849066548518,0.029203882132875204,0.01103073057061232,0.014514119171858313,0.013452110451966244,0.026552621642548454,0.027576826426530792,0.026263644215743617
487,0.020042778474073725,0.11350860625250643,0.04899345849218022,0.031495794744972994,0.23335505427239908,0.016331152830726735,0.044094112642962195,0.040085556948147444,0.055117640803702746,0.0033897730092961797,0.03674509386913516,0.07349018773827032,0.010754661620234682,0.031495794744972994,0.01336185231604915,0.05352122523209833,0.011917327741341134,0.01594496122619532,0.06299158948994597,0.08336337755078906
488,0.017578819660694255,0.0524843473525781,0.11989628412261526,0.22288036052613613,0.22229635550228335,0.003990041558715067,0.023326376601145823,0.02624217367628905,0.05350276566756519,0.01679499115282499,0.02624217367628905,0.02999105563004463,0.009127712583057062,0.038170434438238615,0.013121086838144525,0.015550917734097218,0.016149029954639415,0.02500858118131932,0.04665275320229165,0.02099373894103124
489,0.3337761693158639,0.06002439228896176,0.0326772855054695,0.045333568290788065,0.09066713658157613,0.02441038292580896,0.019232422911243423,0.03966687225443956,0.05288916300591941,0.014424317183432567,0.028848634366865133,0.022666784145394032,0.010074126286841793,0.02538679824284132,0.00991671806360989,0.11403742830476313,0.007810040224135074,0.008309496700611277,0.03340368189847542,0.026444581502959707
490,0.022666986574491885,0.09444577739371618,0.04359035879709977,0.03541716652264357,0.06592894330080169,0.026984507826776055,0.033086414247484604,0.08001858680198314,0.031481925797905395,0.29919082028532357,0.056667466436229705,0.051515878578390635,0.0030847310410337474,0.031481925797905395,0.012145890488434305,0.01717195952613022,0.01954050566766542,0.01317848056656505,0.03541716652264357,0.026984507826776055
491,0.017559629468981916,0.03637351818574825,0.03917148112311349,0.015063968387208321,0.05658102828894172,0.2687427124723838,0.05092292546004754,0.06365365682505944,0.04243577121670628,0.01818675909287413,0.04243577121670628,0.06365365682505944,0.03394861697336503,0.03394861697336503,0.007235246884654783,0.018860342762980573,0.021217885608353144,0.03421394434099085,0.03394861697336503,0.10184585092009507
492,0.012688379252050214,0.04229459750683406,0.029855010004824042,0.12688379252050216,0.2665661336654039,0.03172094813012554,0.01450100485948596,0.020395303033458045,0.025376758504100434,0.12367387616239754,0.04613956091654624,0.03625251214871491,0.0071483826772113885,0.029855010004824042,0.010573649376708514,0.004516427387982486,0.013356188686368647,0.020395303033458045,0.05639279667577874,0.08141436545322499
493,0.01602309782254379,0.024924818835068117,0.05608084237890326,0.06409239129017516,0.06797020007194766,0.028040421189451627,0.03451128761778662,0.08504315818908136,0.04486467390312261,0.23416537118304237,0.11623100001157426,0.04984963767013624,0.01661654589004541,0.03738722825260218,0.010682065215029192,0.04551028537767637,0.014020210594725814,0.01286081342922552,0.022432336951561306,0.018693614126301085
494,0.03172631016825981,0.04037894021414885,0.06411928092795684,0.11104208558890932,0.027760521397227327,0.07402805705927287,0.033586388338287594,0.03172631016825981,0.028372910672217713,0.02018947010707442,0.03172631016825981,0.23462754458134916,0.014328011043730233,0.11104208558890932,0.026127549550331603,0.003680671804576113,0.020295664849304552,0.03701402852963644,0.04037894021414885,0.017848919028139464
495,0.014777823876380816,0.044065185564430044,0.02625805188555803,0.44445852212278686,0.059802751837440764,0.02637691301160002,0.02093096314310427,0.027907950857472358,0.07143285503500295,0.013725221733183128,0.036401675031485684,0.031008834286080398,0.013725221733183128,0.029901375918720382,0.015222518649530375,0.01328950040832017,0.016744770514483413,0.017857271143585415,0.038056296623825946,0.038056296623825946
496,0.013516112358544831,0.0252852917256518,0.3345000346530758,0.05526673525091337,0.021797665280734308,0.0028326100535079873,0.014366643025938524,0.018592126268861614,0.03950826832133093,0.0129006590436999,0.03327012069164711,0.2000219567969611,0.00957776201729235,0.03718425253772323,0.013742006372636851,0.010195682147440245,0.013742006372636851,0.057722714057904696,0.06321322931412951,0.022764123709369165
497,0.01727999464643829,0.07127997791655796,0.03001262228065598,0.09503997055541061,0.05183998393931488,0.027154277301545886,0.30137146665830566,0.06335998037027374,0.03354351901955669,0.06608332746303511,0.038015988222164246,0.0309531157560544,0.011937425742453812,0.022030132410663684,0.004371131228934381,0.011404796466649271,0.01583999509256843,0.03354351901955669,0.05183998393931488,0.023098791970545332
498,0.028008328865680023,0.027640338368675067,0.05272156021775063,0.04717192230009267,0.023585961150046336,0.016910689126448317,0.03319505643339855,0.02133967913575621,0.05272156021775063,0.011159913959067163,0.029875550790058693,0.02891182334521809,0.012623472164813531,0.04267935827151241,0.007424372184224217,0.012824839008722161,0.01337711229405613,0.026360780108875315,0.47412324357028035,0.037344438487573364
499,0.013588626322302361,0.03437123128582361,0.03895406212393343,0.025404823124304414,0.03895406212393343,0.014607773296475036,0.015792187347540582,0.004590056988081222,0.022015081743001777,0.30465245280809256,0.30378747794553534,0.018259716620593797,0.010251068979982481,0.02782433008852388,0.008482368851245141,0.016230859218305596,0.056618713444339386,0.0038786125552002495,0.020868247566392908,0.020868247566392908
500,0.09539261196193162,0.07298856034615622,0.1155123302869603,0.0813828108681146,0.0028347834323699276,0.056945490265557216,0.06922140884441914,0.0619296875664356,0.025545996121154674,0.0012381812693110028,0.08360507821468803,0.0524020433254455,0.0010067455180379182,0.11240238293308058,0.02388813088723655,0.05103430697204437,0.040335783349191606,0.040817560691859316,0.005129608115717012,0.006386499030288671
501,0.0125998011170625,0.02706623943665278,0.03479945070426786,0.1474615192109571,0.03653942323948125,0.0029395556220574237,0.021493778376165437,0.07092923936815311,0.05350680411974755,0.011072552496812497,0.03044951936623437,0.038462550778401314,0.006354682302518477,0.02357382144482661,0.38378164354161315,0.011480470906539138,0.011418569762337887,0.019231275389200657,0.03653942323948125,0.02029967957748958
502,0.05888150333344975,0.033408378360083604,0.00976224284073687,0.10835089195413326,0.007916382935335243,0.0010937790468361413,0.10472611633837357,0.07308082766268288,0.04454296143277279,0.03125469359158764,0.034800394125087064,0.08769699319521944,0.04277902107083874,0.040259119811069354,0.045713110307521794,0.13667063874579655,0.060423608298553866,0.0636701764903784,0.010291297815935815,0.004677862643607189
503,0.06133708938205239,0.08178278584273649,0.012856761839146101,0.02877870370407814,0.02877870370407814,0.013632017544037015,0.07475592462787636,0.0236690012738616,0.02391846200751135,0.006906888888978754,0.11323770347455825,0.2761989303472827,0.006727489177576709,0.05180166666734065,0.007507487922802994,0.007863629903787049,0.1359549826812349,0.01438935185203907,0.016188020833543957,0.013714398325477304
504,0.011377364274908304,0.4086352145358965,0.018797384454196327,0.01965181102029616,0.021616992122325776,0.01394644653053276,0.018014160101938147,0.025431755438030328,0.022754728549816604,0.004375489574285408,0.018797384454196327,0.020587611545072167,0.043209406820148885,0.05404248030581444,0.007454135214595096,0.23034225618606427,0.008332702400133042,0.009398692227098163,0.028822656163101038,0.014411328081550519
505,0.09822617938864883,0.03570417154027871,0.0446302144253484,0.04282336252552998,0.03245833776388973,0.380946755239069,0.023034949380824978,0.017852085770139355,0.042004907694445544,0.0111575536063371,0.0446302144253484,0.0446302144253484,0.009917825427855197,0.0510059593432553,0.008375320485634576,0.013732373669337966,0.014001635898148514,0.013280627631605228,0.03758333846345128,0.03400397289550353
506,0.1547003227548215,0.02923132129374543,0.11850947750710306,0.02672390086341651,0.028950892602034553,0.3711868444752819,0.019852040641395122,0.030209627062992576,0.027792856897953164,0.009389478681740936,0.038601190136046064,0.016946863962166568,0.008371342439142521,0.03158279192949224,0.009518101677381223,0.006762876497597969,0.011028911467441734,0.013481334057159209,0.020435924189671443,0.02672390086341651
507,0.013120928366011414,0.03477046016993024,0.06954092033986048,0.011323327344332876,0.03477046016993024,0.3704430424744843,0.0248360429785216,0.0496720859570432,0.03863384463325582,0.015804754622695562,0.06954092033986048,0.030235182756461074,0.013908184067972102,0.07726768926651165,0.006462665611676805,0.013635474576443233,0.019316922316627915,0.014522692042657132,0.06321901849078225,0.028975383474941867
508,0.005214323102596247,0.2188500113351215,0.024204808972201432,0.03630721345830215,0.030339940906934506,0.026430628496493826,0.01719815374340628,0.0551836934430692,0.024204808972201432,0.010373489559514901,0.03844293189702581,0.026141193689977547,0.00933614060356341,0.02334035150890852,0.008713731229992517,0.011465435828937522,0.025309184984333776,0.3490370560612209,0.032676492112471936,0.027230410093726613
509,0.011600309522172638,0.037217659716970525,0.08234308402674534,0.47722226694774444,0.03080082183473424,0.007897540466217538,0.025520680948779798,0.035728953328291714,0.013243637945837189,0.010150270831901056,0.037217659716970525,0.028813672038944933,0.009815646518761462,0.03322345456741306,0.007975212796493688,0.059695113836801574,0.011600309522172638,0.012621383074124594,0.04701178069512068,0.020300541663802112
510,0.12277860483777475,0.018985113411077753,0.022022731556850198,0.09832922600497686,0.034410518057578436,0.2941780665564457,0.021175703420048268,0.034410518057578436,0.036704552594750334,0.006633352878569336,0.036704552594750334,0.04235140684009654,0.010010332525840998,0.018985113411077753,0.0036168488510385966,0.11181622940583058,0.009492556705538877,0.010869432852708888,0.01647347680826256,0.05005166262920499
511,0.015128750706009364,0.0696718782513589,0.018639095893946054,0.012708474473145034,0.10867578986059849,0.005376662277099823,0.017650209157010925,0.06340704039116093,0.04236050197682621,0.14758750462009199,0.06618828433879097,0.014715075705746882,0.0042361581577150115,0.1095530223538609,0.017949365244417887,0.1731438842618767,0.014708507630842438,0.006856673056575955,0.0684211096989981,0.023022011943927292
512,0.09567024292040183,0.019036812629584277,0.03331442210177248,0.04748673450513403,0.047592031573960684,0.34910900448908044,0.018007795730687826,0.03172802104930712,0.021493175549530633,0.009254006139381243,0.025626478539824988,0.040693093651172865,0.0612371797663281,0.020190558849559084,0.005227844921408765,0.07786950019668881,0.0104107569068039,0.01397786958611516,0.051252957079649976,0.020821513813607802
513,0.007059574484262284,0.005049925622164336,0.004518354504041776,0.007154061298066145,0.013161627064143071,0.0012441845735767206,0.006013711597704908,0.4478774467934569,0.0066037488905225945,0.04442823083555856,0.1328701671619422,0.002524962811082169,0.0009132844210297203,0.003902215253490624,0.0013413864933874016,0.0006692434956496569,0.06218433694648053,0.24382652240115865,0.002524962811082169,0.006132052541199552
514,0.08652010408685867,0.05781113573946937,0.0057208936408849895,0.008076555728308222,0.004383976073536651,0.010170477583795539,0.00675485559308442,0.04992779904772355,0.02058883661677788,0.0009863647093685747,0.03131436519221257,0.00989559981126052,0.14055019999397533,0.02547047317653365,0.0005175534889971679,0.09631394777727974,0.18383138232710436,0.07055768823758155,0.004018644734075263,0.18658914644117192
515,0.03349400912377569,0.018297218354284824,0.02134675474666563,0.07318887341713928,0.026964321785261845,0.004024389492383966,0.011914467765580814,0.040088254466579355,0.20651118220335074,0.008398723179015986,0.023287368814544324,0.01652651980387017,0.006830961518933002,0.038853050583579796,0.2730161903507584,0.03955232619374323,0.013521327220252491,0.010900470508935639,0.022274874518259786,0.1110087159530851
516,0.0053618412073134485,0.008611441939018569,0.00811935954250322,0.009799227034055613,0.14503474010810669,0.006177773564948104,0.005864964203926341,0.13606842479617895,0.007680475242908453,0.14965087618488274,0.4205806335973769,0.00631505742194695,0.013723396617982534,0.006931160585063726,0.0029635577838186848,0.0038402376214542264,0.003946910888716844,0.028585563158214162,0.014956714946716462,0.015787643554867375
517,0.015206543421951352,0.03192772352559685,0.030863466074743627,0.012862124941941125,0.048731788539068885,0.48349176729372084,0.03561169162470418,0.03429274008304847,0.046295199112115444,0.01157379977802886,0.029867870394913183,0.02374112774980279,0.014933935197456592,0.030863466074743627,0.006304010654298952,0.012182947134767221,0.01815498004396684,0.04882618899948859,0.03703615928969235,0.027232470065950257
518,0.012730164357973571,0.0057496395182937005,0.0262312081041721,0.03118890267703524,0.03465433630781694,0.011995731798859712,0.03250502130252235,0.03898612834629406,0.029703716835271662,0.010060936347430724,0.03283042387056341,0.041613008546964085,0.2625501740006166,0.02712078493655239,0.010060936347430724,0.010396300892345084,0.009596585439087769,0.01732716815390847,0.021509588053127755,0.3331892441637336
519,0.017000341870316536,0.18115989305556054,0.024234973668789458,0.01741888732444243,0.0164441466006573,0.00679761456563607,0.010517064044946373,0.29860400934687664,0.024234973668789458,0.11353751042263048,0.03555045119854873,0.011859667965577823,0.00445923515505726,0.012117486834394732,0.004320964297536106,0.004610579182944722,0.008207793975233328,0.17654990916855293,0.015483455399504378,0.016891042254004777
520,0.004782337434938201,0.013937097667534185,0.007069542295126036,0.016820635115989538,0.01478177025344535,0.004782337434938201,0.007996695383011418,0.43427271521154,0.008410317557994767,0.26031093493280416,0.1244024056971091,0.008710686042208867,0.0025596832217520803,0.01042783549132919,0.0032738148883469558,0.00427893349441839,0.0041692172509717644,0.04898847501226864,0.011614248056278488,0.008410317557994767
521,0.04663663976774808,0.054438706256381184,0.0852657699337144,0.2762057138272881,0.012922520410423199,0.09061539874258419,0.025342156360729173,0.012922520410423199,0.03326053711292052,0.010574424956275485,0.03195315367222374,0.009572237341054222,0.00453421768786779,0.12410632007630443,0.0035648332166684695,0.02177548250255247,0.005743342404632534,0.006227720679722024,0.03127329933877216,0.1130650053017147
522,0.04205815533621903,0.014080828846164819,0.08665228404841102,0.11025239444920044,0.009464877487247692,0.02815523803880303,0.08819045435229544,0.010655762370070673,0.05243107270362249,0.027556030645182757,0.028989941742104036,0.07713845367898987,0.001910342245132562,0.15829957545672654,0.0506393110797854,0.0940444348624586,0.10257427664000329,0.007703662817928207,0.005949351563412835,0.0032535516362413954
523,0.0027068932468543726,0.027682438316237828,0.010440873952152579,0.007693275543691374,0.014569704376967276,0.004299183392062827,0.004176349580861032,0.29008808963846167,0.006726608485335783,0.22969379783069496,0.07687734340857476,0.004872407844337872,0.0016610481287515468,0.0035651764714667348,0.0019489631377351483,0.002181675154181136,0.001436430599795755,0.29556093713163545,0.008598366784125653,0.005220436976076289
524,0.04908517815350818,0.022765225073405376,0.16086532745312637,0.020868122983954927,0.025041747580745913,0.010887716339454744,0.14848998739715233,0.036983559521380535,0.0074880412969876116,0.004393289049253669,0.06470318938416988,0.1320416471884185,0.004393289049253669,0.018979602219356496,0.004553045014681075,0.15449736504199985,0.057542939488080765,0.015651092237966197,0.041736245967909855,0.019033389559194067
525,0.016856069344741112,0.032106798751887836,0.025347472698858814,0.10167152938097815,0.059626911967791685,0.04041202684517806,0.09125090171589173,0.014818522500871307,0.06742427737896445,0.052514429172608706,0.04249429246573389,0.040277092497020814,0.0013197247903581303,0.051735252789286854,0.05343054273965589,0.06849450400402736,0.08457400646838745,0.013285571897332895,0.0322796197268093,0.11008045286361542
526,0.02821887931162403,0.09440353168195853,0.0016814413678746718,0.08342762739116787,0.1084430312654293,0.004993956433628207,0.046922465451387674,0.17595924544270375,0.09884130453880274,0.043963391053552424,0.014523620258762852,0.004236055908805831,0.0005848491714346686,0.020333068362267993,0.04812159512403426,0.03939625990676346,0.047293602363299915,0.05817101269919124,0.027110757816357325,0.05337430445095348
527,0.05132272764607024,0.10624674322599117,0.039842528709746694,0.13280842903248896,0.024790906752731275,0.044880089810979025,0.03425059485574715,0.010349891359133735,0.014046281130252926,0.042810541660243784,0.013109862388236068,0.17614591640098534,0.10238036414276974,0.06670162496066268,0.022767159262712396,0.05206944291676662,0.026525599851041182,0.00893854253743368,0.013109862388236068,0.016902890967771318
528,0.04888472379436482,0.02663231670868706,0.039314372284252316,0.017719898095669637,0.03440007574872078,0.4372929649393558,0.035895731216056465,0.04345272726154204,0.03440007574872078,0.013534456032283588,0.05504012119795325,0.04856481282172346,0.00917335353299221,0.04586676766496104,0.017143476291383932,0.01146669191624026,0.015876958037871126,0.012449068949428613,0.030577845109974022,0.022313562647818887
529,0.024147104085543342,0.07244131225663002,0.029566968987237274,0.008130570291111227,0.028429777872343538,0.38855345872120606,0.040015201056043254,0.02548876636830799,0.038903906562154304,0.005097753273661599,0.04106523470449622,0.04119211873416217,0.006317728416076341,0.02548876636830799,0.005706104948705474,0.1443847460785066,0.020596059367081088,0.008094862712759074,0.024639140822697726,0.02174041837296858
530,0.08039072754989647,0.019451712790373808,0.014820352602189566,0.005929758403087803,0.08421885743322487,0.007237846619673976,0.08382691925156549,0.014820352602189566,0.1650353916553499,0.05958036190754738,0.08841656236182827,0.05928934601853853,0.005263678589576554,0.046445326326159726,0.04075576078743363,0.05895320020325741,0.023655419293210782,0.005557632225821089,0.013531626288955696,0.12281916709011963
531,0.014837020177796536,0.030454936154424465,0.021431251367928332,0.0445110605333896,0.02893218934670324,0.013456832254280578,0.018665928610776285,0.29541510266088383,0.02893218934670324,0.0458233003123574,0.3089925491633904,0.04133169906671891,0.006358722933341371,0.02411015778891937,0.012327698395078236,0.009485963720230571,0.01001789385732982,0.003994045432276632,0.018665928610776285,0.022255530266694804
532,0.01785381007239085,0.16193626774885297,0.03174010679536152,0.04080870873689337,0.08972826622144835,0.010023191619587849,0.011860855973470408,0.05713219223165073,0.06348021359072302,0.012155785581202286,0.05713219223165073,0.03174010679536152,0.006801451456148898,0.03570762014478171,0.009850377970974265,0.010243991977856665,0.011426438446330149,0.01680358595048551,0.03174010679536152,0.2918347296594677
533,0.4814328254806631,0.02465310465339845,0.02400433874146691,0.03480547910696491,0.030405495739191424,0.08150195482356196,0.015726980554754185,0.026061853490735504,0.016891942077328574,0.009213786587633764,0.023388842876301094,0.026828378593404194,0.005182754955543992,0.030405495739191424,0.007931868453702109,0.006824498065641852,0.07694138454094482,0.008338184736073895,0.03800686967398929,0.03145396110950837
534,0.01052248124563184,0.057192191541789,0.3945295220822181,0.04777153716294521,0.02973993960173028,0.09480921087810361,0.01689769295552857,0.026553517501544895,0.06759077182211427,0.008747041059332435,0.023983822259459907,0.09091121920671903,0.0072892008827770294,0.02186760264833109,0.008448846477764284,0.009178993704237741,0.014578401765554059,0.020094553784952892,0.025637878967008868,0.023655574452256863
535,0.007328682766501561,0.037157753405260605,0.4373086311900219,0.0318602629102025,0.02151238355041403,0.13499431398052403,0.014893972649437568,0.03027668795984197,0.03892717023408253,0.008427531700162198,0.037157753405260605,0.031264217138556025,0.005206818948507856,0.03269882299662933,0.009969153352630893,0.007108439781875942,0.010899607665543109,0.052231194619381,0.02724901916385777,0.023527582581308343
536,0.10131684943920792,0.04508365715141532,0.02254182857570766,0.03193425714891919,0.04508365715141532,0.017418685717592284,0.02254182857570766,0.010824770908334242,0.027372220413359308,0.009953534695767017,0.03483737143518457,0.025842506580566024,0.008729192523701673,0.01916055428935151,0.007588338332416438,0.02988766796832945,0.40760353049648534,0.013934948574073827,0.09580277144675756,0.02254182857570766
537,0.4312834540813081,0.01812907456506657,0.029193064635509424,0.024721465315999863,0.027193611847599847,0.00800707704120981,0.023994363394941046,0.054387223695199695,0.04079041777139977,0.00886748212421734,0.04798872678988209,0.024721465315999863,0.007349624823675635,0.0263163985621934,0.008964926982725226,0.010548485387493239,0.055466069304029066,0.08497025202795684,0.04079041777139977,0.0263163985621934
538,0.6411515890036884,0.002966319420331115,0.03188395042192527,0.00813614753587115,0.003719381730683954,0.1375570305490569,0.0030630202487985504,0.00448890898530822,0.006198969551139925,0.0017128731654465583,0.006198969551139925,0.004912390965054279,0.0011270853729345315,0.005313402472405649,0.09804689941488295,0.027088207386928846,0.0018866429068686726,0.0018510116162346341,0.008977817970616442,0.003719381730683954
539,0.018712924042409672,0.01784541550153667,0.06909387338735878,0.03454693669367939,0.03905305887111584,0.012379752799541977,0.013609399303570672,0.030973115656402216,0.042772397811222114,0.0070912115847410005,0.029940678467855475,0.040828197910712016,0.007810611774223167,0.01996045231190365,0.06782175546472527,0.007072601212879247,0.009454951095112255,0.01522407379721465,0.47675553344267996,0.03905305887111584
540,0.013173132084999989,0.02817386244840039,0.4944257645694453,0.040623526333835626,0.035759133107585106,0.02463229412119058,0.010009373861165672,0.025826040577700358,0.042260793672600584,0.008227765139798345,0.042260793672600584,0.01017290193431372,0.004842382608318817,0.03718949843188851,0.01176882861768624,0.006688758710771316,0.006593882700689453,0.013115828264672726,0.0929737460797213,0.051281693062615576
541,0.015689610795759923,0.026630388858100817,0.019972791643575613,0.09320636100335285,0.025419916637278054,0.013315194429050405,0.015978233314860486,0.03718338069638946,0.02796190830100586,0.009019970419679306,0.05083983327455611,0.018172552832682345,0.00653807863011496,0.2796190830100585,0.007660796794796125,0.00651133324166368,0.2816978629314799,0.013639955268783343,0.029433587685269325,0.021509160231542968
542,0.009883335773179684,0.11210966294744482,0.023239194926125202,0.03307116201025509,0.026870319133332266,0.01332213254669441,0.006015053165313695,0.04299251061333162,0.05433742189607263,0.013316129937819953,0.0390841005575742,0.02866167374222109,0.005242989099186782,0.03307116201025509,0.45697522798904955,0.02293444553445254,0.01131381858245569,0.014330836871110541,0.02866167374222109,0.024567148921903783
543,0.009668202007765074,0.03263018177620713,0.018645818157832644,0.0261041454209657,0.03286359665643024,0.01305207271048285,0.03071075931878318,0.2772347487579744,0.03729163631566528,0.006366864736820903,0.03286359665643024,0.04095653390380847,0.011601842409318091,0.029004606023295226,0.006445468005176717,0.041387408091713256,0.009029783214234983,0.30107529052977827,0.019336404015530148,0.023731041291787006
544,0.009164827107099302,0.013287363955026728,0.009663537421837622,0.01771648527336897,0.019327074843675237,0.004704724811008457,0.0882766613197515,0.016564083278829765,0.01181099018224598,0.004383460273823251,0.011189359120022509,0.14112716534649303,0.0029943355391609527,0.01771648527336897,0.0029779813032669543,0.23096576722784137,0.3712241928153534,0.00457199619957909,0.012884716562450159,0.009448792145796785
545,0.04104286425983499,0.03938585421207771,0.006774166258316325,0.01122539292003331,0.010612860471362243,0.004614287161461844,0.0471809711915514,0.07828546331042603,0.16942155360702382,0.014973134659136973,0.04574889461818909,0.023942758730898857,0.0014604853859672808,0.08856965755887708,0.18783160281784042,0.10002365892608898,0.04662586190356453,0.0616241256379447,0.0072360412304742555,0.013420365138930178
546,0.0962296080213648,0.07024882519420729,0.04166281885748277,0.0077520807630837,0.2501495636951247,0.007047346148257909,0.08285420553553154,0.03966551135861672,0.007267575715390969,0.001498695304658482,0.04317995231727908,0.017385612380378154,0.0035518993035181185,0.006840071261544441,0.004267200420046074,0.0015991178899552475,0.0068818049005663524,0.0217447874503888,0.10478481125760732,0.18538851222499758
