site,A,C,D,E,F,G,H,I,K,L,M,N,P,Q,R,S,T,V,W,Y
451,0.011118830462478465,0.4974964959196774,0.02687050695098962,0.02579568667295003,0.020870948737119286,0.006353919583350703,0.03582734260131949,0.07165468520263898,0.06448921668237509,0.009082988265123252,0.03394169299072373,0.07165468520263898,0.010076440106621107,0.0208029731233468,0.03427868075470518,0.010986780021668238,0.016970846495361864,0.011942447533773165,0.009639782858398326,0.010145049834740202
452,0.051483888742705576,0.014660381576834766,0.018936326203411572,0.009141784970287453,0.011361795722046944,0.003496869355902357,0.02391956994115146,0.3889830320520162,0.01747968572622607,0.0029722581379310986,0.003939140171133321,0.021641515661041798,0.006991874290490428,0.014202244652558682,0.0031781246774956495,0.004886793858944923,0.008115568372890675,0.35018161133277315,0.009468163101705786,0.034959371452452134
453,0.014400493678599252,0.005944003191409468,0.041120806062982546,0.018000617098249065,0.017255347488353674,0.006655690355655117,0.005397200317202081,0.04658983248958582,0.04658983248958582,0.009542495811119987,0.029334338974924407,0.0208975998662668,0.018000617098249065,0.033001131346789954,0.010421409898986302,0.007772562641566211,0.029334338974924407,0.011647458122396454,0.01685164153878636,0.6112425825543671
454,0.01126241562905322,0.024078267896596537,0.007349449348713354,0.038792764944516646,0.038792764944516646,0.008515484987820728,0.019459768584492162,0.10267801134285241,0.02731587752124545,0.009436077959477021,0.04364186056258123,0.5225619160080583,0.010421936850765668,0.038792764944516646,0.008312735345253567,0.007351810160111007,0.021235147098995794,0.010910465140645307,0.021159689969736353,0.027930790760051984
455,0.01618726138564422,0.029137070494159603,0.02801641393669192,0.025118164219103102,0.022763336323562186,0.009584562662552499,0.04856178415693266,0.010512429101883831,0.026099382353880016,0.006871950588245188,0.5568335858195878,0.052030483025284985,0.015175557549041452,0.036421338117699494,0.0056467190880154245,0.008671747170880833,0.00557052612342679,0.003720934915953808,0.020234076732055274,0.07284267623539899
456,0.012907932133349296,0.027881133408034473,0.025815864266698588,0.030305579791341818,0.05361756424622015,0.009171425463169234,0.03668570185267694,0.009035348693828809,0.09733281485560681,0.007504946870600968,0.5211607085774019,0.03668570185267694,0.015841553072746865,0.031683106145493724,0.0076648804922963745,0.011617138920014366,0.005121843763042831,0.0038172508147304063,0.01742570838002155,0.03872379640004788
457,0.01020377928470103,0.016610803486722607,0.03246657045132146,0.05876285180478684,0.027471713458810467,0.5443518712484992,0.0340125976156701,0.019840681942474223,0.04201556176053366,0.00802544438122553,0.03246657045132146,0.03246657045132146,0.009157237819603488,0.03968136388494845,0.006069640553966642,0.008503149403917524,0.014576827549572898,0.010843381944848886,0.014880511456855669,0.03759287104889854
458,0.010551308122732406,0.014654594614906123,0.023980245733482744,0.106066393662514,0.014931096400093028,0.00841859690643543,0.019783702730123264,0.01767932947880585,0.6055361232613226,0.005734406588441526,0.023980245733482744,0.017647946475208714,0.008792756768943671,0.030623973954957088,0.013914638233180678,0.00670633990851636,0.011521979928065626,0.010017064673480134,0.024729628412654078,0.024729628412654078
459,0.008610656478551417,0.015541184863726949,0.024507253054338648,0.01874084057096485,0.0254875431765122,0.015681727728250668,0.01874084057096485,0.06845762297788373,0.1535096519002129,0.005589373503621095,0.01930874483069106,0.04901450610867731,0.007964857242660063,0.02359957701528907,0.4909166328199188,0.005476964704973456,0.011378367489514376,0.0057404376523676115,0.011178747007242192,0.02055447030363887
460,0.013001546006575864,0.03781809680178071,0.016024011846117778,0.5257514109132767,0.02521206453452047,0.0025136714007418966,0.029596771410089245,0.034036287121602636,0.11122577412805448,0.0075636193603561405,0.02521206453452047,0.02521206453452047,0.01309087966215486,0.022690858081068417,0.007648603847551153,0.010010672682824304,0.016603066888586645,0.030970457428115668,0.017454506216206474,0.028363572601335527
461,0.010462401205180783,0.017294989747339663,0.03531060406748516,0.004270664234376564,0.013668620929349088,0.01138396766521181,0.021729602503067783,0.017294989747339663,0.6572182976956018,0.006779635980957149,0.018632772070916015,0.019536360491184155,0.009970052913172277,0.019007381552765514,0.028405593646874484,0.007634725203780573,0.06242152932559701,0.008920573659154144,0.014363635552875315,0.015693601807771174
462,0.013324227639856148,0.020886627111125853,0.04067395805850824,0.005009444297973941,0.017563754616174012,0.011056490497832607,0.02664845527971229,0.025760173437055216,0.598782553208038,0.005366702799386503,0.024198486798292364,0.024548181201187007,0.014051003692939209,0.03699848784714653,0.07223624654775168,0.006900046456354077,0.009091825918960664,0.01246460005018801,0.011709169744116009,0.022729564797401666
463,0.04967749656827564,0.004625325438938601,0.008279582761379271,0.0663756720798815,0.007451624485241346,0.001288065312109484,0.020602791684767478,0.08831554945471225,0.013606935522825938,0.14719258242452044,0.23231535159870084,0.007451624485241346,0.09133257734710669,0.07839799348040992,0.0005299685998342706,0.012594294904633265,0.026299851124381223,0.0970117149965383,0.004070286386265969,0.04258071134423627
464,0.08755514527430139,0.026069190519025124,0.02413813936946771,0.009534529900533044,0.050133058690432934,0.5035405641093113,0.04344865086504187,0.027155406790651173,0.022473440102607867,0.007322806325568856,0.04073311018597675,0.031034750617887057,0.01386659070160911,0.036207209054201564,0.0072428112712081385,0.00880715895913011,0.012779014960306435,0.008389115264933591,0.016293244074390704,0.02327606296341529
465,0.010639645805066203,0.13426876657665918,0.022475773705443708,0.414915552206781,0.06713438328832959,0.0014575301617542975,0.053707506630663676,0.03836250473618834,0.008923771003711303,0.010741501326132732,0.03159265095921393,0.04882500602787607,0.011675544919709494,0.016275002009292022,0.008804509283715355,0.015345001894475335,0.017325002138923764,0.010411876266649486,0.03580500442044245,0.04131346663897206
466,0.01314484800679671,0.045774447476981554,0.019717272010195065,0.019717272010195065,0.5792170965868639,0.007568245822095077,0.019211700933010577,0.01314484800679671,0.027750234681015278,0.0044702184226506885,0.034057106199427846,0.03257636245162663,0.011352368733142616,0.0499504224258275,0.008712282981248985,0.005978283746810949,0.01529094564055944,0.01290848489172927,0.05675282150674074,0.02270473746628523
467,0.010244329816581887,0.02162691850167288,0.04866056662876397,0.015945532735232127,0.03244037775250932,0.4506950792071338,0.02780603807357941,0.0343486352673628,0.03892845330301118,0.007998997254043391,0.020854528555184562,0.03073298944974567,0.020135406880867852,0.03244037775250932,0.026350262527535428,0.012165141657190992,0.02538812171935512,0.006292819218642708,0.020160063790044057,0.11678535990903352
468,0.005980957206624393,0.010014637844675132,0.008345531537229278,0.0012493145951397596,0.01332122286929979,0.003179250109420677,0.07815117416655877,0.08414434386266657,0.15450243337625685,0.058613380624919054,0.02170865949071077,0.007806263713181938,0.003453323394715563,0.030189249456771195,0.1586838120503866,0.062456880993766214,0.10188974610320028,0.15411276802241652,0.0055636876914861855,0.03663336289057442
469,0.5871324777959296,0.021088919026090076,0.01946669448562161,0.020088066223197233,0.019978975919453752,0.0058852797282111825,0.01725457011225551,0.05061340566261618,0.029200041728432415,0.009258549816332227,0.03036804339756971,0.029200041728432415,0.00914700102336437,0.03300874282344534,0.008252185705861335,0.022204383589604474,0.05211910836219788,0.0053892688808661856,0.013089673878262804,0.01725457011225551
470,0.009412401610434839,0.018555877460571538,0.012734425708235372,0.0856177304943713,0.012026957613333406,0.005850952352432469,0.013254198186122532,0.013097608985818777,0.5038046547157482,0.005561211823777349,0.021612891406043784,0.011182724388289954,0.006909103309787276,0.02777992039572939,0.14611983068467244,0.004920119023636393,0.035675868312639365,0.045088963105712046,0.010147745486250062,0.010646814936393509
471,0.008406711449518574,0.028077312710354428,0.10571102993279112,0.023494749549371495,0.07831583183123833,0.3624183466023281,0.02473131531512789,0.046989499098743004,0.07831583183123833,0.011747374774685746,0.031326332732495334,0.046989499098743004,0.009036442134373652,0.031326332732495334,0.007578951467539193,0.0056711823679250414,0.02135886322670136,0.008145784868137386,0.02764088182279,0.04271772645340272
472,0.011524907639957976,0.010859984934710397,0.031067142333799758,0.029772678069891433,0.07145442736773944,0.01084275538225553,0.024639457713013603,0.03055149326390807,0.04203201609867026,0.013232301364396196,0.03969690409318858,0.00978252329516617,0.010207775338248494,0.025519438345621228,0.004825318838499949,0.551784371999547,0.012917362231456559,0.011909071227956574,0.021652856778102865,0.03572721368386972
473,0.009198729390319418,0.06996133684580128,0.020561865696008107,0.029129309736011487,0.03177742880292163,0.004262825815026072,0.009347524002197847,0.02796413734657103,0.030395801463664166,0.008332793437578328,0.03495517168321379,0.04112373139201622,0.017044070688167424,0.029129309736011487,0.5398888922744226,0.018349481075873784,0.015535631859206128,0.01226497252042589,0.013982068673285514,0.036794917561277674
474,0.40013587624992486,0.13659919068663956,0.007566642492257807,0.01784021412130424,0.012318243083757693,0.0050722177403708145,0.01784021412130424,0.030765583487981883,0.030433306442224882,0.010841205610050763,0.021556925396575957,0.019898700366070117,0.005451941862046075,0.22243163234414484,0.004703329177434755,0.005154353507061267,0.004132142279710501,0.003339247965110561,0.027229800500938053,0.01668923256509107
475,0.018766622309093095,0.019840446492694862,0.03237125480387057,0.03416965784853004,0.01577061131470617,0.011827958486029628,0.017572966893529732,0.47474168847302367,0.04100358941823605,0.008825905097019244,0.02365591697205926,0.08323953775395772,0.00778549166169039,0.029288278155882894,0.007593257299673343,0.008954399011821131,0.09129275435503488,0.0047487711273037645,0.03617963772197299,0.03237125480387057
476,0.011852090606595707,0.03248341931804518,0.026565030669955886,0.016391189136781295,0.02082124025483029,0.00536123418734772,0.04054662575940635,0.04279921607937337,0.024074559044647528,0.006042587959167548,0.018342521176874304,0.04054662575940635,0.009751720119350896,0.025679529647624023,0.01244749729439199,0.009510936906527418,0.014535582819409826,0.008855010223318631,0.5948740885655096,0.03851929447143603
477,0.0068843884501507266,0.004184924815202175,0.0072515558341587644,0.016480808713997198,0.3742964906088472,0.00528025910254279,0.03380465071611513,0.01294920684671208,0.02589841369342416,0.005130817807187806,0.016480808713997198,0.013077780884216248,0.004386021673886351,0.014699099663835336,0.006180303267748948,0.0033802465988117467,0.007450228596738458,0.005724912500651658,0.015107407987830763,0.4213516735239453
478,0.012377492483326456,0.030059624602364252,0.035069562036091635,0.022149197075426293,0.031172944032081446,0.011373912011705392,0.021041737221654977,0.011533721993749687,0.03237190341793073,0.007800771114191425,0.6519511750286315,0.027150628673103198,0.007721738429965127,0.02475498496665291,0.0069619485350884075,0.008171548435594164,0.0046117181835544025,0.0060710586572133044,0.022149197075426293,0.02550513602624846
479,0.026655329737660872,0.02213908664052408,0.03763105374728594,0.02907854153199368,0.030463233985898144,0.0112438397304987,0.04569485097884721,0.05331065947532173,0.03763105374728594,0.013702316066825284,0.03763105374728594,0.02205958323116762,0.010842845994980694,0.02907854153199368,0.004567399379884546,0.011631416612797471,0.01777021982510725,0.01599319784259652,0.49366593667636316,0.04920983951568161
480,0.015399622624401917,0.053043144595162156,0.029836768834778718,0.03978235844637163,0.02006569222674556,0.021699468243475427,0.028081664785674084,0.043398936486950854,0.03978235844637163,0.3679936571786029,0.035126255058861564,0.04773883013564595,0.009360554928558031,0.0251257000713926,0.008840524099193696,0.050127508646547546,0.014918384417389357,0.0199757347760742,0.09986606716302333,0.029836768834778718
481,0.01351355500131252,0.04888413482165523,0.04481045691985064,0.13243708597283946,0.05974727589313417,0.4143576968444331,0.01854225803580026,0.04481045691985064,0.019915758631044726,0.008815171853085372,0.024442067410827616,0.020681749347623367,0.005377254830382075,0.025605975382771786,0.007362097925834262,0.012221033705413808,0.010340874673811683,0.022896342373487807,0.03360784268988797,0.03163091076695338
482,0.293475542684917,0.019019946636126432,0.011564070760261782,0.034581721156593505,0.025359928848168574,0.007315364090817857,0.01188746664757902,0.027171352337323477,0.02002099645908045,0.007315364090817857,0.02926145636327143,0.019019946636126432,0.00655860228831946,0.02002099645908045,0.007315364090817857,0.38361040864401913,0.02313792523230124,0.003815786429847123,0.022376407807207566,0.027171352337323477
483,0.013758139727638397,0.035481518244962186,0.03745271370301564,0.04494325644361876,0.030643129393376434,0.004878607935497375,0.04213430291589259,0.035481518244962186,0.030829354996865743,0.010533575728973147,0.019261395618693757,0.030643129393376434,0.014655409709875684,0.02592880179439544,0.5202697301814577,0.009038989233083522,0.014655409709875684,0.011827172748320729,0.035481518244962186,0.03210232603115626
484,0.016105487704239814,0.020524226509020388,0.02125924376959655,0.024158231556359717,0.40979657159947763,0.018981467651425492,0.03321756838999461,0.03126359377881845,0.04088316109537798,0.051247971742593296,0.025308623535233988,0.04088316109537798,0.010846552943671709,0.03321756838999461,0.010421197926272819,0.006712889681285495,0.03126359377881845,0.012079115778179859,0.037962935302850984,0.12386683777141021
485,0.024889687569295736,0.02680427892078002,0.05807593766169005,0.029037968830845026,0.018647757878749793,0.020497389762949427,0.06969112519402806,0.043556953246267544,0.04977937513859147,0.2682903499126641,0.06242942972428311,0.08711390649253509,0.029037968830845026,0.08711390649253509,0.012444843784647866,0.005402235451395795,0.03167778417910366,0.013510851846393605,0.018441295836131934,0.043556953246267544
486,0.013571895583209955,0.051271605536570945,0.027143791166419916,0.35580657220427125,0.09228888996582772,0.09074572202509859,0.025635802768285473,0.11536111245728466,0.007268291271261425,0.017747863454966865,0.03296031784493846,0.03296031784493846,0.01845777799316554,0.024419331582044526,0.008095516663669098,0.011536111245728462,0.011536111245728462,0.020244676197124698,0.021973545229958976,0.020974747719506293
487,0.014704784460704605,0.09436771257655899,0.036761961151761516,0.024507974101174335,0.28313186434500703,0.013615541167319077,0.03341996468341956,0.03341996468341956,0.04595245143970189,0.048247256793610284,0.028278431655201157,0.061269935252935843,0.00875284789327655,0.02625854367982965,0.01113998822780652,0.12666420758351007,0.009426143885067054,0.016582116005161476,0.04595245143970189,0.03754585897483291
488,0.019702950297054912,0.04359365824839179,0.02027296460541379,0.2685932560447631,0.2678842510131073,0.0033900034396164465,0.018355224525638647,0.02179682912419589,0.11379608682627686,0.013413433307197471,0.02179682912419589,0.02179682912419589,0.007581505782329008,0.03170447872610312,0.010257331352562774,0.012025836758177044,0.012916639481004973,0.03493451047740365,0.038749918443014925,0.017437463299356713
489,0.37833563253391617,0.10790474822404911,0.02519520108711245,0.035052420792141915,0.07010484158428383,0.018874380426537957,0.014870723972423843,0.030670868193124177,0.04089449092416557,0.011153042979317884,0.02230608595863576,0.017526210396070958,0.007789426842698203,0.019629355643599473,0.007667717048281044,0.0646357374693699,0.0747255214207059,0.006388249510430934,0.025828099531051935,0.020447245462082785
490,0.014991842572527952,0.05782567849403639,0.02698531663055032,0.023810573497544396,0.014287586246751551,0.019275226164678794,0.015885686526863067,0.19158121775490092,0.022487763858791934,0.3118464586329917,0.0592758094547816,0.031136903804481135,0.06051374208822817,0.022487763858791934,0.049319489952971744,0.012266053013886507,0.01264936717057046,0.008799559770831624,0.02529873434114092,0.019275226164678794
491,0.015360901677260582,0.02801105599971047,0.031745863466338536,0.014301063863096446,0.05290977244389755,0.36690743845000573,0.04328981381773436,0.05290977244389755,0.03662984246115984,0.016420274206726825,0.03662984246115984,0.05290977244389755,0.031745863466338536,0.031745863466338536,0.00937830080237035,0.016420274206726825,0.019841164666461582,0.01784378225817073,0.029761746999692373,0.09523759039901561
492,0.013280938777190486,0.0453765408220675,0.03025102721471166,0.13612962246620247,0.4198676482333765,0.02865886788762157,0.01512551360735583,0.021871890671329736,0.027225924493240492,0.00529414612001921,0.0495016808968009,0.03889417784748642,0.007459157395408355,0.03025102721471166,0.010890369797296197,0.005313564417525783,0.013612962246620246,0.02102727957273415,0.054451848986480984,0.02551581133181969
493,0.01766766979474181,0.026036566013303723,0.06183684428159636,0.07067067917896727,0.025811254694070286,0.029099691426633573,0.03805344263482852,0.04946947542527709,0.04946947542527709,0.3812566387876045,0.0367020747311524,0.05496608380586343,0.01705843980181968,0.03805344263482852,0.01150452916866909,0.009816677961288486,0.01454984571331679,0.013407912780152074,0.0362472278053215,0.018322027935287807
494,0.029989275932573223,0.03544187155667745,0.0027584719300222053,0.09746514678086299,0.02784718479453228,0.06497676452057531,0.016386461370250908,0.02784718479453228,0.02654380536683294,0.017720935778338723,0.02784718479453228,0.3002606951993713,0.012576147971724256,0.09746514678086299,0.022932975713144232,0.07461746737954449,0.03433805988230872,0.03248838226028766,0.03544187155667745,0.015054965636348405
495,0.06397887625746802,0.03535211944081973,0.019343959561954286,0.49194089325561935,0.045452724995339644,0.002364847420644864,0.017198328376615002,0.021942694825336385,0.00993555876157426,0.010431772949750083,0.028924461360670686,0.024474544228259808,0.011363181248834913,0.10368361557036768,0.012237272114129904,0.01529758262513622,0.012986492855811329,0.013864796127437476,0.028924461360670686,0.03030181666355976
496,0.01375528433243069,0.024094104636811234,0.4651494549150415,0.03223558899808955,0.02230935614519559,0.0029869949194931793,0.01434172895048288,0.02007842053067603,0.04302518685144863,0.012292910528985327,0.031702769258962156,0.08167109452388498,0.009411759623754392,0.035432506818840054,0.01469152721756783,0.010209366371530186,0.015058815398007026,0.01602800175733068,0.08605037370289727,0.049474754518570876
497,0.012806496704892477,0.06037348446592168,0.023478577292302873,0.07043573187690862,0.038419490114677435,0.03438633715449098,0.3256797326461596,0.05282679890768146,0.12743172004311365,0.00798961533664238,0.02817429275076345,0.024180748597476046,0.009031973774108852,0.019115197913476222,0.07270623920352379,0.008991795558754291,0.012806496704892477,0.02817429275076345,0.038419490114677435,0.004571488088772561
498,0.02319635064618756,0.02284251064949343,0.044942929376988384,0.037846677370095484,0.019434780271130114,0.014099742549643418,0.029961952917992255,0.017538704147117418,0.04793912466878761,0.009539966928736522,0.026632847038215342,0.02479609896661428,0.010574806912232563,0.034242231906276864,0.006295747686691951,0.010749318850464266,0.011062874923566373,0.02179051121308528,0.5552481764535586,0.03126464652312236
499,0.009509645129671045,0.02405380826916794,0.02920819575541821,0.019472130503612142,0.027260982705056995,0.011051749745293375,0.011051749745293375,0.03683082189228479,0.01598256973923906,0.3953510968098776,0.31562110746132666,0.013190798083092096,0.0074348134650155445,0.019472130503612142,0.006112669607618886,0.011683278302167284,0.0033455079295771064,0.01361785608326844,0.014604097877709105,0.015144990391698332
500,0.11214898407608566,0.06698469119005468,0.07287141243247391,0.08242406029016346,0.0014345458729593653,0.041857580882014585,0.07337513187325137,0.008729387947640105,0.04309823535292028,0.0006729968292895789,0.0870671421271117,0.07141033148144685,0.0008227994530912617,0.11439655062812175,0.03358176911282944,0.09012427492651867,0.060937194630630534,0.03331406938291062,0.002869091745918731,0.0018797497645674445
501,0.012125923868382748,0.028132143374647978,0.03349064687458092,0.03212036617594166,0.037015978124536796,0.0029596195315747015,0.020685399540182337,0.04047729491243542,0.01763811305087626,0.010656114914639385,0.03057841671157389,0.03907242135367774,0.006452326462075223,0.024251847736765496,0.5431088601203786,0.033894445530073675,0.011721726406103323,0.0185079890622684,0.037015978124536796,0.020094388124748556
502,0.05374683264545139,0.016577640750280637,0.1460270065068832,0.11172042830775984,0.00816130006167662,0.03321161926499136,0.06865093581292687,0.036903269844103,0.024048534353359175,0.03107889013385945,0.04547010034362688,0.043526933662275315,0.034481492760583723,0.05321156210037248,0.01745898367624493,0.11917734062667504,0.06631056300112254,0.05831538056516976,0.00724748772175507,0.02467369786088281
503,0.013629966772217433,0.15011008091209896,0.0018924797735070397,0.02725993354443487,0.025656408041821052,0.011788079370566428,0.022728022134465353,0.021921154229316467,0.023336309335730415,0.006230841953013683,0.03634657805924649,0.33692565032127925,0.005974779954944628,0.04846210407899531,0.007034821559854159,0.00426579583628071,0.17850837940766728,0.02734147902327516,0.014069643119708318,0.03651749257157695
504,0.010422670488594054,0.40023731761940384,0.017529036730817273,0.017529036730817273,0.019281940403899002,0.013297889933723448,0.016068283669915834,0.022684635769292943,0.02410242550487375,0.007900967293719781,0.017529036730817273,0.018363752765618097,0.0030092342833243505,0.04820485100974751,0.006886407287106785,0.29740280405961905,0.007728919096668882,0.008383452349521304,0.029664523698306158,0.01377281457421357
505,0.09108039373273012,0.030288867361515082,0.03786108420189386,0.009517456202720211,0.02884654034430008,0.4670727571821193,0.02019257824101006,0.015144433680757541,0.043269810516450125,0.009930776184103306,0.04038515648202012,0.03786108420189386,0.008908490400445614,0.043269810516450125,0.007600086747781285,0.012620361400631285,0.012620361400631285,0.011261776445247526,0.04038515648202012,0.031883018275279035
506,0.2822668842541986,0.02170036948534154,0.009830729045983939,0.019857096561183514,0.023467477754125974,0.39854720439985325,0.015644985169417314,0.023467477754125974,0.022447152634381365,0.007482384211460453,0.028682472810598412,0.01323806437412234,0.007170618202649602,0.024584976694798637,0.007271612825222131,0.03830744611559483,0.008463680501488055,0.010412527428088137,0.015644985169417314,0.02151185460794881
507,0.012024291908305638,0.0265527980297056,0.05310559605941122,0.008887732742972583,0.0265527980297056,0.40945853653711306,0.019668739281263413,0.03793256861386515,0.033190997537132005,0.012350138618467723,0.06638199507426401,0.024138907299732372,0.010837876746818612,0.05900621784379023,0.08972592034470037,0.010212614626809847,0.015619292958650357,0.012985773556778962,0.048277814599464744,0.02308938959104835
508,0.018015580515662686,0.19752218231740515,0.02485023702215994,0.03170746654872191,0.054908754898600545,0.012627200730551428,0.014568295441304658,0.007593886649186589,0.021561077253130896,0.008422295802004256,0.03170746654872191,0.022459455472011353,0.007926866637180476,0.019250961833152586,0.007926866637180476,0.009625480916576293,0.042939604851609824,0.4159990198224134,0.026951346566413622,0.023435953536011845
509,0.013988436571224942,0.058122057925191935,0.008571524239272321,0.40860892927360737,0.019583913887865345,0.19059517636953277,0.015551931616834247,0.020337141345090935,0.07250735022132626,0.006294829463956719,0.02203190312384851,0.018884488391870152,0.006148438081074004,0.021238799101820662,0.005084285336272734,0.03715565346815923,0.007447403872850202,0.027721089181087143,0.02782977236696654,0.012296876162148007
510,0.0155122104931233,0.018767843011592452,0.02111382338804151,0.1495651186401244,0.031670735082062265,0.39129336814112003,0.019489683127422934,0.03378211742086641,0.03897936625484587,0.006414326092569572,0.03897936625484587,0.04222764677608302,0.009560976628547097,0.01689105871043321,0.027977640013017425,0.0544819100246282,0.009744841563711467,0.010854148464725235,0.016627296156512813,0.04606652375572693
511,0.028894804966339557,0.10706285629633185,0.016925609668230906,0.012694207251173178,0.15454186645719242,0.004882387404297377,0.012753569088591252,0.028992339636420682,0.03082112529742886,0.19528834690403166,0.08321703830305793,0.03467376595960746,0.004094905564894573,0.11478212179732125,0.004616075364062974,0.032203586245842894,0.030821125297428864,0.02039783377461505,0.017612071598530774,0.0647243631246006
512,0.11353840991752025,0.014928045328389424,0.02736808310204728,0.008196503062456,0.03518753541691793,0.37913712253660825,0.013684041551023637,0.02736808310204728,0.01824538873469819,0.007464022664194714,0.02052606232653546,0.02467171373581575,0.08760975898024367,0.015394546744901592,0.031114869623048748,0.09172816645367392,0.008075827800604115,0.02197640498175165,0.03789426891052701,0.01589114502699519
513,0.0019145041633288676,0.004955187246262952,0.004955187246262952,0.007658016653315469,0.007957832772661108,0.001238796811565738,0.0036625297037595735,0.5748566354338143,0.006479860245113089,0.06454472280944622,0.04098157637623879,0.002477593623131476,0.000935979813183002,0.00401134205649858,0.0013586803739753257,0.0030238159712524075,0.005531543966167805,0.25006378969438403,0.007375391954890409,0.006017013084747869
514,0.14013599889707,0.12257096964657234,0.014824789214170412,0.0032673698815517144,0.005808657567203048,0.002806338698978761,0.01814634217583922,0.006888285897493324,0.015342085088550313,0.0011146381167365274,0.010523770121170355,0.017890409205989603,0.2033634023290607,0.03994873798701185,0.0005831017133933807,0.11976729350802906,0.11365671730863983,0.06945688279972433,0.004356493175402285,0.0895477166674132
515,0.023160134361718477,0.016592111966489798,0.01960885959676067,0.061627844446962114,0.022704995322564987,0.00371360430458283,0.010271307407827019,0.03655370728493603,0.2820512125960574,0.007437843295323014,0.01960885959676067,0.013915964875120476,0.005829660961199121,0.052110302313866576,0.33135669858544436,0.02171102273660844,0.025419083328627374,0.009178615130398613,0.01875630048385803,0.018391871404894088
516,0.0045283381799105194,0.0067925072698657805,0.0064151457548732365,0.007963629212946088,0.004634146606930006,0.005132116603898589,0.024674169700343456,0.09755765355068512,0.0064151457548732365,0.17764933440098507,0.5323424768444895,0.005773631179385913,0.03387026386148868,0.005632810906717964,0.003738407277227921,0.00329921781679195,0.0033470325677599495,0.04381866646134913,0.013585014539731563,0.012830291509746475
517,0.01299716933499664,0.02734021405191131,0.025517533115117223,0.011532508306084127,0.0402908417607114,0.5897453915625301,0.02835281457235247,0.029443307440519876,0.03827629967267583,0.010207013246046889,0.024694386885597316,0.01962887162701325,0.012347193442798656,0.030621039738140673,0.0056588564418420355,0.010486657444568722,0.016287787094755677,0.01147744049106211,0.031896916393896524,0.023197757377379294
518,0.012413823830863181,0.08334520180292923,0.02864494337617917,0.033103530215635155,0.033103530215635155,0.011683598899635935,0.007209835845041716,0.037241471492589544,0.031361239151654355,0.009768254817728403,0.0350507966989078,0.03503024100566045,0.07912717714521286,0.02590711060354055,0.0100993820996853,0.012079393450227743,0.00945815149018147,0.01610442010490359,0.030868294380824803,0.45839960337296376
519,0.007417985306342902,0.10200069986642483,0.019556506716722193,0.013878811218318977,0.012325183525651293,0.005378039347098603,0.008780472403426292,0.32910692650568263,0.019556506716722193,0.1327871856357475,0.015467863389707107,0.009353111907997572,0.0036154886367049436,0.009560958839286406,0.003441945182143107,0.009815201891240598,0.003686114841567464,0.2680995254860995,0.012292661364796807,0.013878811218318977
520,0.0039007462027775787,0.012457221744354203,0.0056790275599261815,0.013316340485344148,0.012457221744354203,0.0038235037037126756,0.006895962037053219,0.49100043390878234,0.006774980246929478,0.2984383959933223,0.09368153215320445,0.0071513680384255604,0.002121784132486407,0.008619911004825266,0.002719534324471692,0.0035106715824998204,0.0033580336876085247,0.007034899042474403,0.010162470370394219,0.006895962037053219
521,0.03160123683904442,0.09355821288078159,0.01758338349411484,0.5117318859366056,0.017896002556555653,0.04161982614270452,0.0118241445462957,0.017425055120856823,0.007228184835351729,0.007345901120410329,0.05467687765759961,0.012493435747029418,0.005965334185518551,0.10784542765567927,0.004904830330315253,0.007518070677919947,0.0077900246422654045,0.008381672083450116,0.014714490990945763,0.017896002556555653
522,0.08245762290367227,0.018965974461771572,0.04805115314101005,0.1498409183978542,0.008841936556800878,0.08563034969260862,0.043262019238429664,0.005721253066165273,0.059012230713976724,0.0046676304473031015,0.0124927756089583,0.07722806740083316,0.0018011352245335122,0.1647484388787108,0.03886641300564805,0.11487067886979267,0.07178947110499981,0.0026684117640975624,0.0058946243712005835,0.003188895151633103
523,0.0014078335187088958,0.003988861636341872,0.005523039188781053,0.003988861636341872,0.0037789215502186157,0.002243734670442303,0.002243734670442303,0.36828622963378105,0.0017949877363538421,0.2320762647149416,0.05495634275576012,0.0024758451535915067,0.0008547560649304013,0.0017095121298608023,0.0009702636412723473,0.0011046078377562106,0.0007559560666948373,0.30395019140980734,0.005128536389582407,0.0027615195943905264
524,0.036184245067178704,0.018724744525832473,0.11530266562313513,0.049968719378484856,0.022885798864906357,0.008955312599311182,0.1559891380255376,0.010898360230792948,0.006539449107050264,0.0038142998108177265,0.03569194241320348,0.15834562750108358,0.003744948905166495,0.04088349767330582,0.0038862677317765514,0.1790649355364338,0.03950388715112279,0.013731479318943814,0.034328698297359524,0.061555982238556954
525,0.044213341328367295,0.058951121771156384,0.026200498564958395,0.02666836461076122,0.04044701965965451,0.026898623610691754,0.06568319431909708,0.004978094727342095,0.08842668265673459,0.07355081782009881,0.04472506981596413,0.04585087248867718,0.0011808566305049075,0.05048375838031394,0.06536889972594191,0.06963406315032097,0.12289671358125795,0.017778909740507477,0.02383436640973133,0.10222873100791803
526,0.027938102651293574,0.06908957126360142,0.0011467843546697821,0.047847501659104986,0.0545179525970964,0.00405932335797198,0.07203674877904176,0.16047623143500148,0.08207003616767199,0.0422074471719456,0.03855487962821954,0.01918520325997528,0.00041232695898239346,0.05862145440548,0.037634973728318165,0.029138184149030903,0.05632752541144843,0.039668691163199515,0.0608761257287677,0.09819093612917898
527,0.05188686518360055,0.04043966386055132,0.07799078030249182,0.15598156060498367,0.02599692676749728,0.032662805425829916,0.1053559663735416,0.008745917973424363,0.011869460106790205,0.01603791896677566,0.011869460106790205,0.05746689074920452,0.12782073605832858,0.07717776841875763,0.03504770867914449,0.06928245621410299,0.041497682992780734,0.007912973404526803,0.011869460106790205,0.03308699770408745
528,0.015356508775618234,0.022291706287187765,0.03455214474514104,0.016100447036054413,0.031411040677400935,0.5330471169860097,0.031411040677400935,0.036370678679095825,0.030045343256644378,0.01171259143903086,0.046069526326854716,0.0406495820531071,0.007852760169350236,0.038391271939045596,0.025056811710545947,0.009872041355754582,0.013820857898056413,0.010733122109450112,0.026578572880877716,0.01867683499737353
529,0.008177600205812792,0.02396882818945129,0.02896233406225364,0.07165642957471353,0.02673446221131105,0.5371475408501659,0.02106351568163901,0.025744296944225458,0.03861644541633819,0.004964971553529195,0.04088800102906396,0.02044400051453198,0.006262126283730517,0.02396882818945129,0.005942638028718777,0.05083665722992225,0.011211226088614313,0.008141239664348925,0.024824857767645977,0.02044400051453198
530,0.05076219535346383,0.13228935758781482,0.00681531125880448,0.0028154684749744667,0.03472595636680138,0.00340765562940224,0.11102856797548745,0.00681531125880448,0.10484586522747717,0.10028386784882734,0.1394359710096008,0.10494332687769224,0.001273889954916725,0.03873696626697838,0.06206440536743183,0.038824050596423916,0.0022607356528749067,0.0025718155693601813,0.006490772627432838,0.04960850909543055
531,0.014131165330012494,0.029047395400581235,0.020109735277325468,0.040219470554650937,0.040100059129269255,0.012448883743106242,0.016866229587434268,0.1349723316778067,0.026142655860523105,0.11917602215805838,0.40279400163943124,0.037346651229318725,0.006079687409423978,0.022732744226541833,0.00622444187155312,0.009172861705446705,0.0095269583343905,0.01330973105114955,0.016866229587434268,0.022732744226541833
532,0.015335816722663629,0.004958647149322942,0.08435751421647777,0.03774970270194124,0.16069035923324576,0.00892265700227702,0.006842064806870079,0.0490746135125236,0.054527348347248455,0.01090546966944969,0.0490746135125236,0.027263674173624228,0.00621197639399033,0.032716409008349066,0.009087891391208075,0.008956337877387305,0.010441407130324173,0.015830520487910844,0.02886741971324918,0.3781855569494131
533,0.5317029219494863,0.019104220057873617,0.019104220057873617,0.025207585166910844,0.02456256864583751,0.029546549860447444,0.012065823194446495,0.020840967335862128,0.014633019618796813,0.007395181957886561,0.018098734791669745,0.02149224756510782,0.004045599541667354,0.02371558352011897,0.006195963262013065,0.15369234835248108,0.0038641066694080173,0.006509973513831078,0.03275009152778334,0.02547229341049816
534,0.009471580723653433,0.05828538743636056,0.4949255404844724,0.028384331999277104,0.02671413590833192,0.11378355103783712,0.01457134685909014,0.02289783077857022,0.07123769575555179,0.007915299528394643,0.02289783077857022,0.01116506895645447,0.006609683111339856,0.020681911670966648,0.007915299528394643,0.008115686858227418,0.01335706795416596,0.017809423938887948,0.02289783077857022,0.02036349591288329
535,0.027614723956754097,0.03191716959993013,0.5427747605566308,0.029639193449560168,0.0206522862117195,0.002720244461376857,0.012790833092111561,0.026006582636980108,0.03343703481897442,0.007632366643461551,0.03191716959993013,0.11776179436513444,0.004650183650320946,0.029257405466602618,0.008888325711372947,0.006624318218853421,0.009362369749312836,0.018005436093816583,0.026006582636980108,0.012341219080176718
536,0.003855249054762573,0.04517754807264968,0.020535249123931676,0.028235967545406054,0.042353951318109075,0.016134838597374884,0.020535249123931676,0.0465124889085302,0.023367697278956732,0.009283057823147195,0.03764795672720807,0.023620020090316832,0.004619689641733856,0.018315222191614737,0.007058991886351514,0.00982120610274993,0.5230700958318717,0.013287514139014614,0.08470790263621815,0.021860103906120813
537,0.5468500882961582,0.015734623536829893,0.014572898603548977,0.022126814348667034,0.02441579514335673,0.007232696530710525,0.02284058255346275,0.05446600455056501,0.03726621363986027,0.007867311768414946,0.04165047406807912,0.022126814348667034,0.010152496698898837,0.023601935305244837,0.007955708529857811,0.005032735805884815,0.011856570724430514,0.06256822676414575,0.03726621363986027,0.02441579514335673
538,0.7731685449011948,0.0018674181195867461,0.0013218802992279331,0.005288569755619871,0.0023760240931045805,0.12652706622462084,0.002129164447067741,0.00303603078563363,0.004203734933954257,0.001107740962325784,0.004098641560605401,0.003214620831847373,0.000741835576580163,0.003643236942760356,0.04882455088825683,0.004480333970195081,0.0012420125941228488,0.004426440698423393,0.005855202229436287,0.0024469501854360604
539,0.01550721626430197,0.015068416091336852,0.05725741389896113,0.02977385522745979,0.032362886116804115,0.044893431303118084,0.012005586785266042,0.02756838446987017,0.03544506574697593,0.006324157894692732,0.02566711657539637,0.03544506574697593,0.006645949827557987,0.016916963197420334,0.0023155089560623517,0.0062550116024075175,0.008270515340961052,0.013291899655115975,0.575151628904475,0.03383392639484067
540,0.0058884393545339175,0.023534311035357563,0.5648364367288775,0.03186198089034036,0.028060140080618624,0.05606222352888986,0.00802621250235907,0.020844675488459554,0.03474112581409925,0.006632396746328039,0.0383980864261097,0.008230140915860409,0.0040986721466072145,0.03039848508733685,0.009599521606527425,0.005325282059095505,0.005404175126637661,0.03432377514194359,0.07295636420960842,0.01077755511040957
541,0.029074047351709424,0.02256905901363375,0.01755371256615958,0.09479004785726174,0.02256905901363375,0.011559761933812408,0.014810944977697147,0.005819349461649449,0.026330568849239372,0.008033054903157774,0.04308638538966443,0.015390239257949988,0.00310185976581379,0.23697511964315437,0.006969856460092775,0.019335390196935375,0.3656564096328004,0.012472374718060755,0.024944749436121506,0.01895800957145235
542,0.007004477792984402,0.03437672794942327,0.0159546438617978,0.022974687160988837,0.017948974344522525,0.004867518466311195,0.00427226611659505,0.02871835895123605,0.2847023301751594,0.005348317916717513,0.02610759904657822,0.019805764793955898,0.0035897948689045055,0.022091045347104647,0.4437496503450229,0.005647880457130819,0.007868043548283849,0.009415855393847884,0.019145572634157365,0.01641049082927774
543,0.01167980144187803,0.027719054858930534,0.015399474921628076,0.0207892911441979,0.026154632115115945,0.01094173218115679,0.023099212382442114,0.32028154223091615,0.03464881857366317,0.005197322786049475,0.16228818885753435,0.029220021902938452,0.009239684952976846,0.023099212382442114,0.005263111682075418,0.007921830758763562,0.11064816707845977,0.12087811124783851,0.016631432915358322,0.018899355585634454
544,0.004176559034829925,0.010832949996590117,0.008253676187878185,0.014443933328786823,0.015757018176858352,0.004086115303583266,0.09633805225866997,0.01587360109062474,0.009904411425453823,0.0038093890097899317,0.01019571764384952,0.004900537229063489,0.0026064240593299537,0.015757018176858352,0.002571586423915817,0.2670483792046336,0.49114026773649816,0.0037679826075096064,0.010832949996590117,0.007703431108686305
545,0.01421261219931726,0.020634607341230984,0.004917588398000199,0.0033073825839078914,0.006821171003677697,0.003304004704906384,0.017472852990558493,0.20237787969284235,0.16341736892814554,0.017494558398000182,0.04766993452141742,0.0035242716852334766,0.0010117526369091319,0.05649633903721885,0.2959322749693207,0.06923453778965659,0.04965761621974262,0.012896629588269367,0.004917588398000199,0.004699028913644634
546,0.014303619872219982,0.031953674101503654,0.005308362938605078,0.006498168424844146,0.29210058308118747,0.0057983656713993924,0.04755710348671778,0.005888965135015008,0.005888965135015008,0.028358868523699416,0.007691709564101235,0.005384196694870865,0.0016245421062110366,0.005710511646075159,0.00362397854462462,0.012972100795952755,0.011855252506704848,0.02193125437115231,0.1766761936068653,0.3088735837932349
