site,A,C,D,E,F,G,H,I,K,L,M,N,P,Q,R,S,T,V,W,Y
451,0.009308223679806344,0.5389961271264023,0.024821929812816917,0.02382905262030424,0.01868176980350839,0.04347298276645442,0.03309590641708922,0.06619181283417845,0.05415693777341873,0.007943017540101413,0.0297863157753803,0.06619181283417845,0.00902615629556979,0.017521362220811944,0.0025960373602486133,0.010612625291909896,0.015275033730964258,0.010831387554683748,0.008524001040279979,0.00913750752189262
452,0.028897352133261518,0.0127734814009911,0.0170313085346548,0.06155261905033712,0.009969546459310126,0.010308374308784288,0.019464352611034054,0.34454117900164805,0.015138940919693153,0.0026219878944371494,0.015002402012959794,0.019464352611034054,0.0056771028448849336,0.012386406207021671,0.0027806218015762932,0.0040470436121952,0.006288483151257156,0.37243700159199944,0.008175028096634302,0.03144241575628578
453,0.012324512902555242,0.005210429822314932,0.018641290527711855,0.016432683870073655,0.014822179173569228,0.005868815667883449,0.004497840625127276,0.04349828083254791,0.038919514429121824,0.00840307697901494,0.026409670505475526,0.018537990988670306,0.015733420726666267,0.02957883096613259,0.012748604008601882,0.00704999959849635,0.02464902580511049,0.010563868202190208,0.015405641128194054,0.670704323240542
454,0.009309040582334255,0.016157053760954554,0.14486781839142385,0.024660766266720112,0.024660766266720112,0.0055780304650914535,0.015128938737855474,0.1311084511716686,0.013387273116219489,0.006007109731636951,0.029284659941730136,0.44122590485648816,0.006693636558109745,0.026030808837093453,0.005264657967052609,0.005566454056594795,0.05704323206949353,0.006890508221583561,0.01378101644316712,0.017353872558062297
455,0.012925509702729173,0.024816978629240018,0.022978683915962986,0.020013692442935497,0.018800741385787897,0.007853474249759499,0.04136163104873337,0.04313885910741177,0.023065017938984186,0.005589409601180184,0.5674270619613153,0.04431603326650004,0.012408489314620009,0.031021223286550024,0.004664845607000003,0.006893605174788894,0.030409048612014447,0.0030392352444143793,0.017234012936972236,0.06204244657310004
456,0.0102635239349551,0.023290304313936572,0.022427700450457437,0.024221916486494036,0.04325342229731078,0.007569348902029384,0.03027739560811754,0.06571093470587012,0.02554043102641245,0.01789557420200771,0.5686101584407856,0.03027739560811754,0.013456620270274462,0.026328170094015255,0.021107068159332363,0.009766901809070173,0.0039990533621336805,0.006427058280300109,0.015935471372693445,0.033641550675686166
457,0.0084880074883132,0.013580811981301115,0.026571153876458708,0.09083529623494468,0.023505251506098085,0.5719981203038592,0.029101739959930966,0.016517203761041897,0.04293720220877316,0.006790405990650559,0.025464022464939593,0.027778933598115924,0.007835083835366028,0.0339520299532528,0.004801020317215153,0.006790405990650559,0.01247217426854184,0.00900722203207407,0.01247217426854184,0.029101739959930966
458,0.008952265109078863,0.011936353478771818,0.01943920423685696,0.006669674954120139,0.012599484227592475,0.006803721482899936,0.016199336864047467,0.02396020859504182,0.6297214107484687,0.004791353156971785,0.0206173378269695,0.06044963437888107,0.007559690536555485,0.1069112266881414,0.002350966653874422,0.005622910316446229,0.008995093135558326,0.00850465185362492,0.017904530218157726,0.020010945537940986
459,0.009041838238470174,0.016361421574374604,0.02454213236156191,0.019633705889249526,0.02545110022680494,0.0012171421295132643,0.019088325170103705,0.03215836437153916,0.062327829578231075,0.005726497551031111,0.019088325170103705,0.04581198040824889,0.008380240318582113,0.026429988697066666,0.6275250276509472,0.005666835962767038,0.011847925967650575,0.006081236337378171,0.011452995102062224,0.02216708729431398
460,0.006796492466155127,0.02295228388756552,0.017511148958519348,0.41445441401581345,0.015301522591710347,0.001616666925352836,0.017001691768567053,0.02185931798815764,0.3647493507055538,0.004883464656928834,0.015301522591710347,0.016394488491118228,0.008827801495217509,0.015829161301769326,0.005100507530570116,0.0065577953964472925,0.010675480877937453,0.004895402246774194,0.010929658994078821,0.01836182711005242
461,0.009463846816043042,0.01517786753516337,0.032177079174546354,0.00374783136344405,0.012768682212121565,0.015482518408653424,0.020626332804196377,0.016416877129870583,0.7290675381858286,0.006235868057082625,0.016961279016554715,0.029347672427663635,0.009463846816043042,0.016920412192423673,0.008228165901453425,0.006875444268065459,0.014652911984994478,0.008125525044077361,0.013634355582434891,0.014625945079339248
462,0.009184731764835407,0.013547479353132224,0.027094958706264445,0.0033174006477535694,0.011529769662240189,0.0073343473530977895,0.0180633058041763,0.01748061852017061,0.4898856031829059,0.003661480906251953,0.009361630818052923,0.08279744127670403,0.009184731764835407,0.011316649361731055,0.21847111462585106,0.004671544604528353,0.03129569285421883,0.008336910371158293,0.007526377418406792,0.01593821100368497
463,0.08057207491961824,0.004619465628724779,0.020210162125670905,0.1290054118730024,0.002759666989729304,0.001047974806226318,0.01651972934174605,0.0896017040054375,0.004629025309202963,0.08883686508705123,0.2581466086640317,0.0026706454739315847,0.06213290567380356,0.07444138316787376,0.014430502457879774,0.020566114100487032,0.03634368830067183,0.07378313156990968,0.004619465628724779,0.015063474876276451
464,0.011642194081077771,0.02319727773158616,0.02159746547423539,0.008824925328240548,0.0481789614425251,0.5644906859858281,0.04175509991685509,0.02505305995011305,0.020877549958427544,0.006592910513187645,0.03296455256593823,0.0272315869022968,0.013326095718145243,0.03296455256593823,0.05534209247224207,0.008351019983371018,0.011817481108543892,0.0077655223057407925,0.01565816246882066,0.022368803526886655
465,0.008905204850605286,0.1122590016067406,0.01880007471554304,0.40477429047158103,0.0561295008033703,0.0011643728430019247,0.044903600642696245,0.03207400045906875,0.1219079200350568,0.008635307815903125,0.026413882730997793,0.04082145512972386,0.0091640001311625,0.013206941365498897,0.0068035758549539775,0.012473222400748957,0.013607151709907951,0.008085028909844113,0.029935733761797503,0.029935733761797503
466,0.010117746788513838,0.06319617083486637,0.01597538966607448,0.01556576429002129,0.5474305644340224,0.005781569593436479,0.01556576429002129,0.010466634608807418,0.021680885975386793,0.06182143836031669,0.025294366971284593,0.024282592292433212,0.00867235439015472,0.04336177195077359,0.007058893108265468,0.004635945554115872,0.011241940876126484,0.006977756405871612,0.08247654635766377,0.018395903251843343
467,0.018519291478881497,0.018075299394638505,0.03276148015278229,0.08905894380627741,0.027588614865500877,0.47240818888605085,0.023826531020205304,0.027588614865500877,0.03276148015278229,0.006989115765926889,0.018720845801589885,0.023826531020205304,0.018075299394638505,0.027588614865500877,0.003121561689869085,0.010697626172337077,0.021840986768521527,0.011475764616164834,0.010238472793722931,0.10483673648890333
468,0.011370742009095013,0.014112571275054348,0.011760476062545292,0.001663044285223823,0.012271801108742911,0.005968655743410257,0.024636607686372526,0.012271801108742911,0.2544722377615886,0.008569254847433923,0.01008040805361025,0.009562796967385656,0.004866403887949776,0.15248900296637352,0.21454084357516578,0.03754149742685338,0.1008633339137572,0.09228076121072508,0.00723721603848941,0.013440544071480333
469,0.6312397248007718,0.01838759808463481,0.017468218180403068,0.01849869068655322,0.01663639826705054,0.0052535994527528026,0.015189754939480929,0.043670545451007674,0.026874181816004726,0.008220337967248505,0.02794914908864491,0.024954597400575818,0.00803136468064509,0.02794914908864491,0.007278424241834613,0.029978392107879136,0.0067984149101725745,0.03789840070654957,0.011842859783324115,0.015880198345820974
470,0.00995744222250356,0.020184004505074783,0.013578330303413948,0.003943763184841093,0.013101897661188893,0.006223401389064724,0.014643297386034645,0.01477588364358998,0.6772143492779852,0.004172112663060151,0.010668688095539527,0.010621112516513908,0.007543516835229969,0.010859318054719184,0.10189321277393602,0.005411653381795412,0.03915179458450517,0.013240953368929022,0.011146390547578612,0.011668877604496359
471,0.008610118125688475,0.044261978528995854,0.0381542341359141,0.02405850449987668,0.06873858428536192,0.43266449339559426,0.02405850449987668,0.04374273545432123,0.08019501499958893,0.01173585585359838,0.032078005999835575,0.04374273545432123,0.008592323035670242,0.032078005999835575,0.007181643134291545,0.005560870560027816,0.020920438695544937,0.008203704263044651,0.025324741578817554,0.04009750749979447
472,0.009807801644099232,0.030527937050282575,0.027291274140102212,0.025107972208894033,0.06276993052223508,0.0022159834063561795,0.020248364684591964,0.024788020060304398,0.03692348854249123,0.010822401814178465,0.034872183623463934,0.008181015983411916,0.008482423043545281,0.022417832329369673,0.041216468315612015,0.5676524288808981,0.009384457797330078,0.00996348103527541,0.017436091811731967,0.029890443105826232
473,0.008448666106185321,0.004336311147726906,0.020127704547088558,0.028514248108375457,0.031106452481864142,0.0055612549198466536,0.008124323550606183,0.02737367818404044,0.02975399802613091,0.027439840565833477,0.03258771212385767,0.03601799761057953,0.00787623536227366,0.028514248108375457,0.6186423427041847,0.008863551542038944,0.015207598991133579,0.011798999217258811,0.01368683909202022,0.03601799761057953
474,0.6185987928682557,0.0228435569429858,0.009610381101044141,0.022106668009341093,0.01593736530905986,0.006118809895442626,0.023631265803088764,0.018034387060251948,0.036068774120503896,0.008900087120643819,0.02538172993665089,0.026357950318829773,0.007001153087866371,0.030747316571860587,0.005907816450772191,0.006446365593495561,0.0523643787725922,0.00424316111372215,0.036068774120503896,0.023631265803088764
475,0.01142033982291703,0.016794617386642688,0.030053525849781656,0.030053525849781656,0.030404511696546174,0.010382127111742752,0.015432891652590583,0.5149009831983918,0.03806779940972343,0.007547683610139706,0.021148777449846348,0.06900661173258886,0.006963621843242092,0.025955317779356883,0.0064888294448392225,0.007752631665502268,0.003349917324875298,0.09349576710554651,0.033589234773285376,0.027191285292659594
476,0.010810059124857744,0.013518874428450558,0.024602203525538314,0.014269278044812221,0.018293946211297717,0.021562621447377955,0.035673195112030556,0.03755073169687426,0.0209842324188415,0.0053069916994822365,0.0169872357676336,0.03755073169687426,0.0083936929675366,0.022295746945019096,0.002993177983745968,0.008296091886518734,0.013212294485937243,0.0076716548628022714,0.646052768159102,0.0339744715352672
477,0.006266726858212104,0.0371047069216174,0.006266726858212104,0.01474523966638142,0.3005734170765775,0.004642019894971929,0.06423245715852914,0.011936622587070672,0.022788097666225835,0.004397703058394459,0.01474523966638142,0.009852447686523881,0.0038863422376509173,0.01285482432453765,0.005222272381843419,0.0029337814090267056,0.006189359859962571,0.004963744046108598,0.013193109175183376,0.4532051614665888
478,0.010090310096364213,0.024355920922258446,0.026160063212796104,0.01722735870110963,0.026160063212796104,0.009055406496737113,0.01722735870110963,0.00844297372687261,0.026160063212796104,0.019457417825913582,0.6381626672845383,0.022072553335796715,0.006306443810227632,0.020180620192728427,0.012787535408933423,0.006791554872552835,0.06560452026035894,0.00487218788718023,0.01811081299347423,0.020774167845455733
479,0.020953729804672593,0.019586332500127042,0.03327945321918589,0.025715941123916362,0.026940509748864763,0.009607726155590149,0.040410764623297145,0.04351928497893538,0.03143059470700889,0.011393648050471479,0.03143059470700889,0.019508644990557246,0.009429178412102668,0.02459785672722435,0.0606591462836835,0.009925450960108072,0.015290559587193516,0.013470254874432383,0.5093310435666843,0.04351928497893538
480,0.015564353995958166,0.053610552652744815,0.028382057286747253,0.03446392670533594,0.01947941827786118,0.0209780423423784,0.025394472309194907,0.04386317944315485,0.04386317944315485,0.4339886023271752,0.025394472309194907,0.04824949738747032,0.009103678752352892,0.02412474869373516,0.008772635888630965,0.027962258455005676,0.014621059814384945,0.07552971034450742,0.019848877244639785,0.0268052763263724
481,0.013916292173858646,0.048440038452937005,0.044713881648864924,0.010763030079349211,0.044713881648864924,0.523301718490027,0.01875098262694336,0.044713881648864924,0.01875098262694336,0.009226673991035621,0.02527306354066279,0.021528905979083114,0.0056434996255848935,0.02642183915614746,0.04182231818475127,0.012636531770331392,0.010380008239915074,0.016250602119984643,0.03633002883970276,0.02642183915614746
482,0.31800750246159576,0.017684323052939592,0.010438154610226943,0.02947387175489932,0.02357909740391946,0.028467142526100855,0.010717771547236118,0.02357909740391946,0.01861507689783115,0.006801662712669073,0.027206650850676296,0.016842212431371042,0.005894774350979864,0.01861507689783115,0.0065497492788665155,0.29409772382327976,0.04564824317861742,0.0533976854684861,0.020805085944634816,0.02357909740391946
483,0.010786981088234629,0.028954528184208742,0.026196954071426956,0.03667573569999773,0.023918958065215913,0.04430591359787304,0.03438350221874788,0.04007933378263412,0.0983667959520393,0.008210985604477106,0.015718172442856174,0.022922334812498585,0.011705022031914172,0.021159078288460233,0.49536439878133864,0.007187693036393846,0.011705022031914172,0.009485104060344243,0.028954528184208742,0.023918958065215913
484,0.01475672853931581,0.01685935971925524,0.018729693915285454,0.02117269746945312,0.43796783690832164,0.016792139372324884,0.030435752612338857,0.027054002322078982,0.0347837172712444,0.007273334042931983,0.022135092808973713,0.03745938783057091,0.012860261758076676,0.028645414223377755,0.008695929317811102,0.005875763864592807,0.028645414223377755,0.01058634873472656,0.03246480278649478,0.1868063222794476
485,0.024891798257631086,0.02696611477910034,0.053932229558200685,0.02696611477910034,0.018330388915729322,0.01903490454995318,0.053932229558200685,0.04044917216865051,0.04622762533560058,0.290582818291866,0.05843309632864372,0.08089834433730102,0.02696611477910034,0.08089834433730102,0.010786445911640135,0.00443085438126565,0.03235933773492041,0.04632946290591886,0.017135430921225537,0.04044917216865051
486,0.013221856552198206,0.049949235863859895,0.026443713104396412,0.4048771909910657,0.11238578069368474,0.02483034570601818,0.026443713104396412,0.11238578069368474,0.006599796120978461,0.017981724910989563,0.0321102230553385,0.0321102230553385,0.019545353164119084,0.023803327054573078,0.008990862455494781,0.011830082178282604,0.010964466409139976,0.021642353377478513,0.02247715613873695,0.02140681537022567
487,0.017237878784515777,0.09762357041021291,0.042137037028816354,0.027088095232810513,0.34097879085386623,0.014045679009605449,0.03792333332593472,0.034475757569031554,0.0474041666574184,0.0029153890173887823,0.031602777771612266,0.06320555554322453,0.00924959349413042,0.027088095232810513,0.011491919189677185,0.007358113495261581,0.010249549547549924,0.013713533240738048,0.05417619046562103,0.11003497412977391
488,0.01338749015388381,0.039970469973403644,0.05186841702664527,0.28757915679261575,0.28685200453376825,0.00303869333163041,0.017764653321512728,0.019985234986701822,0.02159854136527644,0.012790550391489163,0.019985234986701822,0.02284026855623065,0.006951386082331067,0.029069432707929915,0.00999261749335091,0.011843102214341816,0.01229860614566266,0.08066664530413716,0.03552930664302546,0.015988187989361455
489,0.3508916554788229,0.054613545257879065,0.02008773780101398,0.027867946168823862,0.055735892337647724,0.015005817167828235,0.011822765041319216,0.024384452897720878,0.03251260386362784,0.00886707378098941,0.01773414756197882,0.013933973084411931,0.013245173889147824,0.015606049854541363,0.0060961132244302186,0.1785228652038551,0.04792007241728021,0.06836153691247106,0.02053427612439653,0.016256301931813922
490,0.01788645165337275,0.07452688188905314,0.034397022410332226,0.027947580708394922,0.011870021442564832,0.021293394825443755,0.11083078315705149,0.06314242872563958,0.024842293963017712,0.40242548115066196,0.044716129133431884,0.04065102648493808,0.002434152084918026,0.024842293963017712,0.0095842860406075,0.013550342161646025,0.015419354873597198,0.01039909979847253,0.027947580708394922,0.021293394825443755
491,0.014651834769017224,0.030350229164392818,0.03268486217703842,0.012569443800904525,0.0472114675890555,0.3817093954302479,0.04249032083014995,0.053112901037687434,0.035408600691791615,0.015175114582196407,0.035408600691791615,0.053112901037687434,0.028326880553433294,0.028326880553433294,0.018503932931821166,0.015737155863018496,0.017704300345895808,0.024207655736703745,0.028326880553433294,0.08498064166029991
492,0.011281204239540432,0.03760401413180145,0.02654400997538926,0.11281204239540436,0.40607240281103085,0.02820301059885109,0.012892804845189067,0.018133409671734192,0.02256240847908087,0.06350578955240295,0.04102256087105613,0.03223201211297267,0.008912804051948497,0.02654400997538926,0.009401003532950362,0.004015543576115272,0.011874951831095193,0.018133409671734192,0.050138685509068595,0.058113922167245306
493,0.01397043096885874,0.021731781507113596,0.0488965083910056,0.05588172387543496,0.11070964202215884,0.024448254195502794,0.030090159009849595,0.054964726919547305,0.03911720671280448,0.35151774463492835,0.02913989419165035,0.0434635630142272,0.014487854338075732,0.032597672260670396,0.009313620645905829,0.06037439420233989,0.0122241270977514,0.011213256525437755,0.01955860335640224,0.016298836130335195
494,0.027339689996007985,0.03479596908582834,0.011935472779491776,0.09568891498602794,0.023922228746506985,0.0637926099906853,0.06841288802838322,0.027339689996007985,0.024449946367822648,0.01739798454291417,0.027339689996007985,0.3442994202536762,0.012346956772390701,0.09568891498602794,0.02251503882024187,0.003171765817722814,0.017489496329705007,0.03189630499534265,0.03479596908582834,0.015381048423380117
495,0.011095410588676325,0.03308479858695569,0.019714937014148858,0.566986985087225,0.044900798082297015,0.002202498995126036,0.015715279328803955,0.020953705771738607,0.015530203329378085,0.010305101199215709,0.02733092057183296,0.023281895301931782,0.010305101199215709,0.09405891647798838,0.011429294057311969,0.009977955129399337,0.012572223463043165,0.013407505529151424,0.028573235143279915,0.028573235143279915
496,0.012618959193345582,0.023606940813578055,0.5316104836753811,0.02725572707450027,0.02035081104618798,0.00264459111671117,0.013413034553169351,0.017358044715866217,0.03688584502121572,0.012044357557947988,0.031061764228392182,0.010687699321256051,0.008942023035446233,0.03471608943173243,0.012829859137814162,0.009518927747410505,0.012829859137814162,0.01531422979229784,0.059017352033945134,0.1072934013659878
497,0.0125507730783566,0.051771938948220964,0.021798711136093038,0.06902925193096127,0.03765231923506979,0.01972264340884608,0.372544051425571,0.046019501287307515,0.0243632653873981,0.03618833233991069,0.027611700772384517,0.02248180858102387,0.008670368521448105,0.09527301248527544,0.05929082526722801,0.008283510231715354,0.011504875321826884,0.0243632653873981,0.03765231923506979,0.013227526018894993
498,0.021002165028053323,0.020726225782126954,0.03953348711162979,0.03537206741566875,0.017686033707834375,0.012680552469768043,0.02489145484806319,0.016001649545183485,0.03953348711162979,0.008368309148012204,0.022402309363256878,0.021679654222506655,0.009465764519686004,0.03200329909036697,0.005567197193040382,0.009616760307661395,0.010030884789518005,0.019766743555814894,0.6056690680861079,0.028002886704071087
499,0.008567874899068,0.021671683568230824,0.024561241377328267,0.016018200898257562,0.024561241377328267,0.0092104655164981,0.009957260017835784,0.002894114027473638,0.013880907590873855,0.36137235248110194,0.3321026637118914,0.011513081895622624,0.006463484572981122,0.01754374384094876,0.005348287121998498,0.010233850573886778,0.09052219482777359,0.007261735939477636,0.013157807880711572,0.013157807880711572
500,0.10307634064922815,0.0732634518254365,0.11006461217808408,0.07836228774855189,0.0016439388118834313,0.05614927106566607,0.06335754927937544,0.05290462027368722,0.029617140099644546,0.0010033634879492409,0.11915302702892688,0.055956809904861494,0.0005838287369305644,0.10329627108437431,0.02674190616087331,0.044582567085588394,0.040774843849095126,0.03376552982547798,0.002974746421503352,0.0027278944828619985
501,0.010278584343399429,0.022079921922858035,0.02838847104367462,0.0916276901881168,0.029807894595858343,0.0023980116918286215,0.01753405564462256,0.03444040186906563,0.055306367446502656,0.009032695332078285,0.02483991216321529,0.0313767311535351,0.00518398166884493,0.01923089973926345,0.537558875178577,0.009544337342584279,0.009314967061205732,0.015688365576767553,0.029807894595858343,0.01655994144214353
502,0.05245847754905886,0.055712187344837544,0.036783387241776225,0.09629115390560525,0.0041160597033130224,0.019951381183696642,0.08946031014691468,0.059372763756918225,0.053753892593244326,0.0339609850287834,0.026784705454248815,0.08817446246402785,0.04268131926042901,0.04211487792406945,0.03240618684588127,0.1217486611556764,0.06590442774939533,0.06956492056545784,0.0053508776143069295,0.0034089625123589393
503,0.0528511255283502,0.10694594329846271,0.0013990093705158917,0.01920131571126693,0.01920131571126693,0.00909536007375802,0.049737292043141194,0.015792093024863844,0.022536845334786514,0.004608315770704063,0.12956912361159903,0.3121221501729912,0.004488619257179282,0.03456236828028047,0.005009038881200068,0.0015207510274324034,0.18180760995666798,0.009600657855633465,0.010800740087587649,0.009150325002312177
504,0.02133334160355842,0.49419191659343953,0.011793344412780803,0.012329405522452656,0.013562346074697924,0.008749900693353498,0.011301955062248268,0.015955701264350496,0.014276153762839921,0.0027451508293516815,0.011793344412780803,0.012916520071140879,0.04815507555046533,0.0339058651867448,0.004676671060240663,0.24406406572207287,0.005227877821695364,0.005896672206390402,0.018083128099597234,0.009041564049798615
505,0.12304547821262699,0.03343577419187148,0.030049010072030116,0.1084167176325999,0.02185382550693099,0.4326085594378889,0.015509166488789734,0.01671788709593574,0.028281421244263635,0.007512252518007529,0.030049010072030116,0.030049010072030116,0.006677557793784469,0.03434172579660584,0.0056390069568290875,0.00924584925293234,0.009427140414754544,0.00894169384134371,0.025304429534341148,0.022894483864403892
506,0.18716994358350683,0.022534556133948915,0.05609527225802471,0.020601574525938356,0.022318372403099883,0.48259856944330926,0.015304026790697065,0.023288736420625962,0.021425637506975893,0.0072383910496540155,0.02975782987079984,0.01306441311400969,0.006453505273185509,0.024347315348836232,0.007337547091430099,0.005213531695356299,0.008502237105942813,0.010392820633002797,0.015754145225717567,0.020601574525938356
507,0.010453642484626095,0.02770215258425915,0.0554043051685183,0.009021466506948813,0.02770215258425915,0.4984224306316164,0.01978725184589939,0.03957450369179878,0.030780169538065724,0.012591887538299613,0.0554043051685183,0.024088828334138394,0.01108086103370366,0.06156033907613144,0.005148903638340156,0.010863589248729079,0.015390084769032863,0.011570448850366802,0.05036755015319845,0.023085127153549295
508,0.0035751606080056393,0.2015944733818016,0.016595841465717593,0.024893762198576388,0.020802347580970403,0.021268908966139817,0.0117917820940625,0.11871022105640676,0.016595841465717593,0.007112503485307539,0.026358101151433822,0.017923508782975,0.0064012531367767835,0.016003132841941964,0.005974502927658332,0.007861188062708333,0.031791336247593935,0.40367142691855495,0.022404385978718747,0.018670321648932293
509,0.008605973949970858,0.03845073630117697,0.037050155659443064,0.5981631088413135,0.022850344625784693,0.005858983968591505,0.01893314268993589,0.026506399765910245,0.009825117420088802,0.007530227206224501,0.027610833089489834,0.021376128843476002,0.007281977957667649,0.024647634098787983,0.0059166070906049644,0.07148587594021635,0.008605973949970858,0.009363482391647074,0.03487684179725032,0.015060454412449001
510,0.08991832172408291,0.015152678577056726,0.017577107149385804,0.09819401148381597,0.027464229920915316,0.39554355997316665,0.016901064566717115,0.027464229920915316,0.029295178582309674,0.005294309382345122,0.029295178582309674,0.03380212913343424,0.007989594158811729,0.015152678577056726,0.002886732721312387,0.1089769953354812,0.007576339288528363,0.01841963598095851,0.013148054147337879,0.03994797079405865
511,0.028646497094928555,0.07538551867086461,0.013691321383915869,0.009334991852669911,0.06805357322572511,0.003949419629975732,0.009548832364976185,0.012835613797421128,0.03437579651391427,0.1851847475192046,0.08593949128478566,0.010808937934670424,0.0031116639508899703,0.13829343425137922,0.024276692453329283,0.08598696396861395,0.019893400760367053,0.01613699437851012,0.1558636108584703,0.01868249810538819
512,0.1106168920596514,0.013757581756401039,0.02407576807370182,0.007549074523439095,0.034393954391002596,0.4355363269336837,0.01301392868848747,0.02292930292733507,0.015532753595936657,0.006687713353806061,0.018519821595155243,0.03264146629897892,0.0623071678348558,0.014591374590122313,0.0037780748970705036,0.09577516654803281,0.007523677523031818,0.028682956172933337,0.03703964319031049,0.015047355046063636
513,0.008823772680103596,0.0030906142606746986,0.0027652864437615727,0.00437837020262249,0.012085754447603639,0.000761455687412607,0.0027332898537694634,0.46221872673488507,0.004041572494728452,0.04741547732285948,0.12027073158891212,0.00154530713033735,0.005495657259174775,0.0023882019287031764,0.000820944412991717,0.00040958494169506904,0.06123732374509033,0.254219732989232,0.00154530713033735,0.003752888745104992
514,0.08760900017231511,0.056836846169044206,0.007965896948928873,0.007473356935722074,0.0027698460121838124,0.006273929279371618,0.006522557328387693,0.04234902263575842,0.013008261459894458,0.000623196457046209,0.03231899095886827,0.01375132963628327,0.15186246662057024,0.02732595796562394,0.00032699618874382967,0.11105205364474405,0.177876077152075,0.07234624700275398,0.0025390255111684954,0.17916894192051644
515,0.022559972479588002,0.011217143173961093,0.013086667036287941,0.044868572695844364,0.016530526782679505,0.05209378281295988,0.007304186252811875,0.12188442257764892,0.22351486590178982,0.005148852604441156,0.014276364039586846,0.01013161318938421,0.00418773345161214,0.026169568076322078,0.28402452330672556,0.033372681252645454,0.00828927438011535,0.006682553380232137,0.013655652559604808,0.0810010440457588
516,0.003733831679823198,0.005996759970625137,0.005654087972303701,0.006823899276918258,0.08611685357252852,0.004302023457187598,0.004084192033844585,0.15609853888402864,0.0053484615954224185,0.1793117981221088,0.45661187054443686,0.004397623978458435,0.0036957808489811585,0.004826660464161695,0.002063736226114978,0.0026742307977112097,0.002748514986536522,0.04410165043052372,0.010415425212138396,0.010994059946146087
517,0.011474089194959675,0.024091046686907137,0.023288011797343567,0.009705109486453558,0.036770544943174055,0.6319316247135648,0.026870782843088734,0.025875568663715078,0.03493201769601535,0.00873300442400384,0.022536785610332486,0.01791385522872582,0.011268392805166243,0.023288011797343567,0.004756687863001566,0.009192636235793515,0.01369883046902563,0.015179139681034844,0.027945614156812282,0.020548245703538442
518,0.01722250014528056,0.003747178792653183,0.017095511188290304,0.020326560353159974,0.022585067059066637,0.007817907828138454,0.05017066220076556,0.025408200441449973,0.019358628907771406,0.00655695495263225,0.021396379319115765,0.055861352494142674,0.26578386918537383,0.01767526987231302,0.00655695495263225,0.006775520117719992,0.03029393615298068,0.0234417363088541,0.014018317484937915,0.3679074922427215
519,0.006923956017107246,0.12073648304830761,0.013487830906023447,0.009694378463704351,0.012838756861672903,0.00378317208339682,0.0058532096384630045,0.2829114072185048,0.013487830906023447,0.11352164956703947,0.04493224991418597,0.006600427890181687,0.0024817608867083144,0.006743915453011723,0.0024048070607638706,0.0025659905081091994,0.0029158628000892995,0.3300984760562866,0.008617225301070536,0.009400609419349676
520,0.002930930407064864,0.008541568614874744,0.004332679732182843,0.010308789707607454,0.009059239440018671,0.002930930407064864,0.004900900024928132,0.42741954432072826,0.005154394853803726,0.27117571684770286,0.16410053203538294,0.005338480384296716,0.0015687419570768692,0.006390862321450107,0.002006408735037692,0.0026224114168475095,0.0025551700984668044,0.05639032999593213,0.007117973845728954,0.005154394853803726
521,0.06084227488532519,0.04161298842410212,0.11654114944430831,0.32539995277245704,0.008965202350365346,0.07961063837665958,0.034438335247532786,0.008965202350365346,0.0038010289763478877,0.007184976418550005,0.021711124395183707,0.009247330760911582,0.0031456850352159114,0.13553868276050562,0.0024731592690663026,0.027741992282734745,0.003984534377940155,0.004320579445959204,0.021249185578264905,0.08322597684820424
522,0.04917422703546271,0.00871639612119076,0.056968117544103046,0.11831397013542104,0.005958381572946064,0.039105321683720155,0.08188824777013425,0.009894287488919242,0.07311016201358579,0.02755505870569983,0.024226453925074325,0.06366758905913253,0.0012026091248148018,0.15634656773267525,0.06213430996481855,0.09739972913403988,0.10573797337572613,0.011322566274120902,0.005229837672714456,0.002048193665700209
523,0.001642560791402062,0.0250730879352824,0.006335591623979382,0.004668330670300597,0.00989727155340095,0.0026087730216385694,0.0025342366495917524,0.31262606334286636,0.003221196067865009,0.24099593589669085,0.0797888145182163,0.0029566094245237116,0.001007935031087629,0.0021633727496514965,0.0011826437698094848,0.001323854966204647,0.0008716356234352776,0.29271674450878654,0.005217546043277138,0.003167795811989691
524,0.05328895391962153,0.014320928116254694,0.18741434553611724,0.018397376948440767,0.01575302092788016,0.006849139533860938,0.13998278933919453,0.02991573768452112,0.017878989852631064,0.002763687882084239,0.06020959728580614,0.14198627630061936,0.002763687882084239,0.03973833420863206,0.0028641856232509383,0.15676579170192695,0.05488478741358287,0.0098456380799251,0.03679475389688152,0.007581977866684602
525,0.021295701846959184,0.03623913883011791,0.032985470018745106,0.07958399115633737,0.06395142146491396,0.026314953188682003,0.09895641005623529,0.012052383276079942,0.0582595019528223,0.05935840521054675,0.03554946663784924,0.047189161521253,0.0008327363501209881,0.054892505676244194,0.05759346879838622,0.06170590799938397,0.0993586718857322,0.016980205009649578,0.03138065370283289,0.10551984541710804
526,0.02874241632958325,0.11015544238716639,0.0020654145447593694,0.05910065863602275,0.11162418161899527,0.006072405210969324,0.045756876068515265,0.16946991136487136,0.09546805006887753,0.03870326354143684,0.0157364917695952,0.012851468278502745,0.0007451394070467669,0.020929534053561613,0.04641215972579277,0.04339169977225671,0.052089824296382904,0.05586537228754579,0.02203108847743328,0.06278860216068484
527,0.037416563111925566,0.09997034946267229,0.031240734207085084,0.17494811155967643,0.011663207437311767,0.04222885451440467,0.05064287439885372,0.006562323622798312,0.008906010630940566,0.03244936478713075,0.008312276588877864,0.1565325208691842,0.1123395140682102,0.06862636348465286,0.033918511424835235,0.047738981338656075,0.03240632090306362,0.007952186889076205,0.008312276588877864,0.027832654111766723
528,0.037112244841589724,0.020562084485389032,0.030353553287955228,0.013681049444594326,0.02655935912696083,0.5750800682294499,0.0277141138716113,0.03354866416037157,0.02655935912696083,0.01044958391880426,0.04249497460313732,0.03749556582629764,0.007082495767189554,0.03541247883594777,0.004335521192543025,0.008853119708986943,0.012258165750904998,0.009611586190663166,0.023608319223965186,0.017227692406677295
529,0.039529281758655756,0.05929392263798365,0.019641787045425747,0.005401261464602841,0.01888633369752476,0.4433422613902599,0.01965170007430315,0.01693257503916013,0.02584445663871809,0.003386515007832026,0.027280259785313538,0.06068907375887738,0.00419696304389439,0.01693257503916013,0.0037906522751690245,0.1737250805537624,0.025287114066198903,0.0053775403773921905,0.016368155871188124,0.014442490474577756
530,0.08618552063729742,0.03385859739322399,0.0092443691483666,0.003698756508038401,0.09028959304859734,0.004514691909667409,0.0645828540493389,0.0092443691483666,0.17540362154627406,0.0633948206511428,0.04823910669101397,0.09217079951553588,0.004836942484746285,0.05328926914343192,0.058860613917047465,0.06500850699499006,0.022995047288658862,0.009809316348575214,0.008440510961552112,0.09593269261413463
531,0.0097438647694978,0.020000564526863905,0.01407447133371904,0.029231594308493397,0.019000536300520707,0.008837458744428237,0.012258410516464974,0.34688651895926614,0.019000536300520707,0.07343849083849785,0.3432041736445453,0.027143623286458158,0.004175942044070485,0.015833780250433922,0.014864130211311118,0.00622968403295761,0.00657901666583169,0.002622995595407591,0.012258410516464974,0.014615797154246699
532,0.013970661355345547,0.10516490970206438,0.03604622568735704,0.03193294024078982,0.11581960418511499,0.007843178304755394,0.0058450401474423805,0.044706116337105736,0.04967346259678416,0.009511939646192713,0.044706116337105736,0.03604622568735704,0.005322156706798303,0.027941322710691094,0.007707951092604439,0.008015955264967536,0.00894122326742115,0.013148857746207575,0.02483673129839208,0.4028193816855031
533,0.61005011705713,0.01822328665683009,0.01774372648165035,0.02572780312710421,0.022475386876757104,0.05362721732386889,0.011625200108667471,0.019264617322934666,0.012486326042642838,0.006810723295987003,0.017288759135967006,0.019831223714785684,0.003831031853992688,0.022475386876757104,0.005863144402632289,0.039494782649413265,0.03567314461265665,0.006163488646941407,0.02809423359594639,0.02325040021733494
534,0.007704776999554025,0.0418772979166098,0.491141167384181,0.021312329504129597,0.0217761949166371,0.07657620205150076,0.012372838020816531,0.019443031175568837,0.049491352083266126,0.006404763210775617,0.017561447513417018,0.11587052641429621,0.005337302675646347,0.016011908026939047,0.006186419010408267,0.00939641748817661,0.010674605351292697,0.014713645213943987,0.018772581824687152,0.03737519321815335
535,0.005552379074065565,0.028151570892069596,0.5600748003685084,0.02413806992511986,0.016298277884882396,0.08932085723452028,0.01569492336471706,0.022938317023167815,0.02949212188693005,0.006384892367273516,0.028151570892069596,0.00890437277970948,0.00394480611226453,0.02477338238502124,0.007552860483238183,0.005385517909787226,0.008257794128340412,0.026393340140991595,0.020644485320851034,0.06794565982647216
536,0.13650758761260295,0.033571637904009445,0.016785818952004723,0.023779910182006696,0.033571637904009445,0.012970860099276378,0.016785818952004723,0.00806068789202129,0.02038278015600574,0.007411920056729358,0.025941720198552756,0.019243675608235516,0.003619987123674062,0.014267946109204016,0.005650671726417432,0.007818052662577542,0.5151270492832221,0.010376688079421102,0.07133973054602008,0.016785818952004723
537,0.485557934474062,0.01194904273266406,0.022909593936940715,0.016294149180905538,0.0179235640989961,0.005277539423524238,0.015814909499114203,0.0358471281979922,0.026885346148494138,0.005844640467063944,0.03162981899822841,0.016294149180905538,0.0048442065132421885,0.0173453846119317,0.005908867285383327,0.0036664067357132916,0.09520229776949467,0.1365742899849179,0.026885346148494138,0.0173453846119317
538,0.6811933722128578,0.0018839806728951263,0.01349478965089742,0.0051674626152343126,0.002362268624107114,0.1491805016249421,0.0019453976904411528,0.0028510138566809995,0.003937114373511857,0.0010878868663651182,0.003937114373511857,0.003119977428065999,0.0007158389770021557,0.0033746694630101626,0.09889697013965625,0.01641347098012481,0.0011982522006340436,0.0011756219125926618,0.005702027713361999,0.002362268624107114
539,0.013618611576878421,0.012987269204569371,0.05028410428385878,0.025142052141929393,0.028421450247398446,0.00900955106816248,0.009904444783184307,0.022541150196212563,0.031128255032864968,0.005160735754774778,0.02178977852300547,0.029713334349552922,0.00568429004947969,0.014526519015336985,0.07389225725572003,0.00718827918378309,0.006880982691475413,0.011079548401528206,0.5926259359928863,0.028421450247398446
540,0.0055493821408806555,0.021842145357634637,0.6534256286049569,0.031493905698887034,0.02772272295392089,0.002263021383722452,0.00775989444879618,0.020021966577831753,0.03276321803645196,0.006378679617716312,0.03276321803645196,0.007886671668295112,0.003754118733343453,0.028831631872077722,0.009123934136733458,0.005185545300733404,0.005111991466680448,0.010168212752775036,0.07207907968019432,0.015875031531916318
541,0.0025499027287367586,0.02206358557937392,0.01654768918453044,0.07722254952780873,0.021060695325766023,0.01103179278968696,0.013238151347624353,0.028575670245863487,0.023166764858342622,0.007473149954304071,0.042121390651532045,0.01505617048087578,0.004427450786802672,0.23166764858342617,0.006347058865299348,0.005394714999423196,0.418548096559584,0.011300860906508595,0.024386068271939603,0.01782058835257125
542,0.007840140320271296,0.004582798087496485,0.018434924536854125,0.02623431568706164,0.021315381495737584,0.008205740014002942,0.004771553039604901,0.034104610393180135,0.04751453489906253,0.025963148664781128,0.031004191266527394,0.022736406928786757,0.004159098828436601,0.02623431568706164,0.6177627250800961,0.036568258409866286,0.00897489747188951,0.011368203464393378,0.022736406928786757,0.019488348796102933
543,0.00595273395481953,0.02009047709751591,0.01148027262715195,0.01607238167801273,0.020234191169889268,0.008036190839006365,0.018908684327073797,0.28964841292721966,0.022960545254303903,0.003920093092198227,0.11433041137878103,0.009214135234402102,0.007143280745783436,0.01785820186445859,0.00396848930321302,0.02529614792912012,0.005559658052331226,0.37280896854415946,0.01190546790963906,0.014611256070920661
544,0.0066107863460790825,0.008826173759312106,0.006419035461317896,0.01176823167908281,0.012838070922635792,0.003125128416159495,0.09319255354685221,0.01100274498971332,0.007845487786055205,0.0029117274257524474,0.010206126288683497,0.14445125216986157,0.0019889969035069535,0.01176823167908281,0.0019781335503099035,0.2558615671391704,0.3913336847451996,0.003036963013956854,0.008558713948423861,0.0062763902288441665
545,0.048790840405019555,0.043124627245855376,0.00404089117795372,0.002890016643503557,0.006330729512127493,0.002752491092229345,0.022730272277502944,0.09796211621280729,0.1715163695074706,0.013115589112789075,0.030696018073620535,0.030537497858701124,0.0008712013090083705,0.08584983320546968,0.19769729063178101,0.09505386588773956,0.04336198177577496,0.08366764415318338,0.0043164064855414725,0.014694317431921096
546,0.09508040568672962,0.05608380808161552,0.035659078215439136,0.004521848422487846,0.24655491802259447,0.004110771293170769,0.07464700955990089,0.040149461283851204,0.004239232896082356,0.0008742005154838103,0.029566070453137222,0.014880292037269717,0.003040059663528222,0.003989866255136335,0.002489090874763952,0.028819621812865643,0.008835173397128894,0.029813325961650546,0.12304472396865944,0.19360104159850441
