site,A,C,D,E,F,G,H,I,K,L,M,N,P,Q,R,S,T,V,W,Y
451,0.00999,0.61985,0.01757,0.01692,0.02438,0.01456,0.02112,0.03083,0.02594,0.00871,0.02137,0.02531,0.00894,0.01698,0.03132,0.01637,0.01452,0.01005,0.02731,0.03797
452,0.06197,0.01357,0.01828,0.02783,0.01501,0.01071,0.01574,0.18713,0.01549,0.00878,0.02441,0.01914,0.00747,0.01389,0.00407,0.00575,0.00777,0.51356,0.01182,0.01761
453,0.01046,0.03710,0.05357,0.01420,0.02505,0.00553,0.04137,0.02037,0.02220,0.00731,0.02099,0.02854,0.01116,0.02001,0.00746,0.01313,0.01743,0.00816,0.01318,0.62280
454,0.00948,0.02081,0.03241,0.01899,0.01835,0.01115,0.03447,0.04458,0.02817,0.00794,0.02041,0.58862,0.00877,0.01944,0.00738,0.02917,0.04055,0.00833,0.01714,0.03383
455,0.01021,0.01869,0.02008,0.01733,0.01648,0.00657,0.02021,0.03893,0.04304,0.02115,0.60112,0.03389,0.01073,0.02252,0.01624,0.00850,0.03565,0.02052,0.01347,0.02468
456,0.01388,0.01507,0.01835,0.01877,0.02329,0.00721,0.02130,0.03705,0.05252,0.01906,0.59260,0.02390,0.01023,0.01773,0.01520,0.01199,0.03568,0.03078,0.01563,0.01976
457,0.01341,0.01397,0.01765,0.04539,0.01614,0.64860,0.01888,0.02001,0.02896,0.00701,0.01860,0.02046,0.00829,0.02335,0.02774,0.00803,0.01027,0.02043,0.01150,0.02131
458,0.00781,0.01200,0.01702,0.04748,0.01112,0.01010,0.01350,0.04537,0.65661,0.00535,0.01422,0.03254,0.00668,0.03064,0.03010,0.00887,0.01805,0.00701,0.01129,0.01422
459,0.00848,0.01538,0.01787,0.01380,0.01699,0.03607,0.01550,0.05315,0.04085,0.00633,0.01409,0.02290,0.00748,0.01669,0.64556,0.02373,0.01195,0.00762,0.00927,0.01627
460,0.02920,0.01878,0.04174,0.60837,0.01836,0.03396,0.01897,0.01886,0.05052,0.00758,0.01644,0.01881,0.01032,0.01951,0.00912,0.00783,0.01142,0.02909,0.01339,0.01772
461,0.00852,0.01212,0.01762,0.02828,0.01132,0.01247,0.01269,0.01312,0.66847,0.00497,0.03263,0.02846,0.00719,0.03246,0.02857,0.00566,0.04609,0.00640,0.00951,0.01343
462,0.00918,0.01289,0.01798,0.03086,0.01381,0.01856,0.01534,0.01496,0.61999,0.00516,0.02571,0.03380,0.00800,0.05638,0.06378,0.00512,0.01678,0.00838,0.00958,0.01373
463,0.04657,0.01355,0.01156,0.06487,0.01115,0.00139,0.02074,0.07898,0.02108,0.12686,0.21559,0.01098,0.13505,0.08109,0.00402,0.00970,0.02964,0.06602,0.00546,0.04568
464,0.09006,0.01710,0.01690,0.03274,0.01970,0.59949,0.01970,0.01886,0.01691,0.00697,0.01829,0.01852,0.01032,0.02008,0.03025,0.01175,0.01169,0.00851,0.01278,0.01937
465,0.02061,0.03155,0.02596,0.58700,0.02616,0.02064,0.02284,0.02544,0.03588,0.01056,0.01992,0.02637,0.01271,0.03030,0.00959,0.01165,0.01686,0.02432,0.02059,0.02105
466,0.00967,0.02692,0.01347,0.01658,0.61030,0.00654,0.01408,0.01879,0.01861,0.02389,0.01830,0.01597,0.00836,0.01969,0.00637,0.02456,0.01044,0.01710,0.09578,0.02457
467,0.01283,0.02101,0.02541,0.04057,0.02195,0.58087,0.02126,0.02300,0.02150,0.00812,0.01789,0.02354,0.01318,0.02261,0.03505,0.00979,0.01621,0.01501,0.04064,0.02955
468,0.00647,0.00904,0.00719,0.01322,0.01173,0.00367,0.05327,0.10571,0.13287,0.04604,0.02352,0.03367,0.00269,0.02075,0.11815,0.06550,0.10567,0.15244,0.00532,0.08308
469,0.68462,0.01381,0.01608,0.02902,0.01429,0.00758,0.01408,0.01964,0.01930,0.00696,0.01644,0.02021,0.00823,0.01796,0.00765,0.02589,0.03508,0.01938,0.01078,0.01299
470,0.00724,0.01660,0.00974,0.04366,0.01029,0.00469,0.01058,0.02145,0.56907,0.00537,0.01474,0.02810,0.00521,0.02758,0.12047,0.00403,0.05106,0.03283,0.00790,0.00938
471,0.01332,0.04050,0.05117,0.02066,0.02730,0.55017,0.02169,0.02432,0.03301,0.01151,0.02753,0.02800,0.00930,0.02055,0.01440,0.03511,0.01318,0.01590,0.01848,0.02389
472,0.01273,0.02879,0.01743,0.01684,0.02614,0.02500,0.01665,0.03993,0.01981,0.00926,0.02102,0.03393,0.00793,0.01709,0.01232,0.62225,0.02837,0.00869,0.01445,0.02139
473,0.00712,0.06047,0.01750,0.01751,0.02108,0.00747,0.02856,0.02107,0.01850,0.01902,0.02057,0.01972,0.01729,0.01727,0.62642,0.02761,0.01053,0.00892,0.01141,0.02197
474,0.42404,0.15429,0.01837,0.01167,0.00888,0.00409,0.01024,0.02061,0.01627,0.01288,0.01838,0.01150,0.00783,0.20199,0.00446,0.00945,0.02345,0.01577,0.01394,0.01188
475,0.01589,0.01561,0.01698,0.01856,0.03094,0.00865,0.01502,0.59783,0.02174,0.01347,0.02549,0.05526,0.00724,0.02036,0.00703,0.01802,0.04405,0.02842,0.02158,0.01785
476,0.01068,0.04100,0.01594,0.01397,0.01634,0.01334,0.01723,0.02399,0.01667,0.01710,0.01299,0.02323,0.00768,0.01519,0.02777,0.00874,0.00944,0.00894,0.68007,0.01968
477,0.00565,0.02962,0.00893,0.00937,0.30912,0.00427,0.04541,0.01027,0.01660,0.00410,0.01355,0.01823,0.00416,0.01382,0.00521,0.00698,0.00615,0.00464,0.01078,0.47314
478,0.00795,0.01473,0.01770,0.01454,0.01764,0.00915,0.01218,0.03074,0.02456,0.01553,0.66846,0.01521,0.00567,0.01452,0.02450,0.00633,0.04074,0.03334,0.01205,0.01446
479,0.01501,0.03207,0.02156,0.02016,0.02878,0.01898,0.02126,0.02526,0.02051,0.02241,0.02108,0.02049,0.01002,0.03050,0.02504,0.00813,0.01286,0.01314,0.59882,0.03392
480,0.01340,0.02596,0.01986,0.02409,0.03937,0.01378,0.01833,0.03049,0.01850,0.50947,0.05396,0.02039,0.01156,0.01720,0.01021,0.05091,0.01120,0.04042,0.05251,0.01841
481,0.01390,0.02866,0.02385,0.06053,0.02623,0.58198,0.01754,0.02308,0.01698,0.01128,0.01914,0.01779,0.00599,0.02148,0.03537,0.01088,0.01056,0.02719,0.02432,0.02325
482,0.34896,0.02763,0.02327,0.01791,0.01510,0.01000,0.01392,0.01902,0.01770,0.00650,0.01705,0.01473,0.00902,0.01650,0.00693,0.35481,0.02813,0.01921,0.01711,0.01650
483,0.01128,0.02149,0.02234,0.02266,0.02025,0.03350,0.01862,0.03976,0.04741,0.00901,0.01471,0.01681,0.01088,0.01847,0.61085,0.01596,0.01135,0.01125,0.02491,0.01849
484,0.01306,0.02269,0.01857,0.01850,0.51754,0.01188,0.02032,0.02306,0.02288,0.05095,0.01967,0.02204,0.01872,0.02596,0.00832,0.03135,0.01478,0.02802,0.01922,0.09246
485,0.01815,0.02668,0.02896,0.02719,0.04342,0.01625,0.03142,0.03445,0.02906,0.45826,0.04655,0.03057,0.02238,0.02877,0.01339,0.03486,0.02339,0.02492,0.02687,0.03447
486,0.02719,0.02640,0.04634,0.52437,0.03084,0.04898,0.02245,0.02905,0.03441,0.01621,0.01873,0.02355,0.01546,0.03150,0.01230,0.01083,0.01300,0.02417,0.01732,0.02688
487,0.01467,0.04175,0.02235,0.02437,0.46919,0.01776,0.02056,0.04608,0.02414,0.05198,0.02347,0.02686,0.01147,0.02356,0.01350,0.05258,0.01448,0.03237,0.02210,0.04676
488,0.03321,0.03217,0.04354,0.48763,0.03942,0.03596,0.02165,0.02662,0.05686,0.01503,0.02367,0.01680,0.01528,0.02357,0.01219,0.01400,0.01255,0.03537,0.02684,0.02764
489,0.49233,0.07789,0.04538,0.02236,0.02854,0.01947,0.01396,0.01981,0.02274,0.01021,0.01969,0.01722,0.01072,0.01596,0.00767,0.06105,0.04531,0.02859,0.02079,0.02031
490,0.01199,0.02596,0.02388,0.02563,0.04451,0.01250,0.03257,0.05888,0.02092,0.48225,0.05336,0.02186,0.04266,0.01754,0.04530,0.01137,0.01106,0.01526,0.02345,0.01906
491,0.02218,0.03040,0.02603,0.04709,0.03224,0.52053,0.02595,0.02802,0.02407,0.01397,0.02346,0.02217,0.01855,0.02294,0.03816,0.01333,0.01560,0.02079,0.02402,0.03052
492,0.01241,0.04335,0.02307,0.03154,0.54438,0.01977,0.01401,0.02812,0.02563,0.03718,0.02780,0.02187,0.00607,0.01772,0.00964,0.03113,0.00913,0.03417,0.02464,0.03838
493,0.01703,0.02334,0.02650,0.02444,0.04443,0.01840,0.02290,0.04188,0.02467,0.52025,0.03722,0.02502,0.01696,0.01755,0.01183,0.03091,0.01402,0.02449,0.03802,0.02014
494,0.01783,0.02797,0.03492,0.03672,0.02455,0.03078,0.02286,0.02830,0.03639,0.01439,0.02766,0.45116,0.01122,0.03866,0.01818,0.04890,0.03924,0.02525,0.03057,0.03447
495,0.04509,0.01780,0.02435,0.53824,0.02098,0.02346,0.01606,0.01718,0.03653,0.00761,0.01865,0.01344,0.00981,0.11001,0.00825,0.01292,0.00960,0.03213,0.01852,0.01936
496,0.01895,0.02344,0.54990,0.04967,0.01921,0.02267,0.01878,0.01645,0.02422,0.01058,0.02614,0.04817,0.00818,0.02396,0.01087,0.01021,0.01236,0.02441,0.02351,0.05829
497,0.01208,0.04428,0.01979,0.03035,0.02535,0.04365,0.46286,0.02115,0.06311,0.01569,0.01842,0.03192,0.02334,0.04199,0.05690,0.01324,0.00947,0.01802,0.02412,0.02425
498,0.01572,0.04687,0.02018,0.02163,0.01521,0.01826,0.02014,0.01520,0.02199,0.01723,0.01574,0.01874,0.00920,0.01889,0.03051,0.01017,0.00869,0.01388,0.64447,0.01727
499,0.00951,0.01956,0.01513,0.01185,0.01975,0.00733,0.00869,0.02709,0.02613,0.42510,0.31119,0.00871,0.00741,0.01097,0.00983,0.00687,0.02110,0.03004,0.01283,0.01091
500,0.12369,0.10457,0.04727,0.08974,0.00155,0.03765,0.07044,0.01378,0.06759,0.00170,0.05093,0.06120,0.00085,0.08662,0.03857,0.07929,0.06052,0.05946,0.00191,0.00267
501,0.01008,0.01681,0.01988,0.03044,0.01700,0.01954,0.01572,0.05081,0.04019,0.00743,0.01836,0.01994,0.00566,0.01735,0.62086,0.03148,0.00994,0.01357,0.01969,0.01527
502,0.07132,0.04140,0.14393,0.10432,0.00931,0.03092,0.05668,0.02674,0.01972,0.03055,0.03223,0.05522,0.03532,0.07639,0.02201,0.09720,0.06255,0.05694,0.00815,0.01911
503,0.01634,0.07451,0.01755,0.01769,0.01717,0.01524,0.02535,0.02771,0.02676,0.00517,0.03334,0.37341,0.00529,0.02030,0.00641,0.02800,0.21001,0.03180,0.01529,0.03265
504,0.02198,0.32359,0.01705,0.01443,0.01366,0.00931,0.01279,0.01577,0.01456,0.03722,0.01786,0.01293,0.02775,0.01857,0.00653,0.37700,0.01904,0.00839,0.01931,0.01226
505,0.10253,0.02320,0.02152,0.03967,0.01899,0.54064,0.01238,0.01644,0.02231,0.00766,0.02927,0.01969,0.00685,0.02037,0.02734,0.00893,0.00968,0.03267,0.01978,0.02006
506,0.24732,0.02288,0.03442,0.02152,0.01559,0.45680,0.01344,0.01574,0.01394,0.00674,0.01585,0.01199,0.00598,0.01550,0.00605,0.04183,0.00809,0.01735,0.01390,0.01507
507,0.01753,0.02075,0.02360,0.04651,0.02033,0.57031,0.01793,0.02282,0.02390,0.01246,0.02693,0.01742,0.01049,0.02460,0.04118,0.00912,0.01177,0.04191,0.02290,0.01753
508,0.03424,0.10376,0.03149,0.01997,0.03775,0.01689,0.01166,0.02456,0.01788,0.01391,0.02064,0.01627,0.00745,0.01502,0.00977,0.00734,0.04689,0.52878,0.01928,0.01643
509,0.01545,0.08183,0.03373,0.51984,0.01540,0.08680,0.00994,0.01522,0.04078,0.00645,0.01774,0.01573,0.00526,0.01988,0.00529,0.04136,0.00860,0.03185,0.01746,0.01138
510,0.02142,0.01847,0.01913,0.06018,0.02344,0.55018,0.01478,0.02048,0.02079,0.00762,0.02135,0.02081,0.00854,0.01499,0.03693,0.07202,0.00969,0.01394,0.02387,0.02138
511,0.03446,0.10270,0.01145,0.01045,0.07506,0.00420,0.02671,0.03364,0.02287,0.19580,0.11746,0.04488,0.00367,0.10397,0.00577,0.04189,0.03330,0.01733,0.04930,0.06508
512,0.06517,0.01522,0.01642,0.03364,0.01787,0.48264,0.01051,0.01843,0.01293,0.00679,0.01746,0.01915,0.07724,0.01399,0.03610,0.08938,0.00724,0.03125,0.01602,0.01254
513,0.00201,0.00524,0.00604,0.00656,0.02422,0.00169,0.00313,0.46281,0.00533,0.08177,0.03625,0.00324,0.00172,0.00429,0.00171,0.00965,0.01177,0.31948,0.00862,0.00447
514,0.10681,0.11038,0.01426,0.01941,0.00547,0.00268,0.01616,0.01235,0.03475,0.00163,0.01665,0.04504,0.20374,0.04208,0.00341,0.12765,0.11822,0.04947,0.00349,0.06633
515,0.03113,0.03699,0.01535,0.02169,0.01948,0.02911,0.01698,0.02534,0.20973,0.00642,0.02213,0.01048,0.00547,0.03766,0.38113,0.03314,0.01756,0.00834,0.01333,0.05854
516,0.00415,0.00988,0.00810,0.00738,0.02341,0.00453,0.04456,0.09510,0.00698,0.25507,0.40123,0.00618,0.03381,0.00566,0.00960,0.00370,0.00349,0.05522,0.01128,0.01068
517,0.01894,0.01967,0.01749,0.03564,0.01991,0.66998,0.01713,0.01982,0.01820,0.00745,0.01634,0.01723,0.01137,0.01665,0.01910,0.00815,0.01246,0.01665,0.02032,0.01749
518,0.01542,0.04976,0.03144,0.02135,0.06012,0.00968,0.03652,0.02044,0.01757,0.00765,0.01947,0.04011,0.05346,0.01704,0.00746,0.02086,0.01329,0.01110,0.02726,0.52001
519,0.01074,0.11496,0.01402,0.01217,0.02712,0.00568,0.01016,0.41261,0.01141,0.11361,0.02142,0.02731,0.00401,0.00886,0.00358,0.00966,0.03073,0.14092,0.00978,0.01124
520,0.00377,0.00891,0.00532,0.00851,0.01057,0.00355,0.00600,0.44720,0.00548,0.31281,0.11142,0.00518,0.01589,0.01702,0.00519,0.00415,0.00290,0.01302,0.00771,0.00540
521,0.02819,0.08109,0.03605,0.43856,0.01121,0.04870,0.01600,0.01031,0.02629,0.00763,0.06877,0.00891,0.00427,0.13917,0.00304,0.00975,0.00444,0.01659,0.01202,0.02902
522,0.07280,0.01884,0.07983,0.15847,0.00623,0.07551,0.04399,0.01615,0.05925,0.00842,0.03107,0.06953,0.00210,0.14025,0.03840,0.09026,0.06986,0.00964,0.00473,0.00467
523,0.00373,0.00393,0.00411,0.00417,0.00339,0.00185,0.00207,0.34524,0.00229,0.24132,0.06057,0.00251,0.00141,0.00256,0.00165,0.00127,0.00541,0.30550,0.00428,0.00274
524,0.06216,0.02722,0.08615,0.05081,0.02838,0.00988,0.06422,0.02022,0.02512,0.00380,0.03779,0.19259,0.00469,0.09377,0.00365,0.17351,0.03616,0.01095,0.02710,0.04183
525,0.04976,0.06280,0.03058,0.06319,0.04665,0.04532,0.05061,0.01884,0.08520,0.06833,0.07018,0.04980,0.00141,0.06756,0.06590,0.05913,0.06886,0.01279,0.01654,0.06654
526,0.03009,0.06230,0.00165,0.04042,0.07420,0.00621,0.05260,0.15971,0.05285,0.05991,0.04067,0.03101,0.00064,0.04512,0.03590,0.03922,0.06104,0.05114,0.06819,0.08712
527,0.06329,0.06688,0.06844,0.07746,0.02649,0.02726,0.10440,0.01166,0.02427,0.01990,0.02197,0.07904,0.13122,0.05985,0.02549,0.06933,0.04150,0.01304,0.02222,0.04628
528,0.01611,0.01769,0.02408,0.03978,0.02008,0.63638,0.01751,0.01945,0.02129,0.00794,0.02159,0.02132,0.00829,0.01758,0.04050,0.00742,0.01088,0.01814,0.01838,0.01560
529,0.02348,0.01536,0.01732,0.05719,0.01619,0.64661,0.01270,0.01593,0.02158,0.00531,0.01644,0.01655,0.00565,0.01552,0.01970,0.03836,0.00891,0.01652,0.01494,0.01576
530,0.05437,0.09301,0.00807,0.03307,0.02915,0.00253,0.10461,0.00491,0.10613,0.15125,0.13552,0.07105,0.00115,0.03458,0.06469,0.03421,0.00504,0.00379,0.00544,0.05744
531,0.00977,0.02014,0.01722,0.02105,0.03664,0.00890,0.01395,0.07309,0.03233,0.14628,0.46680,0.01972,0.00544,0.01423,0.00767,0.00812,0.03573,0.02679,0.02048,0.01565
532,0.01216,0.02812,0.05685,0.02444,0.05618,0.01089,0.04511,0.02359,0.02748,0.01019,0.02252,0.02819,0.00710,0.02503,0.00860,0.01115,0.01074,0.01506,0.02033,0.55629
533,0.56308,0.01387,0.01460,0.03057,0.01390,0.01826,0.00909,0.01850,0.01359,0.00556,0.01639,0.01338,0.00367,0.01317,0.00526,0.16976,0.01658,0.03231,0.01479,0.01367
534,0.02169,0.02420,0.61487,0.03015,0.01513,0.05495,0.01673,0.01575,0.02153,0.00625,0.01738,0.04449,0.00651,0.01743,0.00761,0.00657,0.01003,0.02335,0.01740,0.02798
535,0.03055,0.01747,0.64359,0.03094,0.01922,0.02076,0.01004,0.01661,0.01941,0.00744,0.01973,0.05255,0.00473,0.01924,0.00768,0.00528,0.00688,0.02982,0.01872,0.01935
536,0.02450,0.02246,0.01688,0.01821,0.02132,0.01259,0.01212,0.05769,0.01857,0.00701,0.01772,0.03766,0.00949,0.01651,0.00594,0.01565,0.62910,0.01402,0.02745,0.01511
537,0.63353,0.01309,0.02272,0.01685,0.01915,0.00868,0.01411,0.02226,0.02058,0.00702,0.02030,0.02254,0.00955,0.01700,0.00678,0.01406,0.05056,0.04350,0.01911,0.01861
538,0.75542,0.00437,0.00562,0.00369,0.00267,0.13134,0.00172,0.00334,0.00474,0.00107,0.00376,0.00236,0.00076,0.00306,0.05472,0.00735,0.00183,0.00562,0.00405,0.00252
539,0.01012,0.02995,0.02137,0.01822,0.02226,0.03821,0.01170,0.01909,0.01832,0.00966,0.01630,0.01846,0.00518,0.01285,0.02117,0.00925,0.00771,0.01157,0.68043,0.01818
540,0.01153,0.01523,0.65288,0.02890,0.01663,0.04289,0.00786,0.01569,0.02439,0.00593,0.02412,0.02932,0.00340,0.01952,0.00779,0.00527,0.00534,0.03462,0.02487,0.02381
541,0.03809,0.02009,0.02150,0.02736,0.02232,0.01151,0.01385,0.02917,0.02502,0.00820,0.02517,0.01948,0.00970,0.03975,0.00855,0.02222,0.60514,0.01268,0.02354,0.01665
542,0.00574,0.02946,0.01225,0.01504,0.01412,0.00568,0.02348,0.01495,0.26671,0.01418,0.01561,0.01176,0.00466,0.01371,0.50034,0.01301,0.00552,0.00781,0.01460,0.01137
543,0.01666,0.02049,0.02001,0.02235,0.04942,0.01114,0.01418,0.50641,0.02072,0.01376,0.04895,0.03933,0.01121,0.01719,0.00656,0.02707,0.04810,0.07014,0.01672,0.01960
544,0.00498,0.01954,0.00821,0.00952,0.00943,0.03286,0.11553,0.02802,0.00746,0.00296,0.00948,0.02385,0.00317,0.00888,0.00665,0.28174,0.40726,0.00467,0.00867,0.00714
545,0.02764,0.02133,0.00391,0.01978,0.00752,0.00418,0.01727,0.13082,0.16868,0.01568,0.05989,0.00759,0.00095,0.05154,0.26096,0.11301,0.05713,0.02334,0.00418,0.00460
546,0.02715,0.03616,0.01232,0.00704,0.29562,0.00367,0.06325,0.01121,0.00498,0.03173,0.00896,0.00541,0.00127,0.00767,0.00237,0.01220,0.00751,0.01695,0.22129,0.22324
547,0.01345,0.01321,0.72360,0.01787,0.01647,0.03161,0.01024,0.01104,0.01116,0.00590,0.01212,0.02969,0.00386,0.01283,0.00459,0.00633,0.00431,0.01603,0.01620,0.03948
548,0.00597,0.01312,0.00921,0.01568,0.01309,0.00711,0.00665,0.01102,0.00963,0.76748,0.01535,0.00729,0.02626,0.03995,0.01108,0.00387,0.00371,0.00960,0.01361,0.01035
549,0.05258,0.03950,0.17982,0.17459,0.01777,0.03885,0.06875,0.04142,0.01577,0.01143,0.06841,0.02783,0.00109,0.13899,0.02383,0.02675,0.00895,0.02318,0.01700,0.02350
550,0.00960,0.02877,0.04093,0.02010,0.01998,0.01949,0.01774,0.02509,0.03197,0.00759,0.01811,0.61551,0.00423,0.01562,0.00653,0.03323,0.01537,0.01580,0.02058,0.03376
551,0.01766,0.01241,0.02506,0.70372,0.01684,0.02629,0.00800,0.01284,0.02996,0.00507,0.01577,0.00888,0.00339,0.02402,0.00515,0.00473,0.00414,0.04693,0.01796,0.01119
552,0.40841,0.02683,0.01943,0.03700,0.00962,0.02018,0.00562,0.01038,0.01334,0.00355,0.05724,0.00958,0.00380,0.08470,0.00504,0.20838,0.03037,0.02591,0.01259,0.00803
553,0.03376,0.00743,0.00837,0.02003,0.01376,0.06166,0.00969,0.11677,0.17472,0.22240,0.16274,0.00874,0.02435,0.07105,0.01916,0.00402,0.00648,0.01249,0.00868,0.01369
554,0.00895,0.01315,0.01813,0.01881,0.01688,0.00796,0.00710,0.54546,0.01508,0.02892,0.01033,0.01631,0.00367,0.01320,0.00509,0.01281,0.02743,0.20737,0.01294,0.01042
555,0.03827,0.26591,0.00661,0.00637,0.00768,0.00312,0.00328,0.05136,0.00744,0.08227,0.06006,0.00564,0.00255,0.00641,0.00200,0.02473,0.21092,0.20340,0.00733,0.00467
556,0.02522,0.00176,0.11057,0.14412,0.01713,0.04555,0.07713,0.00234,0.09238,0.02089,0.05336,0.09923,0.00033,0.10306,0.07644,0.03605,0.05989,0.00268,0.00916,0.02271
557,0.01177,0.00595,0.02205,0.03438,0.12874,0.00228,0.08390,0.00312,0.00652,0.11058,0.11024,0.00187,0.00206,0.24338,0.00963,0.01447,0.00171,0.00196,0.04583,0.15956
558,0.00483,0.01128,0.01157,0.01228,0.00977,0.00688,0.00572,0.04455,0.02898,0.01493,0.73373,0.00904,0.00244,0.00634,0.01487,0.00331,0.01935,0.04027,0.01220,0.00765
559,0.08111,0.04524,0.12312,0.11889,0.00265,0.03361,0.04673,0.00561,0.05978,0.01972,0.03798,0.08396,0.01334,0.07561,0.03249,0.10479,0.09089,0.01859,0.00204,0.00385
560,0.05891,0.02501,0.08892,0.07127,0.01393,0.02091,0.07433,0.04158,0.03904,0.04283,0.03513,0.04125,0.08896,0.08369,0.04983,0.07709,0.05633,0.03393,0.02194,0.03514
561,0.05294,0.04001,0.03393,0.02488,0.07268,0.05058,0.09019,0.02463,0.04915,0.04237,0.04724,0.05968,0.03160,0.04375,0.04668,0.05747,0.04014,0.02767,0.05626,0.10814
562,0.00673,0.01263,0.02027,0.02160,0.01411,0.00760,0.68751,0.01097,0.01845,0.00769,0.01817,0.02116,0.00463,0.06137,0.02843,0.00389,0.00414,0.00914,0.01742,0.02410
563,0.13663,0.01863,0.00818,0.00832,0.00696,0.04766,0.00514,0.00784,0.27296,0.00306,0.00694,0.00474,0.00175,0.08561,0.35217,0.01238,0.00234,0.00388,0.00909,0.00572
