site,A,C,D,E,F,G,H,I,K,L,M,N,P,Q,R,S,T,V,W,Y
451,0.01213,0.50212,0.02563,0.02543,0.02482,0.00659,0.03475,0.07883,0.05381,0.01050,0.03434,0.05287,0.01049,0.02551,0.01973,0.01067,0.02003,0.01247,0.01839,0.02088
452,0.07129,0.01922,0.02921,0.01606,0.02206,0.00568,0.02208,0.23344,0.02274,0.00447,0.00630,0.03012,0.00868,0.01948,0.00452,0.00650,0.00949,0.42584,0.01593,0.02689
453,0.01408,0.00766,0.05447,0.02095,0.02196,0.00665,0.04599,0.03667,0.04215,0.00916,0.03787,0.02463,0.01571,0.03508,0.00939,0.00851,0.02926,0.01032,0.01894,0.55056
454,0.01278,0.02884,0.00738,0.03584,0.03435,0.00944,0.03657,0.05266,0.02823,0.01056,0.03911,0.52678,0.01187,0.03538,0.00967,0.01098,0.03819,0.01156,0.02942,0.03040
455,0.01336,0.03309,0.03566,0.02798,0.02500,0.00829,0.03675,0.02712,0.04849,0.01517,0.51504,0.04789,0.01419,0.04150,0.00752,0.01064,0.01757,0.00340,0.01865,0.05268
456,0.01530,0.02410,0.03188,0.03232,0.04873,0.00944,0.04252,0.01213,0.06826,0.01018,0.50710,0.04529,0.01398,0.03120,0.00890,0.01275,0.01862,0.00594,0.02443,0.03690
457,0.01182,0.01945,0.02868,0.04449,0.02673,0.53098,0.03167,0.03305,0.03993,0.00839,0.03139,0.03886,0.01072,0.04073,0.01419,0.00982,0.01367,0.01180,0.01485,0.03878
458,0.01007,0.01728,0.02930,0.06745,0.01673,0.00852,0.02089,0.05758,0.60274,0.00665,0.02228,0.02519,0.00863,0.02526,0.01299,0.00808,0.01145,0.00915,0.01730,0.02246
459,0.01024,0.02421,0.02900,0.02004,0.02505,0.03246,0.02412,0.06570,0.06158,0.00727,0.01969,0.04126,0.00906,0.02460,0.53759,0.01209,0.01258,0.00844,0.01166,0.02335
460,0.02243,0.02856,0.03477,0.50043,0.02891,0.01909,0.03045,0.02844,0.11229,0.00877,0.02397,0.02936,0.01253,0.02608,0.00801,0.00923,0.01519,0.01531,0.01776,0.02842
461,0.01272,0.01945,0.03279,0.00493,0.01722,0.00852,0.02080,0.02180,0.66779,0.00656,0.01642,0.02456,0.01017,0.02185,0.01142,0.00777,0.05096,0.00869,0.01421,0.02137
462,0.01237,0.01993,0.03317,0.00582,0.02194,0.01485,0.02406,0.02469,0.58516,0.00641,0.01650,0.02040,0.01115,0.05408,0.08790,0.00656,0.00950,0.01133,0.01366,0.02054
463,0.04482,0.01032,0.00872,0.06422,0.00735,0.00166,0.01890,0.07886,0.01398,0.12564,0.25384,0.00797,0.13729,0.07908,0.00059,0.00839,0.02755,0.06482,0.00385,0.04215
464,0.09184,0.02770,0.02505,0.00922,0.03408,0.50620,0.03354,0.02878,0.02541,0.00782,0.02965,0.03048,0.01379,0.03446,0.01421,0.01125,0.01469,0.00890,0.01801,0.03491
465,0.01053,0.08596,0.02582,0.45623,0.05318,0.00201,0.03988,0.05211,0.01208,0.01213,0.03196,0.05045,0.01613,0.02590,0.01103,0.01412,0.02387,0.01055,0.03175,0.03428
466,0.01269,0.02614,0.01953,0.02655,0.55458,0.00830,0.02066,0.01987,0.03292,0.00458,0.03209,0.02548,0.01066,0.03662,0.00788,0.00594,0.01445,0.01330,0.10945,0.01832
467,0.01072,0.03394,0.04672,0.03015,0.03486,0.44003,0.03603,0.03767,0.03491,0.00865,0.02466,0.04016,0.01670,0.03757,0.02472,0.01101,0.02209,0.00649,0.03260,0.07032
468,0.00415,0.00980,0.01005,0.00144,0.01125,0.00272,0.05351,0.12402,0.13055,0.04472,0.01973,0.00706,0.00331,0.01622,0.12744,0.06497,0.11076,0.15962,0.00665,0.09204
469,0.60496,0.02074,0.02454,0.02417,0.02111,0.00673,0.02081,0.03793,0.03666,0.00885,0.02595,0.03569,0.00990,0.03113,0.00926,0.01854,0.02306,0.00578,0.01475,0.01945
470,0.00963,0.01875,0.01357,0.04242,0.01443,0.00571,0.01567,0.01535,0.52956,0.00469,0.01463,0.00929,0.00643,0.01970,0.16780,0.00491,0.05546,0.02935,0.00997,0.01269
471,0.01068,0.02961,0.05547,0.02934,0.05259,0.39771,0.03241,0.04207,0.08174,0.01276,0.04924,0.05049,0.01045,0.02999,0.00933,0.01635,0.01589,0.01130,0.02417,0.03842
472,0.01308,0.01430,0.02932,0.02654,0.05676,0.00556,0.02709,0.04035,0.03447,0.01227,0.03540,0.01417,0.01027,0.02815,0.00516,0.55553,0.01927,0.01161,0.02170,0.03902
473,0.00889,0.07785,0.02608,0.02622,0.03485,0.00529,0.00954,0.03627,0.02910,0.00911,0.03429,0.03474,0.01100,0.02873,0.53017,0.02011,0.01353,0.01141,0.01524,0.03757
474,0.37434,0.17141,0.00794,0.01578,0.01146,0.00480,0.01416,0.02181,0.02482,0.00966,0.02151,0.01559,0.00493,0.23947,0.00511,0.00507,0.01142,0.00329,0.02093,0.01648
475,0.01407,0.02288,0.02711,0.03043,0.02981,0.01101,0.02230,0.51041,0.03774,0.00779,0.02485,0.07767,0.00886,0.03502,0.00842,0.00912,0.05128,0.00469,0.03832,0.02822
476,0.01365,0.03748,0.02391,0.02061,0.02567,0.00548,0.02938,0.04841,0.02640,0.01042,0.01899,0.04518,0.00948,0.02284,0.00684,0.00781,0.01269,0.00866,0.59213,0.03398
477,0.00669,0.01030,0.00757,0.01212,0.35402,0.00487,0.05453,0.01349,0.02544,0.00467,0.01940,0.01259,0.00469,0.01957,0.00606,0.00373,0.00733,0.00533,0.01429,0.41331
478,0.01100,0.02443,0.03075,0.02197,0.02989,0.01211,0.01789,0.01074,0.02671,0.00744,0.62618,0.02458,0.00749,0.02206,0.02165,0.00809,0.03086,0.02360,0.01816,0.02438
479,0.02086,0.02204,0.03903,0.03308,0.03479,0.01119,0.03602,0.04974,0.03374,0.01197,0.03457,0.03259,0.01217,0.04339,0.00477,0.00963,0.01716,0.01763,0.48704,0.04860
480,0.01669,0.05082,0.03048,0.03905,0.02946,0.01606,0.02469,0.04067,0.02732,0.38272,0.05746,0.03115,0.00883,0.02326,0.01200,0.06644,0.01331,0.03183,0.07012,0.02763
481,0.01580,0.05179,0.03941,0.10320,0.05527,0.41866,0.02469,0.03587,0.02305,0.01316,0.02823,0.02300,0.00599,0.02964,0.01938,0.01187,0.01138,0.01505,0.03846,0.03609
482,0.29120,0.03294,0.01163,0.02702,0.02181,0.00938,0.01901,0.02848,0.02863,0.00729,0.02462,0.02033,0.00576,0.02328,0.00777,0.37250,0.01424,0.00380,0.02677,0.02354
483,0.01403,0.03780,0.04271,0.04148,0.03491,0.01271,0.02930,0.03528,0.04395,0.01108,0.02140,0.02601,0.01343,0.02910,0.50549,0.00945,0.01490,0.01504,0.02981,0.03212
484,0.01627,0.02186,0.03105,0.02775,0.41377,0.01523,0.03041,0.02775,0.03815,0.06574,0.03032,0.03686,0.01363,0.05525,0.00944,0.00665,0.02055,0.01849,0.02931,0.09154
485,0.01906,0.03848,0.04247,0.03882,0.02711,0.01604,0.05366,0.09989,0.04702,0.25481,0.04045,0.06165,0.02372,0.05074,0.01184,0.00829,0.02987,0.01638,0.02057,0.09914
486,0.02224,0.04907,0.05906,0.37541,0.07513,0.04106,0.03875,0.06509,0.01047,0.02056,0.02587,0.03766,0.01867,0.02884,0.00967,0.01188,0.01488,0.01572,0.02298,0.05699
487,0.01710,0.06285,0.03642,0.04220,0.32375,0.02319,0.02937,0.04384,0.03847,0.06160,0.03688,0.04970,0.01305,0.03567,0.01616,0.06743,0.01738,0.01671,0.03237,0.03587
488,0.02128,0.06476,0.03298,0.29507,0.14140,0.00828,0.03074,0.04606,0.09256,0.01537,0.03387,0.01803,0.01814,0.03321,0.01166,0.01405,0.01270,0.02309,0.04184,0.04489
489,0.38573,0.08493,0.03629,0.03528,0.05917,0.01810,0.01781,0.03019,0.03958,0.01201,0.03008,0.02480,0.00913,0.02226,0.00855,0.06628,0.04454,0.00935,0.03239,0.03354
490,0.01323,0.04841,0.03670,0.03564,0.03651,0.01484,0.01761,0.14599,0.03128,0.33864,0.04302,0.03232,0.03870,0.02372,0.03380,0.01203,0.01218,0.01243,0.04787,0.02507
491,0.01527,0.07459,0.04075,0.01352,0.06843,0.33691,0.04477,0.05725,0.03560,0.01492,0.03395,0.03322,0.02288,0.03575,0.02458,0.01382,0.01666,0.01579,0.03708,0.06429
492,0.01510,0.04177,0.03987,0.08319,0.42283,0.03033,0.01794,0.03531,0.05314,0.01158,0.05728,0.03509,0.00658,0.02588,0.01087,0.00513,0.01063,0.02513,0.04464,0.02767
493,0.02560,0.04327,0.05227,0.05018,0.03568,0.02765,0.03725,0.03820,0.04382,0.41134,0.02914,0.04624,0.01534,0.02598,0.01443,0.00827,0.01912,0.01699,0.02763,0.03162
494,0.02090,0.05112,0.00750,0.10493,0.03448,0.03951,0.01585,0.02790,0.02470,0.01452,0.04744,0.27986,0.01085,0.10316,0.02104,0.04168,0.02473,0.03950,0.06746,0.02289
495,0.03866,0.02950,0.01710,0.48158,0.03885,0.00305,0.02545,0.02878,0.01870,0.00962,0.03270,0.02018,0.01262,0.12505,0.01075,0.01253,0.01272,0.01846,0.03054,0.03314
496,0.01353,0.04325,0.41490,0.05355,0.02850,0.00262,0.01390,0.02250,0.04049,0.01230,0.05048,0.09852,0.00884,0.04241,0.01246,0.01183,0.01461,0.02038,0.04684,0.04807
497,0.01558,0.05242,0.03408,0.07700,0.04603,0.03919,0.36842,0.03628,0.06746,0.00856,0.02589,0.02542,0.01335,0.02813,0.06830,0.01064,0.01203,0.02621,0.04027,0.00474
498,0.02232,0.06022,0.03492,0.03650,0.02241,0.01288,0.03102,0.02203,0.03866,0.00904,0.02267,0.03146,0.01155,0.03080,0.01337,0.00955,0.01074,0.01899,0.53395,0.02694
499,0.00946,0.02201,0.02285,0.01597,0.02198,0.00927,0.01144,0.01513,0.02100,0.46783,0.28297,0.01119,0.00671,0.01574,0.00514,0.00881,0.00523,0.01523,0.01754,0.01450
500,0.12684,0.10902,0.04622,0.08839,0.00174,0.03753,0.07027,0.01191,0.06743,0.00122,0.05110,0.05992,0.00073,0.08931,0.03825,0.07868,0.05971,0.05755,0.00211,0.00209
501,0.01337,0.02634,0.03442,0.03316,0.02891,0.00327,0.02162,0.05622,0.01504,0.00904,0.02877,0.03304,0.00686,0.03039,0.54167,0.02273,0.01260,0.02129,0.03778,0.02348
502,0.07321,0.04023,0.16030,0.10480,0.00575,0.03405,0.05588,0.02334,0.01004,0.02996,0.02963,0.05551,0.03460,0.07660,0.02078,0.09995,0.06285,0.05835,0.00702,0.01715
503,0.01469,0.08519,0.00210,0.02928,0.02043,0.01450,0.01494,0.02591,0.02057,0.00626,0.03306,0.34066,0.00635,0.03647,0.00781,0.01528,0.24386,0.02941,0.02505,0.02817
504,0.01112,0.40965,0.02273,0.01830,0.01786,0.01035,0.01482,0.02060,0.01786,0.02595,0.02606,0.01551,0.01222,0.02789,0.00684,0.28423,0.00845,0.00868,0.02668,0.01419
505,0.10183,0.04445,0.03591,0.01293,0.03303,0.44669,0.01660,0.02382,0.04016,0.00908,0.03972,0.03190,0.00765,0.03611,0.00794,0.01079,0.01165,0.02361,0.03395,0.03219
506,0.26219,0.02044,0.01713,0.02816,0.02357,0.39165,0.01860,0.02402,0.02010,0.00795,0.02345,0.01612,0.00699,0.02369,0.00698,0.04909,0.00986,0.00925,0.01965,0.02112
507,0.01432,0.03266,0.03820,0.04817,0.02918,0.42597,0.02536,0.03638,0.04464,0.01482,0.04847,0.02392,0.01238,0.04250,0.03769,0.01014,0.01377,0.03716,0.03983,0.02444
508,0.01005,0.12304,0.02504,0.03546,0.03581,0.01378,0.01601,0.00760,0.03016,0.01323,0.03694,0.02661,0.00940,0.02227,0.00961,0.00887,0.04614,0.47065,0.03202,0.02730
509,0.01146,0.08071,0.02638,0.44541,0.02261,0.14986,0.01254,0.02256,0.03601,0.00739,0.02704,0.01711,0.00610,0.01995,0.00622,0.03378,0.00791,0.02489,0.02708,0.01499
510,0.01275,0.02886,0.02875,0.09289,0.04002,0.43547,0.01990,0.03223,0.03356,0.00836,0.03569,0.03226,0.00962,0.02015,0.03219,0.06025,0.01156,0.01075,0.01920,0.03555
511,0.02961,0.10907,0.01242,0.01387,0.09658,0.00477,0.02136,0.02961,0.02117,0.18044,0.13132,0.04007,0.00424,0.11108,0.00464,0.04389,0.02765,0.01046,0.04491,0.06283
512,0.06807,0.02236,0.02546,0.01764,0.03014,0.42769,0.01422,0.03246,0.01818,0.00813,0.02646,0.01913,0.07174,0.02045,0.03484,0.08508,0.00905,0.02356,0.02591,0.01942
513,0.00195,0.00517,0.00595,0.00664,0.01465,0.00162,0.00305,0.53853,0.00528,0.06452,0.02893,0.00316,0.00105,0.00421,0.00131,0.00483,0.00797,0.29135,0.00548,0.00437
514,0.11202,0.11980,0.01133,0.01441,0.00651,0.00226,0.01478,0.00898,0.01237,0.00123,0.01386,0.04419,0.21773,0.04304,0.00068,0.13290,0.12222,0.05049,0.00425,0.06694
515,0.02130,0.04545,0.02115,0.03874,0.02294,0.00367,0.01201,0.02319,0.29256,0.00762,0.01947,0.01294,0.00623,0.03344,0.31888,0.02725,0.01358,0.01009,0.01808,0.05141
516,0.00457,0.01204,0.00894,0.00831,0.01247,0.00489,0.04074,0.10379,0.00813,0.20944,0.45802,0.00675,0.03100,0.00624,0.00320,0.00380,0.00369,0.04575,0.01468,0.01354
517,0.01548,0.03319,0.02797,0.01179,0.03580,0.57341,0.02589,0.03399,0.03125,0.00896,0.02490,0.02747,0.01491,0.02662,0.00645,0.01013,0.01677,0.01321,0.03503,0.02679
518,0.01666,0.06868,0.02630,0.03991,0.06794,0.01248,0.00854,0.03661,0.02799,0.00951,0.03360,0.03484,0.04758,0.02715,0.00933,0.01197,0.01264,0.01484,0.03461,0.45880
519,0.00704,0.11043,0.01820,0.01537,0.02166,0.00611,0.01177,0.32596,0.01466,0.10264,0.01452,0.01795,0.00418,0.01029,0.00360,0.00619,0.00414,0.28011,0.01170,0.01347
520,0.00391,0.01018,0.00581,0.01072,0.01298,0.00381,0.00670,0.51891,0.00618,0.26426,0.10666,0.00573,0.00220,0.00925,0.00263,0.00310,0.00304,0.00835,0.00945,0.00612
521,0.02589,0.08813,0.02597,0.42761,0.01634,0.06389,0.01104,0.01501,0.00771,0.00538,0.07093,0.01290,0.00530,0.15981,0.00400,0.00615,0.00597,0.01041,0.01214,0.02539
522,0.07244,0.01583,0.08613,0.15070,0.00631,0.09146,0.04142,0.01381,0.06616,0.00663,0.02784,0.06669,0.00190,0.14696,0.03622,0.08711,0.06680,0.00577,0.00589,0.00392
523,0.00212,0.00421,0.00438,0.00434,0.00367,0.00195,0.00214,0.35400,0.00237,0.22781,0.05442,0.00267,0.00112,0.00263,0.00115,0.00114,0.00081,0.32161,0.00459,0.00287
524,0.05769,0.03249,0.11410,0.04479,0.01989,0.00892,0.07941,0.01121,0.01331,0.00444,0.03048,0.17593,0.00423,0.10523,0.00425,0.17989,0.03288,0.01449,0.02386,0.04251
525,0.04967,0.06203,0.02726,0.06487,0.04481,0.04478,0.04997,0.01606,0.09090,0.06971,0.07244,0.04845,0.00125,0.06902,0.06678,0.05910,0.07073,0.01038,0.01390,0.06791
526,0.02984,0.06023,0.00177,0.03313,0.07428,0.00508,0.05086,0.18534,0.05114,0.05902,0.03848,0.02898,0.00047,0.04271,0.03520,0.03794,0.05951,0.05000,0.06741,0.08863
527,0.06556,0.07243,0.06968,0.09226,0.01847,0.02391,0.10910,0.01115,0.01922,0.01734,0.01935,0.08546,0.12969,0.06230,0.02302,0.07190,0.04041,0.00908,0.01524,0.04443
528,0.01341,0.02421,0.03032,0.02978,0.03367,0.52576,0.02682,0.03229,0.03724,0.00981,0.04051,0.03498,0.00991,0.02974,0.03830,0.00927,0.01420,0.01052,0.02786,0.02141
529,0.01607,0.02309,0.02577,0.08609,0.02468,0.55208,0.01835,0.02503,0.03770,0.00613,0.02604,0.02416,0.00658,0.02275,0.00543,0.02965,0.01183,0.01006,0.02304,0.02545
530,0.05421,0.09938,0.00776,0.00290,0.02556,0.00312,0.10889,0.00630,0.10596,0.15649,0.14917,0.07540,0.00137,0.03452,0.06673,0.03295,0.00192,0.00285,0.00686,0.05767
531,0.01192,0.03222,0.02535,0.03563,0.03338,0.01091,0.01914,0.14069,0.03026,0.13304,0.38318,0.03218,0.00624,0.01896,0.00643,0.00953,0.02132,0.00676,0.02154,0.02133
532,0.01441,0.00504,0.05641,0.04171,0.07511,0.01257,0.09053,0.03883,0.05265,0.01166,0.03655,0.02547,0.00735,0.04415,0.00922,0.00836,0.01199,0.01935,0.02988,0.40874
533,0.51035,0.02029,0.02254,0.02681,0.02101,0.01851,0.01210,0.02007,0.02028,0.00672,0.02736,0.02010,0.00437,0.01973,0.00625,0.17349,0.00379,0.02211,0.02407,0.02007
534,0.01297,0.04603,0.50644,0.02049,0.02173,0.10048,0.01615,0.02255,0.04216,0.00706,0.02672,0.04178,0.00742,0.02640,0.00901,0.00761,0.01247,0.02150,0.02616,0.02485
535,0.02524,0.02865,0.55803,0.02527,0.03206,0.00276,0.01312,0.02546,0.03345,0.00904,0.03406,0.08392,0.00542,0.03335,0.00943,0.00628,0.00838,0.01980,0.03095,0.01533
536,0.00384,0.04162,0.02370,0.02790,0.03594,0.01644,0.01573,0.09813,0.02781,0.00819,0.02627,0.02968,0.00456,0.02337,0.00657,0.01121,0.50580,0.01299,0.05926,0.02100
537,0.52356,0.01797,0.01610,0.02557,0.03033,0.00769,0.01956,0.03926,0.03834,0.00821,0.03409,0.02835,0.00793,0.02625,0.00784,0.00548,0.05720,0.04644,0.03008,0.02975
538,0.77370,0.00285,0.00126,0.00421,0.00315,0.12303,0.00199,0.00368,0.00548,0.00118,0.00428,0.00276,0.00086,0.00357,0.05103,0.00380,0.00137,0.00427,0.00469,0.00284
539,0.01348,0.02036,0.04147,0.03289,0.02934,0.02470,0.01635,0.03273,0.03222,0.00631,0.02703,0.03065,0.00627,0.01851,0.00296,0.00668,0.00967,0.01562,0.60258,0.03018
540,0.00611,0.02289,0.56785,0.02567,0.02563,0.04344,0.00823,0.02399,0.05121,0.00705,0.04837,0.00802,0.00386,0.03293,0.00970,0.00611,0.00618,0.02738,0.05363,0.02176
541,0.02752,0.02742,0.03126,0.05330,0.03273,0.01169,0.01485,0.00621,0.03919,0.00786,0.03883,0.01343,0.00329,0.19800,0.00806,0.01143,0.40197,0.01400,0.03815,0.02081
542,0.00656,0.02005,0.01571,0.02103,0.01876,0.00484,0.00422,0.02203,0.34891,0.00759,0.02193,0.01600,0.00294,0.01884,0.41581,0.00534,0.00638,0.00917,0.01921,0.01468
543,0.01278,0.02735,0.02700,0.03257,0.05116,0.01101,0.01657,0.32886,0.02733,0.00663,0.07280,0.02720,0.01129,0.02055,0.00570,0.01405,0.05130,0.21088,0.01972,0.02524
544,0.00476,0.01526,0.01114,0.01322,0.01364,0.02349,0.11860,0.02143,0.00997,0.00353,0.01328,0.00458,0.00260,0.01211,0.00278,0.26881,0.43488,0.00564,0.01109,0.00919
545,0.02587,0.01792,0.00511,0.00543,0.00708,0.00307,0.01509,0.14448,0.16641,0.01417,0.06428,0.00385,0.00113,0.05066,0.27354,0.11429,0.05705,0.02116,0.00502,0.00441
546,0.02427,0.03135,0.00880,0.00686,0.27967,0.00450,0.06032,0.00552,0.00606,0.03349,0.00837,0.00508,0.00150,0.00557,0.00282,0.00542,0.00560,0.01268,0.25988,0.23224
547,0.00875,0.02090,0.71256,0.01604,0.02990,0.00740,0.00997,0.01695,0.01741,0.00794,0.01926,0.01186,0.00498,0.02034,0.00605,0.00536,0.00556,0.01286,0.02940,0.03651
548,0.00792,0.01877,0.01310,0.02548,0.02028,0.00953,0.00886,0.01538,0.01330,0.71793,0.01749,0.00974,0.01209,0.05025,0.00497,0.00493,0.00458,0.00931,0.02169,0.01440
549,0.05165,0.03707,0.20429,0.17049,0.01394,0.04348,0.06789,0.03821,0.00679,0.00991,0.06869,0.02479,0.00126,0.14943,0.02227,0.02511,0.00735,0.01974,0.01740,0.02026
550,0.01315,0.04309,0.02764,0.03844,0.03696,0.01660,0.01409,0.03170,0.02395,0.01001,0.03194,0.57257,0.00526,0.02523,0.00839,0.00573,0.00881,0.02630,0.03766,0.02248
551,0.01175,0.01913,0.01606,0.68130,0.03176,0.00404,0.01129,0.02029,0.01229,0.00675,0.02643,0.01289,0.00421,0.02355,0.00697,0.00620,0.00541,0.04878,0.03363,0.01725
552,0.39183,0.02589,0.01287,0.03841,0.01369,0.01335,0.00733,0.01526,0.02072,0.00440,0.05977,0.01336,0.00354,0.09587,0.00492,0.21520,0.02291,0.00983,0.02003,0.01081
553,0.02999,0.00914,0.01079,0.01561,0.01194,0.05917,0.00916,0.11968,0.18909,0.20669,0.18016,0.01098,0.02018,0.07560,0.01346,0.00328,0.00375,0.00968,0.01140,0.01023
554,0.00661,0.01620,0.01741,0.02876,0.01526,0.00884,0.00763,0.40533,0.01997,0.02110,0.01179,0.01274,0.00371,0.01690,0.00527,0.00468,0.00400,0.36613,0.01561,0.01206
555,0.04019,0.28687,0.00795,0.00774,0.00961,0.00353,0.00382,0.05586,0.00922,0.07672,0.05678,0.00408,0.00128,0.00785,0.00219,0.02175,0.19229,0.19803,0.00872,0.00549
556,0.02466,0.00167,0.11284,0.14954,0.01499,0.04494,0.07690,0.00147,0.09388,0.02035,0.05261,0.09860,0.00039,0.10414,0.07613,0.03618,0.05950,0.00185,0.00747,0.02189
557,0.01050,0.00466,0.01997,0.03221,0.13378,0.00214,0.08486,0.00295,0.00455,0.11142,0.11374,0.00230,0.00132,0.24227,0.00470,0.01361,0.00132,0.00188,0.04514,0.16667
558,0.00622,0.01763,0.01719,0.01896,0.01460,0.00931,0.00765,0.05268,0.01680,0.01172,0.71598,0.01303,0.00304,0.00892,0.01172,0.00422,0.00413,0.03569,0.01984,0.01066
559,0.08171,0.04363,0.12571,0.11864,0.00208,0.03606,0.04609,0.00395,0.06150,0.01939,0.03661,0.08469,0.01256,0.07580,0.03189,0.10514,0.09124,0.01828,0.00249,0.00255
560,0.05907,0.02254,0.09194,0.07192,0.01110,0.02135,0.07577,0.04114,0.04001,0.04267,0.03349,0.04053,0.08987,0.08521,0.04986,0.07830,0.05654,0.03409,0.02008,0.03453
561,0.05301,0.03969,0.03349,0.02456,0.07325,0.05082,0.09096,0.02412,0.04848,0.04239,0.04670,0.05950,0.03160,0.04370,0.04691,0.05765,0.03994,0.02753,0.05625,0.10943
562,0.00869,0.01883,0.01719,0.04317,0.02188,0.01009,0.63204,0.01518,0.03252,0.00351,0.03199,0.01891,0.00187,0.06821,0.01676,0.00464,0.00500,0.01246,0.03070,0.00634
563,0.13970,0.01447,0.01048,0.00969,0.00830,0.04962,0.00426,0.00472,0.32667,0.00334,0.00868,0.00535,0.00186,0.07786,0.30239,0.00902,0.00261,0.00441,0.01016,0.00640
