site,A,C,D,E,F,G,H,I,K,L,M,N,P,Q,R,S,T,V,W,Y
451,0.01280,0.42357,0.02904,0.02821,0.04200,0.01361,0.03863,0.09126,0.05790,0.01160,0.03820,0.06073,0.01165,0.02961,0.00372,0.04453,0.02210,0.01388,0.01348,0.01346
452,0.03921,0.02176,0.03209,0.05274,0.02483,0.00425,0.02423,0.20961,0.02605,0.00529,0.03868,0.03402,0.00950,0.02175,0.00527,0.00714,0.01038,0.38328,0.01808,0.03184
453,0.01772,0.00735,0.02196,0.02653,0.03091,0.00844,0.00674,0.04680,0.05281,0.01159,0.04627,0.03184,0.01940,0.04598,0.01175,0.01012,0.03456,0.01336,0.02452,0.53135
454,0.01273,0.02926,0.04636,0.03329,0.03322,0.00952,0.03495,0.10874,0.02628,0.01047,0.03925,0.46646,0.01188,0.03584,0.00961,0.00293,0.02337,0.01142,0.02896,0.02547
455,0.01328,0.03507,0.03843,0.02759,0.02583,0.00848,0.03762,0.14987,0.03735,0.00707,0.41736,0.04545,0.01428,0.04230,0.00732,0.01079,0.00564,0.00343,0.01910,0.05374
456,0.01494,0.02478,0.03118,0.03159,0.04999,0.00938,0.04216,0.05832,0.05312,0.00887,0.46921,0.04401,0.01405,0.03008,0.01261,0.01532,0.00522,0.02244,0.02492,0.03781
457,0.01183,0.01970,0.02913,0.05251,0.02695,0.50536,0.03190,0.03247,0.03982,0.00850,0.03027,0.04037,0.01099,0.04101,0.00576,0.00973,0.01382,0.03644,0.01506,0.03836
458,0.01071,0.01812,0.03131,0.00889,0.01764,0.00886,0.02124,0.02503,0.53423,0.00697,0.02395,0.02193,0.00909,0.13868,0.02487,0.00732,0.04073,0.00968,0.01682,0.02393
459,0.01176,0.02737,0.03306,0.02322,0.02880,0.00180,0.02644,0.14081,0.02841,0.00821,0.02248,0.04609,0.01043,0.02929,0.48873,0.00677,0.01453,0.00986,0.01350,0.02844
460,0.02012,0.02649,0.05239,0.37956,0.02998,0.00256,0.02983,0.02787,0.24116,0.00919,0.02352,0.02930,0.01295,0.02700,0.00822,0.00927,0.01538,0.00760,0.01814,0.02947
461,0.01273,0.01993,0.03438,0.00497,0.01791,0.01143,0.02225,0.02255,0.48088,0.00686,0.01719,0.18006,0.01071,0.03559,0.05683,0.00793,0.01113,0.00915,0.01503,0.02247
462,0.01489,0.02335,0.03979,0.01371,0.02708,0.01278,0.02862,0.03006,0.52387,0.00781,0.01961,0.03866,0.01290,0.02157,0.11209,0.00778,0.01140,0.01333,0.01611,0.02458
463,0.06122,0.00942,0.00953,0.08893,0.00596,0.00239,0.00744,0.09632,0.01036,0.09892,0.26712,0.00622,0.10486,0.08191,0.00782,0.01251,0.03379,0.06155,0.00751,0.02625
464,0.04055,0.03257,0.02775,0.05384,0.04043,0.43863,0.03954,0.03272,0.02949,0.00892,0.03311,0.03506,0.01590,0.03896,0.02944,0.01287,0.01657,0.01103,0.02015,0.04248
465,0.03081,0.09257,0.05663,0.36522,0.05562,0.00212,0.04346,0.05168,0.01275,0.01268,0.03512,0.05236,0.01770,0.02677,0.01126,0.01528,0.02547,0.02242,0.03462,0.03544
466,0.01369,0.02589,0.02150,0.02983,0.45341,0.00924,0.02263,0.02161,0.03661,0.07629,0.03479,0.02719,0.01140,0.04169,0.00878,0.03693,0.01560,0.01462,0.07441,0.02390
467,0.01211,0.03757,0.04714,0.04515,0.04043,0.37714,0.03887,0.04344,0.03914,0.00997,0.02816,0.04301,0.01947,0.04045,0.03607,0.01278,0.02536,0.00667,0.01625,0.08083
468,0.00868,0.02450,0.02805,0.00370,0.02499,0.00700,0.05266,0.02906,0.24633,0.01278,0.02400,0.01765,0.00846,0.08643,0.16550,0.05721,0.09811,0.05518,0.01747,0.03224
469,0.49254,0.02223,0.02629,0.04172,0.02245,0.00733,0.02164,0.04028,0.03750,0.00942,0.02858,0.03706,0.01076,0.03304,0.01003,0.03460,0.02439,0.06285,0.01605,0.02125
470,0.01403,0.02812,0.01937,0.01204,0.02045,0.00946,0.02166,0.02273,0.57408,0.00588,0.01536,0.02855,0.00942,0.01694,0.13536,0.00709,0.01877,0.00826,0.01437,0.01805
471,0.01198,0.05367,0.04885,0.03165,0.05695,0.33018,0.03351,0.04699,0.09406,0.01389,0.05625,0.05339,0.01174,0.03477,0.00971,0.00861,0.01786,0.01789,0.02688,0.04117
472,0.01388,0.08334,0.03134,0.02747,0.06413,0.00295,0.02918,0.04389,0.03826,0.01303,0.03760,0.01878,0.01114,0.03129,0.03207,0.43197,0.01298,0.01242,0.02281,0.04147
473,0.01131,0.00577,0.03355,0.03420,0.04543,0.00591,0.01132,0.04330,0.03960,0.00991,0.04218,0.04361,0.00969,0.03755,0.51557,0.01026,0.01775,0.01496,0.02021,0.04791
474,0.49504,0.04895,0.02357,0.02736,0.02047,0.01220,0.02504,0.02797,0.04164,0.01173,0.03712,0.02845,0.00952,0.03051,0.00912,0.01540,0.05306,0.01516,0.03765,0.03006
475,0.01531,0.02757,0.03431,0.03777,0.02374,0.01339,0.02717,0.47850,0.04926,0.00936,0.03163,0.04954,0.01103,0.04345,0.01026,0.00994,0.00473,0.04017,0.04799,0.03489
476,0.01434,0.03279,0.02585,0.02099,0.02791,0.02159,0.03174,0.04951,0.02761,0.02314,0.02032,0.05017,0.00996,0.02384,0.07593,0.00828,0.01386,0.00918,0.47620,0.03681
477,0.00967,0.03685,0.01088,0.01812,0.25685,0.00700,0.01715,0.01964,0.03574,0.00671,0.02689,0.01776,0.00690,0.02811,0.00863,0.00534,0.01022,0.00760,0.02089,0.44906
478,0.01217,0.02770,0.03409,0.02470,0.03535,0.01315,0.02070,0.01152,0.02978,0.01952,0.53002,0.02795,0.00844,0.02422,0.00735,0.00935,0.10912,0.00622,0.02072,0.02793
479,0.02103,0.03184,0.04400,0.03515,0.03693,0.02924,0.03889,0.05134,0.03565,0.03082,0.03549,0.03421,0.01265,0.04212,0.04595,0.00990,0.01778,0.01790,0.37719,0.05191
480,0.02047,0.06660,0.03767,0.04461,0.03398,0.01911,0.03016,0.04982,0.03544,0.35562,0.04737,0.03768,0.01301,0.02902,0.01462,0.03488,0.01654,0.04603,0.03249,0.03488
481,0.01943,0.06184,0.04602,0.05858,0.05830,0.37765,0.02937,0.04342,0.02605,0.01472,0.03276,0.02811,0.00706,0.03573,0.02015,0.01443,0.01351,0.03087,0.04501,0.03699
482,0.27012,0.04299,0.01414,0.03183,0.02763,0.01148,0.02350,0.03439,0.03594,0.00917,0.03108,0.02580,0.00844,0.02898,0.00959,0.22546,0.06465,0.04259,0.03356,0.02866
483,0.01267,0.03316,0.03691,0.03693,0.03116,0.09952,0.02697,0.11074,0.08305,0.00997,0.01910,0.02336,0.01204,0.02647,0.33780,0.01729,0.01362,0.01330,0.02733,0.02860
484,0.01877,0.02405,0.03330,0.03046,0.35753,0.01774,0.03611,0.03346,0.04497,0.01514,0.03541,0.04419,0.01585,0.05597,0.01055,0.01880,0.02421,0.01577,0.03399,0.13375
485,0.02121,0.04232,0.04670,0.04102,0.05575,0.01802,0.05088,0.09605,0.05003,0.19417,0.04346,0.06706,0.02642,0.05588,0.01255,0.00557,0.03389,0.01767,0.02267,0.09870
486,0.04226,0.05682,0.03315,0.29595,0.09882,0.00594,0.04494,0.07918,0.04148,0.02463,0.02925,0.04235,0.02339,0.03284,0.01171,0.01431,0.01636,0.01844,0.02624,0.06194
487,0.01972,0.06987,0.04163,0.05214,0.25471,0.02524,0.03463,0.04151,0.04540,0.05433,0.04440,0.05608,0.01437,0.04056,0.01870,0.05277,0.01927,0.01708,0.04014,0.05746
488,0.01690,0.06875,0.08531,0.22971,0.13019,0.03537,0.03261,0.04767,0.05033,0.01722,0.04065,0.02182,0.01871,0.03705,0.01469,0.01562,0.01386,0.02043,0.05484,0.04827
489,0.32258,0.09483,0.03392,0.04160,0.06967,0.02122,0.02072,0.03572,0.04612,0.01390,0.03468,0.02890,0.01061,0.02603,0.00992,0.09832,0.00664,0.00973,0.03722,0.03767
490,0.01881,0.06923,0.05019,0.04629,0.03290,0.01985,0.02682,0.09291,0.04100,0.31355,0.04909,0.04609,0.00306,0.03293,0.01121,0.01587,0.01748,0.01792,0.06234,0.03242
491,0.01627,0.07724,0.04661,0.01336,0.07266,0.24636,0.04746,0.06583,0.04400,0.01601,0.03661,0.03959,0.02438,0.03887,0.00574,0.01537,0.01784,0.06982,0.03928,0.06667
492,0.01587,0.04273,0.04247,0.08158,0.30104,0.03431,0.01816,0.03888,0.05393,0.09217,0.05889,0.03649,0.00690,0.02662,0.01133,0.00489,0.01140,0.02104,0.04716,0.05413
493,0.02124,0.03318,0.04098,0.04133,0.24726,0.02257,0.02956,0.05991,0.03725,0.22473,0.06756,0.03715,0.01295,0.02231,0.01176,0.01872,0.01512,0.01400,0.01863,0.02379
494,0.02230,0.05775,0.02380,0.11302,0.03696,0.04336,0.02287,0.04495,0.02578,0.01632,0.05244,0.22080,0.01238,0.12074,0.02365,0.00387,0.02080,0.04377,0.06813,0.02630
495,0.01693,0.03545,0.02087,0.43104,0.04811,0.02434,0.02960,0.03512,0.03139,0.01170,0.03874,0.02430,0.01468,0.10320,0.01294,0.01299,0.01514,0.01701,0.03706,0.03939
496,0.01468,0.04793,0.33694,0.07036,0.03214,0.00273,0.01794,0.02343,0.04320,0.01309,0.05374,0.11771,0.00946,0.04919,0.01292,0.01248,0.01524,0.05182,0.04203,0.03298
497,0.01858,0.05950,0.03928,0.08911,0.05438,0.02475,0.31530,0.04108,0.03436,0.03275,0.03000,0.08820,0.01007,0.02590,0.02519,0.01223,0.01373,0.02861,0.04613,0.01085
498,0.02536,0.07278,0.04039,0.04248,0.02628,0.01480,0.03490,0.02610,0.04325,0.02601,0.02587,0.03395,0.01328,0.03520,0.00829,0.01096,0.01259,0.02216,0.45477,0.03057
499,0.01278,0.03026,0.03054,0.02159,0.03039,0.01266,0.01531,0.00515,0.01823,0.37645,0.28265,0.01571,0.00874,0.02148,0.00977,0.01211,0.04906,0.00353,0.02362,0.01997
500,0.10364,0.10152,0.06162,0.09392,0.00388,0.05689,0.06096,0.03875,0.07684,0.00345,0.05304,0.05267,0.00125,0.08643,0.02503,0.06270,0.06428,0.04497,0.00414,0.00401
501,0.01416,0.02567,0.03593,0.06712,0.02943,0.00327,0.02213,0.08843,0.08716,0.00934,0.02929,0.03271,0.00704,0.02988,0.41417,0.00911,0.01282,0.02259,0.03562,0.02414
502,0.06725,0.04087,0.05530,0.10110,0.01445,0.01337,0.08970,0.05748,0.01677,0.03713,0.02201,0.07541,0.03344,0.11119,0.03443,0.09562,0.06155,0.05276,0.00908,0.01111
503,0.06115,0.07333,0.02603,0.02679,0.01971,0.01387,0.05008,0.02450,0.02306,0.00587,0.11315,0.24329,0.00605,0.03466,0.00733,0.01511,0.16067,0.03164,0.02396,0.03975
504,0.01235,0.39327,0.02790,0.02347,0.02138,0.01224,0.01786,0.02455,0.02067,0.00546,0.03313,0.01855,0.01729,0.03352,0.00848,0.25999,0.01004,0.01059,0.03238,0.01686
505,0.08647,0.05076,0.04052,0.04196,0.03220,0.36172,0.01780,0.02268,0.04119,0.03274,0.07950,0.03340,0.00824,0.03912,0.00714,0.01158,0.01243,0.01267,0.03259,0.03531
506,0.16943,0.03880,0.07428,0.03195,0.03089,0.38233,0.02358,0.03021,0.02560,0.01010,0.03058,0.02115,0.00881,0.03014,0.00899,0.00633,0.01270,0.01196,0.02523,0.02694
507,0.01656,0.04141,0.04952,0.01147,0.03721,0.39578,0.03136,0.04714,0.05277,0.01825,0.05556,0.02975,0.01525,0.05456,0.01042,0.01269,0.01687,0.02242,0.05042,0.03058
508,0.00938,0.18974,0.02401,0.03748,0.02937,0.02062,0.01747,0.02356,0.03200,0.01080,0.04029,0.02835,0.01008,0.02383,0.00993,0.00975,0.03803,0.38015,0.03562,0.02952
509,0.01473,0.09139,0.03841,0.48414,0.03140,0.02086,0.01841,0.03323,0.01933,0.01039,0.03992,0.02412,0.00882,0.02841,0.00871,0.03400,0.01132,0.02107,0.04014,0.02121
510,0.10391,0.02862,0.02969,0.06916,0.03944,0.32564,0.02031,0.03225,0.03209,0.00793,0.03473,0.03126,0.00941,0.02048,0.01725,0.11473,0.01119,0.01053,0.02519,0.03620
511,0.01654,0.05416,0.02402,0.01598,0.08839,0.00561,0.01178,0.03016,0.04449,0.15724,0.05316,0.02438,0.00482,0.13834,0.02288,0.12078,0.02844,0.00676,0.08894,0.06314
512,0.08307,0.02347,0.02743,0.02375,0.03584,0.35912,0.01623,0.03517,0.01996,0.00904,0.02954,0.02503,0.08287,0.02843,0.01019,0.08359,0.01010,0.04484,0.03103,0.02130
513,0.00593,0.00576,0.00604,0.00687,0.01213,0.00183,0.01307,0.37285,0.00561,0.05326,0.07288,0.00351,0.00341,0.00974,0.00142,0.00088,0.06385,0.35321,0.00309,0.00463
514,0.11287,0.08245,0.01157,0.01323,0.00547,0.00845,0.00754,0.02290,0.01088,0.00198,0.01868,0.03539,0.19777,0.03001,0.00150,0.13039,0.13149,0.05455,0.00395,0.11892
515,0.02118,0.03491,0.02432,0.04578,0.03063,0.00388,0.01301,0.06374,0.26773,0.00848,0.02147,0.01469,0.00725,0.02814,0.27324,0.03397,0.01625,0.01148,0.02090,0.05896
516,0.00589,0.01665,0.01242,0.01108,0.12359,0.00636,0.02278,0.08307,0.01140,0.20875,0.39237,0.00883,0.01022,0.00849,0.00806,0.00507,0.00497,0.02440,0.01858,0.01703
517,0.01749,0.03637,0.03092,0.01288,0.04086,0.47251,0.02948,0.03775,0.03689,0.00993,0.02862,0.03072,0.01677,0.02761,0.00686,0.01121,0.01820,0.06722,0.03848,0.02926
518,0.01328,0.01109,0.03932,0.03367,0.06109,0.01874,0.01515,0.02990,0.02228,0.00809,0.02708,0.09069,0.22733,0.02315,0.00767,0.01372,0.01821,0.01262,0.04369,0.28325
519,0.01731,0.17479,0.01895,0.01973,0.01994,0.00639,0.01182,0.26297,0.01593,0.09246,0.02998,0.01130,0.00424,0.01047,0.00378,0.00427,0.02595,0.24357,0.01219,0.01396
520,0.00435,0.01127,0.00662,0.01283,0.01430,0.00439,0.00722,0.43498,0.00708,0.22528,0.17449,0.00635,0.00877,0.00920,0.00272,0.00351,0.00353,0.04588,0.01024,0.00699
521,0.04046,0.09133,0.07779,0.31142,0.01625,0.03307,0.03239,0.01468,0.02659,0.01054,0.02295,0.01237,0.00528,0.16571,0.00812,0.02390,0.00568,0.00760,0.02295,0.07092
522,0.04547,0.02075,0.08369,0.11465,0.00807,0.06833,0.06697,0.01396,0.07157,0.02307,0.03782,0.06867,0.00194,0.12526,0.05416,0.08534,0.08677,0.01368,0.00595,0.00387
523,0.00332,0.01534,0.00863,0.00886,0.00957,0.00386,0.00422,0.27452,0.00581,0.22617,0.08319,0.00540,0.00192,0.00551,0.00314,0.00231,0.00165,0.32237,0.00851,0.00570
524,0.07293,0.03941,0.11121,0.03858,0.02141,0.00955,0.08133,0.02063,0.01196,0.00512,0.06990,0.15865,0.00508,0.06343,0.00516,0.16591,0.04611,0.01676,0.02866,0.02821
525,0.02986,0.07685,0.04424,0.07506,0.03516,0.04044,0.05895,0.01510,0.07140,0.05524,0.06353,0.06815,0.00152,0.05873,0.05457,0.06131,0.05968,0.01507,0.02862,0.08651
526,0.03201,0.08272,0.00499,0.05873,0.08490,0.01094,0.05428,0.15918,0.09554,0.04939,0.02500,0.02100,0.00093,0.03181,0.03843,0.04023,0.05427,0.06829,0.03551,0.05186
527,0.05390,0.14139,0.07913,0.07005,0.02919,0.03558,0.09316,0.01056,0.03215,0.02844,0.01257,0.09186,0.09886,0.05448,0.02622,0.04986,0.05437,0.00844,0.01450,0.01531
528,0.02639,0.02794,0.03394,0.01456,0.03802,0.45322,0.03116,0.03792,0.03997,0.01121,0.04695,0.04106,0.01136,0.03537,0.04761,0.01089,0.01660,0.01750,0.03278,0.02558
529,0.09326,0.03842,0.02493,0.02754,0.02415,0.40073,0.04629,0.02485,0.03710,0.00593,0.02575,0.05512,0.00639,0.02286,0.00512,0.08724,0.01748,0.00946,0.02187,0.02554
530,0.07126,0.06149,0.01554,0.00512,0.06511,0.00613,0.10975,0.01258,0.15718,0.07814,0.07671,0.07451,0.00694,0.03329,0.07817,0.03586,0.01307,0.00563,0.01603,0.07752
531,0.01345,0.03593,0.02809,0.03985,0.03204,0.01210,0.02185,0.20600,0.03310,0.07897,0.32578,0.03598,0.00700,0.02111,0.00903,0.01065,0.03164,0.00866,0.02571,0.02305
532,0.01606,0.08490,0.03395,0.04459,0.05944,0.01333,0.07557,0.04584,0.06134,0.01288,0.04195,0.03514,0.00814,0.04896,0.01004,0.00948,0.01303,0.02040,0.03458,0.33039
533,0.52012,0.02792,0.03143,0.03525,0.02834,0.03882,0.01694,0.02734,0.02671,0.00911,0.03651,0.02732,0.00761,0.02680,0.00857,0.00722,0.04659,0.01903,0.03141,0.02698
534,0.01414,0.05051,0.44764,0.05275,0.02588,0.04222,0.01941,0.02667,0.04475,0.00831,0.03040,0.03760,0.00858,0.03137,0.01032,0.00910,0.01407,0.02452,0.03013,0.07162
535,0.00681,0.03090,0.43777,0.03764,0.03120,0.06477,0.01383,0.02726,0.03569,0.00935,0.03623,0.01706,0.00564,0.03405,0.00975,0.00646,0.00894,0.06410,0.03015,0.09239
536,0.03695,0.04926,0.02958,0.03531,0.04337,0.02045,0.01910,0.01276,0.03531,0.00992,0.02873,0.02673,0.01392,0.02848,0.00798,0.02264,0.46543,0.01595,0.07277,0.02537
537,0.42937,0.01956,0.04191,0.02639,0.03319,0.00832,0.02134,0.04100,0.04111,0.00921,0.03823,0.02951,0.00747,0.02931,0.00858,0.01096,0.05918,0.08222,0.03251,0.03063
538,0.63423,0.00572,0.02261,0.00687,0.00542,0.15209,0.00320,0.00610,0.00929,0.00197,0.00698,0.00453,0.00143,0.00576,0.09360,0.02348,0.00219,0.00214,0.00760,0.00477
539,0.01596,0.02340,0.05038,0.03682,0.03475,0.02025,0.01831,0.03823,0.03778,0.00728,0.03156,0.03624,0.00725,0.02192,0.02511,0.00758,0.01109,0.01805,0.52344,0.03460
540,0.00946,0.02607,0.48052,0.03070,0.02903,0.01333,0.01072,0.02647,0.05742,0.00802,0.05027,0.05393,0.00430,0.03746,0.01105,0.00671,0.00676,0.01188,0.05927,0.06661
541,0.00782,0.03316,0.03670,0.05633,0.03488,0.01368,0.01694,0.01737,0.04443,0.00932,0.04585,0.01830,0.00650,0.22527,0.00939,0.00778,0.33288,0.01564,0.04381,0.02393
542,0.00910,0.04109,0.02182,0.03025,0.02725,0.00879,0.00510,0.03141,0.20668,0.00782,0.03242,0.02267,0.00455,0.02676,0.43210,0.02167,0.00899,0.01310,0.02732,0.02109
543,0.01492,0.03518,0.03617,0.04337,0.03293,0.01483,0.02208,0.31739,0.03418,0.00799,0.03792,0.03702,0.01453,0.02716,0.00738,0.02135,0.00999,0.22724,0.02602,0.03235
544,0.00707,0.01968,0.01287,0.01639,0.01642,0.00448,0.14599,0.01380,0.01216,0.00420,0.01596,0.08628,0.00311,0.01416,0.00656,0.24933,0.33990,0.00692,0.01361,0.01111
545,0.04257,0.04659,0.00633,0.07052,0.01137,0.00751,0.02638,0.08487,0.15747,0.01709,0.03100,0.01193,0.00141,0.08017,0.17836,0.09634,0.06861,0.04648,0.00630,0.00869
546,0.06143,0.07583,0.02398,0.01045,0.23050,0.00505,0.10875,0.03144,0.00682,0.00141,0.02837,0.02020,0.00218,0.00615,0.00312,0.00168,0.01061,0.02031,0.17827,0.17343
547,0.01410,0.02071,0.55127,0.01647,0.02919,0.08893,0.01020,0.01754,0.01767,0.00804,0.01995,0.08012,0.00511,0.02093,0.00631,0.00548,0.00570,0.01476,0.02916,0.03835
548,0.00830,0.01983,0.01345,0.02717,0.02135,0.01023,0.00936,0.01587,0.01413,0.56670,0.03556,0.01015,0.00339,0.16319,0.02335,0.00517,0.00475,0.00981,0.02312,0.01511
549,0.04099,0.04154,0.16900,0.13022,0.01540,0.00977,0.05514,0.06911,0.01766,0.02549,0.09434,0.04442,0.00129,0.10907,0.01794,0.03080,0.01473,0.08065,0.01153,0.02092
550,0.01303,0.08789,0.00611,0.04021,0.03712,0.01651,0.11808,0.03160,0.03731,0.00982,0.03866,0.42699,0.00531,0.02594,0.00844,0.00546,0.00868,0.02355,0.03721,0.02207
551,0.00877,0.02235,0.05507,0.58326,0.03692,0.00465,0.01312,0.02361,0.02538,0.00778,0.03019,0.01483,0.00481,0.02771,0.00803,0.00707,0.00623,0.06266,0.03841,0.01917
552,0.24085,0.08914,0.01587,0.02052,0.01110,0.01814,0.00617,0.01308,0.01670,0.00565,0.07541,0.01086,0.00348,0.15939,0.00399,0.26112,0.01477,0.00884,0.01601,0.00893
553,0.04400,0.01087,0.01276,0.03420,0.01418,0.09322,0.00930,0.19473,0.06781,0.18122,0.13873,0.01221,0.02919,0.05192,0.03691,0.00939,0.00531,0.01101,0.01377,0.02926
554,0.00713,0.06660,0.01929,0.02997,0.03132,0.00943,0.00858,0.33151,0.02272,0.03067,0.03167,0.03468,0.00417,0.01865,0.00586,0.00524,0.03149,0.28093,0.01698,0.01310
555,0.04113,0.25508,0.00945,0.00927,0.01116,0.00485,0.00447,0.08066,0.01091,0.08889,0.07972,0.00470,0.00176,0.00924,0.00261,0.02716,0.17065,0.17134,0.01052,0.00644
556,0.01965,0.00199,0.10123,0.13695,0.01579,0.06160,0.07281,0.00427,0.06433,0.02873,0.05998,0.08903,0.00059,0.11998,0.07087,0.03811,0.05855,0.01082,0.02046,0.02423
557,0.03449,0.01128,0.05437,0.07969,0.13950,0.00185,0.09591,0.00966,0.00622,0.12920,0.11216,0.00246,0.00111,0.15474,0.00084,0.02865,0.00176,0.00205,0.05239,0.08165
558,0.00785,0.02307,0.02183,0.02397,0.01871,0.01162,0.00988,0.00843,0.03125,0.00844,0.67985,0.01695,0.00388,0.01155,0.00595,0.00542,0.02879,0.04396,0.02476,0.01385
559,0.08536,0.07561,0.11353,0.08587,0.00238,0.05813,0.06751,0.00625,0.06467,0.01467,0.02928,0.06436,0.02271,0.06839,0.01790,0.09929,0.09101,0.02493,0.00247,0.00567
560,0.06805,0.03683,0.08013,0.05958,0.01936,0.03000,0.05391,0.04981,0.04357,0.03298,0.03113,0.05301,0.08999,0.07809,0.04082,0.06892,0.05568,0.05438,0.01507,0.03869
561,0.03291,0.04490,0.04023,0.02352,0.06472,0.03464,0.09310,0.03614,0.05500,0.03839,0.04317,0.05650,0.04354,0.04839,0.08181,0.04322,0.05050,0.03703,0.03985,0.09242
562,0.00952,0.01987,0.01857,0.04834,0.02422,0.01092,0.51918,0.01678,0.03510,0.00821,0.03534,0.01138,0.00204,0.13993,0.02394,0.00510,0.00549,0.01330,0.03346,0.01930
563,0.30738,0.02267,0.01113,0.01252,0.00849,0.00271,0.00443,0.00503,0.21651,0.00347,0.00913,0.00568,0.00197,0.10189,0.23977,0.02196,0.00275,0.00462,0.01100,0.00689
