site,A,C,D,E,F,G,H,I,K,L,M,N,P,Q,R,S,T,V,W,Y
451,0.01000,0.55587,0.02277,0.02207,0.03782,0.02393,0.03016,0.07153,0.04511,0.00904,0.02999,0.04795,0.00910,0.02300,0.00290,0.00954,0.01728,0.01086,0.01055,0.01053
452,0.01377,0.01550,0.02310,0.03616,0.01780,0.00551,0.01731,0.26418,0.01871,0.00345,0.03065,0.02435,0.00684,0.01558,0.00378,0.00512,0.00745,0.45503,0.01298,0.02274
453,0.01296,0.00537,0.01605,0.01941,0.02045,0.00617,0.00493,0.03419,0.03862,0.00848,0.03388,0.02829,0.01417,0.03364,0.00976,0.00740,0.02525,0.00976,0.01794,0.65326
454,0.00930,0.02019,0.09119,0.02303,0.02274,0.00651,0.06883,0.08808,0.01822,0.00718,0.02719,0.50075,0.00819,0.02447,0.00655,0.00326,0.02912,0.00782,0.01984,0.01753
455,0.01054,0.02753,0.03012,0.02170,0.02034,0.00672,0.02996,0.11228,0.02931,0.00558,0.53724,0.03605,0.01129,0.03326,0.00574,0.00845,0.01317,0.00271,0.01512,0.04288
456,0.01796,0.01974,0.02414,0.02486,0.03851,0.00730,0.03256,0.07724,0.04545,0.01076,0.54860,0.03426,0.01095,0.02344,0.01176,0.01185,0.00406,0.00746,0.01957,0.02952
457,0.00968,0.01613,0.02363,0.03806,0.02202,0.59944,0.02603,0.02668,0.03502,0.00695,0.02466,0.03295,0.00900,0.03350,0.00469,0.00796,0.01126,0.02896,0.01226,0.03113
458,0.00856,0.01445,0.02503,0.00709,0.01412,0.00707,0.01694,0.02037,0.67375,0.00556,0.01902,0.03262,0.00725,0.06565,0.02691,0.00583,0.00960,0.00771,0.01343,0.01904
459,0.00886,0.02063,0.02480,0.01765,0.02166,0.00134,0.01983,0.07624,0.05506,0.00615,0.01687,0.03517,0.00788,0.02210,0.61077,0.00510,0.01099,0.00736,0.01018,0.02134
460,0.01399,0.02112,0.06247,0.50548,0.02346,0.00201,0.02345,0.02219,0.17664,0.00717,0.01864,0.02290,0.01026,0.02127,0.00639,0.00735,0.01210,0.00596,0.01424,0.02291
461,0.00954,0.01488,0.02588,0.00372,0.01339,0.00887,0.01677,0.01689,0.65967,0.00517,0.01887,0.10060,0.00804,0.01322,0.02861,0.00596,0.01495,0.00689,0.01132,0.01675
462,0.00998,0.01562,0.02668,0.00453,0.01818,0.00991,0.01911,0.02015,0.59486,0.00525,0.01060,0.04666,0.00863,0.01719,0.12893,0.00522,0.02235,0.00890,0.01078,0.01649
463,0.06540,0.00763,0.00864,0.08575,0.00354,0.00142,0.01756,0.08788,0.00577,0.10758,0.26388,0.00402,0.10785,0.08285,0.00516,0.01368,0.03730,0.06280,0.00447,0.02683
464,0.05086,0.02522,0.02143,0.01046,0.03121,0.57287,0.03074,0.02526,0.02282,0.00686,0.02556,0.02713,0.01232,0.03023,0.02342,0.00997,0.01277,0.01224,0.01552,0.03310
465,0.01231,0.07372,0.02268,0.49649,0.04427,0.00170,0.03458,0.04176,0.05051,0.01015,0.02786,0.04179,0.01405,0.02139,0.00902,0.01215,0.02045,0.00909,0.02771,0.02831
466,0.01021,0.03055,0.01604,0.02204,0.57269,0.00686,0.01684,0.01594,0.02713,0.06824,0.02593,0.02041,0.00851,0.03149,0.00656,0.00478,0.01163,0.00820,0.08115,0.01480
467,0.01284,0.03011,0.03753,0.04689,0.03234,0.50738,0.03116,0.03465,0.03132,0.00797,0.02242,0.03438,0.01551,0.03241,0.00508,0.01020,0.02026,0.01341,0.00988,0.06425
468,0.00776,0.01648,0.01822,0.00243,0.01667,0.00525,0.04063,0.04259,0.27849,0.01167,0.01787,0.01270,0.00563,0.08508,0.17008,0.05605,0.11980,0.05796,0.01158,0.02306
469,0.60704,0.01627,0.01919,0.06647,0.01635,0.00534,0.01577,0.02973,0.02742,0.00690,0.02100,0.02706,0.00843,0.02420,0.00731,0.02347,0.00630,0.04446,0.01173,0.01554
470,0.00896,0.01783,0.01239,0.01342,0.01303,0.00777,0.01378,0.01588,0.62060,0.00374,0.00980,0.01519,0.00598,0.01078,0.17198,0.00451,0.02578,0.00790,0.00913,0.01155
471,0.00884,0.05781,0.10387,0.02369,0.04423,0.40932,0.02424,0.03528,0.07188,0.01021,0.04103,0.03860,0.00828,0.02522,0.00706,0.01722,0.01358,0.00892,0.01985,0.03088
472,0.01023,0.04691,0.02311,0.02025,0.04727,0.00218,0.02152,0.03322,0.02820,0.00961,0.02772,0.03842,0.00821,0.02307,0.03240,0.55794,0.01318,0.00916,0.01682,0.03058
473,0.00817,0.00417,0.02421,0.02470,0.03278,0.00480,0.00818,0.03124,0.02863,0.01753,0.03047,0.03153,0.00701,0.02854,0.62761,0.01758,0.01282,0.01080,0.01459,0.03463
474,0.59927,0.05970,0.02075,0.01961,0.01466,0.00907,0.01804,0.02168,0.02993,0.00739,0.02647,0.02047,0.00623,0.03412,0.00650,0.01917,0.03424,0.00404,0.02713,0.02153
475,0.01107,0.02002,0.02472,0.02728,0.02821,0.00968,0.01975,0.58642,0.03560,0.00676,0.02293,0.04709,0.00800,0.03157,0.00745,0.01010,0.00948,0.03390,0.03476,0.02521
476,0.01133,0.02450,0.02045,0.01656,0.02200,0.01988,0.02515,0.03915,0.02185,0.02780,0.01607,0.03946,0.00786,0.01889,0.00310,0.00656,0.01096,0.00725,0.63200,0.02917
477,0.00578,0.02519,0.00655,0.01064,0.34245,0.00417,0.02448,0.01180,0.02143,0.00400,0.01628,0.01722,0.00416,0.01711,0.00519,0.00360,0.00613,0.00454,0.01250,0.45675
478,0.00907,0.02060,0.02523,0.01840,0.02615,0.00984,0.01531,0.00855,0.02201,0.01069,0.66893,0.02096,0.00632,0.01810,0.00788,0.00696,0.06437,0.00462,0.01532,0.02069
479,0.01676,0.03356,0.03482,0.02786,0.02927,0.01875,0.03101,0.04065,0.02834,0.01486,0.02818,0.02701,0.01004,0.03344,0.04139,0.00788,0.01413,0.01420,0.50680,0.04105
480,0.01643,0.05304,0.03012,0.03545,0.03667,0.01552,0.02424,0.04261,0.02887,0.48002,0.02553,0.03092,0.00880,0.02311,0.01162,0.01204,0.01330,0.05839,0.02578,0.02753
481,0.01621,0.04850,0.03619,0.03610,0.04569,0.50396,0.02298,0.03418,0.02041,0.01151,0.02568,0.02204,0.00554,0.02800,0.02045,0.01133,0.01059,0.03634,0.03531,0.02898
482,0.36395,0.03408,0.01121,0.02526,0.02190,0.01722,0.01863,0.02719,0.02833,0.00727,0.02464,0.02042,0.00570,0.02297,0.00760,0.25787,0.03606,0.02032,0.02661,0.02277
483,0.01030,0.02699,0.03042,0.03003,0.02520,0.02768,0.02202,0.10050,0.09633,0.00813,0.01554,0.01905,0.00985,0.02153,0.46757,0.01753,0.01489,0.01083,0.02226,0.02333
484,0.01393,0.01775,0.02455,0.02261,0.45354,0.01319,0.02677,0.02490,0.03336,0.00707,0.02621,0.03289,0.01293,0.04093,0.00781,0.02415,0.01804,0.01166,0.02530,0.16240
485,0.01837,0.03574,0.03993,0.03587,0.02295,0.01558,0.04391,0.11431,0.04342,0.28444,0.03775,0.05638,0.02421,0.04779,0.01067,0.00479,0.02905,0.02639,0.01964,0.08882
486,0.01544,0.04539,0.02676,0.40678,0.08024,0.01033,0.03672,0.06372,0.07210,0.01990,0.02366,0.03448,0.01877,0.02648,0.00943,0.01152,0.01313,0.01481,0.02127,0.04907
487,0.01731,0.06204,0.03663,0.04552,0.37984,0.02228,0.03044,0.03641,0.03976,0.01391,0.03920,0.04876,0.01271,0.03555,0.01641,0.00640,0.01696,0.01504,0.03506,0.08977
488,0.01429,0.05835,0.04160,0.32680,0.14396,0.02866,0.02799,0.04107,0.03522,0.01450,0.03415,0.01800,0.01623,0.03090,0.01236,0.01310,0.01169,0.04311,0.04687,0.04114
489,0.35183,0.09802,0.03233,0.02651,0.04418,0.01350,0.01323,0.02275,0.02932,0.00885,0.02219,0.01852,0.00912,0.01661,0.00633,0.12880,0.04153,0.06849,0.02377,0.02411
490,0.01396,0.05182,0.03682,0.03386,0.01023,0.01486,0.08706,0.10482,0.02997,0.39235,0.04758,0.03392,0.00225,0.02417,0.00827,0.01172,0.01297,0.01419,0.04559,0.02361
491,0.01342,0.06345,0.03837,0.01102,0.05979,0.34579,0.03913,0.05424,0.03625,0.01321,0.03020,0.03275,0.02014,0.03201,0.00890,0.01268,0.01472,0.08646,0.03234,0.05512
492,0.01328,0.05468,0.03519,0.07000,0.43247,0.02858,0.01517,0.03220,0.04453,0.04740,0.04958,0.03090,0.00668,0.02246,0.00954,0.00410,0.00968,0.01769,0.03987,0.03600
493,0.01761,0.02775,0.03451,0.03533,0.23442,0.01906,0.02482,0.05564,0.03125,0.32702,0.02018,0.03163,0.01100,0.01905,0.00986,0.02308,0.01262,0.02668,0.01840,0.02011
494,0.01856,0.04723,0.00594,0.09466,0.03028,0.03811,0.04734,0.03029,0.03254,0.01353,0.04285,0.31042,0.01024,0.09937,0.01955,0.00319,0.01182,0.03597,0.05557,0.05256
495,0.01145,0.02475,0.01453,0.50657,0.03341,0.00739,0.02033,0.02448,0.01019,0.00817,0.02626,0.01679,0.00988,0.16687,0.00887,0.00896,0.01033,0.03853,0.02516,0.02710
496,0.01301,0.04073,0.50518,0.04577,0.02808,0.00240,0.01844,0.02056,0.03817,0.01138,0.04684,0.01338,0.00835,0.04412,0.01137,0.01081,0.01340,0.01935,0.03750,0.07115
497,0.01297,0.04196,0.02747,0.06293,0.03800,0.01739,0.37575,0.02920,0.03647,0.02425,0.02116,0.10176,0.00709,0.09083,0.03524,0.00858,0.00965,0.02021,0.03250,0.00658
498,0.01989,0.03182,0.03153,0.03326,0.02067,0.01159,0.02748,0.02057,0.03373,0.00847,0.02023,0.02681,0.01044,0.02745,0.00914,0.00859,0.00986,0.01734,0.60727,0.02387
499,0.00829,0.01962,0.01977,0.01400,0.01967,0.00821,0.00995,0.00335,0.01733,0.43818,0.31810,0.01018,0.00567,0.01391,0.00813,0.00783,0.04236,0.00707,0.01538,0.01298
500,0.10747,0.10391,0.05673,0.08808,0.00214,0.05720,0.05775,0.03679,0.07490,0.00486,0.06476,0.05558,0.00074,0.08483,0.02792,0.06740,0.05989,0.04409,0.00244,0.00252
501,0.01064,0.01945,0.02713,0.06274,0.02245,0.00246,0.01668,0.06582,0.07680,0.00711,0.02216,0.02489,0.00530,0.02238,0.53529,0.00701,0.00964,0.01697,0.02695,0.01812
502,0.06427,0.04880,0.06641,0.09173,0.00899,0.03411,0.08000,0.05322,0.03280,0.03644,0.02003,0.07639,0.03407,0.10234,0.02769,0.08962,0.06574,0.05249,0.00617,0.00866
503,0.05546,0.07835,0.00636,0.01832,0.01608,0.01198,0.03349,0.03603,0.01618,0.00400,0.11676,0.28122,0.00413,0.02353,0.00502,0.01455,0.19066,0.03935,0.01650,0.03203
504,0.01477,0.47282,0.01808,0.01467,0.01370,0.00777,0.01142,0.01536,0.01314,0.00346,0.02169,0.01190,0.02593,0.02119,0.00546,0.28128,0.00922,0.00680,0.02052,0.01082
505,0.11459,0.04013,0.02923,0.04335,0.02354,0.44269,0.01280,0.01829,0.03012,0.03336,0.07254,0.02415,0.00597,0.02828,0.00517,0.00839,0.00901,0.00922,0.02352,0.02564
506,0.17627,0.02600,0.03280,0.02540,0.02420,0.50237,0.01847,0.02378,0.01974,0.00795,0.02400,0.01641,0.00691,0.02369,0.00699,0.00493,0.01006,0.00936,0.01985,0.02080
507,0.01311,0.03281,0.03926,0.00909,0.02946,0.52925,0.02479,0.03742,0.04185,0.01446,0.04410,0.02360,0.01208,0.04332,0.00490,0.01005,0.01336,0.01288,0.04003,0.02419
508,0.01966,0.21480,0.01678,0.02612,0.01742,0.01417,0.01219,0.04319,0.02241,0.00751,0.02802,0.01964,0.00702,0.01654,0.00690,0.00678,0.02882,0.44672,0.02482,0.02047
509,0.00989,0.07785,0.02126,0.61743,0.02358,0.00636,0.01383,0.02506,0.00992,0.00782,0.03020,0.01919,0.00665,0.02147,0.00657,0.03807,0.00852,0.01028,0.03009,0.01594
510,0.10035,0.02236,0.02140,0.06875,0.02859,0.39729,0.01476,0.02354,0.03070,0.00569,0.02509,0.02310,0.00686,0.01487,0.01272,0.11469,0.00808,0.02578,0.02864,0.02676
511,0.02427,0.08386,0.01605,0.00985,0.06604,0.00351,0.00998,0.00892,0.04668,0.16698,0.07429,0.02555,0.00324,0.14808,0.02728,0.07800,0.02970,0.00792,0.11223,0.05757
512,0.10866,0.01547,0.01935,0.01289,0.02413,0.41102,0.01163,0.02341,0.01333,0.00602,0.01947,0.01895,0.08766,0.02579,0.00553,0.09178,0.00672,0.06276,0.02121,0.01420
513,0.00477,0.00336,0.00350,0.00403,0.01283,0.00107,0.01354,0.38271,0.00332,0.05463,0.06607,0.00206,0.00494,0.00936,0.00084,0.00052,0.06198,0.36589,0.00184,0.00274
514,0.11075,0.08040,0.01027,0.01705,0.00332,0.00501,0.00942,0.02047,0.00726,0.00137,0.02178,0.03733,0.20369,0.03116,0.00038,0.13859,0.13546,0.05659,0.00242,0.10727
515,0.01597,0.03637,0.01561,0.02894,0.01800,0.02951,0.00833,0.09238,0.28528,0.00543,0.01474,0.00937,0.00464,0.02118,0.29640,0.03031,0.00765,0.00735,0.01334,0.05920
516,0.00425,0.01182,0.00883,0.00788,0.06488,0.00452,0.00601,0.12603,0.00813,0.25829,0.41251,0.00640,0.00228,0.00602,0.00491,0.00363,0.00359,0.03451,0.01320,0.01231
517,0.01298,0.02713,0.02302,0.00949,0.03045,0.60702,0.02194,0.02788,0.02731,0.00739,0.02126,0.02293,0.01244,0.02064,0.00508,0.00834,0.01354,0.05066,0.02876,0.02175
518,0.01673,0.01932,0.04109,0.02144,0.05063,0.01069,0.01947,0.02304,0.01434,0.00521,0.01737,0.08928,0.25211,0.01488,0.00494,0.01269,0.01872,0.01428,0.04419,0.30958
519,0.01771,0.16971,0.01118,0.01016,0.01381,0.00376,0.00710,0.26438,0.00925,0.09746,0.03445,0.00666,0.00252,0.00622,0.00224,0.00255,0.00722,0.31555,0.00715,0.01091
520,0.00274,0.00710,0.00419,0.00849,0.00907,0.00278,0.00455,0.43038,0.00447,0.24194,0.20078,0.00399,0.00464,0.00578,0.00354,0.00221,0.00223,0.05025,0.00647,0.00442
521,0.05548,0.08268,0.08641,0.33493,0.01029,0.02828,0.03555,0.00931,0.00544,0.01098,0.03753,0.00866,0.00336,0.15922,0.00822,0.02982,0.00362,0.00481,0.01705,0.06837
522,0.05686,0.01772,0.09170,0.12226,0.00589,0.05507,0.05701,0.01333,0.09186,0.02300,0.03323,0.06106,0.00121,0.11811,0.06601,0.07734,0.08420,0.01565,0.00419,0.00429
523,0.00226,0.01222,0.00507,0.00518,0.00600,0.00226,0.00247,0.30131,0.00373,0.23214,0.08290,0.00315,0.00112,0.00318,0.00130,0.00135,0.00096,0.32506,0.00500,0.00333
524,0.07698,0.02549,0.12331,0.02894,0.01998,0.00858,0.07484,0.01529,0.02277,0.00327,0.07107,0.17322,0.00325,0.08030,0.00330,0.16020,0.06117,0.01077,0.02273,0.01454
525,0.03288,0.08305,0.04281,0.07696,0.04258,0.03672,0.06040,0.01483,0.06656,0.06086,0.05448,0.06998,0.00141,0.05968,0.05655,0.05624,0.06250,0.01827,0.02628,0.07697
526,0.03378,0.09303,0.00398,0.05873,0.09054,0.00987,0.05621,0.15814,0.08361,0.04405,0.02219,0.02107,0.00071,0.03056,0.03826,0.04285,0.05497,0.06365,0.03484,0.05896
527,0.05262,0.13058,0.07650,0.08503,0.03176,0.03857,0.09073,0.00689,0.02388,0.02133,0.01532,0.09129,0.10466,0.05616,0.02704,0.05226,0.05464,0.00757,0.00934,0.02382
528,0.02022,0.02168,0.02637,0.01131,0.02941,0.59881,0.02423,0.02941,0.03100,0.00870,0.03656,0.03185,0.00882,0.02745,0.01605,0.00844,0.01287,0.01148,0.02545,0.01988
529,0.11984,0.03135,0.01653,0.01349,0.01602,0.45653,0.02864,0.01647,0.02461,0.00393,0.01709,0.06282,0.00424,0.01516,0.00340,0.11164,0.01765,0.00916,0.01451,0.01693
530,0.07599,0.05448,0.00983,0.00324,0.07169,0.00387,0.11230,0.00795,0.16925,0.07664,0.05242,0.07838,0.00811,0.03864,0.07713,0.03968,0.01614,0.00575,0.00911,0.08940
531,0.00852,0.02268,0.01772,0.02526,0.02460,0.00767,0.01379,0.29702,0.02101,0.11414,0.34754,0.02293,0.00441,0.01343,0.01020,0.00672,0.00771,0.00246,0.01762,0.01457
532,0.01261,0.06912,0.03554,0.03491,0.08573,0.01042,0.02538,0.03608,0.04818,0.01008,0.03283,0.02833,0.00637,0.03847,0.00787,0.00731,0.01021,0.01597,0.02743,0.45718
533,0.65354,0.02046,0.02302,0.03121,0.02079,0.02701,0.01242,0.02003,0.01955,0.00668,0.02674,0.02003,0.00583,0.01966,0.00628,0.01923,0.01806,0.00662,0.02305,0.01980
534,0.01120,0.03938,0.59884,0.02177,0.02015,0.03112,0.01644,0.02086,0.03451,0.00650,0.02404,0.04454,0.00674,0.02482,0.00813,0.00803,0.01101,0.01929,0.02362,0.02901
535,0.00525,0.02379,0.57063,0.02011,0.02412,0.04112,0.01213,0.02102,0.02751,0.00722,0.02792,0.00798,0.00435,0.02626,0.00752,0.00498,0.00688,0.02826,0.02329,0.10966
536,0.04783,0.03636,0.02173,0.02603,0.03189,0.01503,0.01402,0.00940,0.02591,0.00730,0.02117,0.01961,0.01600,0.02095,0.00586,0.01657,0.58028,0.01170,0.05367,0.01866
537,0.53874,0.01450,0.02580,0.01939,0.02471,0.00615,0.01560,0.02954,0.03100,0.00683,0.02780,0.02241,0.00551,0.02154,0.00630,0.00446,0.04644,0.10673,0.02388,0.02266
538,0.66736,0.00206,0.00997,0.00437,0.00343,0.16482,0.00204,0.00388,0.00591,0.00125,0.00443,0.00288,0.00091,0.00367,0.10038,0.01202,0.00139,0.00135,0.00482,0.00304
539,0.01142,0.01668,0.03590,0.02624,0.02492,0.01014,0.01306,0.02725,0.02716,0.00521,0.02258,0.02592,0.00520,0.01564,0.04209,0.00647,0.00793,0.01295,0.63845,0.02479
540,0.00788,0.02058,0.64765,0.02424,0.02291,0.00255,0.00729,0.02100,0.04559,0.00634,0.03990,0.02963,0.00339,0.02970,0.00874,0.00530,0.00534,0.00938,0.04653,0.01604
541,0.00282,0.02578,0.02883,0.04508,0.02740,0.01077,0.01329,0.01332,0.03442,0.00733,0.03651,0.01905,0.00353,0.18715,0.00732,0.00609,0.46616,0.01228,0.03419,0.01868
542,0.00631,0.00390,0.01507,0.02101,0.01877,0.00551,0.00355,0.02217,0.24532,0.01080,0.02273,0.01591,0.00292,0.01874,0.50780,0.03063,0.00631,0.00906,0.01887,0.01462
543,0.01019,0.02395,0.02510,0.03009,0.02208,0.01000,0.01465,0.36656,0.02303,0.00549,0.06800,0.01331,0.00997,0.01831,0.00502,0.01377,0.00521,0.29528,0.01796,0.02203
544,0.00469,0.02326,0.00811,0.01037,0.01041,0.00282,0.15568,0.00877,0.00769,0.00266,0.01093,0.10889,0.00196,0.00900,0.00363,0.26194,0.34930,0.00433,0.00859,0.00698
545,0.05037,0.05273,0.00399,0.00735,0.01223,0.00454,0.02017,0.09132,0.16820,0.01692,0.03433,0.01986,0.00089,0.08580,0.20635,0.09367,0.06095,0.05561,0.00398,0.01072
546,0.06304,0.06816,0.02493,0.00864,0.22583,0.00293,0.08874,0.03392,0.00395,0.00082,0.01929,0.01227,0.00165,0.00464,0.00194,0.01259,0.01429,0.03026,0.20049,0.18161
547,0.01529,0.01563,0.70651,0.01792,0.02201,0.04471,0.00770,0.01327,0.01336,0.00607,0.01508,0.03907,0.00386,0.01579,0.00476,0.00414,0.00430,0.00871,0.02200,0.01980
548,0.00606,0.01449,0.00977,0.01988,0.01556,0.00747,0.00683,0.01166,0.01024,0.69698,0.04628,0.00738,0.00805,0.09225,0.00492,0.00377,0.00347,0.00712,0.01681,0.01102
549,0.04413,0.05136,0.17316,0.13633,0.01489,0.00787,0.06210,0.06343,0.00396,0.03184,0.08108,0.05289,0.00084,0.10406,0.02177,0.02779,0.01777,0.06938,0.00755,0.02778
550,0.00932,0.08070,0.02676,0.02874,0.02637,0.01543,0.10555,0.02252,0.02652,0.00701,0.02434,0.52325,0.00379,0.01854,0.00601,0.00389,0.00620,0.01684,0.02651,0.02172
551,0.00602,0.01515,0.06945,0.67576,0.02485,0.00303,0.00895,0.01609,0.01526,0.00532,0.02043,0.01010,0.00326,0.01890,0.00548,0.00483,0.00424,0.05310,0.02649,0.01331
552,0.26117,0.07929,0.01416,0.01243,0.00711,0.01878,0.00394,0.00842,0.01258,0.00407,0.08407,0.00694,0.00445,0.17232,0.00255,0.27528,0.00762,0.00893,0.01015,0.00572
553,0.04531,0.00752,0.00833,0.03582,0.01102,0.08401,0.00605,0.20762,0.09786,0.19999,0.15117,0.00803,0.01591,0.03320,0.03245,0.00666,0.00457,0.00878,0.00885,0.02688
554,0.00489,0.07711,0.01320,0.02058,0.03845,0.00648,0.00586,0.38701,0.01562,0.03519,0.02256,0.01628,0.00285,0.01275,0.00402,0.00666,0.01287,0.29689,0.01170,0.00903
555,0.02900,0.24324,0.00643,0.00630,0.00759,0.00410,0.00304,0.05126,0.00740,0.09786,0.09724,0.00320,0.00094,0.00626,0.00177,0.03124,0.19622,0.19540,0.00715,0.00437
556,0.02024,0.00118,0.11353,0.13650,0.01383,0.06641,0.07000,0.00173,0.06537,0.02630,0.06460,0.08989,0.00030,0.11672,0.07386,0.03662,0.05654,0.01049,0.01931,0.01656
557,0.03449,0.01112,0.05058,0.07671,0.14087,0.00110,0.09887,0.00896,0.00273,0.13106,0.10616,0.00257,0.00042,0.15940,0.00050,0.03194,0.00172,0.00147,0.05746,0.08188
558,0.00532,0.01473,0.01383,0.01521,0.01186,0.00742,0.00629,0.00535,0.02110,0.01995,0.73587,0.01081,0.00247,0.00736,0.00442,0.00344,0.03368,0.05626,0.01582,0.00882
559,0.08351,0.07491,0.10872,0.08742,0.00214,0.05351,0.06394,0.00630,0.05333,0.01741,0.03405,0.07653,0.02053,0.07025,0.02080,0.10269,0.08904,0.02830,0.00147,0.00514
560,0.07472,0.03268,0.07820,0.06118,0.01955,0.01585,0.05811,0.04895,0.03647,0.03317,0.03145,0.05505,0.09610,0.07696,0.04147,0.07092,0.05810,0.05680,0.01252,0.04175
561,0.03254,0.04491,0.03465,0.03114,0.06456,0.03457,0.09201,0.03670,0.05679,0.03882,0.03898,0.06104,0.04266,0.05217,0.07940,0.04529,0.04879,0.03784,0.03555,0.09158
562,0.00653,0.01362,0.01269,0.03323,0.01661,0.00750,0.60389,0.01149,0.02407,0.00627,0.02417,0.01578,0.00319,0.16184,0.01314,0.00349,0.00376,0.00911,0.02292,0.00670
563,0.31437,0.01752,0.00706,0.00668,0.00535,0.00171,0.00280,0.00318,0.23637,0.00218,0.00794,0.00358,0.00124,0.09536,0.25704,0.02171,0.00173,0.00293,0.00690,0.00434
