site,A,C,D,E,F,G,H,I,K,L,M,N,P,Q,R,S,T,V,W,Y
451,0.01375,0.41864,0.02905,0.02884,0.04267,0.01417,0.03941,0.08935,0.06103,0.01192,0.03892,0.05987,0.01189,0.02895,0.00387,0.04336,0.02271,0.01414,0.01359,0.01388
452,0.03528,0.02323,0.03390,0.05454,0.02608,0.00447,0.02639,0.19716,0.02660,0.00553,0.03872,0.03594,0.01010,0.02286,0.00533,0.00766,0.01119,0.38410,0.01867,0.03225
453,0.01808,0.00732,0.02300,0.02697,0.03131,0.00855,0.00758,0.04695,0.05408,0.01177,0.04882,0.03294,0.02014,0.04512,0.01204,0.01013,0.03759,0.01324,0.02437,0.51998
454,0.01343,0.02952,0.04255,0.03630,0.03567,0.00984,0.03718,0.08931,0.02717,0.01093,0.03968,0.47148,0.01217,0.03694,0.01016,0.00314,0.02395,0.01199,0.03048,0.02809
455,0.01354,0.03385,0.03633,0.02852,0.02540,0.00841,0.03731,0.16715,0.03705,0.00707,0.40459,0.04408,0.01444,0.04241,0.00730,0.01089,0.00579,0.00345,0.01896,0.05344
456,0.01510,0.02473,0.03245,0.03198,0.05018,0.00951,0.04335,0.05046,0.05156,0.00884,0.45919,0.04558,0.01415,0.03147,0.01294,0.01600,0.00541,0.03590,0.02406,0.03713
457,0.01210,0.01989,0.02978,0.05105,0.02735,0.49966,0.03237,0.03371,0.04028,0.00857,0.03227,0.04003,0.01097,0.04161,0.00604,0.01006,0.01406,0.03438,0.01536,0.04045
458,0.01087,0.01887,0.03166,0.00942,0.01800,0.00923,0.02267,0.02572,0.53779,0.00725,0.02450,0.02296,0.00940,0.12924,0.01994,0.00775,0.04140,0.00997,0.01872,0.02466
459,0.01179,0.02728,0.03365,0.02290,0.02939,0.00183,0.02797,0.14832,0.03501,0.00839,0.02321,0.04791,0.01042,0.02860,0.47167,0.00676,0.01445,0.00972,0.01358,0.02717
460,0.02210,0.02846,0.05917,0.37395,0.03035,0.00263,0.03166,0.02891,0.22955,0.00918,0.02479,0.03082,0.01295,0.02742,0.00820,0.00948,0.01543,0.00766,0.01834,0.02894
461,0.01352,0.02077,0.03530,0.00525,0.01829,0.00787,0.02235,0.02313,0.48182,0.00704,0.01772,0.17750,0.01090,0.03758,0.05375,0.00833,0.01167,0.00932,0.01525,0.02263
462,0.01510,0.02450,0.03984,0.01370,0.02740,0.01343,0.02950,0.03016,0.52063,0.00794,0.01619,0.04012,0.01339,0.02182,0.11059,0.00800,0.01176,0.01388,0.01712,0.02492
463,0.06024,0.01008,0.01022,0.08877,0.00618,0.00239,0.00713,0.09926,0.01189,0.10019,0.26188,0.00644,0.10629,0.08123,0.00705,0.01277,0.03281,0.06073,0.00745,0.02698
464,0.04223,0.03253,0.02926,0.04976,0.03995,0.43182,0.03974,0.03360,0.02978,0.00909,0.03480,0.03582,0.01622,0.04069,0.03100,0.01322,0.01706,0.01114,0.02091,0.04138
465,0.03072,0.09158,0.05581,0.35703,0.05722,0.00216,0.04285,0.05503,0.01314,0.01309,0.03494,0.05434,0.01775,0.02832,0.01191,0.01529,0.02573,0.02227,0.03399,0.03683
466,0.01433,0.02570,0.02213,0.03059,0.45192,0.00951,0.02346,0.02293,0.03755,0.07250,0.03620,0.02843,0.01202,0.04066,0.00888,0.02859,0.01639,0.01538,0.07812,0.02471
467,0.01242,0.03888,0.05398,0.04427,0.03975,0.36850,0.04090,0.04337,0.03956,0.00989,0.02865,0.04597,0.01908,0.04257,0.03133,0.01257,0.02508,0.00683,0.01690,0.07949
468,0.00899,0.02512,0.02738,0.00384,0.02569,0.00692,0.05304,0.02939,0.24192,0.01296,0.02431,0.01824,0.00858,0.09424,0.15699,0.05681,0.10014,0.05364,0.01763,0.03416
469,0.47904,0.02250,0.02625,0.04244,0.02314,0.00731,0.02258,0.04145,0.03909,0.00965,0.02845,0.03834,0.01070,0.03392,0.01005,0.03192,0.02635,0.07003,0.01589,0.02091
470,0.01428,0.02768,0.02007,0.00961,0.02092,0.00983,0.02274,0.02236,0.56645,0.00603,0.01575,0.02923,0.00962,0.01698,0.14035,0.00729,0.01912,0.00835,0.01484,0.01851
471,0.01183,0.05500,0.05029,0.03249,0.05941,0.32204,0.03599,0.04707,0.09079,0.01421,0.05431,0.05635,0.01166,0.03359,0.00991,0.00896,0.01791,0.01812,0.02711,0.04297
472,0.01412,0.08060,0.03157,0.02870,0.06353,0.00309,0.03000,0.04428,0.03794,0.01344,0.03900,0.01990,0.01118,0.03135,0.03129,0.42745,0.01327,0.01267,0.02417,0.04246
473,0.01158,0.00608,0.03390,0.03412,0.04516,0.00599,0.01249,0.04684,0.03799,0.01047,0.04465,0.04542,0.01016,0.03769,0.50582,0.01032,0.01761,0.01482,0.01979,0.04910
474,0.48664,0.04703,0.02488,0.02817,0.02049,0.01251,0.02521,0.02918,0.04423,0.01218,0.03848,0.02772,0.00964,0.03152,0.00918,0.01601,0.05806,0.01214,0.03720,0.02952
475,0.01534,0.02893,0.03452,0.03872,0.02372,0.01399,0.02797,0.47249,0.04816,0.00991,0.03158,0.05075,0.01120,0.04406,0.01065,0.01032,0.00510,0.03836,0.04853,0.03571
476,0.01487,0.02482,0.02618,0.02243,0.02798,0.02061,0.03235,0.05275,0.02876,0.02386,0.02073,0.04946,0.01038,0.02498,0.07514,0.00856,0.01391,0.00948,0.47556,0.03718
477,0.00986,0.03437,0.01114,0.01822,0.25850,0.00719,0.01741,0.01986,0.03761,0.00691,0.02853,0.01846,0.00689,0.02824,0.00895,0.00555,0.01078,0.00789,0.02109,0.44255
478,0.01267,0.02816,0.03588,0.02540,0.03487,0.01392,0.02078,0.01243,0.03115,0.02041,0.52445,0.02809,0.00858,0.02534,0.00756,0.00936,0.10508,0.00642,0.02113,0.02832
479,0.02192,0.03169,0.04119,0.03478,0.03657,0.03061,0.03784,0.05256,0.03546,0.03264,0.03640,0.03432,0.01278,0.04521,0.04712,0.01013,0.01803,0.01850,0.37080,0.05146
480,0.02075,0.06404,0.03826,0.04947,0.03667,0.01992,0.03068,0.05111,0.03392,0.35160,0.04828,0.03816,0.01312,0.02957,0.01513,0.02922,0.01664,0.04223,0.03575,0.03548
481,0.01907,0.06252,0.04639,0.05593,0.06394,0.36606,0.02882,0.04354,0.02842,0.01546,0.03343,0.02828,0.00714,0.03601,0.01577,0.01441,0.01354,0.03176,0.04616,0.04333
482,0.26584,0.04192,0.01472,0.03374,0.02753,0.01203,0.02414,0.03637,0.03737,0.00921,0.03098,0.02584,0.00857,0.02950,0.00979,0.23359,0.06225,0.03341,0.03385,0.02936
483,0.01291,0.03457,0.03839,0.03830,0.03217,0.09855,0.02731,0.11508,0.07521,0.01015,0.01965,0.02401,0.01229,0.02663,0.33465,0.01583,0.01364,0.01367,0.02763,0.02939
484,0.01944,0.02554,0.03598,0.03329,0.35599,0.01835,0.03613,0.03376,0.04590,0.01099,0.03597,0.04489,0.01614,0.06128,0.01118,0.01591,0.02481,0.01636,0.03547,0.12260
485,0.02010,0.04111,0.04533,0.04049,0.06484,0.01699,0.05668,0.09200,0.04945,0.19389,0.04271,0.06652,0.02514,0.05419,0.01261,0.00598,0.03173,0.01731,0.02157,0.10137
486,0.04392,0.05648,0.03595,0.30880,0.08760,0.00608,0.04458,0.07715,0.03721,0.02364,0.03018,0.04352,0.02153,0.03305,0.01109,0.01369,0.01700,0.01827,0.02656,0.06371
487,0.01924,0.07169,0.04075,0.04790,0.26519,0.02563,0.03312,0.04277,0.04407,0.05178,0.04113,0.05765,0.01439,0.04019,0.01817,0.05493,0.01938,0.01744,0.03716,0.05743
488,0.01643,0.07089,0.08995,0.23878,0.13356,0.03015,0.03271,0.04931,0.04754,0.01689,0.03832,0.02025,0.01914,0.03741,0.01300,0.01552,0.01373,0.02046,0.04618,0.04978
489,0.32463,0.09467,0.03374,0.04145,0.06942,0.02115,0.02064,0.03558,0.04596,0.01385,0.03456,0.02879,0.01057,0.02593,0.00989,0.09818,0.00658,0.00979,0.03709,0.03754
490,0.01797,0.06572,0.04879,0.04720,0.02721,0.02030,0.02414,0.09214,0.04157,0.32958,0.04974,0.04391,0.00334,0.03207,0.01108,0.01628,0.01646,0.01661,0.06214,0.03375
491,0.01639,0.07940,0.04353,0.01453,0.07287,0.26010,0.04789,0.06119,0.03814,0.01601,0.03640,0.03601,0.02468,0.03829,0.00590,0.01486,0.01792,0.06696,0.03949,0.06945
492,0.01572,0.04319,0.04161,0.08466,0.31521,0.03146,0.01869,0.03702,0.05589,0.07725,0.05973,0.03631,0.00680,0.02670,0.01127,0.00531,0.01094,0.02154,0.04599,0.05469
493,0.02063,0.03471,0.04350,0.04256,0.22427,0.02286,0.03067,0.06112,0.03635,0.24044,0.06869,0.03866,0.01275,0.02207,0.01173,0.01450,0.01546,0.01392,0.01967,0.02543
494,0.02325,0.05688,0.02227,0.11566,0.03821,0.04416,0.02254,0.04320,0.02722,0.01610,0.05207,0.22176,0.01203,0.11358,0.02324,0.00425,0.02013,0.04337,0.07485,0.02523
495,0.01694,0.03642,0.02105,0.42739,0.04789,0.01307,0.03096,0.03515,0.03447,0.01183,0.03989,0.02487,0.01540,0.10710,0.01321,0.01337,0.01558,0.01748,0.03734,0.04057
496,0.01481,0.04778,0.32597,0.07275,0.03151,0.00283,0.01802,0.02470,0.04411,0.01328,0.05630,0.11650,0.00962,0.04757,0.01342,0.01288,0.01594,0.05144,0.04852,0.03206
497,0.01841,0.06082,0.03874,0.08614,0.05394,0.02635,0.30959,0.04232,0.03520,0.03332,0.03012,0.09293,0.01027,0.02545,0.02013,0.01218,0.01412,0.02989,0.04630,0.01376
498,0.02595,0.07698,0.04073,0.04229,0.02589,0.01497,0.03597,0.02539,0.04492,0.02665,0.02633,0.03643,0.01335,0.03566,0.00768,0.01113,0.01242,0.02209,0.44390,0.03128
499,0.01331,0.03100,0.03161,0.02227,0.03079,0.01294,0.01597,0.00562,0.01905,0.37546,0.28132,0.01566,0.00929,0.02157,0.01006,0.01234,0.04349,0.00379,0.02449,0.01996
500,0.10522,0.10382,0.06120,0.10252,0.00385,0.05525,0.05485,0.03836,0.07591,0.00353,0.05341,0.05252,0.00127,0.08642,0.02392,0.06097,0.06217,0.04626,0.00427,0.00432
501,0.01440,0.02793,0.03627,0.03552,0.03120,0.00350,0.02333,0.09351,0.09127,0.00974,0.03082,0.03536,0.00732,0.03207,0.41701,0.00996,0.01340,0.02250,0.03992,0.02497
502,0.06896,0.04177,0.05928,0.10112,0.01520,0.01193,0.08853,0.05972,0.01290,0.03728,0.02041,0.07705,0.03353,0.10632,0.03438,0.09889,0.06191,0.04996,0.00937,0.01151
503,0.06358,0.06762,0.02416,0.02824,0.02020,0.01364,0.05115,0.02491,0.02438,0.00603,0.12053,0.23744,0.00609,0.03610,0.00749,0.01525,0.16730,0.03138,0.02348,0.03103
504,0.01250,0.39703,0.02819,0.02294,0.02189,0.01255,0.01811,0.02559,0.02155,0.00558,0.03237,0.01880,0.01586,0.03280,0.00840,0.25438,0.01044,0.01068,0.03283,0.01750
505,0.08730,0.04906,0.03948,0.04193,0.03495,0.35237,0.01815,0.02509,0.04310,0.03327,0.07720,0.03417,0.00825,0.03884,0.00740,0.01169,0.01260,0.01265,0.03730,0.03523
506,0.16579,0.03435,0.07207,0.03650,0.03112,0.37893,0.02449,0.03144,0.02706,0.01045,0.03090,0.02157,0.00923,0.03104,0.00929,0.00658,0.01286,0.01222,0.02576,0.02834
507,0.01712,0.04099,0.04805,0.01195,0.03663,0.38810,0.03181,0.04572,0.05605,0.01861,0.06099,0.03006,0.01555,0.05349,0.01093,0.01274,0.01730,0.02315,0.05009,0.03068
508,0.00738,0.18587,0.02438,0.03902,0.02989,0.02106,0.01763,0.02466,0.03315,0.01069,0.04027,0.02867,0.01025,0.02405,0.01041,0.00977,0.04091,0.37743,0.03502,0.02947
509,0.01510,0.09711,0.03464,0.47713,0.03300,0.01850,0.01886,0.03323,0.02407,0.01077,0.03965,0.02560,0.00906,0.02981,0.00907,0.02981,0.01164,0.02120,0.03997,0.02178
510,0.10587,0.02888,0.02925,0.06759,0.04038,0.31989,0.01987,0.03247,0.03399,0.00824,0.03515,0.03243,0.00971,0.02036,0.01806,0.11386,0.01161,0.01078,0.02583,0.03576
511,0.01511,0.05434,0.02371,0.01608,0.08809,0.00553,0.01200,0.03001,0.04805,0.15338,0.05131,0.02540,0.00494,0.13070,0.02284,0.12098,0.03048,0.00672,0.09703,0.06329
512,0.08384,0.02524,0.02938,0.02205,0.03552,0.35451,0.01659,0.03609,0.02089,0.00931,0.03032,0.02598,0.08154,0.02893,0.01183,0.07897,0.01041,0.04593,0.03094,0.02173
513,0.00570,0.00555,0.00629,0.00712,0.01033,0.00183,0.01341,0.37897,0.00579,0.05085,0.07343,0.00351,0.00337,0.00916,0.00143,0.00087,0.06476,0.34992,0.00305,0.00466
514,0.11178,0.08422,0.01228,0.01246,0.00597,0.00828,0.00695,0.02187,0.00791,0.00197,0.01801,0.03427,0.19883,0.02892,0.00150,0.13059,0.12892,0.05381,0.00389,0.12758
515,0.02250,0.03554,0.02439,0.04494,0.03046,0.00424,0.01387,0.06531,0.28137,0.00879,0.02247,0.01495,0.00720,0.02887,0.26923,0.02777,0.01638,0.01165,0.02090,0.04918
516,0.00603,0.01691,0.01229,0.01121,0.12002,0.00656,0.02366,0.08562,0.01106,0.20361,0.39451,0.00893,0.01025,0.00850,0.00805,0.00509,0.00489,0.02511,0.01993,0.01778
517,0.01745,0.03696,0.03148,0.01361,0.04042,0.46508,0.02934,0.03875,0.03595,0.01017,0.02817,0.03052,0.01680,0.03001,0.00734,0.01147,0.01896,0.06821,0.03916,0.03015
518,0.01409,0.00978,0.04078,0.03429,0.05993,0.01882,0.01290,0.03042,0.02436,0.00815,0.02906,0.08542,0.22934,0.02305,0.00803,0.01411,0.01853,0.01282,0.04406,0.28206
519,0.01792,0.17411,0.01966,0.01615,0.01947,0.00661,0.01228,0.26009,0.01640,0.09437,0.03133,0.01146,0.00445,0.01088,0.00385,0.00438,0.02339,0.24610,0.01281,0.01430
520,0.00440,0.01160,0.00663,0.01242,0.01489,0.00434,0.00748,0.43452,0.00705,0.21964,0.17638,0.00649,0.01056,0.00927,0.00274,0.00352,0.00345,0.04687,0.01074,0.00701
521,0.04021,0.09003,0.07608,0.30745,0.01656,0.02977,0.03249,0.01493,0.02735,0.01073,0.02346,0.01300,0.00535,0.17047,0.00825,0.02477,0.00579,0.00780,0.02330,0.07221
522,0.04669,0.02047,0.08337,0.11262,0.00792,0.06834,0.06843,0.01396,0.07278,0.02310,0.03769,0.06834,0.00195,0.12386,0.05405,0.08701,0.08657,0.01276,0.00606,0.00403
523,0.00323,0.01533,0.00850,0.00846,0.00938,0.00384,0.00418,0.27842,0.00577,0.21920,0.07889,0.00531,0.00197,0.00531,0.00305,0.00224,0.00161,0.33091,0.00881,0.00558
524,0.07213,0.03810,0.10877,0.03784,0.02127,0.00946,0.07945,0.02015,0.01217,0.00534,0.06764,0.15421,0.00509,0.06804,0.00509,0.16882,0.04633,0.01722,0.02872,0.03416
525,0.03109,0.07289,0.04487,0.08544,0.03564,0.04120,0.05836,0.01534,0.07201,0.05565,0.06465,0.06375,0.00152,0.05901,0.05280,0.06119,0.05869,0.01394,0.02903,0.08293
526,0.03123,0.08174,0.00533,0.06005,0.08113,0.01016,0.05308,0.15776,0.08943,0.05157,0.02475,0.02096,0.00098,0.03392,0.03915,0.04074,0.05521,0.06872,0.03832,0.05576
527,0.05411,0.14681,0.07672,0.07107,0.02949,0.03709,0.09412,0.01160,0.03179,0.02623,0.01332,0.08620,0.09700,0.05355,0.02655,0.05223,0.05222,0.00865,0.01611,0.01515
528,0.02676,0.02832,0.03542,0.01521,0.03948,0.44416,0.03132,0.03778,0.04357,0.01146,0.04723,0.04091,0.01159,0.03476,0.04989,0.01085,0.01662,0.01706,0.03258,0.02502
529,0.09212,0.03828,0.02588,0.02369,0.02468,0.39584,0.04818,0.02510,0.03756,0.00609,0.02616,0.05492,0.00656,0.02268,0.00541,0.09035,0.01833,0.00986,0.02290,0.02543
530,0.07107,0.06223,0.01559,0.00588,0.06752,0.00632,0.10554,0.01280,0.15451,0.07875,0.08111,0.07774,0.00712,0.03023,0.07395,0.03721,0.01290,0.00574,0.01655,0.07725
531,0.01343,0.03594,0.02828,0.03987,0.03196,0.01225,0.02159,0.21632,0.03317,0.07483,0.31685,0.03546,0.00711,0.02100,0.00911,0.01072,0.03457,0.00879,0.02472,0.02402
532,0.01631,0.09250,0.03385,0.04656,0.05886,0.01385,0.07149,0.04448,0.05964,0.01298,0.04086,0.03559,0.00818,0.04972,0.01041,0.00951,0.01347,0.02159,0.03545,0.32470
533,0.50901,0.02826,0.03172,0.03711,0.02866,0.03989,0.01677,0.02801,0.02831,0.00924,0.03766,0.02780,0.00764,0.02714,0.00859,0.00744,0.03890,0.02754,0.03302,0.02732
534,0.01470,0.05591,0.44748,0.04835,0.02639,0.03237,0.01968,0.02736,0.05133,0.00858,0.03267,0.02344,0.00901,0.03212,0.01096,0.00928,0.01517,0.02611,0.03165,0.07743
535,0.00690,0.03050,0.43108,0.03877,0.03359,0.05854,0.01392,0.02690,0.03539,0.00949,0.03611,0.01789,0.00572,0.03535,0.00996,0.00667,0.00893,0.06511,0.03236,0.09683
536,0.03717,0.05102,0.02954,0.03440,0.04396,0.02034,0.01914,0.01326,0.03474,0.01004,0.03163,0.02752,0.01984,0.02924,0.00809,0.02290,0.45383,0.01607,0.07136,0.02591
537,0.42094,0.01997,0.04269,0.02865,0.03360,0.00856,0.02179,0.04393,0.04182,0.00910,0.03805,0.03093,0.00764,0.02933,0.00876,0.01102,0.05506,0.08171,0.03319,0.03325
538,0.63135,0.00567,0.02214,0.00701,0.00542,0.15079,0.00332,0.00618,0.00927,0.00200,0.00727,0.00461,0.00146,0.00595,0.09691,0.02357,0.00232,0.00220,0.00783,0.00475
539,0.01595,0.02408,0.04954,0.03905,0.03460,0.02172,0.01934,0.03876,0.03782,0.00745,0.03188,0.03635,0.00738,0.02189,0.02382,0.00786,0.01138,0.01835,0.51719,0.03557
540,0.00957,0.02604,0.46919,0.02979,0.02937,0.00678,0.01081,0.02744,0.05769,0.00798,0.05527,0.06174,0.00439,0.03770,0.01108,0.00684,0.00693,0.01158,0.06220,0.06761
541,0.00381,0.03281,0.03640,0.06234,0.03829,0.01376,0.01755,0.01801,0.04679,0.00926,0.04505,0.01798,0.00662,0.22066,0.00959,0.00781,0.32690,0.01649,0.04507,0.02483
542,0.00945,0.04297,0.02255,0.03066,0.02717,0.00902,0.00540,0.03143,0.20713,0.00619,0.03201,0.02308,0.00463,0.02707,0.42834,0.02212,0.00922,0.01310,0.02766,0.02080
543,0.01602,0.03638,0.03638,0.04324,0.03367,0.01515,0.02206,0.32004,0.03613,0.00810,0.04091,0.03887,0.01495,0.02747,0.00768,0.02304,0.00878,0.21069,0.02601,0.03444
544,0.00728,0.01754,0.01361,0.01611,0.01662,0.00462,0.14604,0.01383,0.01215,0.00430,0.01626,0.08844,0.00317,0.01472,0.00674,0.24554,0.34127,0.00693,0.01354,0.01127
545,0.04238,0.04622,0.00649,0.07467,0.01092,0.00655,0.02652,0.08140,0.15420,0.01694,0.03001,0.01213,0.00143,0.08268,0.18115,0.09613,0.06799,0.04709,0.00635,0.00877
546,0.06076,0.07524,0.02428,0.01072,0.22671,0.00506,0.10914,0.03166,0.00675,0.00145,0.02861,0.02051,0.00225,0.00621,0.00318,0.00170,0.01066,0.01978,0.18346,0.17189
547,0.01438,0.02172,0.54737,0.01681,0.03100,0.08274,0.01044,0.01798,0.01842,0.00832,0.02033,0.08055,0.00522,0.02113,0.00635,0.00561,0.00583,0.01511,0.03081,0.03989
548,0.00849,0.02013,0.01402,0.02729,0.02173,0.01022,0.00951,0.01651,0.01423,0.55952,0.03734,0.01043,0.00354,0.16755,0.02065,0.00529,0.00492,0.00998,0.02318,0.01545
549,0.04110,0.04071,0.16422,0.12863,0.01524,0.00908,0.05806,0.06772,0.01592,0.02470,0.09856,0.04457,0.00131,0.11025,0.01789,0.03217,0.01518,0.08184,0.01193,0.02092
550,0.01330,0.09210,0.00645,0.03946,0.03831,0.01710,0.10417,0.03239,0.04079,0.01022,0.03956,0.42349,0.00541,0.02625,0.00847,0.00588,0.00903,0.02613,0.03894,0.02255
551,0.00893,0.02226,0.05731,0.57611,0.03668,0.00473,0.01315,0.02360,0.03066,0.00785,0.03088,0.01504,0.00488,0.02753,0.00810,0.00719,0.00630,0.06003,0.03876,0.02000
552,0.23807,0.08766,0.01556,0.02211,0.01160,0.01602,0.00617,0.01301,0.01745,0.00567,0.07408,0.01124,0.00358,0.16039,0.00416,0.26432,0.01559,0.00749,0.01669,0.00913
553,0.04642,0.01112,0.01308,0.03442,0.01488,0.08851,0.00970,0.19047,0.06968,0.18149,0.14067,0.01308,0.02346,0.05271,0.03987,0.00968,0.00532,0.01122,0.01411,0.03012
554,0.00756,0.07307,0.01967,0.03263,0.03133,0.00999,0.00881,0.33140,0.02268,0.03066,0.03253,0.03495,0.00426,0.01908,0.00605,0.00529,0.02779,0.27140,0.01729,0.01354
555,0.04176,0.25301,0.00955,0.00922,0.01160,0.00420,0.00455,0.08131,0.01100,0.09117,0.08458,0.00484,0.00177,0.00937,0.00262,0.02608,0.16645,0.16991,0.01047,0.00652
556,0.01931,0.00202,0.10263,0.13343,0.01556,0.06279,0.07357,0.00319,0.06437,0.02860,0.06044,0.08701,0.00059,0.12102,0.06952,0.04013,0.05993,0.01086,0.02090,0.02412
557,0.03437,0.01135,0.05514,0.08216,0.13860,0.00187,0.09526,0.00995,0.00622,0.12762,0.11435,0.00251,0.00112,0.15139,0.00086,0.02827,0.00177,0.00206,0.05244,0.08267
558,0.00813,0.02309,0.02255,0.02482,0.01912,0.01217,0.01004,0.00874,0.03165,0.01150,0.67657,0.01706,0.00398,0.01168,0.00615,0.00553,0.02645,0.04093,0.02587,0.01396
559,0.08671,0.07629,0.11036,0.08449,0.00238,0.05803,0.06702,0.00648,0.06647,0.01447,0.02997,0.06350,0.02285,0.07079,0.01798,0.09749,0.09178,0.02487,0.00244,0.00562
560,0.06891,0.03656,0.07734,0.05854,0.01917,0.03034,0.05321,0.04922,0.04542,0.03351,0.03053,0.05356,0.09019,0.07850,0.04175,0.06902,0.05578,0.05430,0.01588,0.03828
561,0.03325,0.04540,0.04123,0.02349,0.06539,0.03408,0.09288,0.03607,0.05421,0.03812,0.04374,0.05572,0.04352,0.04773,0.08243,0.04381,0.05121,0.03714,0.03929,0.09128
562,0.00965,0.02091,0.01915,0.04802,0.02448,0.01123,0.51181,0.01686,0.03600,0.00846,0.03558,0.01183,0.00208,0.14725,0.02208,0.00515,0.00556,0.01382,0.03424,0.01584
563,0.30044,0.02350,0.01127,0.01395,0.00895,0.00287,0.00459,0.00509,0.22033,0.00361,0.00940,0.00578,0.00201,0.10397,0.23732,0.02142,0.00282,0.00475,0.01102,0.00692
