site,A,C,D,E,F,G,H,I,K,L,M,N,P,Q,R,S,T,V,W,Y
451,0.01205,0.46574,0.02734,0.02654,0.03326,0.00998,0.03633,0.08593,0.05443,0.01092,0.03597,0.05719,0.01096,0.02785,0.01124,0.02738,0.02081,0.01306,0.01599,0.01704
452,0.05534,0.02004,0.03022,0.03448,0.02319,0.00519,0.02246,0.21918,0.02441,0.00481,0.02314,0.03166,0.00895,0.02029,0.00493,0.00667,0.00972,0.40890,0.01692,0.02952
453,0.01572,0.00814,0.03676,0.02353,0.02623,0.00749,0.02685,0.04161,0.04687,0.01029,0.04100,0.02779,0.01723,0.04077,0.01043,0.00929,0.03067,0.01186,0.02174,0.54575
454,0.01258,0.02923,0.02669,0.03339,0.03302,0.00944,0.03516,0.08052,0.02711,0.01041,0.03941,0.49992,0.01186,0.03555,0.00949,0.00657,0.03278,0.01134,0.02873,0.02681
455,0.01306,0.03431,0.03768,0.02705,0.02536,0.00833,0.03697,0.08768,0.04259,0.01104,0.46883,0.04685,0.01402,0.04144,0.00734,0.01055,0.01193,0.00337,0.01877,0.05285
456,0.01497,0.02439,0.03085,0.03163,0.04910,0.00931,0.04163,0.03451,0.06145,0.00950,0.49145,0.04377,0.01390,0.02981,0.01063,0.01373,0.01217,0.01467,0.02499,0.03752
457,0.01165,0.01942,0.02845,0.05202,0.02656,0.51913,0.03141,0.03209,0.03950,0.00838,0.02971,0.03964,0.01084,0.04038,0.01117,0.00959,0.01357,0.02431,0.01476,0.03742
458,0.01042,0.01750,0.03038,0.03947,0.01716,0.00859,0.02056,0.04046,0.57185,0.00674,0.02304,0.02329,0.00880,0.08207,0.01731,0.00754,0.02597,0.00937,0.01638,0.02308
459,0.01092,0.02572,0.03059,0.02167,0.02646,0.01693,0.02450,0.10110,0.04404,0.00761,0.02066,0.04279,0.00969,0.02699,0.51890,0.00930,0.01425,0.00915,0.01248,0.02626
460,0.02037,0.02659,0.04568,0.44393,0.02918,0.01067,0.02917,0.02775,0.17565,0.00898,0.02313,0.02869,0.01278,0.02643,0.00811,0.00917,0.01524,0.01157,0.01781,0.02910
461,0.01242,0.01938,0.03328,0.00484,0.01748,0.00992,0.02157,0.02202,0.57669,0.00665,0.01662,0.10225,0.01038,0.02822,0.03494,0.00770,0.03018,0.00888,0.01458,0.02198
462,0.01358,0.02119,0.03647,0.00961,0.02441,0.01349,0.02603,0.02735,0.55740,0.00708,0.01790,0.02925,0.01183,0.03761,0.10021,0.00709,0.01040,0.01212,0.01451,0.02249
463,0.05395,0.01012,0.00889,0.07756,0.00663,0.00202,0.01309,0.08764,0.01177,0.11152,0.26088,0.00700,0.11963,0.08093,0.00420,0.01056,0.03065,0.06356,0.00570,0.03368
464,0.06513,0.03012,0.02572,0.03140,0.03746,0.47571,0.03644,0.03034,0.02729,0.00829,0.03069,0.03243,0.01470,0.03597,0.02329,0.01189,0.01539,0.00991,0.01872,0.03911
465,0.02070,0.08973,0.04138,0.41532,0.05366,0.00204,0.04194,0.05013,0.01222,0.01221,0.03361,0.05041,0.01687,0.02564,0.01083,0.01468,0.02452,0.01646,0.03346,0.03419
466,0.01293,0.02619,0.02028,0.02795,0.50627,0.00867,0.02134,0.02023,0.03447,0.04032,0.03284,0.02582,0.01079,0.03977,0.00830,0.02131,0.01470,0.01371,0.09327,0.02086
467,0.01127,0.03514,0.04389,0.03992,0.03787,0.41317,0.03645,0.04050,0.03679,0.00934,0.02621,0.04015,0.01823,0.03797,0.03097,0.01197,0.02380,0.00650,0.02386,0.07602
468,0.00635,0.01705,0.01919,0.00254,0.01797,0.00486,0.05280,0.07604,0.18963,0.02914,0.02180,0.01221,0.00587,0.05063,0.14823,0.06042,0.10445,0.10854,0.01201,0.06025
469,0.55428,0.02125,0.02530,0.03254,0.02139,0.00701,0.02071,0.03842,0.03607,0.00899,0.02723,0.03567,0.01031,0.03158,0.00959,0.02627,0.02334,0.03426,0.01540,0.02040
470,0.01177,0.02367,0.01624,0.02650,0.01729,0.00749,0.01826,0.01918,0.55537,0.00522,0.01479,0.01876,0.00786,0.01828,0.15095,0.00593,0.03652,0.01867,0.01201,0.01521
471,0.01136,0.04126,0.05095,0.03001,0.05370,0.36780,0.03174,0.04444,0.08912,0.01314,0.05343,0.05049,0.01111,0.03283,0.00940,0.01367,0.01683,0.01442,0.02539,0.03890
472,0.01333,0.04863,0.03017,0.02641,0.06058,0.00528,0.02777,0.04195,0.03648,0.01244,0.03578,0.01607,0.01069,0.02970,0.01856,0.49595,0.01703,0.01189,0.02162,0.03966
473,0.01000,0.04087,0.02967,0.03025,0.04024,0.00556,0.00998,0.03834,0.03493,0.00926,0.03728,0.03848,0.01005,0.03310,0.52774,0.01515,0.01569,0.01323,0.01788,0.04229
474,0.43948,0.10784,0.01565,0.02141,0.01600,0.00842,0.01963,0.02468,0.03259,0.01053,0.02902,0.02231,0.00722,0.13219,0.00711,0.01017,0.03353,0.00917,0.02954,0.02351
475,0.01468,0.02471,0.03066,0.03374,0.02696,0.01198,0.02446,0.49836,0.04398,0.00837,0.02829,0.06321,0.00990,0.03904,0.00919,0.00938,0.02650,0.02232,0.04299,0.03128
476,0.01381,0.03495,0.02481,0.02023,0.02688,0.01351,0.03039,0.04773,0.02664,0.01652,0.01956,0.04810,0.00957,0.02294,0.04187,0.00795,0.01330,0.00883,0.53699,0.03543
477,0.00814,0.02289,0.00917,0.01513,0.30127,0.00589,0.03761,0.01653,0.03002,0.00564,0.02267,0.01500,0.00582,0.02388,0.00727,0.00449,0.00862,0.00639,0.01759,0.43597
478,0.01137,0.02586,0.03166,0.02301,0.03280,0.01228,0.01923,0.01071,0.02769,0.01410,0.58084,0.02620,0.00790,0.02267,0.01419,0.00871,0.06906,0.01650,0.01927,0.02594
479,0.02047,0.02696,0.04274,0.03420,0.03593,0.02000,0.03785,0.04983,0.03470,0.02113,0.03451,0.03326,0.01232,0.04112,0.02520,0.00963,0.01731,0.01742,0.43507,0.05035
480,0.01860,0.06001,0.03410,0.04014,0.03084,0.01742,0.02739,0.04513,0.03232,0.37446,0.05192,0.03457,0.01096,0.02613,0.01320,0.05026,0.01501,0.03844,0.04792,0.03119
481,0.01773,0.05637,0.04260,0.08270,0.05459,0.40426,0.02725,0.03952,0.02365,0.01359,0.03019,0.02544,0.00648,0.03243,0.01982,0.01314,0.01242,0.02272,0.04122,0.03388
482,0.28395,0.03842,0.01270,0.02875,0.02486,0.01024,0.02102,0.03075,0.03188,0.00824,0.02800,0.02309,0.00709,0.02599,0.00861,0.29651,0.04077,0.02314,0.03011,0.02589
483,0.01328,0.03477,0.03924,0.03857,0.03259,0.05577,0.02806,0.07254,0.06335,0.01048,0.02005,0.02446,0.01264,0.02779,0.42616,0.01334,0.01430,0.01401,0.02854,0.03007
484,0.01735,0.02249,0.03116,0.02811,0.39016,0.01640,0.03354,0.03075,0.04162,0.03979,0.03282,0.04065,0.01476,0.05326,0.00981,0.01269,0.02236,0.01691,0.03132,0.11404
485,0.02054,0.04070,0.04504,0.03989,0.04034,0.01745,0.04923,0.09929,0.04851,0.22312,0.04211,0.06433,0.02552,0.05387,0.01209,0.00926,0.03273,0.01707,0.02198,0.09693
486,0.03198,0.05358,0.04331,0.33066,0.09223,0.02251,0.04226,0.07377,0.02541,0.02319,0.02735,0.03976,0.02205,0.03095,0.01104,0.01347,0.01546,0.01727,0.02462,0.05913
487,0.01868,0.06576,0.03949,0.04928,0.28434,0.02413,0.03278,0.04223,0.04283,0.05596,0.04239,0.05244,0.01375,0.03844,0.01776,0.05999,0.01837,0.01676,0.03764,0.04699
488,0.01955,0.06617,0.05807,0.25859,0.13461,0.02166,0.03174,0.04638,0.07000,0.01653,0.03854,0.02070,0.01832,0.03523,0.01405,0.01494,0.01340,0.02194,0.05333,0.04625
489,0.35297,0.09002,0.03522,0.03851,0.06453,0.01970,0.01930,0.03301,0.04292,0.01298,0.03244,0.02690,0.00989,0.02419,0.00925,0.08240,0.02569,0.00955,0.03487,0.03566
490,0.01639,0.06024,0.04409,0.04079,0.03467,0.01728,0.02213,0.12659,0.03610,0.31937,0.04581,0.04010,0.01608,0.02882,0.02278,0.01386,0.01530,0.01576,0.05544,0.02838
491,0.01580,0.07536,0.04536,0.01296,0.07079,0.28426,0.04611,0.06400,0.04278,0.01554,0.03553,0.03824,0.02361,0.03780,0.01415,0.01490,0.01731,0.04278,0.03825,0.06447
492,0.01566,0.04233,0.04190,0.08152,0.35530,0.03398,0.01793,0.03820,0.05296,0.05465,0.05803,0.03609,0.00684,0.02643,0.01120,0.00484,0.01132,0.02301,0.04687,0.04092
493,0.02430,0.03806,0.04582,0.04602,0.14395,0.02540,0.03332,0.04937,0.04190,0.31254,0.04852,0.04171,0.01457,0.02470,0.01340,0.01315,0.01720,0.01585,0.02291,0.02732
494,0.02118,0.05481,0.01670,0.10791,0.03517,0.04106,0.01951,0.03699,0.02459,0.01552,0.05012,0.24979,0.01177,0.11516,0.02253,0.02284,0.02283,0.04184,0.06462,0.02507
495,0.02785,0.03217,0.01893,0.45961,0.04367,0.01360,0.02703,0.03202,0.02581,0.01062,0.03531,0.02205,0.01339,0.11258,0.01176,0.01262,0.01378,0.01757,0.03376,0.03587
496,0.01402,0.04562,0.38197,0.06110,0.03055,0.00262,0.01587,0.02232,0.04126,0.01257,0.05101,0.10865,0.00906,0.04660,0.01241,0.01194,0.01457,0.03609,0.04079,0.04097
497,0.01718,0.05540,0.03691,0.08405,0.05032,0.03120,0.34517,0.03810,0.05123,0.02061,0.02781,0.05642,0.01147,0.02722,0.04529,0.01146,0.01271,0.02679,0.04309,0.00758
498,0.02355,0.06465,0.03746,0.03951,0.02450,0.01375,0.03246,0.02434,0.04021,0.01740,0.02405,0.03160,0.01236,0.03273,0.01065,0.01017,0.01172,0.02058,0.49989,0.02840
499,0.01098,0.02600,0.02641,0.01862,0.02617,0.01092,0.01323,0.01015,0.01701,0.42333,0.28472,0.01351,0.00756,0.01866,0.00741,0.01043,0.02713,0.01006,0.02037,0.01734
500,0.11526,0.10339,0.05427,0.08783,0.00282,0.04800,0.06638,0.02564,0.07275,0.00232,0.05250,0.05685,0.00099,0.08810,0.03096,0.07103,0.06332,0.05146,0.00311,0.00301
501,0.01384,0.02543,0.03560,0.04644,0.02902,0.00321,0.02160,0.07103,0.05387,0.00920,0.02882,0.03228,0.00691,0.02941,0.48408,0.01539,0.01261,0.02227,0.03527,0.02372
502,0.07010,0.04093,0.10378,0.10421,0.01077,0.02350,0.07284,0.04025,0.01416,0.03295,0.02612,0.06504,0.03415,0.09687,0.02766,0.09698,0.06276,0.05487,0.00800,0.01407
503,0.03756,0.07769,0.01402,0.02741,0.01986,0.01430,0.03241,0.02514,0.02128,0.00599,0.07201,0.29628,0.00619,0.03492,0.00753,0.01575,0.20113,0.03048,0.02489,0.03515
504,0.01168,0.40044,0.02521,0.02112,0.01948,0.01118,0.01626,0.02224,0.01885,0.01496,0.02991,0.01696,0.01398,0.03105,0.00770,0.27567,0.00912,0.00961,0.02929,0.01529
505,0.09593,0.04826,0.03859,0.02700,0.03106,0.40893,0.01701,0.02193,0.03976,0.02082,0.05981,0.03216,0.00792,0.03762,0.00733,0.01112,0.01192,0.01801,0.03111,0.03372
506,0.21799,0.02962,0.04443,0.02836,0.02721,0.38964,0.02076,0.02668,0.02237,0.00892,0.02699,0.01853,0.00776,0.02660,0.00789,0.02863,0.01125,0.01054,0.02226,0.02356
507,0.01521,0.03720,0.04442,0.02868,0.03342,0.41495,0.02818,0.04232,0.04741,0.01639,0.04985,0.02671,0.01370,0.04893,0.02399,0.01140,0.01514,0.02938,0.04524,0.02747
508,0.00974,0.15486,0.02438,0.03594,0.03267,0.01714,0.01671,0.01546,0.03062,0.01214,0.03878,0.02747,0.00969,0.02300,0.00960,0.00933,0.04078,0.42889,0.03421,0.02857
509,0.01291,0.08538,0.03230,0.46778,0.02645,0.08536,0.01533,0.02786,0.02803,0.00875,0.03355,0.02014,0.00738,0.02373,0.00734,0.03391,0.00951,0.02277,0.03366,0.01787
510,0.05823,0.02864,0.02951,0.07852,0.03922,0.38510,0.02033,0.03213,0.03195,0.00798,0.03508,0.03114,0.00938,0.02039,0.02562,0.08690,0.01118,0.01052,0.02208,0.03609
511,0.02243,0.08143,0.01837,0.01492,0.08983,0.00525,0.01641,0.03000,0.03243,0.17145,0.09498,0.03317,0.00449,0.12745,0.01377,0.08211,0.02756,0.00756,0.06451,0.06188
512,0.07522,0.02216,0.02572,0.02007,0.03320,0.39710,0.01513,0.03353,0.01874,0.00850,0.02769,0.02180,0.07895,0.02433,0.02144,0.08424,0.00946,0.03402,0.02855,0.02018
513,0.00398,0.00558,0.00589,0.00665,0.01372,0.00172,0.00800,0.45281,0.00540,0.06050,0.04889,0.00335,0.00224,0.00706,0.00136,0.00320,0.03589,0.32493,0.00433,0.00450
514,0.11315,0.09916,0.01114,0.01440,0.00570,0.00537,0.01117,0.01611,0.01310,0.00161,0.01632,0.03999,0.20765,0.03725,0.00109,0.13149,0.12781,0.05246,0.00413,0.09091
515,0.02056,0.04011,0.02275,0.04277,0.02684,0.00362,0.01215,0.04310,0.27858,0.00793,0.02006,0.01373,0.00677,0.03041,0.29885,0.03073,0.01489,0.01072,0.01951,0.05593
516,0.00517,0.01429,0.01072,0.00964,0.06784,0.00554,0.03196,0.09328,0.00986,0.21141,0.42157,0.00773,0.02156,0.00735,0.00561,0.00441,0.00435,0.03663,0.01610,0.01499
517,0.01646,0.03441,0.02914,0.01269,0.03840,0.52619,0.02766,0.03533,0.03440,0.00932,0.02688,0.02914,0.01578,0.02607,0.00643,0.01053,0.01713,0.04005,0.03642,0.02755
518,0.01452,0.03901,0.03237,0.03673,0.06532,0.01559,0.01150,0.03323,0.02416,0.00883,0.02942,0.06285,0.13706,0.02532,0.00835,0.01277,0.01533,0.01370,0.03920,0.37474
519,0.01207,0.14204,0.01828,0.01737,0.02114,0.00617,0.01164,0.29725,0.01511,0.09730,0.02198,0.01455,0.00414,0.01018,0.00367,0.00520,0.01495,0.26168,0.01170,0.01360
520,0.00409,0.01057,0.00619,0.01191,0.01337,0.00411,0.00683,0.47562,0.00662,0.24752,0.14014,0.00596,0.00545,0.00917,0.00266,0.00329,0.00330,0.02706,0.00959,0.00653
521,0.03278,0.08959,0.05320,0.37124,0.01607,0.05051,0.02166,0.01467,0.01703,0.00788,0.04605,0.01232,0.00524,0.16081,0.00600,0.01490,0.00575,0.00882,0.01745,0.04802
522,0.05735,0.01842,0.08535,0.13456,0.00729,0.07781,0.05457,0.01402,0.06886,0.01486,0.03287,0.06831,0.00192,0.13585,0.04517,0.08587,0.07690,0.01028,0.00589,0.00383
523,0.00275,0.00985,0.00654,0.00671,0.00664,0.00291,0.00320,0.31340,0.00409,0.23093,0.07043,0.00407,0.00151,0.00412,0.00217,0.00175,0.00132,0.31683,0.00647,0.00432
524,0.06569,0.03659,0.11257,0.04205,0.02078,0.00927,0.07917,0.01608,0.01364,0.00468,0.04991,0.16984,0.00466,0.08075,0.00474,0.17266,0.03951,0.01549,0.02627,0.03564
525,0.03899,0.06999,0.03583,0.06710,0.03960,0.04343,0.05420,0.01524,0.08053,0.06250,0.06775,0.05926,0.00139,0.06324,0.06199,0.06072,0.06565,0.01279,0.02102,0.07878
526,0.03148,0.07231,0.00334,0.04576,0.08159,0.00799,0.05363,0.17363,0.07537,0.05283,0.03196,0.02511,0.00070,0.03605,0.03665,0.03893,0.05654,0.05880,0.04954,0.06778
527,0.05919,0.11035,0.07524,0.07995,0.02353,0.03055,0.10035,0.01029,0.02568,0.02242,0.01522,0.08940,0.11501,0.05815,0.02491,0.06020,0.04702,0.00868,0.01408,0.02978
528,0.01991,0.02584,0.03141,0.02156,0.03511,0.49304,0.02885,0.03506,0.03695,0.01037,0.04349,0.03797,0.01051,0.03272,0.04376,0.01007,0.01535,0.01407,0.03032,0.02367
529,0.05460,0.03064,0.02491,0.05572,0.02418,0.48059,0.03212,0.02487,0.03720,0.00596,0.02568,0.03972,0.00641,0.02292,0.00514,0.05786,0.01439,0.00955,0.02195,0.02560
530,0.06316,0.08002,0.01168,0.00383,0.04503,0.00460,0.10943,0.00941,0.13303,0.11760,0.11287,0.07326,0.00415,0.03440,0.07235,0.03419,0.00750,0.00423,0.01134,0.06791
531,0.01261,0.03366,0.02634,0.03740,0.03240,0.01136,0.02045,0.17598,0.03129,0.10482,0.35605,0.03407,0.00652,0.01992,0.00767,0.00997,0.02574,0.00834,0.02382,0.02160
532,0.01518,0.04487,0.04521,0.04238,0.06766,0.01273,0.07818,0.04297,0.05786,0.01224,0.03979,0.03035,0.00776,0.04624,0.00952,0.00894,0.01236,0.01941,0.03194,0.37442
533,0.51956,0.02396,0.02685,0.03034,0.02449,0.03045,0.01455,0.02342,0.02286,0.00785,0.03138,0.02351,0.00596,0.02311,0.00738,0.08850,0.02513,0.02029,0.02708,0.02333
534,0.01338,0.04658,0.48139,0.03622,0.02389,0.07251,0.01780,0.02456,0.04146,0.00766,0.02779,0.04159,0.00788,0.02871,0.00946,0.00836,0.01295,0.02252,0.02775,0.04753
535,0.01582,0.02992,0.50128,0.03103,0.03043,0.03371,0.01341,0.02649,0.03465,0.00911,0.03513,0.05115,0.00548,0.03304,0.00947,0.00627,0.00865,0.04201,0.02942,0.05352
536,0.02031,0.04459,0.02661,0.03193,0.03931,0.01844,0.01736,0.05315,0.03176,0.00898,0.02618,0.02781,0.00919,0.02558,0.00721,0.01685,0.49092,0.01438,0.06650,0.02291
537,0.48084,0.01856,0.02884,0.02497,0.03150,0.00790,0.02022,0.03875,0.03932,0.00875,0.03621,0.02824,0.00758,0.02771,0.00813,0.00818,0.05932,0.06507,0.03091,0.02902
538,0.70347,0.00428,0.01191,0.00553,0.00430,0.13871,0.00257,0.00488,0.00741,0.00158,0.00557,0.00364,0.00114,0.00463,0.07157,0.01398,0.00175,0.00315,0.00610,0.00382
539,0.01470,0.02157,0.04622,0.03390,0.03208,0.02258,0.01689,0.03523,0.03493,0.00672,0.02912,0.03339,0.00670,0.02020,0.01399,0.00701,0.01024,0.01670,0.56591,0.03192
540,0.00777,0.02446,0.52937,0.02854,0.02711,0.02796,0.00942,0.02472,0.05403,0.00754,0.04714,0.03081,0.00404,0.03499,0.01034,0.00632,0.00637,0.02001,0.05517,0.04389
541,0.01861,0.03042,0.03407,0.05223,0.03230,0.01265,0.01562,0.01170,0.04076,0.00861,0.04267,0.01598,0.00487,0.21397,0.00863,0.00956,0.37054,0.01444,0.04039,0.02200
542,0.00773,0.03162,0.01855,0.02559,0.02308,0.00675,0.00504,0.02680,0.27326,0.00749,0.02740,0.01927,0.00374,0.02274,0.42739,0.01348,0.00763,0.01116,0.02321,0.01807
543,0.01365,0.03114,0.03180,0.03831,0.04243,0.01299,0.01963,0.32592,0.03027,0.00733,0.05123,0.03193,0.01286,0.02404,0.00650,0.01715,0.02869,0.22274,0.02307,0.02833
544,0.00586,0.01746,0.01176,0.01497,0.01501,0.01248,0.13191,0.01762,0.01111,0.00384,0.01455,0.04533,0.00284,0.01295,0.00465,0.26226,0.38653,0.00631,0.01243,0.01013
545,0.03433,0.03303,0.00568,0.03784,0.00940,0.00529,0.02077,0.11513,0.16432,0.01551,0.04659,0.00783,0.00127,0.06571,0.22299,0.10546,0.06289,0.03379,0.00565,0.00653
546,0.04287,0.05318,0.01638,0.00856,0.25628,0.00474,0.08429,0.01847,0.00644,0.01848,0.01830,0.01259,0.00181,0.00581,0.00293,0.00393,0.00803,0.01667,0.21851,0.20172
547,0.01133,0.02030,0.63488,0.01610,0.02867,0.04792,0.00998,0.01707,0.01723,0.00786,0.01945,0.04705,0.00500,0.02055,0.00617,0.00536,0.00557,0.01366,0.02850,0.03735
548,0.00800,0.01913,0.01298,0.02621,0.02060,0.00987,0.00903,0.01531,0.01365,0.64561,0.02617,0.00980,0.00744,0.10614,0.01411,0.00499,0.00458,0.00946,0.02233,0.01458
549,0.04596,0.03985,0.18774,0.15222,0.01467,0.02674,0.06031,0.05274,0.01251,0.01771,0.08080,0.03469,0.00127,0.12904,0.02011,0.02781,0.01097,0.05002,0.01417,0.02065
550,0.01295,0.06456,0.01713,0.03966,0.03658,0.01631,0.06617,0.03131,0.03146,0.00974,0.03501,0.50178,0.00523,0.02535,0.00840,0.00613,0.00858,0.02359,0.03666,0.02340
551,0.01009,0.02067,0.03518,0.63263,0.03430,0.00472,0.01212,0.02184,0.01840,0.00720,0.02788,0.01370,0.00445,0.02557,0.00742,0.00654,0.00576,0.05808,0.03569,0.01775
552,0.31961,0.05738,0.01408,0.02783,0.01213,0.01571,0.00676,0.01423,0.01829,0.00503,0.06660,0.01193,0.00346,0.12744,0.00436,0.23799,0.01881,0.01084,0.01774,0.00979
553,0.03603,0.00998,0.01175,0.02582,0.01289,0.07641,0.00913,0.15810,0.12836,0.19557,0.15795,0.01128,0.02501,0.06374,0.02468,0.00632,0.00458,0.01031,0.01256,0.01953
554,0.00672,0.04085,0.01821,0.02830,0.02336,0.00894,0.00803,0.36991,0.02143,0.02549,0.02163,0.02371,0.00391,0.01766,0.00550,0.00496,0.01768,0.32510,0.01622,0.01241
555,0.03993,0.27234,0.00865,0.00852,0.01022,0.00417,0.00411,0.06870,0.01001,0.08242,0.06684,0.00433,0.00152,0.00850,0.00239,0.02460,0.18392,0.18324,0.00964,0.00593
556,0.02242,0.00182,0.10590,0.14459,0.01559,0.05277,0.07486,0.00287,0.07888,0.02456,0.05615,0.09506,0.00049,0.11140,0.07387,0.03695,0.05847,0.00623,0.01388,0.02325
557,0.02282,0.00796,0.03741,0.05601,0.13629,0.00197,0.08950,0.00627,0.00537,0.12033,0.11168,0.00236,0.00121,0.20053,0.00324,0.02112,0.00153,0.00196,0.04868,0.12378
558,0.00691,0.02028,0.01917,0.02107,0.01645,0.01022,0.00867,0.03125,0.02393,0.00998,0.69689,0.01490,0.00341,0.01015,0.00858,0.00476,0.01638,0.04304,0.02181,0.01217
559,0.08317,0.06049,0.11910,0.10317,0.00223,0.04663,0.05677,0.00505,0.06270,0.01708,0.03284,0.07555,0.01774,0.07092,0.02496,0.10266,0.09038,0.02196,0.00249,0.00411
560,0.06348,0.03023,0.08735,0.06640,0.01535,0.02601,0.06499,0.04513,0.04109,0.03733,0.03286,0.04724,0.08931,0.08128,0.04508,0.07283,0.05602,0.04458,0.01709,0.03633
561,0.04248,0.04220,0.03659,0.02419,0.06942,0.04328,0.09184,0.03000,0.05187,0.04043,0.04474,0.05808,0.03752,0.04629,0.06417,0.04995,0.04501,0.03221,0.04859,0.10113
562,0.00901,0.01878,0.01757,0.04563,0.02287,0.01032,0.57702,0.01587,0.03320,0.00580,0.03343,0.01460,0.00193,0.10473,0.02097,0.00483,0.00520,0.01258,0.03163,0.01404
563,0.22410,0.01845,0.01079,0.01070,0.00821,0.02679,0.00429,0.00487,0.26877,0.00335,0.00883,0.00549,0.00190,0.08956,0.27408,0.01540,0.00266,0.00447,0.01062,0.00666
