site,A,C,D,E,F,G,H,I,K,L,M,N,P,Q,R,S,T,V,W,Y
451,0.01206,0.45010,0.02738,0.02662,0.03437,0.01750,0.03651,0.08580,0.05492,0.01094,0.03592,0.05731,0.01100,0.02790,0.00350,0.02738,0.02080,0.01308,0.01800,0.02890
452,0.02523,0.02069,0.03057,0.03986,0.02348,0.00386,0.02328,0.22994,0.02484,0.00463,0.02985,0.03239,0.00907,0.02071,0.00501,0.00680,0.00991,0.41192,0.01714,0.03082
453,0.01657,0.00687,0.02052,0.02483,0.02763,0.00789,0.00631,0.04370,0.04938,0.01084,0.04331,0.03305,0.01813,0.04302,0.01098,0.00947,0.03233,0.01248,0.02294,0.55976
454,0.01083,0.02498,0.08216,0.02845,0.02831,0.00811,0.04326,0.09637,0.02238,0.00892,0.03356,0.45020,0.01014,0.03052,0.00817,0.02026,0.03716,0.00973,0.02467,0.02180
455,0.01234,0.03230,0.03570,0.02555,0.02403,0.00786,0.03481,0.14973,0.03479,0.00662,0.43591,0.04206,0.01323,0.03908,0.00679,0.00994,0.01858,0.00318,0.01773,0.04976
456,0.01921,0.02186,0.02735,0.02801,0.04390,0.00828,0.03693,0.08251,0.06835,0.01239,0.46203,0.03870,0.01245,0.02659,0.01306,0.01363,0.00460,0.02467,0.02200,0.03348
457,0.01118,0.01863,0.02734,0.05096,0.02536,0.53652,0.02998,0.03086,0.04357,0.00801,0.02849,0.03815,0.01039,0.03863,0.00543,0.00919,0.01299,0.02399,0.01418,0.03615
458,0.01008,0.01696,0.02925,0.00834,0.01653,0.00831,0.01994,0.02211,0.56533,0.00653,0.02258,0.02504,0.00856,0.10895,0.05136,0.00688,0.02566,0.00913,0.01594,0.02253
459,0.01107,0.02576,0.03103,0.02198,0.02708,0.00168,0.02481,0.12068,0.04090,0.00770,0.02111,0.04375,0.00983,0.02759,0.51630,0.00637,0.01371,0.00922,0.01272,0.02670
460,0.01900,0.02691,0.06665,0.43170,0.02989,0.00257,0.02985,0.02822,0.17477,0.00917,0.02366,0.02926,0.01304,0.02705,0.00821,0.00935,0.01547,0.00762,0.01816,0.02946
461,0.01171,0.01823,0.03152,0.00456,0.01645,0.01099,0.02045,0.02076,0.51474,0.00630,0.01577,0.15598,0.00981,0.02515,0.07292,0.00729,0.01452,0.00841,0.01381,0.02063
462,0.01369,0.02146,0.03657,0.00968,0.02493,0.01175,0.02630,0.02764,0.54064,0.00720,0.01645,0.03774,0.01185,0.03371,0.09652,0.00715,0.02706,0.01224,0.01482,0.02260
463,0.06196,0.00888,0.00792,0.08640,0.00535,0.00214,0.01495,0.09859,0.00789,0.10255,0.25730,0.00512,0.11094,0.08245,0.00728,0.01491,0.03340,0.06145,0.00599,0.02451
464,0.04138,0.03128,0.02660,0.04687,0.03858,0.47439,0.03788,0.03137,0.02831,0.00854,0.03167,0.03364,0.01525,0.03739,0.01764,0.01237,0.01589,0.01069,0.01930,0.04097
465,0.02114,0.08875,0.04437,0.39625,0.05331,0.00204,0.04164,0.05000,0.02999,0.01220,0.03359,0.05027,0.01694,0.02572,0.01083,0.01464,0.02454,0.01645,0.03329,0.03404
466,0.01280,0.02935,0.02008,0.02769,0.47645,0.00858,0.02113,0.02004,0.03413,0.08115,0.03251,0.02553,0.01067,0.03930,0.00821,0.02690,0.01455,0.01146,0.07883,0.02064
467,0.01132,0.03494,0.04405,0.04860,0.03774,0.39662,0.03623,0.04054,0.03664,0.00932,0.02630,0.04006,0.01827,0.03776,0.03222,0.01197,0.02375,0.01503,0.02228,0.07635
468,0.01069,0.02352,0.02669,0.00353,0.02394,0.00762,0.04513,0.02777,0.26597,0.01229,0.02148,0.03414,0.00810,0.06752,0.15001,0.05959,0.11053,0.05397,0.01671,0.03079
469,0.53246,0.02131,0.02513,0.06090,0.02156,0.00703,0.02074,0.03865,0.03586,0.00903,0.02744,0.03543,0.01031,0.03168,0.00961,0.02178,0.01613,0.03925,0.01537,0.02034
470,0.01239,0.02487,0.01711,0.02681,0.01807,0.00848,0.01914,0.03272,0.56617,0.00519,0.01357,0.02125,0.00833,0.01497,0.14382,0.00627,0.02222,0.00998,0.01270,0.01594
471,0.01057,0.04403,0.10977,0.02815,0.05153,0.32356,0.02923,0.04180,0.08459,0.01221,0.04938,0.04651,0.01009,0.03031,0.00850,0.02924,0.01596,0.01433,0.02368,0.03658
472,0.01271,0.07238,0.02883,0.02527,0.05866,0.00406,0.02661,0.05755,0.03512,0.01193,0.03446,0.02472,0.01021,0.02852,0.03215,0.45330,0.01342,0.01138,0.02080,0.03792
473,0.01037,0.00529,0.03078,0.03130,0.04160,0.00615,0.01934,0.03968,0.03634,0.01593,0.03864,0.03998,0.00889,0.03447,0.53069,0.01812,0.01624,0.01370,0.01853,0.04395
474,0.52669,0.04733,0.01918,0.02581,0.01932,0.01146,0.02367,0.02639,0.03935,0.01016,0.03496,0.02686,0.00862,0.03969,0.00859,0.01818,0.03976,0.01008,0.03556,0.02837
475,0.01390,0.02501,0.03119,0.03437,0.04313,0.01217,0.02452,0.48652,0.04488,0.00850,0.02878,0.04218,0.00999,0.03932,0.00931,0.01590,0.01804,0.03713,0.04356,0.03160
476,0.01387,0.02698,0.02502,0.02028,0.02694,0.02133,0.03076,0.04793,0.02675,0.02948,0.01967,0.04832,0.00963,0.02312,0.04379,0.00802,0.01341,0.00888,0.52012,0.03570
477,0.00840,0.03379,0.01019,0.01570,0.30229,0.00607,0.01126,0.01707,0.03106,0.00582,0.02340,0.02326,0.00600,0.02446,0.00750,0.00556,0.00888,0.00660,0.01814,0.43455
478,0.01145,0.02600,0.03192,0.02324,0.03310,0.01241,0.01936,0.01081,0.02784,0.01344,0.56104,0.02640,0.00797,0.02281,0.00691,0.00879,0.10513,0.00584,0.01938,0.02617
479,0.02071,0.03463,0.04291,0.03446,0.03621,0.02222,0.03830,0.04999,0.03504,0.02296,0.03478,0.03339,0.01243,0.04171,0.02523,0.00974,0.01748,0.01758,0.41985,0.05040
480,0.01972,0.06383,0.03619,0.04268,0.05041,0.01860,0.02909,0.04802,0.03460,0.38477,0.03841,0.03699,0.01159,0.02782,0.01397,0.02051,0.01597,0.04262,0.03102,0.03322
481,0.02061,0.05798,0.04314,0.04938,0.05450,0.39859,0.02746,0.04079,0.02442,0.01376,0.03068,0.02637,0.00661,0.03350,0.03041,0.01354,0.01265,0.03879,0.04218,0.03465
482,0.29485,0.04155,0.01653,0.03077,0.02666,0.01647,0.02272,0.03309,0.03442,0.00885,0.03001,0.02485,0.00756,0.02799,0.00927,0.22087,0.05921,0.03414,0.03243,0.02777
483,0.01251,0.03278,0.03716,0.03643,0.03055,0.05223,0.02671,0.10132,0.09886,0.00988,0.01887,0.02313,0.01198,0.02616,0.37931,0.02006,0.01350,0.01317,0.02702,0.02837
484,0.01750,0.02310,0.03087,0.02835,0.37524,0.01661,0.03371,0.03123,0.04192,0.01168,0.03289,0.04129,0.01470,0.05175,0.00984,0.04160,0.02280,0.01997,0.03184,0.12312
485,0.02050,0.04071,0.04507,0.03960,0.04025,0.01741,0.04913,0.09991,0.04832,0.21176,0.04204,0.06462,0.02549,0.05399,0.01209,0.00708,0.03269,0.01714,0.03673,0.09549
486,0.03028,0.05258,0.03095,0.30878,0.09293,0.01048,0.04236,0.07401,0.06891,0.02300,0.02740,0.03983,0.02173,0.03061,0.01091,0.01333,0.01519,0.02543,0.02459,0.05671
487,0.01924,0.06950,0.04058,0.05100,0.28154,0.02476,0.03371,0.04051,0.04417,0.03415,0.04349,0.05437,0.01409,0.03965,0.01830,0.02984,0.01890,0.01669,0.03887,0.08665
488,0.01658,0.06767,0.06936,0.25424,0.13297,0.03262,0.03226,0.04727,0.03151,0.01688,0.03987,0.02115,0.01862,0.03615,0.01440,0.01528,0.01358,0.03782,0.05411,0.04769
489,0.30219,0.10318,0.04120,0.03507,0.05842,0.01784,0.01748,0.03012,0.03873,0.01169,0.02928,0.02448,0.01110,0.02196,0.00835,0.10956,0.04746,0.02879,0.03136,0.03172
490,0.01725,0.06304,0.04628,0.04271,0.02234,0.01807,0.04429,0.10858,0.03789,0.31675,0.05586,0.04271,0.00891,0.03045,0.01034,0.01459,0.01600,0.01664,0.05709,0.03021
491,0.01547,0.07380,0.04432,0.01271,0.06888,0.26321,0.04501,0.06250,0.04176,0.01520,0.03474,0.03759,0.02313,0.03699,0.01777,0.01459,0.01695,0.07495,0.03721,0.06322
492,0.01537,0.04308,0.04117,0.07821,0.32931,0.03315,0.01759,0.03779,0.05246,0.05618,0.05707,0.03526,0.00771,0.02567,0.01095,0.02630,0.01099,0.02335,0.04542,0.05297
493,0.02075,0.03284,0.04033,0.04144,0.22957,0.02239,0.02911,0.05644,0.03661,0.25520,0.04546,0.03722,0.01296,0.02226,0.01163,0.01237,0.01486,0.01969,0.03498,0.02391
494,0.02179,0.05554,0.01350,0.11020,0.03561,0.04586,0.02545,0.03750,0.03254,0.01589,0.05044,0.24135,0.01203,0.11686,0.02298,0.00375,0.01718,0.04233,0.06535,0.03386
495,0.02474,0.03161,0.01857,0.42797,0.04274,0.01351,0.02636,0.03155,0.03367,0.01045,0.03404,0.02150,0.01284,0.13464,0.01141,0.01154,0.01333,0.03203,0.03255,0.03495
496,0.01827,0.04568,0.36802,0.06207,0.03100,0.00263,0.01877,0.02263,0.04183,0.01258,0.05179,0.06595,0.00915,0.04801,0.01248,0.01198,0.01473,0.05799,0.04077,0.06367
497,0.01632,0.05256,0.03478,0.07921,0.04779,0.02182,0.31049,0.03629,0.03068,0.02031,0.02645,0.07437,0.00887,0.09051,0.05317,0.01082,0.01208,0.02535,0.04080,0.00734
498,0.02388,0.05095,0.03797,0.03997,0.02477,0.02147,0.03290,0.02462,0.04064,0.02254,0.02433,0.03204,0.01251,0.03308,0.02382,0.01032,0.01185,0.02085,0.48276,0.02874
499,0.01133,0.02682,0.02709,0.01915,0.02693,0.01123,0.01360,0.00457,0.01866,0.37932,0.27951,0.01393,0.00776,0.01908,0.01417,0.01073,0.04375,0.03363,0.02099,0.01776
500,0.11374,0.09915,0.05991,0.09134,0.00327,0.05654,0.05876,0.03821,0.07145,0.00452,0.05763,0.05418,0.00112,0.08477,0.02470,0.06726,0.06255,0.04376,0.00369,0.00344
501,0.01391,0.02521,0.03530,0.05245,0.02890,0.01437,0.02174,0.06638,0.07112,0.00917,0.02877,0.03212,0.00692,0.02936,0.46180,0.00895,0.01260,0.02220,0.03499,0.02373
502,0.06338,0.04234,0.06213,0.09607,0.01139,0.02402,0.08299,0.05704,0.02209,0.03544,0.02395,0.07304,0.03283,0.11260,0.03142,0.09464,0.06480,0.05160,0.00949,0.00874
503,0.04954,0.07473,0.01793,0.02437,0.01932,0.01544,0.03312,0.04389,0.02401,0.00534,0.12178,0.24815,0.00551,0.03159,0.00667,0.01607,0.17163,0.03842,0.02176,0.03074
504,0.01399,0.41303,0.02544,0.02079,0.01929,0.01096,0.01609,0.02174,0.01853,0.00489,0.03048,0.01675,0.02411,0.02984,0.00768,0.26272,0.00985,0.00958,0.02898,0.01525
505,0.09426,0.05170,0.03740,0.03512,0.03001,0.37640,0.01642,0.02356,0.03840,0.02943,0.07997,0.03095,0.00764,0.03623,0.00810,0.01073,0.01152,0.01936,0.03010,0.03271
506,0.17398,0.03223,0.04163,0.03156,0.03031,0.42335,0.02315,0.02969,0.02494,0.00993,0.02996,0.02070,0.00865,0.02959,0.00879,0.00619,0.01252,0.01172,0.02482,0.02628
507,0.01583,0.03961,0.04734,0.01097,0.03558,0.42694,0.02998,0.04509,0.05048,0.01745,0.05314,0.02846,0.01458,0.05217,0.00803,0.01214,0.01613,0.01863,0.04822,0.02924
508,0.00727,0.17941,0.02306,0.03583,0.02608,0.01711,0.01673,0.03179,0.03072,0.01030,0.03840,0.02688,0.00962,0.02266,0.00945,0.00932,0.03404,0.40927,0.03403,0.02803
509,0.01741,0.07486,0.04734,0.51754,0.02973,0.01431,0.01732,0.03147,0.01443,0.00984,0.03795,0.02280,0.00835,0.02689,0.00827,0.03617,0.01072,0.01666,0.03785,0.02009
510,0.09889,0.02647,0.02748,0.07001,0.03659,0.33972,0.01890,0.03002,0.03091,0.00736,0.03235,0.02924,0.00875,0.01902,0.01963,0.11238,0.01038,0.01752,0.03049,0.03388
511,0.01778,0.07764,0.01933,0.01433,0.07123,0.00506,0.01428,0.02081,0.05489,0.15880,0.06024,0.03062,0.00433,0.13826,0.02494,0.08629,0.02831,0.01147,0.10438,0.05703
512,0.08136,0.02143,0.02525,0.02698,0.03297,0.36940,0.01640,0.03228,0.01832,0.00829,0.02696,0.02029,0.08186,0.03169,0.01353,0.08934,0.00925,0.04613,0.02872,0.01955
513,0.00513,0.00510,0.00534,0.00609,0.01328,0.00162,0.01473,0.37480,0.00499,0.05303,0.06687,0.00311,0.00505,0.00948,0.00126,0.00136,0.06392,0.35772,0.00302,0.00411
514,0.11145,0.07812,0.01097,0.01315,0.00498,0.00628,0.00656,0.02025,0.01128,0.00172,0.01989,0.03668,0.20069,0.03074,0.00137,0.13570,0.13733,0.05678,0.00361,0.11245
515,0.01779,0.03979,0.02136,0.03948,0.02726,0.05692,0.01139,0.05680,0.26824,0.00742,0.01874,0.01281,0.00634,0.02633,0.26619,0.03217,0.01193,0.01005,0.01823,0.05074
516,0.00577,0.01603,0.01200,0.01075,0.09146,0.00617,0.01534,0.10540,0.01104,0.23086,0.39340,0.00865,0.00599,0.00821,0.00615,0.00493,0.00486,0.02829,0.01798,0.01672
517,0.01662,0.03467,0.02944,0.01219,0.03890,0.50814,0.02804,0.03577,0.03498,0.00944,0.02720,0.02930,0.01594,0.02634,0.00651,0.01066,0.01732,0.05400,0.03671,0.02783
518,0.01538,0.02379,0.03957,0.03074,0.04883,0.01426,0.02244,0.02724,0.02024,0.00736,0.02463,0.08138,0.23873,0.02108,0.00826,0.01280,0.01572,0.01368,0.04364,0.29021
519,0.01998,0.16118,0.01648,0.01569,0.01738,0.00556,0.01031,0.25417,0.01382,0.08779,0.02688,0.01046,0.00370,0.00912,0.00329,0.00372,0.03433,0.28340,0.01059,0.01216
520,0.00395,0.01022,0.00602,0.01165,0.01302,0.00399,0.00655,0.41850,0.00643,0.22921,0.19085,0.00575,0.00999,0.00834,0.00335,0.00318,0.00320,0.05014,0.00930,0.00635
521,0.04823,0.07776,0.07441,0.32494,0.01508,0.04129,0.03360,0.01365,0.01656,0.01101,0.03276,0.01145,0.00491,0.15376,0.00750,0.02465,0.00531,0.00945,0.02140,0.07227
522,0.05269,0.01963,0.09277,0.12061,0.00749,0.06276,0.05903,0.01328,0.07794,0.02274,0.03669,0.05894,0.00182,0.13074,0.05663,0.08024,0.08293,0.01286,0.00554,0.00466
523,0.00293,0.01552,0.00765,0.00783,0.00861,0.00342,0.00374,0.28792,0.00497,0.22724,0.08088,0.00477,0.00170,0.00485,0.00242,0.00205,0.00146,0.31947,0.00754,0.00504
524,0.07215,0.03520,0.12193,0.03020,0.02304,0.01113,0.07532,0.01597,0.01598,0.00454,0.07135,0.15701,0.00451,0.07506,0.00458,0.16309,0.05681,0.01493,0.02737,0.01980
525,0.02990,0.08181,0.04635,0.07985,0.03667,0.04013,0.05868,0.01596,0.06134,0.05674,0.05887,0.07525,0.00170,0.06057,0.05508,0.05842,0.06011,0.01702,0.03022,0.07533
526,0.03309,0.09017,0.00439,0.05568,0.08462,0.01027,0.05389,0.15844,0.09041,0.04769,0.02498,0.01972,0.00122,0.03139,0.03930,0.04379,0.05567,0.06576,0.03632,0.05320
527,0.05180,0.13761,0.07587,0.07011,0.03458,0.03696,0.09088,0.01037,0.02667,0.01949,0.01370,0.10374,0.09948,0.05438,0.02584,0.05044,0.05319,0.00760,0.01394,0.02333
528,0.02053,0.02691,0.03270,0.01403,0.03663,0.49236,0.03001,0.03653,0.03850,0.01080,0.04520,0.03956,0.01094,0.03409,0.03400,0.01049,0.01599,0.01455,0.03156,0.02463
529,0.10311,0.04060,0.02249,0.01774,0.02174,0.40482,0.03882,0.02243,0.03340,0.00534,0.02317,0.06008,0.00576,0.02057,0.00776,0.09483,0.01671,0.01793,0.01965,0.02306
530,0.07242,0.06052,0.01379,0.00454,0.06897,0.00543,0.10928,0.01115,0.15560,0.07236,0.08052,0.06865,0.00697,0.04258,0.07615,0.03324,0.01313,0.00572,0.01450,0.08448
531,0.01182,0.03144,0.02455,0.03504,0.02814,0.01064,0.01912,0.23917,0.02904,0.09271,0.31702,0.03172,0.00612,0.01859,0.00898,0.00932,0.01984,0.02134,0.02519,0.02021
532,0.01448,0.08648,0.03056,0.04012,0.10453,0.01198,0.07309,0.04135,0.05524,0.01159,0.03789,0.02926,0.00732,0.04397,0.00904,0.00849,0.01172,0.01834,0.03109,0.33349
533,0.53393,0.02552,0.02879,0.04417,0.02584,0.02888,0.01548,0.02500,0.02446,0.00831,0.03340,0.02494,0.00628,0.02444,0.00782,0.01755,0.05490,0.01707,0.02863,0.02457
534,0.01375,0.04906,0.49009,0.05238,0.02513,0.04610,0.01886,0.02587,0.04358,0.00807,0.02957,0.02423,0.00832,0.03045,0.01002,0.00885,0.01367,0.02377,0.02916,0.04908
535,0.00642,0.02909,0.46441,0.03035,0.02956,0.06902,0.01304,0.02570,0.03365,0.00883,0.03419,0.01700,0.00533,0.03216,0.00920,0.00609,0.00842,0.05432,0.02848,0.09473
536,0.04586,0.04603,0.02760,0.03298,0.04043,0.01908,0.01778,0.01191,0.03292,0.00925,0.02679,0.02491,0.01637,0.02660,0.00744,0.02064,0.48702,0.01486,0.06786,0.02367
537,0.46282,0.01877,0.02904,0.02524,0.03193,0.00797,0.02033,0.03876,0.03964,0.00883,0.03629,0.02858,0.00715,0.02805,0.00819,0.00824,0.05093,0.08889,0.03096,0.02940
538,0.64006,0.00421,0.02020,0.00629,0.00497,0.15681,0.00294,0.00560,0.00854,0.00181,0.00640,0.00415,0.00131,0.00529,0.09665,0.01927,0.00201,0.00213,0.00695,0.00439
539,0.01466,0.02147,0.04628,0.03381,0.03193,0.01626,0.01681,0.03509,0.03472,0.00669,0.02899,0.03329,0.00666,0.02013,0.04794,0.00697,0.01018,0.01658,0.53975,0.03179
540,0.00794,0.02481,0.51664,0.02918,0.02762,0.03304,0.00954,0.02514,0.05459,0.00764,0.04777,0.04655,0.00409,0.03559,0.01051,0.00639,0.00644,0.01131,0.05643,0.03878
541,0.00551,0.03125,0.03464,0.05309,0.03291,0.01290,0.01597,0.02468,0.04188,0.00879,0.04325,0.01634,0.00497,0.21628,0.00885,0.00734,0.36272,0.01475,0.04132,0.02256
542,0.00838,0.02291,0.02006,0.02788,0.02500,0.00779,0.00471,0.02920,0.22528,0.00724,0.03001,0.02101,0.00578,0.02477,0.44561,0.02944,0.00833,0.01205,0.02511,0.01944
543,0.01384,0.03254,0.03394,0.04068,0.03013,0.01363,0.02004,0.33020,0.03138,0.00744,0.05109,0.05275,0.01352,0.02495,0.00682,0.01519,0.01259,0.21501,0.02432,0.02994
544,0.00659,0.02067,0.01175,0.01504,0.01509,0.00986,0.15867,0.01270,0.01114,0.00385,0.01622,0.07230,0.00285,0.01303,0.00466,0.25564,0.34105,0.00630,0.01246,0.01014
545,0.04726,0.04846,0.00579,0.03794,0.01421,0.00536,0.02019,0.09248,0.16185,0.01707,0.03367,0.01653,0.00129,0.08026,0.18890,0.09851,0.06049,0.05632,0.00576,0.00765
546,0.06485,0.06703,0.02322,0.00941,0.22661,0.00445,0.09221,0.03096,0.00601,0.00125,0.02442,0.01584,0.00219,0.00603,0.00275,0.01144,0.01411,0.02461,0.18529,0.18730
547,0.01344,0.01943,0.58143,0.02475,0.02740,0.08114,0.00957,0.01642,0.01655,0.00753,0.01868,0.06727,0.00479,0.01962,0.00592,0.00514,0.00534,0.01243,0.02735,0.03583
548,0.00799,0.01909,0.01289,0.02616,0.02051,0.00984,0.00901,0.01533,0.01352,0.61245,0.03955,0.00973,0.00325,0.12738,0.01766,0.00497,0.00457,0.00940,0.02216,0.01453
549,0.04218,0.04583,0.17168,0.12922,0.01342,0.01910,0.06115,0.06636,0.01108,0.02849,0.08175,0.04904,0.00115,0.09812,0.02185,0.02963,0.01526,0.08157,0.00962,0.02351
550,0.01226,0.07402,0.02402,0.03772,0.03463,0.01548,0.11945,0.02961,0.02877,0.00922,0.03327,0.44914,0.00497,0.02427,0.00792,0.00511,0.00814,0.02222,0.03480,0.02499
551,0.00909,0.02053,0.06586,0.60212,0.03386,0.00419,0.01207,0.02173,0.02067,0.00717,0.02769,0.01364,0.00442,0.02549,0.00739,0.00651,0.00573,0.05851,0.03557,0.01778
552,0.24521,0.08153,0.02559,0.01864,0.01012,0.01585,0.00562,0.01196,0.01519,0.00520,0.07228,0.00990,0.00390,0.16437,0.00364,0.26390,0.01731,0.00710,0.01455,0.00815
553,0.04366,0.01113,0.01196,0.03854,0.01321,0.09029,0.00873,0.19080,0.08921,0.18963,0.14592,0.01149,0.01561,0.04415,0.03125,0.00886,0.00543,0.00859,0.01276,0.02880
554,0.00673,0.06389,0.01821,0.02831,0.03335,0.00892,0.00808,0.35233,0.02145,0.02835,0.02390,0.02361,0.00393,0.01763,0.00552,0.00495,0.01768,0.30466,0.01610,0.01239
555,0.03093,0.24307,0.00928,0.00909,0.01097,0.00532,0.00438,0.07004,0.01071,0.09357,0.09221,0.00461,0.00159,0.00907,0.00256,0.02986,0.18437,0.17172,0.01034,0.00631
556,0.02031,0.00180,0.11034,0.13449,0.01605,0.06405,0.07161,0.00308,0.06458,0.02705,0.06198,0.08979,0.00053,0.11787,0.07411,0.03424,0.05734,0.01134,0.01993,0.01951
557,0.03710,0.01296,0.05364,0.07834,0.13106,0.00165,0.09408,0.00900,0.00578,0.13000,0.10981,0.00245,0.00082,0.15498,0.00084,0.03072,0.00139,0.00201,0.05843,0.08492
558,0.00742,0.02016,0.01901,0.02088,0.01629,0.01016,0.00863,0.01811,0.02318,0.01095,0.66060,0.01481,0.00339,0.01008,0.00755,0.00473,0.04670,0.06361,0.02164,0.01209
559,0.08465,0.07571,0.10876,0.08655,0.00240,0.05707,0.06483,0.00539,0.05780,0.01699,0.03258,0.06798,0.02169,0.06933,0.01999,0.10075,0.09153,0.02819,0.00221,0.00560
560,0.07356,0.03349,0.07650,0.06136,0.01758,0.02154,0.05684,0.04899,0.03605,0.03329,0.03376,0.05346,0.09453,0.08026,0.04051,0.06970,0.05640,0.05728,0.01282,0.04208
561,0.03230,0.04654,0.03686,0.02802,0.06463,0.03407,0.09161,0.03709,0.05680,0.03843,0.03982,0.05899,0.04269,0.05055,0.07940,0.04484,0.04928,0.03801,0.03770,0.09237
562,0.00870,0.01817,0.01692,0.04434,0.02216,0.01000,0.53168,0.01533,0.03211,0.00938,0.03223,0.01615,0.00187,0.16086,0.01543,0.00466,0.00502,0.01215,0.03057,0.01228
563,0.31192,0.01931,0.01032,0.01034,0.00785,0.00251,0.00410,0.00466,0.21384,0.00320,0.01015,0.00524,0.00182,0.09946,0.24882,0.02314,0.00254,0.00428,0.01013,0.00636
