site,A,C,D,E,F,G,H,I,K,L,M,N,P,Q,R,S,T,V,W,Y
451,0.01129,0.50791,0.02563,0.02488,0.02452,0.00634,0.03404,0.08061,0.05095,0.01023,0.03374,0.05364,0.01028,0.02609,0.01876,0.01022,0.01951,0.01225,0.01849,0.02062
452,0.07147,0.01833,0.02835,0.01622,0.02155,0.00613,0.02068,0.22874,0.02277,0.00433,0.00761,0.02929,0.00839,0.01883,0.00458,0.00619,0.00905,0.43453,0.01577,0.02720
453,0.01372,0.00893,0.05156,0.02052,0.02154,0.00653,0.04695,0.03642,0.04093,0.00898,0.03574,0.02374,0.01506,0.03557,0.00911,0.00847,0.02678,0.01036,0.01896,0.56014
454,0.01244,0.02920,0.00702,0.03349,0.03282,0.00935,0.03537,0.05230,0.02793,0.01034,0.03957,0.53338,0.01184,0.03526,0.00938,0.01020,0.04220,0.01127,0.02850,0.02816
455,0.01284,0.03355,0.03693,0.02651,0.02489,0.00818,0.03632,0.02549,0.04783,0.01500,0.52030,0.04824,0.01375,0.04057,0.00737,0.01032,0.01822,0.00331,0.01843,0.05195
456,0.01500,0.02400,0.03052,0.03168,0.04822,0.00923,0.04111,0.01070,0.06979,0.01012,0.51370,0.04354,0.01375,0.02955,0.00865,0.01214,0.01911,0.00690,0.02505,0.03723
457,0.01147,0.01915,0.02778,0.05152,0.02616,0.53289,0.03091,0.03171,0.03918,0.00827,0.02915,0.03891,0.01069,0.03975,0.01657,0.00945,0.01333,0.01219,0.01446,0.03648
458,0.01012,0.01689,0.02946,0.07006,0.01669,0.00833,0.01988,0.05589,0.60948,0.00650,0.02214,0.02464,0.00851,0.02546,0.00976,0.00775,0.01121,0.00906,0.01594,0.02224
459,0.01008,0.02408,0.02811,0.02012,0.02412,0.03207,0.02255,0.06140,0.05967,0.00701,0.01883,0.03949,0.00894,0.02469,0.54908,0.01183,0.01397,0.00843,0.01146,0.02407
460,0.02061,0.02670,0.03897,0.50829,0.02837,0.01878,0.02851,0.02763,0.11013,0.00876,0.02273,0.02807,0.01262,0.02585,0.00801,0.00907,0.01510,0.01555,0.01749,0.02874
461,0.01211,0.01883,0.03218,0.00471,0.01706,0.00840,0.02089,0.02150,0.67249,0.00645,0.01605,0.02444,0.01005,0.02085,0.01305,0.00747,0.04923,0.00861,0.01413,0.02148
462,0.01226,0.01904,0.03314,0.00550,0.02174,0.01419,0.02343,0.02465,0.59093,0.00634,0.01618,0.01984,0.01075,0.05366,0.08833,0.00640,0.00939,0.01091,0.01292,0.02040
463,0.04668,0.01081,0.00825,0.06619,0.00731,0.00166,0.01874,0.07897,0.01319,0.12412,0.25465,0.00779,0.13440,0.07996,0.00058,0.00862,0.02751,0.06557,0.00390,0.04110
464,0.08970,0.02768,0.02369,0.00895,0.03448,0.51279,0.03334,0.02795,0.02509,0.00766,0.02827,0.02981,0.01350,0.03298,0.01714,0.01092,0.01421,0.00879,0.01728,0.03574
465,0.01058,0.08689,0.02613,0.46542,0.05170,0.00196,0.04042,0.04857,0.01170,0.01174,0.03210,0.04845,0.01604,0.02451,0.01041,0.01407,0.02356,0.01051,0.03231,0.03293
466,0.01217,0.02649,0.01907,0.02607,0.55912,0.00809,0.02006,0.01885,0.03232,0.00436,0.03090,0.02445,0.01017,0.03785,0.00783,0.00569,0.01379,0.01280,0.11212,0.01781
467,0.01043,0.03271,0.04065,0.03470,0.03532,0.44920,0.03403,0.03757,0.03444,0.00870,0.02425,0.03730,0.01698,0.03548,0.02586,0.01115,0.02224,0.00632,0.03146,0.07121
468,0.00401,0.00961,0.01033,0.00139,0.01096,0.00273,0.05294,0.12302,0.13293,0.04549,0.01959,0.00677,0.00328,0.01482,0.13096,0.06364,0.11079,0.16191,0.00656,0.08826
469,0.61602,0.02027,0.02432,0.02336,0.02032,0.00668,0.01977,0.03657,0.03464,0.00856,0.02588,0.03428,0.00986,0.03012,0.00916,0.01793,0.02229,0.00568,0.01475,0.01956
470,0.00951,0.01922,0.01311,0.04097,0.01413,0.00552,0.01486,0.01563,0.53666,0.00457,0.01423,0.00897,0.00631,0.01962,0.16654,0.00478,0.05427,0.02907,0.00965,0.01237
471,0.01074,0.02886,0.05305,0.02837,0.05045,0.40541,0.02998,0.04188,0.08419,0.01239,0.05061,0.04760,0.01047,0.03090,0.00910,0.01872,0.01580,0.01096,0.02391,0.03663
472,0.01279,0.01392,0.02900,0.02534,0.05704,0.00761,0.02635,0.04002,0.03470,0.01185,0.03395,0.01335,0.01025,0.02810,0.00504,0.55993,0.02107,0.01136,0.02044,0.03786
473,0.00869,0.07597,0.02579,0.02630,0.03505,0.00521,0.00864,0.03339,0.03026,0.00861,0.03238,0.03336,0.01041,0.02864,0.53990,0.02005,0.01363,0.01151,0.01555,0.03666
474,0.38393,0.16673,0.00772,0.01547,0.01154,0.00463,0.01423,0.02139,0.02354,0.00933,0.02091,0.01617,0.00492,0.23388,0.00511,0.00494,0.01399,0.00318,0.02143,0.01696
475,0.01405,0.02186,0.02701,0.02972,0.03018,0.01057,0.02174,0.51822,0.03870,0.00739,0.02494,0.07688,0.00876,0.03462,0.00812,0.00883,0.04828,0.00447,0.03798,0.02768
476,0.01329,0.03712,0.02378,0.01946,0.02584,0.00543,0.02904,0.04595,0.02567,0.00990,0.01880,0.04604,0.00917,0.02203,0.00782,0.00762,0.01273,0.00847,0.59779,0.03404
477,0.00661,0.00892,0.00747,0.01214,0.34569,0.00478,0.05807,0.01343,0.02431,0.00458,0.01846,0.01224,0.00475,0.01965,0.00591,0.00363,0.00702,0.00517,0.01429,0.42289
478,0.01057,0.02402,0.02923,0.02132,0.03026,0.01141,0.01777,0.00991,0.02559,0.00867,0.63166,0.02445,0.00736,0.02111,0.02104,0.00808,0.02900,0.02678,0.01782,0.02395
479,0.01991,0.02208,0.04148,0.03325,0.03493,0.01076,0.03681,0.04833,0.03374,0.01145,0.03353,0.03231,0.01198,0.04012,0.00445,0.00936,0.01683,0.01694,0.49294,0.04879
480,0.01673,0.05342,0.03053,0.03567,0.02770,0.01573,0.02461,0.04043,0.02920,0.39331,0.05647,0.03145,0.00892,0.02324,0.01178,0.06564,0.01348,0.03085,0.06334,0.02750
481,0.01603,0.05091,0.03917,0.10682,0.05087,0.43087,0.02513,0.03563,0.02124,0.01247,0.02762,0.02277,0.00590,0.02913,0.01949,0.01185,0.01134,0.01457,0.03743,0.03076
482,0.29778,0.03384,0.01127,0.02566,0.02209,0.00900,0.01855,0.02711,0.02781,0.00731,0.02493,0.02037,0.00574,0.02301,0.00764,0.36756,0.01689,0.00369,0.02665,0.02311
483,0.01390,0.03637,0.04157,0.04021,0.03403,0.01202,0.02914,0.03433,0.04365,0.01098,0.02099,0.02556,0.01324,0.02911,0.51452,0.00940,0.01499,0.01472,0.02974,0.03153
484,0.01594,0.02093,0.02902,0.02576,0.42280,0.01505,0.03096,0.02805,0.03827,0.06444,0.03024,0.03711,0.01368,0.05056,0.00908,0.00659,0.02051,0.01804,0.02866,0.09432
485,0.01987,0.03908,0.04339,0.03876,0.02493,0.01687,0.04758,0.10254,0.04699,0.25207,0.04077,0.06160,0.02461,0.05186,0.01163,0.01295,0.03156,0.01646,0.02128,0.09517
486,0.02170,0.05035,0.05347,0.36536,0.08564,0.03908,0.03957,0.06836,0.00934,0.02176,0.02546,0.03716,0.02070,0.02907,0.01037,0.01263,0.01456,0.01610,0.02301,0.05633
487,0.01765,0.06165,0.03734,0.04642,0.31397,0.02302,0.03092,0.04295,0.04025,0.05759,0.04039,0.04881,0.01314,0.03631,0.01681,0.06721,0.01746,0.01645,0.03514,0.03652
488,0.02221,0.06359,0.03084,0.28748,0.13903,0.00795,0.03088,0.04510,0.08967,0.01584,0.03644,0.01958,0.01793,0.03340,0.01342,0.01426,0.01293,0.02344,0.05181,0.04423
489,0.38336,0.08522,0.03652,0.03542,0.05939,0.01817,0.01788,0.03031,0.03973,0.01206,0.03019,0.02490,0.00917,0.02235,0.00858,0.06648,0.04474,0.00937,0.03251,0.03365
490,0.01398,0.05124,0.03800,0.03529,0.03644,0.01470,0.01743,0.16027,0.03120,0.32519,0.04254,0.03410,0.02910,0.02470,0.03435,0.01186,0.01311,0.01360,0.04855,0.02434
491,0.01532,0.07347,0.04410,0.01256,0.06893,0.32216,0.04475,0.06216,0.04156,0.01507,0.03445,0.03690,0.02284,0.03674,0.02256,0.01444,0.01677,0.01574,0.03721,0.06228
492,0.01545,0.04194,0.04133,0.08147,0.40956,0.03366,0.01770,0.03753,0.05199,0.01713,0.05717,0.03569,0.00678,0.02623,0.01107,0.00479,0.01123,0.02499,0.04659,0.02770
493,0.02736,0.04293,0.05065,0.05071,0.04063,0.02822,0.03708,0.03884,0.04656,0.40035,0.02948,0.04626,0.01619,0.02708,0.01505,0.00757,0.01928,0.01770,0.02719,0.03085
494,0.02005,0.05188,0.00960,0.10280,0.03337,0.03876,0.01615,0.02902,0.02340,0.01472,0.04780,0.27879,0.01116,0.10958,0.02140,0.04180,0.02486,0.03990,0.06111,0.02385
495,0.03877,0.02889,0.01700,0.48818,0.03923,0.00286,0.02446,0.02891,0.02022,0.00955,0.03189,0.01981,0.01210,0.12195,0.01058,0.01225,0.01241,0.01813,0.03045,0.03235
496,0.01336,0.04331,0.42701,0.05184,0.02896,0.00251,0.01379,0.02122,0.03933,0.01206,0.04829,0.09958,0.00867,0.04402,0.01189,0.01139,0.01390,0.02037,0.03954,0.04897
497,0.01577,0.05129,0.03455,0.07899,0.04627,0.03765,0.37505,0.03511,0.06809,0.00847,0.02563,0.02464,0.01288,0.02853,0.06538,0.01068,0.01169,0.02497,0.04004,0.00431
498,0.02175,0.05653,0.03453,0.03653,0.02271,0.01269,0.03002,0.02259,0.03717,0.00880,0.02222,0.02925,0.01145,0.03026,0.01302,0.00938,0.01085,0.01899,0.54502,0.02623
499,0.00918,0.02175,0.02228,0.01566,0.02195,0.00917,0.01115,0.01514,0.01580,0.47021,0.28678,0.01131,0.00638,0.01585,0.00505,0.00874,0.00519,0.01658,0.01713,0.01470
500,0.12689,0.10526,0.04692,0.08173,0.00177,0.03910,0.07179,0.01254,0.06867,0.00118,0.05196,0.06103,0.00072,0.08978,0.03689,0.07936,0.06236,0.05795,0.00208,0.00201
501,0.01352,0.02520,0.03527,0.02577,0.02861,0.00314,0.02108,0.05363,0.02058,0.00906,0.02835,0.03186,0.00677,0.02895,0.55399,0.02166,0.01240,0.02196,0.03492,0.02329
502,0.07294,0.04099,0.15226,0.10732,0.00709,0.03363,0.05597,0.02302,0.01155,0.02877,0.03022,0.05467,0.03485,0.08256,0.02089,0.09833,0.06397,0.05699,0.00693,0.01704
503,0.01397,0.08205,0.00200,0.02804,0.02002,0.01473,0.01474,0.02578,0.01950,0.00611,0.03087,0.34927,0.00633,0.03519,0.00772,0.01640,0.24160,0.02932,0.02581,0.03056
504,0.01101,0.40761,0.02251,0.01876,0.01758,0.01011,0.01466,0.01994,0.01703,0.02445,0.02669,0.01538,0.01066,0.02859,0.00692,0.29135,0.00819,0.00864,0.02620,0.01371
505,0.10539,0.04576,0.03665,0.01204,0.02992,0.45615,0.01622,0.02118,0.03833,0.00890,0.04012,0.03092,0.00760,0.03612,0.00752,0.01065,0.01141,0.02335,0.02964,0.03214
506,0.26654,0.02045,0.01457,0.02476,0.02354,0.39695,0.01795,0.02316,0.01915,0.00774,0.02340,0.01591,0.00672,0.02307,0.00679,0.05093,0.00980,0.00911,0.01930,0.02017
507,0.01387,0.03299,0.03933,0.04590,0.02963,0.43411,0.02500,0.03749,0.04205,0.01453,0.04415,0.02367,0.01214,0.04331,0.03756,0.01010,0.01342,0.03634,0.04006,0.02436
508,0.01010,0.11998,0.02476,0.03440,0.03597,0.01366,0.01595,0.00737,0.02925,0.01348,0.03727,0.02660,0.00930,0.02217,0.00926,0.00891,0.04352,0.47763,0.03281,0.02761
509,0.01110,0.07938,0.02618,0.45142,0.02150,0.14985,0.01225,0.02249,0.03673,0.00710,0.02717,0.01617,0.00594,0.01904,0.00596,0.03382,0.00770,0.02448,0.02718,0.01453
510,0.01256,0.02866,0.02934,0.08789,0.03900,0.44456,0.02036,0.03202,0.03181,0.00803,0.03543,0.03102,0.00935,0.02030,0.03398,0.05906,0.01117,0.01051,0.01897,0.03598
511,0.02831,0.10870,0.01273,0.01387,0.09127,0.00488,0.02105,0.02983,0.02037,0.18567,0.13681,0.04196,0.00416,0.11656,0.00466,0.04343,0.02669,0.00836,0.04008,0.06062
512,0.06736,0.02085,0.02401,0.01638,0.03056,0.43507,0.01402,0.03189,0.01751,0.00795,0.02585,0.01857,0.07503,0.02024,0.03269,0.08489,0.00882,0.02319,0.02606,0.01906
513,0.00202,0.00540,0.00573,0.00643,0.01531,0.00162,0.00294,0.53277,0.00518,0.06773,0.02490,0.00318,0.00106,0.00439,0.00130,0.00552,0.00792,0.29665,0.00557,0.00437
514,0.11343,0.11586,0.01072,0.01557,0.00594,0.00230,0.01479,0.00931,0.01531,0.00124,0.01397,0.04459,0.21752,0.04450,0.00067,0.13259,0.12413,0.05036,0.00431,0.06290
515,0.01994,0.04532,0.02117,0.03976,0.02304,0.00336,0.01129,0.02245,0.28942,0.00738,0.01865,0.01276,0.00629,0.03267,0.32445,0.02749,0.01353,0.00996,0.01812,0.05291
516,0.00446,0.01194,0.00902,0.00819,0.01209,0.00472,0.04114,0.10350,0.00832,0.21407,0.45077,0.00663,0.03289,0.00621,0.00316,0.00375,0.00373,0.04885,0.01362,0.01294
517,0.01543,0.03246,0.02736,0.01250,0.03595,0.57987,0.02585,0.03291,0.03191,0.00872,0.02514,0.02756,0.01479,0.02453,0.00601,0.00986,0.01606,0.01289,0.03436,0.02585
518,0.01576,0.06692,0.02542,0.03978,0.06956,0.01244,0.00785,0.03655,0.02605,0.00958,0.03176,0.03501,0.04679,0.02750,0.00902,0.01183,0.01246,0.01478,0.03470,0.46623
519,0.00683,0.10929,0.01760,0.01501,0.02233,0.00594,0.01146,0.33153,0.01428,0.10214,0.01398,0.01779,0.00403,0.00989,0.00356,0.00613,0.00396,0.27978,0.01121,0.01324
520,0.00383,0.00988,0.00577,0.01100,0.01245,0.00383,0.00644,0.51626,0.00617,0.26976,0.10579,0.00556,0.00214,0.00913,0.00259,0.00307,0.00308,0.00823,0.00893,0.00608
521,0.02510,0.08785,0.02862,0.43106,0.01590,0.06794,0.01093,0.01466,0.00746,0.00523,0.06916,0.01227,0.00520,0.15591,0.00389,0.00590,0.00582,0.01003,0.01195,0.02513
522,0.06923,0.01610,0.08702,0.15446,0.00652,0.08728,0.04217,0.01408,0.06616,0.00665,0.02792,0.06795,0.00190,0.14644,0.03618,0.08641,0.06703,0.00689,0.00583,0.00379
523,0.00219,0.00435,0.00445,0.00456,0.00371,0.00197,0.00217,0.35228,0.00237,0.23568,0.05767,0.00273,0.00110,0.00274,0.00120,0.00118,0.00098,0.31129,0.00444,0.00294
524,0.05845,0.03377,0.11393,0.04552,0.02016,0.00899,0.07702,0.01153,0.01532,0.00425,0.02991,0.18104,0.00423,0.09808,0.00431,0.17941,0.03290,0.01423,0.02388,0.04307
525,0.04812,0.06313,0.02743,0.05913,0.04403,0.04641,0.04946,0.01537,0.08966,0.06977,0.07197,0.05037,0.00125,0.06774,0.06941,0.06013,0.07162,0.01050,0.01343,0.07106
526,0.03095,0.06190,0.00169,0.03279,0.07828,0.00504,0.05297,0.18807,0.05521,0.05628,0.03892,0.02922,0.00047,0.04028,0.03487,0.03763,0.05881,0.04932,0.06358,0.08371
527,0.06448,0.07932,0.07135,0.08986,0.01788,0.02551,0.10754,0.01001,0.01922,0.01641,0.01788,0.08693,0.13117,0.06182,0.02359,0.07055,0.03968,0.00892,0.01365,0.04425
528,0.01344,0.02373,0.02887,0.02855,0.03220,0.53287,0.02653,0.03220,0.03394,0.00952,0.04003,0.03488,0.00966,0.03006,0.03992,0.00925,0.01409,0.01064,0.02786,0.02176
529,0.01594,0.02285,0.02490,0.08390,0.02421,0.56045,0.01795,0.02489,0.03731,0.00599,0.02561,0.02431,0.00643,0.02298,0.00515,0.02847,0.01131,0.00965,0.02203,0.02566
530,0.05505,0.09856,0.00782,0.00254,0.02495,0.00307,0.10911,0.00625,0.10888,0.15706,0.14904,0.07201,0.00137,0.03552,0.06654,0.03252,0.00193,0.00283,0.00666,0.05830
531,0.01176,0.03139,0.02459,0.03496,0.03275,0.01063,0.01905,0.14595,0.02947,0.13067,0.38631,0.03215,0.00603,0.01873,0.00630,0.00930,0.01985,0.00802,0.02192,0.02016
532,0.01429,0.00483,0.05646,0.04016,0.07588,0.01213,0.08079,0.04010,0.05438,0.01161,0.03762,0.02556,0.00737,0.04352,0.00900,0.00840,0.01169,0.01843,0.02931,0.41845
533,0.51901,0.02001,0.02227,0.02542,0.02064,0.02208,0.01216,0.01950,0.01902,0.00659,0.02625,0.01970,0.00432,0.01942,0.00619,0.16979,0.00366,0.02154,0.02276,0.01969
534,0.01261,0.04264,0.51514,0.01968,0.02190,0.10281,0.01620,0.02246,0.03817,0.00701,0.02519,0.04558,0.00718,0.02605,0.00861,0.00762,0.01183,0.02052,0.02537,0.02344
535,0.02483,0.02894,0.56480,0.02443,0.02967,0.00266,0.01299,0.02572,0.03360,0.00887,0.03402,0.08523,0.00533,0.03202,0.00920,0.00607,0.00836,0.01991,0.02870,0.01465
536,0.00367,0.03991,0.02365,0.02856,0.03525,0.01644,0.01562,0.09355,0.02821,0.00805,0.02362,0.02889,0.00446,0.02269,0.00645,0.01107,0.51641,0.01281,0.06023,0.02045
537,0.53230,0.01757,0.01576,0.02355,0.02981,0.00747,0.01909,0.03649,0.03753,0.00829,0.03420,0.02696,0.00769,0.02612,0.00767,0.00540,0.05946,0.04792,0.02932,0.02741
538,0.77271,0.00284,0.00122,0.00418,0.00318,0.12533,0.00194,0.00366,0.00554,0.00118,0.00417,0.00274,0.00086,0.00350,0.04954,0.00447,0.00131,0.00417,0.00461,0.00288
539,0.01345,0.01974,0.04206,0.03097,0.02942,0.02491,0.01546,0.03223,0.03209,0.00616,0.02669,0.03055,0.00614,0.01848,0.00287,0.00643,0.00940,0.01535,0.60839,0.02923
540,0.00608,0.02285,0.57823,0.02639,0.02519,0.04258,0.00811,0.02296,0.05064,0.00705,0.04401,0.00770,0.00377,0.03252,0.00962,0.00593,0.00598,0.02814,0.05108,0.02117
541,0.02939,0.02769,0.03143,0.04812,0.02972,0.01161,0.01430,0.00603,0.03708,0.00789,0.03949,0.01367,0.00323,0.20267,0.00788,0.01134,0.40820,0.01324,0.03696,0.02006
542,0.00636,0.02215,0.01529,0.02093,0.01890,0.00471,0.00497,0.02219,0.33983,0.00715,0.02238,0.01587,0.00293,0.01872,0.42268,0.00528,0.00628,0.00923,0.01909,0.01506
543,0.01239,0.02710,0.02742,0.03325,0.05193,0.01115,0.01718,0.33445,0.02636,0.00667,0.06453,0.02684,0.01119,0.02092,0.00563,0.01295,0.04738,0.21824,0.02011,0.02431
544,0.00466,0.01525,0.01064,0.01356,0.01359,0.02048,0.11783,0.02143,0.01006,0.00348,0.01314,0.00438,0.00257,0.01174,0.00274,0.27520,0.43316,0.00570,0.01124,0.00915
545,0.02608,0.01946,0.00503,0.00515,0.00744,0.00307,0.01515,0.14539,0.17117,0.01394,0.06219,0.00374,0.00112,0.05125,0.26761,0.11458,0.05718,0.02109,0.00500,0.00436
546,0.02431,0.03052,0.00878,0.00667,0.28205,0.00444,0.05983,0.00549,0.00606,0.03556,0.00823,0.00497,0.00145,0.00547,0.00274,0.00619,0.00545,0.01304,0.25876,0.23000
547,0.00855,0.01989,0.71849,0.01573,0.02814,0.00690,0.00975,0.01660,0.01678,0.00769,0.01896,0.01399,0.00489,0.02018,0.00602,0.00524,0.00545,0.01256,0.02785,0.03634
548,0.00771,0.01842,0.01251,0.02526,0.01986,0.00950,0.00870,0.01474,0.01316,0.72452,0.01679,0.00944,0.01149,0.04908,0.00487,0.00481,0.00442,0.00912,0.02153,0.01405
549,0.05093,0.03815,0.20649,0.17423,0.01395,0.04372,0.06549,0.03638,0.00737,0.00993,0.06726,0.02496,0.00125,0.14901,0.02227,0.02483,0.00721,0.01938,0.01680,0.02038
550,0.01288,0.04123,0.02815,0.03910,0.03604,0.01612,0.01427,0.03101,0.02560,0.00965,0.03136,0.57657,0.00515,0.02477,0.00837,0.00680,0.00847,0.02364,0.03610,0.02472
551,0.01142,0.01900,0.01530,0.68200,0.03168,0.00480,0.01113,0.02006,0.01141,0.00662,0.02556,0.01257,0.00410,0.02343,0.00682,0.00602,0.00529,0.05350,0.03297,0.01633
552,0.39837,0.02562,0.01229,0.03513,0.01315,0.01328,0.00735,0.01539,0.01989,0.00442,0.05780,0.01299,0.00344,0.09549,0.00473,0.21486,0.02284,0.01285,0.01947,0.01064
553,0.02806,0.00909,0.01074,0.01743,0.01161,0.05959,0.00896,0.12148,0.18892,0.20993,0.17716,0.01034,0.02082,0.07555,0.01244,0.00324,0.00384,0.00962,0.01136,0.00981
554,0.00630,0.01510,0.01713,0.02663,0.01541,0.00845,0.00748,0.40832,0.02013,0.02031,0.01159,0.01275,0.00364,0.01666,0.00514,0.00468,0.00387,0.36926,0.01545,0.01171
555,0.03874,0.28960,0.00785,0.00778,0.00928,0.00349,0.00375,0.05675,0.00912,0.07596,0.05397,0.00396,0.00127,0.00776,0.00218,0.02203,0.19719,0.19515,0.00876,0.00542
556,0.02518,0.00165,0.11056,0.15222,0.01539,0.04393,0.07690,0.00147,0.09343,0.02038,0.05233,0.10109,0.00039,0.10282,0.07687,0.03579,0.05839,0.00164,0.00729,0.02226
557,0.01114,0.00464,0.02045,0.03232,0.13308,0.00209,0.08309,0.00289,0.00451,0.11146,0.11119,0.00225,0.00130,0.24633,0.00565,0.01358,0.00131,0.00187,0.04496,0.16591
558,0.00596,0.01749,0.01650,0.01817,0.01418,0.00882,0.00747,0.05407,0.01661,0.01152,0.71392,0.01285,0.00294,0.00876,0.01122,0.00410,0.00397,0.04212,0.01886,0.01049
559,0.08099,0.04537,0.12467,0.12046,0.00208,0.03512,0.04603,0.00385,0.06073,0.01950,0.03639,0.08674,0.01277,0.07345,0.03202,0.10603,0.08975,0.01898,0.00252,0.00255
560,0.05892,0.02363,0.09457,0.07322,0.01134,0.02202,0.07606,0.04045,0.03861,0.04169,0.03459,0.04147,0.08864,0.08447,0.04934,0.07675,0.05637,0.03478,0.01911,0.03397
561,0.05205,0.03950,0.03295,0.02486,0.07412,0.05191,0.09059,0.02386,0.04874,0.04247,0.04631,0.05967,0.03151,0.04419,0.04653,0.05668,0.03952,0.02738,0.05733,0.10985
562,0.00849,0.01769,0.01657,0.04292,0.02151,0.00971,0.63487,0.01496,0.03130,0.00338,0.03152,0.01781,0.00182,0.06954,0.01800,0.00455,0.00490,0.01186,0.02980,0.00879
563,0.14082,0.01424,0.01045,0.00888,0.00793,0.05087,0.00415,0.00471,0.32104,0.00324,0.00853,0.00531,0.00184,0.07722,0.30838,0.00884,0.00257,0.00433,0.01024,0.00643
