site,A,C,D,E,F,G,H,I,K,L,M,N,P,Q,R,S,T,V,W,Y
451,0.01065,0.53189,0.02420,0.02348,0.03117,0.01513,0.03210,0.07607,0.04803,0.00963,0.03186,0.05079,0.00969,0.02455,0.01083,0.00988,0.01839,0.01155,0.01452,0.01557
452,0.04262,0.01691,0.02572,0.02619,0.01968,0.00582,0.01899,0.24646,0.02074,0.00389,0.01913,0.02682,0.00761,0.01720,0.00418,0.00566,0.00825,0.44478,0.01437,0.02497
453,0.01334,0.00715,0.03381,0.01996,0.02099,0.00635,0.02594,0.03530,0.03978,0.00873,0.03481,0.02602,0.01461,0.03461,0.00943,0.00793,0.02602,0.01006,0.01845,0.60670
454,0.01087,0.02469,0.04910,0.02826,0.02778,0.00793,0.05210,0.07019,0.02308,0.00876,0.03338,0.51707,0.01001,0.02987,0.00796,0.00673,0.03566,0.00955,0.02417,0.02284
455,0.01169,0.03054,0.03352,0.02410,0.02261,0.00745,0.03314,0.06889,0.03857,0.01029,0.52877,0.04214,0.01252,0.03692,0.00656,0.00939,0.01569,0.00301,0.01678,0.04742
456,0.01648,0.02187,0.02733,0.02827,0.04336,0.00827,0.03683,0.04397,0.05762,0.01044,0.53115,0.03890,0.01235,0.02650,0.01020,0.01200,0.01159,0.00718,0.02231,0.03338
457,0.01057,0.01764,0.02570,0.04479,0.02409,0.56616,0.02847,0.02919,0.03710,0.00761,0.02691,0.03593,0.00984,0.03663,0.01063,0.00870,0.01229,0.02057,0.01336,0.03380
458,0.00934,0.01567,0.02725,0.03857,0.01540,0.00770,0.01841,0.03813,0.64162,0.00603,0.02058,0.02863,0.00788,0.04555,0.01833,0.00679,0.01040,0.00839,0.01468,0.02064
459,0.00947,0.02236,0.02646,0.01889,0.02289,0.01670,0.02119,0.06882,0.05736,0.00658,0.01785,0.03733,0.00841,0.02339,0.57992,0.00846,0.01248,0.00790,0.01082,0.02271
460,0.01730,0.02391,0.05072,0.50688,0.02592,0.01039,0.02598,0.02491,0.14338,0.00797,0.02069,0.02548,0.01144,0.02356,0.00720,0.00821,0.01360,0.01075,0.01586,0.02583
461,0.01083,0.01685,0.02903,0.00422,0.01522,0.00863,0.01883,0.01920,0.66608,0.00581,0.01746,0.06252,0.00905,0.01703,0.02083,0.00672,0.03209,0.00775,0.01272,0.01912
462,0.01112,0.01733,0.02991,0.00501,0.01996,0.01205,0.02127,0.02240,0.59289,0.00580,0.01339,0.03325,0.00969,0.03542,0.10863,0.00581,0.01587,0.00991,0.01185,0.01844
463,0.05604,0.00922,0.00844,0.07597,0.00542,0.00154,0.01815,0.08343,0.00948,0.11585,0.25926,0.00591,0.12112,0.08140,0.00287,0.01115,0.03241,0.06418,0.00418,0.03397
464,0.07028,0.02645,0.02256,0.00970,0.03285,0.54283,0.03204,0.02661,0.02396,0.00726,0.02692,0.02847,0.01291,0.03161,0.02028,0.01045,0.01349,0.01051,0.01640,0.03442
465,0.01144,0.08030,0.02441,0.48096,0.04798,0.00183,0.03750,0.04517,0.03110,0.01095,0.02998,0.04512,0.01505,0.02295,0.00971,0.01311,0.02200,0.00980,0.03001,0.03062
466,0.01119,0.02852,0.01755,0.02406,0.56591,0.00748,0.01845,0.01739,0.02972,0.03630,0.02841,0.02243,0.00934,0.03467,0.00720,0.00524,0.01271,0.01050,0.09663,0.01631
467,0.01164,0.03141,0.03909,0.04079,0.03383,0.47829,0.03260,0.03611,0.03288,0.00834,0.02333,0.03584,0.01624,0.03395,0.01547,0.01068,0.02125,0.00987,0.02067,0.06773
468,0.00589,0.01305,0.01427,0.00191,0.01382,0.00399,0.04679,0.08280,0.20571,0.02858,0.01873,0.00973,0.00445,0.04995,0.15052,0.05985,0.11530,0.10993,0.00907,0.05566
469,0.61153,0.01827,0.02176,0.04491,0.01834,0.00601,0.01777,0.03315,0.03103,0.00773,0.02344,0.03067,0.00914,0.02716,0.00823,0.02070,0.01429,0.02507,0.01324,0.01755
470,0.00923,0.01853,0.01275,0.02720,0.01358,0.00665,0.01432,0.01576,0.57863,0.00416,0.01201,0.01208,0.00614,0.01520,0.16926,0.00464,0.04002,0.01849,0.00939,0.01196
471,0.00979,0.04333,0.07846,0.02603,0.04734,0.40736,0.02711,0.03858,0.07803,0.01130,0.04582,0.04310,0.00937,0.02806,0.00808,0.01797,0.01469,0.00994,0.02188,0.03376
472,0.01151,0.03042,0.02606,0.02280,0.05215,0.00490,0.02394,0.03662,0.03145,0.01073,0.03083,0.02589,0.00923,0.02559,0.01872,0.55893,0.01712,0.01026,0.01863,0.03422
473,0.00843,0.04007,0.02500,0.02550,0.03391,0.00500,0.00841,0.03231,0.02945,0.01307,0.03143,0.03244,0.00871,0.02859,0.58376,0.01881,0.01323,0.01115,0.01507,0.03565
474,0.49160,0.11322,0.01424,0.01754,0.01310,0.00685,0.01613,0.02154,0.02673,0.00836,0.02369,0.01832,0.00558,0.13400,0.00581,0.01206,0.02411,0.00361,0.02428,0.01925
475,0.01256,0.02094,0.02587,0.02850,0.02919,0.01012,0.02075,0.55232,0.03715,0.00707,0.02394,0.06199,0.00838,0.03309,0.00778,0.00946,0.02888,0.01918,0.03637,0.02645
476,0.01231,0.03081,0.02212,0.01801,0.02392,0.01265,0.02710,0.04255,0.02376,0.01885,0.01744,0.04275,0.00852,0.02046,0.00546,0.00709,0.01185,0.00786,0.61489,0.03161
477,0.00619,0.01706,0.00701,0.01139,0.34407,0.00447,0.04128,0.01261,0.02287,0.00429,0.01737,0.01473,0.00446,0.01838,0.00555,0.00362,0.00657,0.00486,0.01340,0.43982
478,0.00982,0.02231,0.02723,0.01986,0.02820,0.01062,0.01654,0.00923,0.02380,0.00968,0.65029,0.02271,0.00684,0.01960,0.01446,0.00752,0.04669,0.01570,0.01657,0.02232
479,0.01833,0.02782,0.03815,0.03056,0.03210,0.01476,0.03391,0.04449,0.03104,0.01315,0.03085,0.02966,0.01101,0.03678,0.02292,0.00862,0.01548,0.01557,0.49987,0.04492
480,0.01658,0.05323,0.03032,0.03556,0.03219,0.01562,0.02443,0.04152,0.02903,0.43666,0.04100,0.03119,0.00886,0.02317,0.01170,0.03884,0.01339,0.04462,0.04456,0.02752
481,0.01612,0.04970,0.03768,0.07146,0.04828,0.46741,0.02406,0.03491,0.02083,0.01199,0.02665,0.02241,0.00572,0.02857,0.01997,0.01159,0.01096,0.02546,0.03637,0.02987
482,0.33087,0.03396,0.01124,0.02546,0.02200,0.01311,0.01859,0.02715,0.02807,0.00729,0.02478,0.02039,0.00572,0.02299,0.00762,0.31271,0.02648,0.01200,0.02663,0.02294
483,0.01210,0.03168,0.03600,0.03512,0.02962,0.01985,0.02558,0.06742,0.06999,0.00956,0.01826,0.02230,0.01155,0.02532,0.49105,0.01346,0.01494,0.01278,0.02600,0.02743
484,0.01493,0.01934,0.02678,0.02418,0.43817,0.01412,0.02886,0.02647,0.03581,0.03576,0.02823,0.03500,0.01330,0.04574,0.00844,0.01537,0.01928,0.01485,0.02698,0.12836
485,0.01912,0.03741,0.04166,0.03731,0.02394,0.01622,0.04575,0.10842,0.04521,0.26825,0.03926,0.05899,0.02441,0.04983,0.01115,0.00887,0.03031,0.02143,0.02046,0.09200
486,0.01857,0.04787,0.04011,0.38607,0.08294,0.02470,0.03815,0.06604,0.04072,0.02083,0.02456,0.03582,0.01973,0.02777,0.00990,0.01207,0.01384,0.01546,0.02214,0.05270
487,0.01748,0.06185,0.03699,0.04597,0.34691,0.02265,0.03068,0.03968,0.04000,0.03575,0.03980,0.04878,0.01292,0.03593,0.01661,0.03680,0.01721,0.01574,0.03510,0.06314
488,0.01825,0.06097,0.03622,0.30714,0.14149,0.01830,0.02943,0.04308,0.06244,0.01517,0.03529,0.01879,0.01708,0.03215,0.01289,0.01368,0.01231,0.03327,0.04934,0.04269
489,0.36760,0.09162,0.03442,0.03096,0.05178,0.01583,0.01556,0.02653,0.03452,0.01046,0.02619,0.02171,0.00915,0.01948,0.00745,0.09764,0.04314,0.03893,0.02814,0.02888
490,0.01397,0.05153,0.03741,0.03458,0.02334,0.01478,0.05224,0.13255,0.03058,0.35877,0.04506,0.03401,0.01568,0.02444,0.02131,0.01179,0.01304,0.01389,0.04707,0.02397
491,0.01437,0.06846,0.04124,0.01179,0.06436,0.33398,0.04194,0.05820,0.03890,0.01414,0.03233,0.03482,0.02149,0.03437,0.01573,0.01356,0.01575,0.05110,0.03478,0.05870
492,0.01437,0.04831,0.03826,0.07574,0.42102,0.03112,0.01644,0.03486,0.04826,0.03227,0.05338,0.03330,0.00673,0.02435,0.01031,0.00444,0.01046,0.02134,0.04323,0.03185
493,0.02249,0.03534,0.04258,0.04302,0.13753,0.02364,0.03095,0.04724,0.03891,0.36369,0.02483,0.03895,0.01360,0.02307,0.01245,0.01532,0.01595,0.02219,0.02279,0.02548
494,0.01930,0.04955,0.00777,0.09873,0.03183,0.03843,0.03175,0.02965,0.02797,0.01412,0.04532,0.29461,0.01070,0.10447,0.02048,0.02250,0.01834,0.03794,0.05834,0.03820
495,0.02511,0.02682,0.01577,0.49737,0.03632,0.00512,0.02239,0.02670,0.01520,0.00886,0.02907,0.01830,0.01099,0.14441,0.00973,0.01061,0.01137,0.02833,0.02780,0.02973
496,0.01318,0.04202,0.46609,0.04881,0.02852,0.00245,0.01612,0.02089,0.03875,0.01172,0.04757,0.05648,0.00851,0.04407,0.01163,0.01110,0.01365,0.01986,0.03852,0.06006
497,0.01437,0.04662,0.03101,0.07096,0.04213,0.02752,0.37540,0.03216,0.05228,0.01636,0.02339,0.06320,0.00998,0.05968,0.05031,0.00963,0.01067,0.02259,0.03627,0.00544
498,0.02082,0.04417,0.03303,0.03489,0.02169,0.01214,0.02875,0.02158,0.03545,0.00863,0.02123,0.02803,0.01094,0.02886,0.01108,0.00899,0.01035,0.01817,0.57614,0.02505
499,0.00874,0.02069,0.02103,0.01483,0.02081,0.00869,0.01055,0.00925,0.01657,0.45420,0.30244,0.01075,0.00602,0.01488,0.00659,0.00829,0.02378,0.01183,0.01625,0.01384
500,0.11718,0.10459,0.05183,0.08491,0.00195,0.04815,0.06477,0.02466,0.07178,0.00302,0.05836,0.05830,0.00073,0.08730,0.03240,0.07338,0.06112,0.05102,0.00226,0.00227
501,0.01208,0.02232,0.03120,0.04425,0.02553,0.00280,0.01888,0.05972,0.04869,0.00808,0.02525,0.02837,0.00603,0.02567,0.54464,0.01434,0.01102,0.01946,0.03094,0.02071
502,0.06861,0.04489,0.10934,0.09952,0.00804,0.03387,0.06799,0.03812,0.02218,0.03261,0.02513,0.06553,0.03446,0.09245,0.02429,0.09398,0.06486,0.05474,0.00655,0.01285
503,0.03471,0.08020,0.00418,0.02318,0.01805,0.01336,0.02411,0.03091,0.01784,0.00506,0.07381,0.31525,0.00523,0.02936,0.00637,0.01547,0.21613,0.03433,0.02116,0.03129
504,0.01289,0.44022,0.02029,0.01672,0.01564,0.00894,0.01304,0.01765,0.01508,0.01396,0.02419,0.01364,0.01830,0.02489,0.00619,0.28631,0.00871,0.00772,0.02336,0.01227
505,0.10999,0.04294,0.03294,0.02770,0.02673,0.44942,0.01451,0.01973,0.03422,0.02113,0.05633,0.02753,0.00678,0.03220,0.00635,0.00952,0.01021,0.01629,0.02658,0.02889
506,0.22141,0.02322,0.02369,0.02508,0.02387,0.44966,0.01821,0.02347,0.01945,0.00785,0.02370,0.01616,0.00681,0.02338,0.00689,0.02793,0.00993,0.00924,0.01957,0.02048
507,0.01349,0.03290,0.03929,0.02750,0.02954,0.48168,0.02489,0.03746,0.04195,0.01450,0.04412,0.02364,0.01211,0.04331,0.02123,0.01008,0.01339,0.02461,0.04004,0.02427
508,0.01488,0.16739,0.02077,0.03026,0.02670,0.01392,0.01407,0.02528,0.02583,0.01049,0.03264,0.02312,0.00816,0.01935,0.00808,0.00784,0.03617,0.46217,0.02881,0.02404
509,0.01049,0.07861,0.02372,0.53442,0.02254,0.07810,0.01304,0.02377,0.02333,0.00746,0.02869,0.01768,0.00630,0.02026,0.00627,0.03595,0.00811,0.01738,0.02864,0.01524
510,0.05646,0.02551,0.02537,0.07832,0.03379,0.42093,0.01756,0.02778,0.03126,0.00686,0.03026,0.02706,0.00810,0.01759,0.02335,0.08688,0.00962,0.01814,0.02381,0.03137
511,0.02629,0.09628,0.01439,0.01186,0.07866,0.00419,0.01551,0.01937,0.03353,0.17632,0.10555,0.03376,0.00370,0.13232,0.01597,0.06072,0.02820,0.00814,0.07615,0.05910
512,0.08801,0.01816,0.02168,0.01464,0.02734,0.42305,0.01282,0.02765,0.01542,0.00699,0.02266,0.01876,0.08135,0.02302,0.01911,0.08834,0.00777,0.04298,0.02364,0.01663
513,0.00340,0.00438,0.00461,0.00523,0.01407,0.00135,0.00824,0.45774,0.00425,0.06118,0.04548,0.00262,0.00300,0.00687,0.00107,0.00302,0.03495,0.33127,0.00371,0.00355
514,0.11209,0.09813,0.01049,0.01631,0.00463,0.00366,0.01211,0.01489,0.01128,0.00131,0.01788,0.04096,0.21060,0.03783,0.00052,0.13559,0.12979,0.05348,0.00336,0.08508
515,0.01796,0.04085,0.01839,0.03435,0.02052,0.01644,0.00981,0.05742,0.28735,0.00640,0.01670,0.01107,0.00546,0.02693,0.31042,0.02890,0.01059,0.00865,0.01573,0.05605
516,0.00435,0.01188,0.00893,0.00804,0.03848,0.00462,0.02358,0.11476,0.00822,0.23618,0.43164,0.00652,0.01759,0.00612,0.00403,0.00369,0.00366,0.04168,0.01341,0.01262
517,0.01421,0.02980,0.02519,0.01099,0.03320,0.59344,0.02389,0.03039,0.02961,0.00805,0.02320,0.02524,0.01362,0.02259,0.00554,0.00910,0.01480,0.03177,0.03156,0.02380
518,0.01625,0.04312,0.03326,0.03061,0.06010,0.01157,0.01366,0.02980,0.02019,0.00739,0.02457,0.06215,0.14945,0.02119,0.00698,0.01226,0.01559,0.01453,0.03944,0.38790
519,0.01227,0.13950,0.01439,0.01258,0.01807,0.00485,0.00928,0.29796,0.01177,0.09980,0.02422,0.01223,0.00328,0.00806,0.00290,0.00434,0.00559,0.29766,0.00918,0.01208
520,0.00329,0.00849,0.00498,0.00975,0.01076,0.00330,0.00549,0.47332,0.00532,0.25585,0.15328,0.00478,0.00339,0.00746,0.00306,0.00264,0.00265,0.02924,0.00770,0.00525
521,0.04029,0.08526,0.05751,0.38300,0.01310,0.04811,0.02324,0.01198,0.00645,0.00810,0.05335,0.01047,0.00428,0.15756,0.00605,0.01786,0.00472,0.00742,0.01450,0.04675
522,0.06305,0.01691,0.08936,0.13836,0.00620,0.07117,0.04959,0.01370,0.07901,0.01482,0.03058,0.06451,0.00156,0.13228,0.05109,0.08187,0.07561,0.01127,0.00501,0.00404
523,0.00222,0.00829,0.00476,0.00487,0.00486,0.00211,0.00232,0.32680,0.00305,0.23391,0.07029,0.00294,0.00111,0.00296,0.00125,0.00127,0.00097,0.31818,0.00472,0.00314
524,0.06772,0.02963,0.11862,0.03723,0.02007,0.00878,0.07593,0.01341,0.01905,0.00376,0.05049,0.17713,0.00374,0.08919,0.00381,0.16981,0.04704,0.01250,0.02331,0.02881
525,0.04050,0.07309,0.03512,0.06805,0.04331,0.04156,0.05493,0.01510,0.07811,0.06531,0.06322,0.06018,0.00133,0.06371,0.06298,0.05818,0.06706,0.01439,0.01985,0.07402
526,0.03236,0.07747,0.00284,0.04576,0.08441,0.00746,0.05459,0.17311,0.06941,0.05017,0.03056,0.02514,0.00059,0.03542,0.03657,0.04024,0.05689,0.05649,0.04921,0.07134
527,0.05855,0.10495,0.07393,0.08744,0.02482,0.03204,0.09913,0.00845,0.02155,0.01887,0.01660,0.08911,0.11791,0.05899,0.02531,0.06140,0.04716,0.00824,0.01150,0.03404
528,0.01683,0.02271,0.02762,0.01993,0.03081,0.56584,0.02538,0.03081,0.03247,0.00911,0.03829,0.03336,0.00924,0.02875,0.02798,0.00884,0.01348,0.01106,0.02665,0.02082
529,0.06789,0.02710,0.02072,0.04870,0.02011,0.50849,0.02329,0.02068,0.03096,0.00496,0.02135,0.04356,0.00534,0.01907,0.00427,0.07005,0.01448,0.00941,0.01827,0.02129
530,0.06552,0.07652,0.00883,0.00289,0.04832,0.00347,0.11071,0.00710,0.13907,0.11685,0.10073,0.07520,0.00474,0.03708,0.07183,0.03610,0.00904,0.00429,0.00788,0.07385
531,0.01014,0.02704,0.02116,0.03011,0.02868,0.00915,0.01642,0.22148,0.02524,0.12240,0.36693,0.02754,0.00522,0.01608,0.00825,0.00801,0.01378,0.00524,0.01977,0.01736
532,0.01345,0.03698,0.04600,0.03754,0.08080,0.01128,0.05308,0.03809,0.05128,0.01085,0.03523,0.02695,0.00687,0.04099,0.00843,0.00786,0.01095,0.01720,0.02837,0.43782
533,0.58627,0.02023,0.02264,0.02832,0.02071,0.02454,0.01229,0.01977,0.01929,0.00663,0.02650,0.01986,0.00507,0.01954,0.00623,0.09451,0.01086,0.01408,0.02290,0.01974
534,0.01191,0.04101,0.55699,0.02073,0.02103,0.06696,0.01632,0.02166,0.03634,0.00675,0.02462,0.04506,0.00696,0.02544,0.00837,0.00783,0.01142,0.01990,0.02449,0.02622
535,0.01504,0.02636,0.56772,0.02227,0.02689,0.02189,0.01256,0.02337,0.03056,0.00804,0.03097,0.04661,0.00484,0.02914,0.00836,0.00553,0.00762,0.02409,0.02599,0.06216
536,0.02575,0.03814,0.02269,0.02730,0.03357,0.01574,0.01482,0.05148,0.02706,0.00768,0.02239,0.02425,0.01023,0.02182,0.00616,0.01382,0.54835,0.01226,0.05695,0.01956
537,0.53552,0.01604,0.02078,0.02147,0.02726,0.00681,0.01734,0.03302,0.03427,0.00756,0.03100,0.02468,0.00660,0.02383,0.00698,0.00493,0.05295,0.07733,0.02660,0.02503
538,0.72004,0.00245,0.00560,0.00428,0.00330,0.14508,0.00199,0.00377,0.00572,0.00122,0.00430,0.00281,0.00088,0.00358,0.07496,0.00825,0.00135,0.00276,0.00472,0.00296
539,0.01243,0.01821,0.03898,0.02861,0.02717,0.01753,0.01426,0.02974,0.02962,0.00568,0.02463,0.02823,0.00567,0.01706,0.02248,0.00645,0.00866,0.01415,0.62342,0.02701
540,0.00698,0.02172,0.61294,0.02531,0.02405,0.02257,0.00770,0.02198,0.04811,0.00670,0.04196,0.01867,0.00358,0.03111,0.00918,0.00561,0.00566,0.01876,0.04880,0.01861
541,0.01611,0.02673,0.03013,0.04660,0.02856,0.01119,0.01380,0.00968,0.03575,0.00761,0.03800,0.01636,0.00338,0.19491,0.00760,0.00871,0.43718,0.01276,0.03557,0.01937
542,0.00633,0.01302,0.01518,0.02097,0.01883,0.00511,0.00426,0.02218,0.29257,0.00898,0.02255,0.01589,0.00293,0.01873,0.46524,0.01796,0.00629,0.00914,0.01898,0.01484
543,0.01129,0.02553,0.02626,0.03167,0.03701,0.01058,0.01592,0.35051,0.02470,0.00608,0.06626,0.02007,0.01058,0.01962,0.00532,0.01336,0.02630,0.25676,0.01904,0.02317
544,0.00467,0.01925,0.00937,0.01197,0.01200,0.01165,0.13675,0.01510,0.00887,0.00307,0.01204,0.05663,0.00227,0.01037,0.00319,0.26857,0.39123,0.00502,0.00992,0.00807
545,0.03823,0.03609,0.00451,0.00625,0.00983,0.00381,0.01766,0.11836,0.16969,0.01543,0.04826,0.01180,0.00101,0.06853,0.23698,0.10412,0.05906,0.03835,0.00449,0.00754
546,0.04368,0.04934,0.01686,0.00765,0.25394,0.00368,0.07428,0.01971,0.00501,0.01819,0.01376,0.00862,0.00155,0.00505,0.00234,0.00939,0.00987,0.02165,0.22962,0.20581
547,0.01192,0.01776,0.71250,0.01683,0.02507,0.02581,0.00873,0.01493,0.01507,0.00688,0.01702,0.02653,0.00437,0.01798,0.00539,0.00469,0.00488,0.01063,0.02493,0.02807
548,0.00689,0.01646,0.01114,0.02257,0.01771,0.00849,0.00777,0.01320,0.01170,0.71075,0.03154,0.00841,0.00977,0.07066,0.00489,0.00429,0.00394,0.00812,0.01917,0.01254
549,0.04753,0.04476,0.18983,0.15528,0.01442,0.02579,0.06380,0.04991,0.00567,0.02089,0.07417,0.03892,0.00105,0.12653,0.02202,0.02631,0.01249,0.04438,0.01218,0.02408
550,0.01110,0.06097,0.02746,0.03392,0.03121,0.01577,0.05991,0.02677,0.02606,0.00833,0.02785,0.54991,0.00447,0.02166,0.00719,0.00535,0.00733,0.02024,0.03131,0.02322
551,0.00872,0.01707,0.04237,0.67888,0.02826,0.00391,0.01004,0.01808,0.01334,0.00597,0.02300,0.01133,0.00368,0.02117,0.00615,0.00542,0.00477,0.05330,0.02973,0.01482
552,0.32977,0.05246,0.01322,0.02378,0.01013,0.01603,0.00564,0.01191,0.01624,0.00424,0.07094,0.00996,0.00394,0.13391,0.00364,0.24507,0.01523,0.01089,0.01481,0.00818
553,0.03668,0.00830,0.00954,0.02663,0.01132,0.07180,0.00750,0.16455,0.14339,0.20496,0.16417,0.00919,0.01836,0.05437,0.02244,0.00495,0.00420,0.00920,0.01010,0.01835
554,0.00560,0.04611,0.01516,0.02361,0.02693,0.00746,0.00667,0.39766,0.01788,0.02775,0.01707,0.01451,0.00325,0.01470,0.00458,0.00567,0.00837,0.33307,0.01358,0.01037
555,0.03387,0.26642,0.00714,0.00704,0.00844,0.00380,0.00340,0.05400,0.00826,0.08691,0.07560,0.00358,0.00111,0.00701,0.00198,0.02663,0.19670,0.19527,0.00795,0.00489
556,0.02271,0.00142,0.11205,0.14436,0.01461,0.05517,0.07345,0.00160,0.07940,0.02334,0.05846,0.09549,0.00035,0.10977,0.07537,0.03620,0.05746,0.00607,0.01330,0.01941
557,0.02281,0.00788,0.03551,0.05452,0.13697,0.00160,0.09098,0.00592,0.00362,0.12126,0.10868,0.00241,0.00086,0.20286,0.00307,0.02276,0.00151,0.00167,0.05121,0.12390
558,0.00564,0.01611,0.01516,0.01669,0.01302,0.00812,0.00688,0.02971,0.01885,0.01574,0.72489,0.01183,0.00271,0.00806,0.00782,0.00377,0.01882,0.04919,0.01734,0.00965
559,0.08225,0.06014,0.11670,0.10394,0.00211,0.04432,0.05498,0.00508,0.05703,0.01845,0.03522,0.08163,0.01665,0.07185,0.02641,0.10436,0.08939,0.02364,0.00199,0.00385
560,0.06682,0.02815,0.08639,0.06720,0.01545,0.01894,0.06709,0.04470,0.03754,0.03743,0.03302,0.04826,0.09237,0.08072,0.04540,0.07383,0.05723,0.04579,0.01582,0.03786
561,0.04229,0.04221,0.03380,0.02800,0.06934,0.04324,0.09130,0.03028,0.05277,0.04065,0.04265,0.06035,0.03708,0.04818,0.06296,0.05098,0.04415,0.03261,0.04644,0.10071
562,0.00751,0.01566,0.01463,0.03808,0.01906,0.00860,0.61938,0.01323,0.02769,0.00482,0.02785,0.01680,0.00250,0.11569,0.01557,0.00402,0.00433,0.01049,0.02636,0.00775
563,0.22760,0.01588,0.00875,0.00778,0.00664,0.02629,0.00348,0.00395,0.27871,0.00271,0.00823,0.00444,0.00154,0.08629,0.28271,0.01528,0.00215,0.00363,0.00857,0.00538
