site,A,C,D,E,F,G,H,I,K,L,M,N,P,Q,R,S,T,V,W,Y
451,0.01294,0.46038,0.02734,0.02713,0.03375,0.01038,0.03708,0.08409,0.05742,0.01121,0.03663,0.05637,0.01119,0.02723,0.01180,0.02701,0.02137,0.01331,0.01599,0.01738
452,0.05329,0.02122,0.03156,0.03530,0.02407,0.00507,0.02424,0.21530,0.02467,0.00500,0.02251,0.03303,0.00939,0.02117,0.00493,0.00708,0.01034,0.40497,0.01730,0.02957
453,0.01608,0.00749,0.03874,0.02396,0.02664,0.00760,0.02678,0.04181,0.04812,0.01047,0.04335,0.02878,0.01792,0.04010,0.01071,0.00932,0.03342,0.01178,0.02166,0.53527
454,0.01310,0.02918,0.02497,0.03607,0.03501,0.00964,0.03688,0.07098,0.02770,0.01074,0.03940,0.49913,0.01202,0.03616,0.00991,0.00706,0.03107,0.01177,0.02995,0.02925
455,0.01345,0.03347,0.03600,0.02825,0.02520,0.00835,0.03703,0.09714,0.04277,0.01112,0.45981,0.04599,0.01432,0.04195,0.00741,0.01077,0.01168,0.00342,0.01881,0.05306
456,0.01520,0.02441,0.03217,0.03215,0.04946,0.00947,0.04293,0.03129,0.05991,0.00951,0.48315,0.04544,0.01407,0.03134,0.01092,0.01438,0.01201,0.02092,0.02425,0.03702
457,0.01196,0.01967,0.02923,0.04777,0.02704,0.51532,0.03202,0.03338,0.04011,0.00848,0.03183,0.03944,0.01085,0.04117,0.01012,0.00994,0.01387,0.02309,0.01511,0.03961
458,0.01047,0.01807,0.03048,0.03843,0.01736,0.00888,0.02178,0.04165,0.57026,0.00695,0.02339,0.02407,0.00902,0.07725,0.01647,0.00792,0.02642,0.00956,0.01801,0.02356
459,0.01101,0.02575,0.03132,0.02147,0.02722,0.01715,0.02604,0.10701,0.04830,0.00783,0.02145,0.04458,0.00974,0.02660,0.50463,0.00943,0.01351,0.00908,0.01262,0.02526
460,0.02227,0.02851,0.04697,0.43719,0.02963,0.01086,0.03105,0.02868,0.17092,0.00898,0.02438,0.03009,0.01274,0.02675,0.00810,0.00935,0.01531,0.01149,0.01805,0.02868
461,0.01312,0.02011,0.03405,0.00509,0.01776,0.00820,0.02157,0.02246,0.57481,0.00680,0.01707,0.10103,0.01054,0.02971,0.03259,0.00805,0.03131,0.00901,0.01473,0.02200
462,0.01373,0.02222,0.03650,0.00976,0.02467,0.01414,0.02678,0.02743,0.55289,0.00717,0.01634,0.03026,0.01227,0.03795,0.09925,0.00728,0.01063,0.01260,0.01539,0.02273
463,0.05253,0.01020,0.00947,0.07649,0.00677,0.00203,0.01301,0.08906,0.01294,0.11292,0.25786,0.00720,0.12179,0.08015,0.00382,0.01058,0.03018,0.06278,0.00565,0.03456
464,0.06703,0.03011,0.02716,0.02949,0.03701,0.46901,0.03664,0.03119,0.02760,0.00846,0.03223,0.03315,0.01501,0.03758,0.02261,0.01224,0.01587,0.01002,0.01946,0.03814
465,0.02062,0.08877,0.04082,0.40663,0.05520,0.00209,0.04136,0.05357,0.01261,0.01261,0.03345,0.05240,0.01694,0.02711,0.01147,0.01470,0.02480,0.01641,0.03287,0.03555
466,0.01351,0.02592,0.02083,0.02857,0.50325,0.00891,0.02206,0.02140,0.03524,0.03854,0.03414,0.02695,0.01134,0.03864,0.00838,0.01726,0.01542,0.01434,0.09378,0.02151
467,0.01157,0.03641,0.05035,0.03721,0.03731,0.40426,0.03846,0.04052,0.03723,0.00927,0.02666,0.04307,0.01789,0.04007,0.02802,0.01179,0.02359,0.00666,0.02475,0.07490
468,0.00657,0.01746,0.01871,0.00264,0.01847,0.00482,0.05328,0.07671,0.18624,0.02884,0.02202,0.01265,0.00594,0.05523,0.14221,0.06089,0.10545,0.10663,0.01214,0.06310
469,0.54200,0.02162,0.02539,0.03330,0.02212,0.00702,0.02169,0.03969,0.03788,0.00925,0.02720,0.03701,0.01030,0.03253,0.00966,0.02523,0.02471,0.03791,0.01532,0.02018
470,0.01195,0.02321,0.01682,0.02601,0.01767,0.00777,0.01920,0.01886,0.54801,0.00536,0.01519,0.01926,0.00803,0.01834,0.15407,0.00610,0.03729,0.01885,0.01240,0.01560
471,0.01126,0.04230,0.05288,0.03091,0.05600,0.35987,0.03420,0.04457,0.08627,0.01348,0.05177,0.05342,0.01106,0.03179,0.00962,0.01265,0.01690,0.01471,0.02564,0.04070
472,0.01360,0.04745,0.03045,0.02762,0.06014,0.00433,0.02855,0.04231,0.03620,0.01285,0.03720,0.01703,0.01073,0.02975,0.01822,0.49149,0.01627,0.01214,0.02293,0.04074
473,0.01023,0.04196,0.02999,0.03017,0.04001,0.00564,0.01102,0.04156,0.03354,0.00979,0.03947,0.04008,0.01058,0.03321,0.51799,0.01522,0.01557,0.01312,0.01752,0.04333
474,0.43049,0.10922,0.01641,0.02198,0.01598,0.00866,0.01969,0.02550,0.03452,0.01092,0.03000,0.02166,0.00728,0.13550,0.00715,0.01054,0.03474,0.00772,0.02906,0.02300
475,0.01470,0.02591,0.03082,0.03457,0.02677,0.01250,0.02514,0.49145,0.04295,0.00885,0.02821,0.06421,0.01003,0.03954,0.00954,0.00972,0.02819,0.02152,0.04342,0.03197
476,0.01426,0.03115,0.02504,0.02152,0.02682,0.01305,0.03086,0.05058,0.02758,0.01714,0.01986,0.04732,0.00993,0.02391,0.04099,0.00818,0.01330,0.00907,0.53385,0.03558
477,0.00828,0.02234,0.00936,0.01517,0.30626,0.00603,0.03597,0.01668,0.03152,0.00579,0.02396,0.01553,0.00579,0.02391,0.00751,0.00464,0.00905,0.00661,0.01769,0.42793
478,0.01184,0.02629,0.03332,0.02369,0.03238,0.01301,0.01934,0.01158,0.02893,0.01393,0.57532,0.02633,0.00804,0.02370,0.01461,0.00873,0.06797,0.01501,0.01965,0.02635
479,0.02139,0.02687,0.04011,0.03393,0.03568,0.02090,0.03693,0.05115,0.03460,0.02230,0.03549,0.03345,0.01248,0.04430,0.02595,0.00988,0.01759,0.01806,0.42892,0.05003
480,0.01872,0.05743,0.03437,0.04426,0.03307,0.01799,0.02769,0.04589,0.03062,0.36716,0.05287,0.03465,0.01097,0.02642,0.01357,0.04783,0.01497,0.03703,0.05293,0.03156
481,0.01744,0.05716,0.04290,0.07956,0.05961,0.39236,0.02676,0.03971,0.02574,0.01431,0.03083,0.02564,0.00657,0.03283,0.01758,0.01314,0.01246,0.02340,0.04231,0.03971
482,0.27852,0.03743,0.01318,0.03038,0.02467,0.01071,0.02158,0.03242,0.03300,0.00825,0.02780,0.02308,0.00717,0.02639,0.00878,0.30304,0.03825,0.01860,0.03031,0.02645
483,0.01347,0.03619,0.04055,0.03989,0.03354,0.05563,0.02830,0.07518,0.05958,0.01061,0.02052,0.02501,0.01286,0.02786,0.42007,0.01264,0.01427,0.01436,0.02872,0.03076
484,0.01786,0.02370,0.03352,0.03052,0.38488,0.01679,0.03327,0.03076,0.04202,0.03837,0.03315,0.04087,0.01488,0.05826,0.01031,0.01128,0.02268,0.01743,0.03239,0.10707
485,0.01958,0.03979,0.04390,0.03965,0.04598,0.01651,0.05517,0.09595,0.04823,0.22435,0.04158,0.06409,0.02443,0.05247,0.01222,0.00714,0.03080,0.01685,0.02107,0.10026
486,0.03308,0.05278,0.04751,0.34210,0.08137,0.02357,0.04166,0.07112,0.02384,0.02210,0.02803,0.04059,0.02010,0.03095,0.01038,0.01278,0.01594,0.01700,0.02477,0.06035
487,0.01817,0.06727,0.03858,0.04505,0.29447,0.02441,0.03125,0.04330,0.04127,0.05669,0.03900,0.05368,0.01372,0.03793,0.01716,0.06118,0.01838,0.01708,0.03476,0.04665
488,0.01886,0.06783,0.06147,0.26693,0.13748,0.01922,0.03172,0.04769,0.07005,0.01613,0.03609,0.01914,0.01864,0.03531,0.01233,0.01479,0.01321,0.02178,0.04401,0.04733
489,0.35518,0.08980,0.03501,0.03836,0.06430,0.01962,0.01923,0.03289,0.04277,0.01293,0.03232,0.02679,0.00985,0.02410,0.00922,0.08223,0.02556,0.00957,0.03474,0.03554
490,0.01560,0.05707,0.04274,0.04142,0.03186,0.01757,0.02087,0.11907,0.03642,0.33411,0.04638,0.03812,0.02102,0.02789,0.02244,0.01416,0.01432,0.01452,0.05500,0.02941
491,0.01583,0.07699,0.04214,0.01402,0.07065,0.29850,0.04633,0.05922,0.03687,0.01546,0.03517,0.03462,0.02378,0.03702,0.01524,0.01434,0.01729,0.04137,0.03829,0.06687
492,0.01541,0.04248,0.04074,0.08393,0.36902,0.03089,0.01832,0.03617,0.05451,0.04441,0.05851,0.03570,0.00669,0.02629,0.01107,0.00522,0.01079,0.02334,0.04532,0.04118
493,0.02311,0.03899,0.04788,0.04637,0.12997,0.02526,0.03396,0.04966,0.04009,0.32589,0.04891,0.04245,0.01405,0.02403,0.01308,0.01138,0.01729,0.01546,0.02365,0.02852
494,0.02207,0.05400,0.01489,0.11030,0.03635,0.04184,0.01920,0.03555,0.02596,0.01531,0.04975,0.25081,0.01144,0.10837,0.02214,0.02296,0.02243,0.04143,0.07115,0.02406
495,0.02780,0.03296,0.01908,0.45449,0.04337,0.00806,0.02820,0.03196,0.02659,0.01073,0.03630,0.02253,0.01401,0.11608,0.01198,0.01295,0.01415,0.01797,0.03394,0.03686
496,0.01417,0.04551,0.37043,0.06315,0.03000,0.00272,0.01596,0.02360,0.04230,0.01279,0.05339,0.10751,0.00923,0.04499,0.01294,0.01236,0.01528,0.03591,0.04768,0.04007
497,0.01700,0.05662,0.03641,0.08157,0.04999,0.03277,0.33901,0.03930,0.05133,0.02094,0.02800,0.05918,0.01181,0.02679,0.04422,0.01141,0.01307,0.02805,0.04329,0.00925
498,0.02413,0.06860,0.03783,0.03940,0.02415,0.01393,0.03349,0.02371,0.04179,0.01785,0.02450,0.03394,0.01245,0.03323,0.01053,0.01034,0.01158,0.02054,0.48893,0.02911
499,0.01139,0.02651,0.02723,0.01912,0.02639,0.01111,0.01371,0.01038,0.02002,0.42165,0.28214,0.01343,0.00800,0.01866,0.00760,0.01057,0.02436,0.00951,0.02102,0.01723
500,0.11603,0.10642,0.05371,0.09545,0.00280,0.04639,0.06256,0.02513,0.07167,0.00237,0.05226,0.05622,0.00100,0.08786,0.03108,0.06982,0.06094,0.05190,0.00319,0.00320
501,0.01389,0.02714,0.03534,0.03434,0.03006,0.00338,0.02248,0.07486,0.05315,0.00939,0.02980,0.03420,0.00709,0.03123,0.47934,0.01634,0.01300,0.02189,0.03885,0.02423
502,0.07108,0.04100,0.10979,0.10296,0.01047,0.02299,0.07221,0.04153,0.01147,0.03362,0.02502,0.06628,0.03406,0.09146,0.02758,0.09942,0.06238,0.05415,0.00819,0.01433
503,0.03914,0.07641,0.01313,0.02876,0.02032,0.01407,0.03304,0.02541,0.02248,0.00615,0.07679,0.28905,0.00622,0.03628,0.00765,0.01527,0.20558,0.03040,0.02426,0.02960
504,0.01181,0.40334,0.02546,0.02062,0.01987,0.01145,0.01647,0.02310,0.01971,0.01576,0.02922,0.01715,0.01404,0.03035,0.00762,0.26931,0.00944,0.00968,0.02976,0.01584
505,0.09456,0.04675,0.03770,0.02743,0.03399,0.39953,0.01738,0.02445,0.04163,0.02117,0.05846,0.03303,0.00795,0.03747,0.00767,0.01124,0.01212,0.01813,0.03562,0.03371
506,0.21399,0.02740,0.04460,0.03233,0.02734,0.38529,0.02154,0.02773,0.02358,0.00920,0.02718,0.01884,0.00811,0.02736,0.00813,0.02783,0.01136,0.01073,0.02271,0.02473
507,0.01572,0.03683,0.04312,0.03006,0.03290,0.40703,0.02858,0.04105,0.05034,0.01672,0.05473,0.02699,0.01397,0.04799,0.02431,0.01144,0.01553,0.03015,0.04496,0.02756
508,0.00872,0.15446,0.02471,0.03724,0.03285,0.01742,0.01682,0.01613,0.03165,0.01196,0.03861,0.02764,0.00983,0.02316,0.01001,0.00932,0.04353,0.42404,0.03352,0.02838
509,0.01328,0.08891,0.03051,0.46127,0.02780,0.08418,0.01570,0.02790,0.03004,0.00908,0.03335,0.02136,0.00758,0.02488,0.00764,0.03180,0.00977,0.02304,0.03353,0.01839
510,0.05931,0.02887,0.02900,0.08024,0.04020,0.37768,0.01988,0.03235,0.03378,0.00830,0.03542,0.03234,0.00967,0.02026,0.02512,0.08706,0.01159,0.01077,0.02252,0.03566
511,0.02236,0.08171,0.01807,0.01498,0.09234,0.00515,0.01668,0.02981,0.03461,0.16691,0.09131,0.03274,0.00459,0.12089,0.01374,0.08243,0.02907,0.00859,0.07097,0.06306
512,0.07596,0.02380,0.02742,0.01984,0.03283,0.39110,0.01540,0.03427,0.01954,0.00872,0.02839,0.02256,0.07664,0.02469,0.02334,0.08202,0.00973,0.03474,0.02843,0.02058
513,0.00383,0.00536,0.00612,0.00688,0.01249,0.00173,0.00823,0.45875,0.00553,0.05768,0.05118,0.00334,0.00221,0.00669,0.00137,0.00285,0.03636,0.32063,0.00426,0.00452
514,0.11190,0.10201,0.01181,0.01344,0.00624,0.00527,0.01087,0.01543,0.01014,0.00160,0.01593,0.03923,0.20828,0.03598,0.00109,0.13174,0.12557,0.05215,0.00407,0.09726
515,0.02190,0.04050,0.02277,0.04184,0.02670,0.00396,0.01294,0.04425,0.28696,0.00820,0.02097,0.01395,0.00672,0.03116,0.29405,0.02751,0.01498,0.01087,0.01949,0.05029
516,0.00530,0.01448,0.01062,0.00976,0.06625,0.00572,0.03220,0.09470,0.00959,0.20653,0.42626,0.00784,0.02062,0.00737,0.00563,0.00445,0.00429,0.03543,0.01730,0.01566
517,0.01647,0.03507,0.02972,0.01270,0.03811,0.51925,0.02762,0.03637,0.03360,0.00956,0.02653,0.02900,0.01585,0.02831,0.00690,0.01080,0.01787,0.04071,0.03709,0.02847
518,0.01538,0.03923,0.03354,0.03710,0.06394,0.01565,0.01072,0.03351,0.02618,0.00883,0.03133,0.06013,0.13846,0.02510,0.00868,0.01304,0.01559,0.01383,0.03933,0.37043
519,0.01248,0.14227,0.01893,0.01576,0.02056,0.00636,0.01202,0.29302,0.01553,0.09851,0.02293,0.01471,0.00432,0.01059,0.00372,0.00528,0.01377,0.26311,0.01225,0.01389
520,0.00415,0.01089,0.00622,0.01157,0.01393,0.00408,0.00709,0.47672,0.00662,0.24195,0.14152,0.00611,0.00638,0.00926,0.00268,0.00331,0.00325,0.02761,0.01009,0.00657
521,0.03305,0.08908,0.05103,0.36753,0.01645,0.04683,0.02177,0.01497,0.01753,0.00805,0.04720,0.01295,0.00533,0.16514,0.00613,0.01546,0.00588,0.00910,0.01772,0.04880
522,0.05957,0.01815,0.08475,0.13166,0.00712,0.07990,0.05493,0.01389,0.06947,0.01487,0.03276,0.06752,0.00193,0.13541,0.04514,0.08706,0.07668,0.00927,0.00597,0.00398
523,0.00268,0.00977,0.00644,0.00640,0.00652,0.00290,0.00316,0.31621,0.00407,0.22350,0.06666,0.00399,0.00155,0.00397,0.00210,0.00169,0.00121,0.32626,0.00670,0.00422
524,0.06491,0.03530,0.11143,0.04131,0.02058,0.00919,0.07943,0.01568,0.01274,0.00489,0.04906,0.16507,0.00466,0.08663,0.00467,0.17436,0.03960,0.01586,0.02629,0.03834
525,0.04038,0.06746,0.03607,0.07515,0.04022,0.04299,0.05417,0.01570,0.08145,0.06268,0.06855,0.05610,0.00138,0.06401,0.05979,0.06015,0.06471,0.01216,0.02146,0.07542
526,0.03054,0.07098,0.00355,0.04659,0.07771,0.00762,0.05197,0.17155,0.07028,0.05529,0.03161,0.02497,0.00073,0.03832,0.03718,0.03934,0.05736,0.05936,0.05286,0.07220
527,0.05984,0.10962,0.07320,0.08166,0.02398,0.03050,0.10161,0.01138,0.02550,0.02178,0.01633,0.08583,0.11334,0.05793,0.02478,0.06206,0.04632,0.00886,0.01567,0.02979
528,0.02008,0.02626,0.03287,0.02249,0.03657,0.48496,0.02907,0.03503,0.04041,0.01064,0.04387,0.03794,0.01075,0.03225,0.04409,0.01006,0.01541,0.01379,0.03022,0.02322
529,0.05409,0.03069,0.02583,0.05489,0.02468,0.47396,0.03327,0.02506,0.03763,0.00611,0.02610,0.03954,0.00657,0.02271,0.00542,0.06000,0.01508,0.00996,0.02297,0.02544
530,0.06264,0.08080,0.01167,0.00439,0.04654,0.00472,0.10721,0.00955,0.13024,0.11762,0.11514,0.07657,0.00425,0.03237,0.07034,0.03508,0.00741,0.00429,0.01170,0.06746
531,0.01268,0.03408,0.02681,0.03775,0.03267,0.01158,0.02037,0.17850,0.03172,0.10394,0.35002,0.03382,0.00667,0.01998,0.00777,0.01012,0.02794,0.00777,0.02313,0.02268
532,0.01536,0.04877,0.04513,0.04414,0.06698,0.01321,0.08101,0.04166,0.05614,0.01232,0.03871,0.03053,0.00777,0.04694,0.00981,0.00894,0.01273,0.02047,0.03267,0.36672
533,0.50968,0.02427,0.02713,0.03196,0.02483,0.02920,0.01443,0.02404,0.02430,0.00798,0.03251,0.02395,0.00600,0.02343,0.00742,0.09046,0.02135,0.02482,0.02854,0.02369
534,0.01383,0.05097,0.47696,0.03442,0.02406,0.06642,0.01792,0.02495,0.04675,0.00782,0.02969,0.03261,0.00822,0.02926,0.00998,0.00844,0.01382,0.02380,0.02890,0.05114
535,0.01607,0.02958,0.49455,0.03202,0.03282,0.03065,0.01352,0.02618,0.03442,0.00926,0.03509,0.05090,0.00557,0.03435,0.00970,0.00648,0.00866,0.04245,0.03166,0.05608
536,0.02051,0.04632,0.02662,0.03115,0.03995,0.01839,0.01744,0.05569,0.03127,0.00911,0.02895,0.02860,0.01220,0.02631,0.00733,0.01705,0.47982,0.01453,0.06531,0.02346
537,0.47225,0.01897,0.02939,0.02711,0.03196,0.00813,0.02067,0.04159,0.04008,0.00865,0.03607,0.02964,0.00778,0.02779,0.00830,0.00825,0.05613,0.06407,0.03164,0.03150
538,0.70252,0.00426,0.01170,0.00561,0.00428,0.13691,0.00265,0.00493,0.00738,0.00159,0.00577,0.00368,0.00116,0.00476,0.07397,0.01368,0.00184,0.00324,0.00626,0.00379
539,0.01472,0.02222,0.04550,0.03597,0.03197,0.02321,0.01785,0.03575,0.03502,0.00688,0.02945,0.03350,0.00683,0.02020,0.01339,0.00727,0.01053,0.01699,0.55988,0.03288
540,0.00784,0.02447,0.51852,0.02773,0.02750,0.02511,0.00952,0.02571,0.05445,0.00752,0.05182,0.03488,0.00412,0.03531,0.01039,0.00647,0.00655,0.01948,0.05791,0.04468
541,0.01566,0.03011,0.03383,0.05782,0.03551,0.01273,0.01620,0.01211,0.04299,0.00856,0.04194,0.01570,0.00496,0.20933,0.00883,0.00962,0.36443,0.01524,0.04161,0.02282
542,0.00801,0.03151,0.01913,0.02585,0.02297,0.00693,0.00481,0.02673,0.27802,0.00689,0.02697,0.01954,0.00378,0.02295,0.42207,0.01373,0.00780,0.01114,0.02343,0.01774
543,0.01440,0.03186,0.03169,0.03791,0.04242,0.01308,0.01931,0.32445,0.03173,0.00736,0.05686,0.03304,0.01312,0.02401,0.00669,0.01854,0.03004,0.21079,0.02287,0.02984
544,0.00602,0.01640,0.01238,0.01466,0.01513,0.01405,0.13232,0.01763,0.01106,0.00392,0.01477,0.04651,0.00288,0.01341,0.00476,0.25718,0.38807,0.00628,0.01232,0.01023
545,0.03412,0.03207,0.00580,0.04005,0.00900,0.00481,0.02081,0.11294,0.16030,0.01555,0.04714,0.00799,0.00128,0.06667,0.22734,0.10521,0.06252,0.03412,0.00568,0.00659
546,0.04251,0.05329,0.01654,0.00879,0.25319,0.00478,0.08473,0.01859,0.00641,0.01747,0.01849,0.01279,0.00188,0.00589,0.00300,0.00356,0.00813,0.01623,0.22167,0.20207
547,0.01156,0.02131,0.62997,0.01643,0.03045,0.04507,0.01021,0.01747,0.01791,0.00813,0.01979,0.04621,0.00510,0.02073,0.00620,0.00549,0.00569,0.01398,0.03011,0.03820
548,0.00820,0.01945,0.01356,0.02638,0.02100,0.00987,0.00918,0.01595,0.01376,0.63873,0.02742,0.01008,0.00782,0.10890,0.01281,0.00511,0.00475,0.00965,0.02244,0.01492
549,0.04637,0.03889,0.18425,0.14956,0.01459,0.02628,0.06298,0.05296,0.01135,0.01730,0.08363,0.03468,0.00129,0.12984,0.02008,0.02864,0.01127,0.05079,0.01466,0.02059
550,0.01322,0.06759,0.01705,0.03895,0.03763,0.01685,0.05913,0.03205,0.03237,0.01012,0.03575,0.49803,0.00534,0.02574,0.00843,0.00581,0.00892,0.02621,0.03830,0.02252
551,0.01034,0.02070,0.03669,0.62870,0.03422,0.00439,0.01222,0.02195,0.02147,0.00730,0.02866,0.01397,0.00455,0.02554,0.00754,0.00670,0.00586,0.05440,0.03620,0.01863
552,0.31495,0.05677,0.01422,0.03026,0.01264,0.01468,0.00675,0.01414,0.01909,0.00504,0.06692,0.01230,0.00356,0.12813,0.00454,0.23976,0.01925,0.00866,0.01836,0.00997
553,0.03820,0.01013,0.01194,0.02501,0.01341,0.07384,0.00943,0.15508,0.12939,0.19409,0.16041,0.01203,0.02182,0.06416,0.02667,0.00648,0.00454,0.01045,0.01276,0.02018
554,0.00709,0.04464,0.01854,0.03070,0.02330,0.00941,0.00822,0.36836,0.02133,0.02588,0.02216,0.02385,0.00398,0.01799,0.00566,0.00499,0.01590,0.31876,0.01645,0.01280
555,0.04098,0.26994,0.00875,0.00848,0.01060,0.00386,0.00419,0.06858,0.01011,0.08395,0.07068,0.00446,0.00153,0.00861,0.00241,0.02392,0.17937,0.18397,0.00960,0.00600
556,0.02199,0.00185,0.10774,0.14149,0.01527,0.05387,0.07524,0.00233,0.07912,0.02447,0.05652,0.09281,0.00049,0.11258,0.07283,0.03815,0.05971,0.00635,0.01418,0.02300
557,0.02244,0.00801,0.03756,0.05718,0.13619,0.00200,0.09006,0.00645,0.00538,0.11952,0.11405,0.00241,0.00122,0.19683,0.00278,0.02094,0.00155,0.00197,0.04879,0.12467
558,0.00717,0.02036,0.01987,0.02189,0.01686,0.01074,0.00885,0.03071,0.02422,0.01161,0.69627,0.01505,0.00351,0.01030,0.00894,0.00488,0.01529,0.03831,0.02286,0.01231
559,0.08421,0.05996,0.11804,0.10157,0.00223,0.04705,0.05656,0.00521,0.06398,0.01693,0.03329,0.07409,0.01771,0.07330,0.02494,0.10132,0.09151,0.02158,0.00247,0.00408
560,0.06399,0.02955,0.08464,0.06523,0.01513,0.02585,0.06449,0.04518,0.04271,0.03809,0.03201,0.04704,0.09003,0.08186,0.04581,0.07366,0.05616,0.04419,0.01798,0.03640
561,0.04313,0.04255,0.03736,0.02403,0.06932,0.04245,0.09192,0.03010,0.05135,0.04025,0.04522,0.05761,0.03756,0.04572,0.06467,0.05073,0.04558,0.03234,0.04777,0.10036
562,0.00917,0.01987,0.01817,0.04560,0.02318,0.01066,0.57193,0.01602,0.03426,0.00599,0.03379,0.01537,0.00197,0.10773,0.01942,0.00490,0.00528,0.01314,0.03247,0.01109
563,0.22007,0.01898,0.01088,0.01182,0.00862,0.02625,0.00443,0.00491,0.27350,0.00347,0.00904,0.00556,0.00194,0.09092,0.26985,0.01522,0.00271,0.00458,0.01059,0.00666
