site,A,C,D,E,F,G,H,I,K,L,M,N,P,Q,R,S,T,V,W,Y
451,0.01181,0.46937,0.02680,0.02604,0.03109,0.01378,0.03569,0.08407,0.05360,0.01070,0.03519,0.05609,0.01076,0.02730,0.00859,0.02166,0.02037,0.01280,0.01816,0.02614
452,0.04064,0.01990,0.02983,0.03198,0.02284,0.00461,0.02241,0.22954,0.02415,0.00453,0.02244,0.03136,0.00885,0.02008,0.00487,0.00660,0.00962,0.41946,0.01668,0.02962
453,0.01562,0.00756,0.03087,0.02339,0.02560,0.00744,0.01986,0.04127,0.04656,0.01022,0.04078,0.02995,0.01710,0.04053,0.01036,0.00913,0.03048,0.01178,0.02161,0.55989
454,0.01137,0.02639,0.05711,0.03013,0.02981,0.00852,0.04063,0.08168,0.02423,0.00940,0.03557,0.47792,0.01071,0.03210,0.00857,0.01691,0.03884,0.01024,0.02595,0.02392
455,0.01251,0.03271,0.03611,0.02587,0.02432,0.00797,0.03532,0.10831,0.03914,0.00941,0.46404,0.04412,0.01340,0.03958,0.00698,0.01007,0.01846,0.00322,0.01796,0.05049
456,0.01781,0.02257,0.02841,0.02923,0.04534,0.00859,0.03832,0.05857,0.06883,0.01163,0.47925,0.04031,0.01289,0.02758,0.01159,0.01314,0.00944,0.01875,0.02301,0.03473
457,0.01128,0.01880,0.02749,0.05115,0.02563,0.53531,0.03029,0.03114,0.04210,0.00810,0.02871,0.03840,0.01049,0.03901,0.00914,0.00928,0.01310,0.02006,0.01427,0.03626
458,0.01009,0.01694,0.02932,0.02891,0.01658,0.00832,0.01992,0.03337,0.58005,0.00652,0.02243,0.02491,0.00854,0.08112,0.03749,0.00717,0.02084,0.00910,0.01594,0.02244
459,0.01074,0.02520,0.03006,0.02136,0.02609,0.01181,0.02406,0.10092,0.04716,0.00747,0.02035,0.04233,0.00954,0.02663,0.52723,0.00819,0.01380,0.00896,0.01230,0.02582
460,0.01954,0.02684,0.05742,0.45723,0.02939,0.00797,0.02940,0.02802,0.15322,0.00903,0.02335,0.02886,0.01290,0.02665,0.00814,0.00925,0.01535,0.01026,0.01794,0.02922
461,0.01184,0.01843,0.03174,0.00461,0.01665,0.01013,0.02060,0.02101,0.56732,0.00635,0.01586,0.11213,0.00989,0.02371,0.05296,0.00735,0.02609,0.00848,0.01391,0.02092
462,0.01321,0.02066,0.03543,0.00829,0.02387,0.01257,0.02534,0.02664,0.55740,0.00691,0.01636,0.03177,0.01148,0.04036,0.09379,0.00690,0.02117,0.01180,0.01419,0.02186
463,0.05687,0.00952,0.00803,0.07966,0.00600,0.00198,0.01622,0.09205,0.00966,0.10974,0.25642,0.00601,0.11876,0.08162,0.00504,0.01281,0.03144,0.06283,0.00529,0.03004
464,0.05749,0.03008,0.02563,0.03423,0.03722,0.48719,0.03637,0.03023,0.02724,0.00825,0.03053,0.03236,0.01467,0.03592,0.01747,0.01189,0.01533,0.01006,0.01863,0.03922
465,0.01762,0.08813,0.03829,0.41931,0.05277,0.00201,0.04123,0.04952,0.02390,0.01205,0.03309,0.04966,0.01664,0.02532,0.01069,0.01445,0.02421,0.01447,0.03297,0.03367
466,0.01259,0.02839,0.01974,0.02715,0.50401,0.00842,0.02077,0.01965,0.03353,0.05555,0.03197,0.02517,0.01051,0.03882,0.00808,0.01983,0.01430,0.01191,0.08992,0.01970
467,0.01103,0.03419,0.04292,0.04397,0.03693,0.41415,0.03550,0.03955,0.03591,0.00911,0.02562,0.03914,0.01784,0.03700,0.03010,0.01170,0.02325,0.01213,0.02534,0.07464
468,0.00846,0.01888,0.02124,0.00282,0.01961,0.00599,0.04773,0.05952,0.22162,0.02336,0.02085,0.02502,0.00649,0.04995,0.14366,0.06094,0.11062,0.08995,0.01333,0.04995
469,0.56031,0.02096,0.02486,0.04838,0.02115,0.00691,0.02042,0.03796,0.03545,0.00888,0.02692,0.03504,0.01016,0.03116,0.00946,0.02050,0.01818,0.02806,0.01516,0.02008
470,0.01143,0.02298,0.01578,0.03153,0.01676,0.00749,0.01771,0.02703,0.55633,0.00499,0.01379,0.01715,0.00765,0.01652,0.15139,0.00577,0.03290,0.01635,0.01168,0.01475
471,0.01063,0.03897,0.09087,0.02822,0.05117,0.35084,0.02948,0.04182,0.08445,0.01227,0.04979,0.04687,0.01022,0.03051,0.00870,0.02573,0.01591,0.01320,0.02375,0.03660
472,0.01274,0.05289,0.02889,0.02530,0.05812,0.00525,0.02653,0.05170,0.03498,0.01190,0.03429,0.02093,0.01022,0.02838,0.02311,0.48884,0.01597,0.01138,0.02068,0.03790
473,0.00981,0.02885,0.02912,0.02964,0.03942,0.00584,0.01578,0.03758,0.03432,0.01349,0.03656,0.03777,0.00939,0.03253,0.53376,0.01876,0.01537,0.01297,0.01753,0.04152
474,0.47910,0.08713,0.01536,0.02236,0.01673,0.00919,0.02052,0.02472,0.03408,0.00988,0.03027,0.02330,0.00738,0.10442,0.00743,0.01376,0.03117,0.00778,0.03085,0.02457
475,0.01395,0.02396,0.02980,0.03282,0.03881,0.01164,0.02359,0.49709,0.04282,0.00813,0.02750,0.05375,0.00958,0.03775,0.00892,0.01354,0.02812,0.02624,0.04170,0.03029
476,0.01368,0.03036,0.02461,0.02001,0.02657,0.01603,0.03019,0.04727,0.02639,0.02295,0.01938,0.04756,0.00947,0.02276,0.03180,0.00789,0.01319,0.00874,0.54601,0.03515
477,0.00780,0.02550,0.00928,0.01452,0.31676,0.00564,0.02686,0.01586,0.02881,0.00541,0.02175,0.01958,0.00558,0.02285,0.00697,0.00492,0.00826,0.00612,0.01686,0.43066
478,0.01115,0.02534,0.03103,0.02260,0.03215,0.01207,0.01883,0.01051,0.02709,0.01185,0.58458,0.02575,0.00776,0.02224,0.01162,0.00856,0.07976,0.01282,0.01886,0.02543
479,0.02044,0.03045,0.04243,0.03406,0.03578,0.01840,0.03780,0.04943,0.03461,0.01912,0.03436,0.03303,0.01228,0.04118,0.01831,0.00961,0.01726,0.01736,0.44421,0.04986
480,0.01872,0.06036,0.03430,0.04034,0.04284,0.01764,0.02760,0.04549,0.03280,0.38761,0.04443,0.03514,0.01070,0.02629,0.01324,0.03555,0.01514,0.03869,0.04179,0.03131
481,0.01908,0.05562,0.04181,0.06853,0.05329,0.40935,0.02668,0.03907,0.02336,0.01333,0.02966,0.02517,0.00638,0.03205,0.02677,0.01298,0.01221,0.03071,0.04060,0.03335
482,0.29583,0.03898,0.01478,0.02907,0.02514,0.01398,0.02133,0.03109,0.03222,0.00834,0.02832,0.02336,0.00695,0.02633,0.00872,0.26977,0.04510,0.02399,0.03050,0.02622
483,0.01298,0.03398,0.03863,0.03769,0.03171,0.03883,0.02752,0.07899,0.08046,0.01025,0.01958,0.02394,0.01240,0.02714,0.42438,0.01650,0.01399,0.01369,0.02792,0.02942
484,0.01698,0.02238,0.03025,0.02748,0.39109,0.01609,0.03280,0.03017,0.04071,0.02927,0.03200,0.03990,0.01436,0.05135,0.00959,0.02993,0.02204,0.01933,0.03078,0.11352
485,0.02029,0.04017,0.04451,0.03932,0.03514,0.01723,0.04861,0.10079,0.04788,0.22520,0.04162,0.06361,0.02520,0.05328,0.01194,0.00904,0.03231,0.01692,0.03158,0.09539
486,0.02742,0.05184,0.03846,0.32764,0.09050,0.02002,0.04143,0.07213,0.04905,0.02259,0.02676,0.03894,0.02138,0.03010,0.01073,0.01310,0.01498,0.02232,0.02407,0.05658
487,0.01871,0.06688,0.03950,0.04947,0.29235,0.02418,0.03278,0.04132,0.04286,0.04196,0.04245,0.05252,0.01377,0.03854,0.01780,0.04230,0.01842,0.01661,0.03763,0.06994
488,0.01846,0.06631,0.05652,0.26532,0.13499,0.02440,0.03180,0.04655,0.05090,0.01653,0.03872,0.02063,0.01839,0.03523,0.01407,0.01494,0.01336,0.03303,0.05335,0.04653
489,0.32925,0.09719,0.03964,0.03519,0.05874,0.01795,0.01762,0.03018,0.03906,0.01181,0.02959,0.02462,0.01046,0.02209,0.00843,0.09520,0.04656,0.02232,0.03174,0.03236
490,0.01616,0.05910,0.04352,0.04024,0.02704,0.01695,0.03533,0.12581,0.03566,0.31957,0.05142,0.03984,0.01564,0.02854,0.01835,0.01368,0.01503,0.01563,0.05425,0.02825
491,0.01542,0.07369,0.04425,0.01266,0.06889,0.28286,0.04492,0.06239,0.04169,0.01516,0.03465,0.03736,0.02303,0.03691,0.01937,0.01454,0.01689,0.05522,0.03721,0.06291
492,0.01540,0.04270,0.04122,0.07930,0.35606,0.03332,0.01763,0.03770,0.05230,0.04316,0.05711,0.03540,0.00740,0.02586,0.01099,0.01913,0.01107,0.02389,0.04581,0.04455
493,0.02296,0.03620,0.04377,0.04453,0.16659,0.02433,0.03177,0.05057,0.03993,0.30358,0.04013,0.04023,0.01403,0.02386,0.01277,0.01077,0.01633,0.01903,0.03238,0.02622
494,0.02121,0.05432,0.01220,0.10773,0.03487,0.04349,0.02235,0.03468,0.02949,0.01550,0.04956,0.25383,0.01174,0.11444,0.02245,0.01644,0.01974,0.04152,0.06394,0.03052
495,0.02942,0.03070,0.01805,0.44804,0.04157,0.00996,0.02573,0.03067,0.02919,0.01015,0.03332,0.02094,0.01259,0.13041,0.01113,0.01177,0.01302,0.02740,0.03185,0.03408
496,0.01663,0.04489,0.38768,0.05866,0.03032,0.00259,0.01711,0.02216,0.04100,0.01240,0.05062,0.07716,0.00899,0.04668,0.01229,0.01178,0.01445,0.04545,0.04036,0.05877
497,0.01614,0.05213,0.03470,0.07913,0.04728,0.02710,0.33201,0.03590,0.04315,0.01637,0.02617,0.05779,0.01021,0.06985,0.05724,0.01077,0.01195,0.02522,0.04055,0.00633
498,0.02317,0.05281,0.03682,0.03883,0.02408,0.01855,0.03194,0.02394,0.03948,0.01796,0.02363,0.03111,0.01216,0.03214,0.02022,0.01001,0.01152,0.02023,0.50351,0.02790
499,0.01061,0.02513,0.02549,0.01799,0.02527,0.01055,0.01278,0.00810,0.01770,0.40962,0.28193,0.01306,0.00730,0.01800,0.01113,0.01007,0.03090,0.02795,0.01970,0.01674
500,0.11813,0.10119,0.05558,0.08814,0.00277,0.05073,0.06310,0.02966,0.07052,0.00341,0.05574,0.05647,0.00098,0.08644,0.02876,0.07130,0.06249,0.04849,0.00315,0.00297
501,0.01378,0.02521,0.03529,0.04355,0.02880,0.01063,0.02152,0.06213,0.05427,0.00913,0.02863,0.03203,0.00687,0.02923,0.49253,0.01318,0.01253,0.02212,0.03497,0.02358
502,0.06657,0.04189,0.09218,0.09982,0.00996,0.02722,0.07398,0.04570,0.01858,0.03321,0.02604,0.06692,0.03350,0.10259,0.02791,0.09587,0.06452,0.05340,0.00863,0.01151
503,0.03768,0.07717,0.01262,0.02559,0.01955,0.01520,0.02699,0.03785,0.02251,0.00560,0.09148,0.28186,0.00578,0.03279,0.00702,0.01618,0.19495,0.03539,0.02311,0.03068
504,0.01300,0.41123,0.02447,0.02011,0.01872,0.01068,0.01561,0.02114,0.01803,0.01141,0.02922,0.01629,0.01963,0.02942,0.00743,0.27227,0.00930,0.00926,0.02806,0.01474
505,0.09797,0.04972,0.03715,0.02743,0.02998,0.40298,0.01635,0.02276,0.03838,0.02258,0.06669,0.03094,0.00762,0.03619,0.00791,0.01070,0.01148,0.02069,0.02995,0.03252
506,0.20483,0.02831,0.03261,0.02929,0.02805,0.41455,0.02142,0.02751,0.02301,0.00920,0.02777,0.01910,0.00800,0.02741,0.00812,0.02110,0.01162,0.01085,0.02298,0.02424
507,0.01518,0.03740,0.04467,0.02261,0.03359,0.42933,0.02832,0.04256,0.04767,0.01648,0.05014,0.02686,0.01377,0.04922,0.01787,0.01146,0.01523,0.02453,0.04550,0.02761
508,0.00821,0.15960,0.02363,0.03536,0.02938,0.01596,0.01647,0.02365,0.03023,0.01136,0.03803,0.02678,0.00952,0.02250,0.00939,0.00918,0.03720,0.43206,0.03362,0.02789
509,0.01531,0.07637,0.04029,0.49550,0.02698,0.05949,0.01563,0.02848,0.02187,0.00893,0.03436,0.02059,0.00754,0.02427,0.00750,0.03539,0.00971,0.01926,0.03429,0.01824
510,0.07011,0.02720,0.02810,0.07597,0.03740,0.37466,0.01939,0.03069,0.03121,0.00758,0.03338,0.02983,0.00895,0.01945,0.02442,0.09461,0.01065,0.01519,0.02665,0.03458
511,0.02129,0.08799,0.01713,0.01418,0.07791,0.00500,0.01654,0.02382,0.04338,0.16775,0.08576,0.03440,0.00427,0.13103,0.01818,0.07200,0.02777,0.01043,0.08295,0.05823
512,0.07669,0.02124,0.02484,0.02345,0.03217,0.39129,0.01561,0.03215,0.01805,0.00818,0.02659,0.01972,0.07958,0.02787,0.01991,0.08786,0.00911,0.03849,0.02784,0.01939
513,0.00410,0.00520,0.00547,0.00620,0.01396,0.00162,0.01080,0.42746,0.00505,0.05793,0.05288,0.00314,0.00372,0.00778,0.00128,0.00275,0.04525,0.33736,0.00387,0.00420
514,0.11211,0.09070,0.01089,0.01396,0.00530,0.00496,0.00930,0.01660,0.01263,0.00156,0.01792,0.03932,0.20630,0.03533,0.00114,0.13466,0.13293,0.05464,0.00384,0.09593
515,0.01851,0.04164,0.02129,0.03958,0.02585,0.03907,0.01136,0.04535,0.27530,0.00741,0.01871,0.01280,0.00633,0.02844,0.28561,0.03061,0.01246,0.01002,0.01819,0.05146
516,0.00533,0.01467,0.01101,0.00990,0.06500,0.00569,0.02394,0.10477,0.01013,0.22527,0.41252,0.00798,0.01496,0.00755,0.00515,0.00454,0.00449,0.03514,0.01653,0.01546
517,0.01622,0.03393,0.02874,0.01229,0.03792,0.53205,0.02731,0.03482,0.03396,0.00920,0.02652,0.02872,0.01555,0.02574,0.00634,0.01039,0.01690,0.04030,0.03593,0.02717
518,0.01551,0.03817,0.03485,0.03375,0.05574,0.01365,0.01758,0.03035,0.02218,0.00810,0.02701,0.06592,0.17475,0.02322,0.00851,0.01247,0.01463,0.01405,0.04066,0.34888
519,0.01560,0.14389,0.01685,0.01546,0.01903,0.00569,0.01070,0.27996,0.01397,0.09257,0.02258,0.01290,0.00381,0.00937,0.00338,0.00453,0.02421,0.28219,0.01080,0.01252
520,0.00391,0.01011,0.00594,0.01143,0.01283,0.00394,0.00651,0.45109,0.00634,0.24272,0.16249,0.00569,0.00737,0.00861,0.00310,0.00314,0.00316,0.03617,0.00918,0.00626
521,0.04052,0.08112,0.05915,0.36031,0.01535,0.05017,0.02604,0.01399,0.01353,0.00909,0.04489,0.01172,0.00501,0.15448,0.00630,0.01840,0.00548,0.00964,0.01825,0.05655
522,0.05821,0.01845,0.09086,0.13189,0.00717,0.07093,0.05341,0.01355,0.07401,0.01737,0.03377,0.06195,0.00185,0.13598,0.04982,0.08230,0.07763,0.01087,0.00564,0.00437
523,0.00268,0.01180,0.00658,0.00674,0.00698,0.00293,0.00322,0.30937,0.00411,0.23005,0.07315,0.00409,0.00150,0.00415,0.00202,0.00176,0.00130,0.31675,0.00651,0.00434
524,0.06759,0.03472,0.11926,0.03530,0.02208,0.01042,0.07588,0.01449,0.01576,0.00444,0.05754,0.16502,0.00442,0.08273,0.00449,0.16853,0.04884,0.01469,0.02621,0.02756
525,0.03597,0.07559,0.04004,0.07294,0.03912,0.04222,0.05560,0.01577,0.07078,0.06108,0.06324,0.06695,0.00155,0.06296,0.05986,0.05899,0.06395,0.01485,0.02462,0.07391
526,0.03237,0.08075,0.00349,0.04805,0.08251,0.00853,0.05359,0.16832,0.07867,0.05055,0.02963,0.02289,0.00097,0.03435,0.03782,0.04174,0.05672,0.06028,0.04541,0.06337
527,0.05603,0.11818,0.07436,0.07669,0.02901,0.03314,0.09643,0.01025,0.02419,0.01846,0.01509,0.09814,0.11004,0.05686,0.02509,0.05714,0.04868,0.00804,0.01384,0.03031
528,0.01817,0.02585,0.03142,0.01887,0.03515,0.50586,0.02885,0.03509,0.03698,0.01037,0.04348,0.03800,0.01051,0.03275,0.03597,0.01008,0.01536,0.01325,0.03033,0.02367
529,0.07406,0.03469,0.02329,0.03979,0.02256,0.45670,0.03186,0.02325,0.03470,0.00555,0.02398,0.04816,0.00598,0.02137,0.00689,0.07271,0.01491,0.01517,0.02044,0.02392
530,0.06663,0.07320,0.01180,0.00387,0.05430,0.00464,0.10922,0.00952,0.14002,0.10060,0.10336,0.06977,0.00510,0.04022,0.07295,0.03300,0.00940,0.00476,0.01189,0.07575
531,0.01180,0.03142,0.02456,0.03501,0.02967,0.01064,0.01910,0.20810,0.02918,0.10537,0.34012,0.03186,0.00609,0.01864,0.00809,0.00931,0.01985,0.01690,0.02410,0.02019
532,0.01441,0.05927,0.03919,0.04013,0.09498,0.01203,0.07565,0.04093,0.05495,0.01160,0.03780,0.02803,0.00734,0.04382,0.00902,0.00846,0.01171,0.01837,0.03050,0.36181
533,0.52896,0.02369,0.02662,0.03792,0.02410,0.02661,0.01437,0.02316,0.02265,0.00774,0.03102,0.02319,0.00562,0.02276,0.00728,0.06830,0.03782,0.01856,0.02667,0.02295
534,0.01337,0.04692,0.49844,0.04148,0.02405,0.06500,0.01797,0.02474,0.04178,0.00772,0.02811,0.03135,0.00794,0.02898,0.00955,0.00844,0.01305,0.02269,0.02790,0.04053
535,0.01256,0.02904,0.49787,0.02838,0.02960,0.04690,0.01303,0.02570,0.03364,0.00884,0.03413,0.03974,0.00533,0.03212,0.00920,0.00608,0.00840,0.04285,0.02855,0.06804
536,0.03180,0.04399,0.02628,0.03150,0.03870,0.01820,0.01706,0.03913,0.03135,0.00885,0.02573,0.02624,0.01240,0.02529,0.00711,0.01745,0.49682,0.01418,0.06532,0.02260
537,0.48598,0.01837,0.02461,0.02468,0.03122,0.00781,0.01992,0.03800,0.03894,0.00865,0.03559,0.02804,0.00733,0.02741,0.00802,0.00729,0.05378,0.07523,0.03041,0.02873
538,0.68428,0.00376,0.01387,0.00559,0.00437,0.14632,0.00260,0.00495,0.00754,0.00160,0.00566,0.00368,0.00116,0.00469,0.08095,0.01434,0.00178,0.00281,0.00617,0.00388
539,0.01426,0.02090,0.04487,0.03286,0.03109,0.01914,0.01636,0.03413,0.03384,0.00651,0.02822,0.03238,0.00649,0.01958,0.03291,0.00679,0.00992,0.01617,0.56263,0.03094
540,0.00732,0.02416,0.53717,0.02825,0.02681,0.03622,0.00906,0.02441,0.05327,0.00744,0.04652,0.03360,0.00399,0.03456,0.01021,0.00624,0.00629,0.01692,0.05465,0.03291
541,0.01347,0.03006,0.03357,0.05143,0.03184,0.01247,0.01541,0.01846,0.04028,0.00849,0.04200,0.01545,0.00439,0.21174,0.00852,0.00867,0.37788,0.01425,0.03987,0.02172
542,0.00771,0.02266,0.01847,0.02556,0.02297,0.00677,0.00480,0.02686,0.26346,0.00721,0.02747,0.01930,0.00483,0.02276,0.43796,0.02138,0.00765,0.01111,0.02310,0.01798
543,0.01335,0.03073,0.03177,0.03821,0.03740,0.01280,0.01909,0.33162,0.02971,0.00718,0.05557,0.04411,0.01275,0.02361,0.00642,0.01444,0.02419,0.21608,0.02292,0.02806
544,0.00595,0.01886,0.01138,0.01454,0.01459,0.01340,0.14505,0.01561,0.01078,0.00373,0.01519,0.04966,0.00276,0.01260,0.00402,0.26216,0.37175,0.00610,0.01205,0.00981
545,0.04020,0.03879,0.00554,0.02701,0.01195,0.00460,0.01851,0.11012,0.16495,0.01603,0.04318,0.01227,0.00124,0.07059,0.21514,0.10386,0.05938,0.04458,0.00551,0.00655
546,0.05133,0.05486,0.01841,0.00850,0.24509,0.00445,0.08142,0.02247,0.00603,0.01268,0.01902,0.01222,0.00194,0.00585,0.00275,0.00969,0.01122,0.02075,0.20978,0.20154
547,0.01181,0.01958,0.62711,0.02174,0.02765,0.05640,0.00963,0.01648,0.01663,0.00758,0.01877,0.04951,0.00482,0.01980,0.00595,0.00517,0.00538,0.01248,0.02752,0.03600
548,0.00789,0.01887,0.01277,0.02586,0.02029,0.00973,0.00891,0.01513,0.01340,0.64981,0.03196,0.00964,0.00599,0.10128,0.01339,0.00492,0.00452,0.00931,0.02195,0.01437
549,0.04510,0.04327,0.18328,0.14422,0.01360,0.02730,0.06260,0.05636,0.00984,0.02231,0.07692,0.04101,0.00118,0.11508,0.02199,0.02803,0.01258,0.06084,0.01202,0.02247
550,0.01246,0.06309,0.02539,0.03818,0.03510,0.01569,0.08439,0.03008,0.02771,0.00936,0.03263,0.49162,0.00503,0.02443,0.00807,0.00567,0.00825,0.02269,0.03523,0.02490
551,0.00986,0.02002,0.04900,0.62874,0.03313,0.00439,0.01176,0.02117,0.01758,0.00698,0.02698,0.01328,0.00431,0.02480,0.00720,0.00635,0.00558,0.05684,0.03470,0.01730
552,0.29626,0.06290,0.02116,0.02414,0.01113,0.01499,0.00619,0.01310,0.01676,0.00494,0.06745,0.01093,0.00375,0.14141,0.00400,0.24755,0.01915,0.00901,0.01619,0.00898
553,0.03846,0.01045,0.01155,0.03151,0.01268,0.08006,0.00881,0.16769,0.12245,0.19639,0.15633,0.01111,0.01734,0.05462,0.02498,0.00698,0.00490,0.00894,0.01229,0.02247
554,0.00659,0.04763,0.01785,0.02775,0.02737,0.00876,0.00788,0.37099,0.02101,0.02567,0.01980,0.01999,0.00383,0.01731,0.00540,0.00486,0.01308,0.32619,0.01589,0.01217
555,0.03353,0.25858,0.00880,0.00865,0.01040,0.00471,0.00417,0.06561,0.01018,0.08770,0.07946,0.00439,0.00148,0.00863,0.00243,0.02725,0.18865,0.17953,0.00981,0.00602
556,0.02194,0.00175,0.11041,0.14040,0.01583,0.05734,0.07337,0.00255,0.07419,0.02483,0.05876,0.09356,0.00048,0.11285,0.07503,0.03476,0.05769,0.00811,0.01572,0.02042
557,0.02845,0.01019,0.04258,0.06300,0.13174,0.00180,0.09041,0.00697,0.00536,0.12382,0.11027,0.00238,0.00098,0.18543,0.00244,0.02501,0.00136,0.00196,0.05394,0.11192
558,0.00693,0.01927,0.01817,0.01998,0.01559,0.00971,0.00824,0.03010,0.02099,0.01114,0.67837,0.01415,0.00324,0.00964,0.00877,0.00452,0.03246,0.05645,0.02072,0.01156
559,0.08343,0.06560,0.11407,0.09785,0.00229,0.04975,0.05856,0.00488,0.05877,0.01783,0.03385,0.07423,0.01871,0.07070,0.02400,0.10251,0.09094,0.02512,0.00231,0.00458
560,0.06868,0.03020,0.08252,0.06531,0.01550,0.02170,0.06325,0.04614,0.03691,0.03609,0.03404,0.04946,0.09256,0.08167,0.04346,0.07205,0.05639,0.04978,0.01492,0.03937
561,0.03889,0.04419,0.03556,0.02697,0.06779,0.04002,0.09127,0.03268,0.05411,0.03978,0.04199,0.05922,0.03896,0.04843,0.06844,0.04878,0.04603,0.03446,0.04424,0.09819
562,0.00863,0.01801,0.01680,0.04387,0.02194,0.00990,0.56608,0.01520,0.03184,0.00738,0.03200,0.01670,0.00185,0.13042,0.01628,0.00462,0.00498,0.01205,0.03031,0.01112
563,0.25489,0.01762,0.01036,0.00985,0.00788,0.01863,0.00412,0.00468,0.24958,0.00321,0.00961,0.00526,0.00182,0.09205,0.26868,0.01838,0.00255,0.00430,0.01017,0.00638
