site,A,C,D,E,F,G,H,I,K,L,M,N,P,Q,R,S,T,V,W,Y
451,0.011293172070702677,0.5079063137744595,0.025631803356200203,0.024878621621287705,0.024515230409285865,0.0063428227818424845,0.03403893991331084,0.08060580820935065,0.0509544739477131,0.010229538694110142,0.03374246207400131,0.05363677936927345,0.010275762263561897,0.026094983518251427,0.018762196282568363,0.010224042940744901,0.01950924286148449,0.012247873156827023,0.01849052718880007,0.020619405566223777
452,0.07146765468156492,0.018328601962152125,0.028345522485792553,0.016220563111089117,0.021548751006875793,0.0061305990697329005,0.020678985769083377,0.22874186380607675,0.022765147161952447,0.0043262165601659,0.007606625459109732,0.02929399945772382,0.008390662108493268,0.01882590052902809,0.004578377479848507,0.006193751588102582,0.00905199666158394,0.4345303645386334,0.015771331354176674,0.02720308520881402
453,0.013720639179532921,0.008929465925809326,0.051562663473984534,0.02051665127971812,0.021538632380683893,0.006533744461882751,0.046951030684902105,0.03641721397256079,0.04093124744920185,0.008980905142333824,0.03573634894731141,0.0237377934414246,0.015056194102314612,0.03556710175708211,0.009112547973571155,0.008465085648086582,0.026776527756023006,0.01036306761847373,0.01896038658943435,0.5601427522156683
454,0.012437680095677315,0.029196089864791816,0.007016092685292935,0.033488791224178964,0.032824630199701166,0.009352379301223325,0.035368013175129144,0.05230191216525043,0.027933922791796063,0.010344764886386205,0.039569238209405784,0.5333763874697793,0.011835885665381666,0.03526097485816961,0.009379136408078758,0.010197425161198238,0.04219593218523187,0.01126719636601473,0.02849597341249735,0.028157573874815548
455,0.012839484797471365,0.03355120161550725,0.036931769800793955,0.026507320773670878,0.024892873506812335,0.008177941779421152,0.036322320970743935,0.02549192906567919,0.04782798738252866,0.015002568961078058,0.520297220509549,0.048237985948068725,0.013750717647017949,0.0405748063557496,0.007366630526149745,0.010318163418058695,0.018220742199426345,0.0033062655999136006,0.018427796225286158,0.05195427291707352
456,0.015000671162665439,0.02399635583320918,0.030520427541287143,0.031678255799224404,0.048217844204604926,0.00922974741630245,0.041109028655376766,0.010701541031007525,0.06979180979404667,0.010123908979812588,0.5137004632448586,0.04353938135888763,0.013753428808679026,0.029550246116097672,0.00865222607763992,0.012137756971471661,0.019112594069614307,0.006902299293495493,0.02504794511334521,0.03723406852837341
457,0.011472830446426954,0.01914835205921585,0.027775091687301717,0.051522609553825295,0.026161621678377715,0.5328932786266249,0.030907856335255463,0.031705143441553556,0.03917611463041865,0.008267401429325392,0.02915430845643657,0.03890573499455383,0.010687353412639029,0.03975164215153768,0.016567499445946123,0.009447193370311508,0.013326304607793276,0.012186600389065652,0.014464604250450775,0.03647845903294001
458,0.010120567054819367,0.016887753503720283,0.029456326720883507,0.07006115664365185,0.016687050486413356,0.008330868912776615,0.019882551971676255,0.05589196516141667,0.6094775588527127,0.006501064647230721,0.022137557298168128,0.024638142994505674,0.008512366484075573,0.02545610359489028,0.009761427626751562,0.007754071139341845,0.011206262245511404,0.009061234395474788,0.015935708430543552,0.022240261835435773
459,0.010080684213756729,0.024081061403622452,0.028114880597464476,0.020124922798962358,0.024121890754954047,0.032066954394555515,0.022551283847230583,0.06139886944014042,0.05966513218248825,0.007014021760066638,0.018829545585896647,0.03948612945858298,0.008941427527882686,0.024689586940761125,0.5490775602059972,0.011829771630541807,0.01396857383332982,0.008430966422562237,0.011456489081346707,0.024070247919857443
460,0.02061430525337409,0.02669794326726535,0.038966832228948756,0.508292307220256,0.028374833484327358,0.01878009396624147,0.02850653373535973,0.027634735432204915,0.1101314597042453,0.008764776689942516,0.02273260418321212,0.028074045639342512,0.012616121900421362,0.025851515915103634,0.008013326989513363,0.009073802254938573,0.015101569423404624,0.015546544523970555,0.01748537433910809,0.028741273848819925
461,0.012113636848829308,0.018830333390021145,0.032183144870940567,0.004712702244414208,0.017055736144505253,0.008402876763667915,0.020892683657232042,0.021501404330571527,0.6724917171020518,0.00644823848105783,0.016047509513840767,0.02443696084351456,0.010050674410750986,0.0208502813166401,0.013053657475366826,0.007474448231526171,0.04923287333031038,0.008614695239705284,0.014126570132044027,0.021479855673009488
462,0.012260446592560507,0.019042920511128877,0.03314466433346755,0.005499495758044227,0.021739503183156098,0.014191798932741332,0.023430255199039855,0.02464961462308088,0.5909284883532023,0.006341043275027672,0.01618439989449292,0.019837592421490236,0.010750456580463962,0.05365556756521759,0.08832552088428242,0.006399526031103747,0.00938791587986164,0.01091179123074768,0.012920137207875685,0.02039886154301468
463,0.04667664501235546,0.01081443326642221,0.00825072364975552,0.06618766039352579,0.007309178354246643,0.0016589945694438857,0.018743884650051137,0.07897083472489926,0.01319416563340616,0.12411668825239754,0.25464878244686556,0.0077922484415331485,0.13439547969918575,0.0799558399451114,0.0005803153370161128,0.00861550911082864,0.027513980955949247,0.06557134032293084,0.0038995075188821087,0.041103787715193574
464,0.0897045893655647,0.027675453384897616,0.023694516452241344,0.008952496711255765,0.0344836007598906,0.5127921923386703,0.03334218057671476,0.027951819693315394,0.02509032038374703,0.0076563021127437686,0.02826723067782339,0.02981200265644394,0.013502576749952352,0.032983625121752895,0.017144372784323587,0.010921458888742084,0.014207612567758883,0.008792974941661676,0.017281810309348677,0.03574286352315119
465,0.01057966606468642,0.08688717960188663,0.026134195783437203,0.46541810775729214,0.051701679722821324,0.001961431809251457,0.0404187126142699,0.04857293703187448,0.011699205257722807,0.011741993356715316,0.03209749676142839,0.04844868437764094,0.016036796175905754,0.024512775462779912,0.010407589175346187,0.014072696412321105,0.023560875813324708,0.010509073506706657,0.032307664084315554,0.03293123923027314
466,0.012174563124586176,0.026488240178989198,0.019069511029862804,0.026073870221062483,0.5591174298623849,0.008093097354765972,0.020061773301956607,0.01884867157247706,0.032320240746809524,0.004355129147767392,0.030898192974924504,0.02444538849207457,0.010173193526671365,0.03785060514304329,0.007826755262204993,0.005691299067289106,0.013789810421922828,0.012795815533881191,0.11211727530030809,0.017809137737017994
467,0.010432996356420815,0.03270502406470552,0.04064748163388573,0.034695116949843514,0.035315743610448654,0.4492021140975834,0.03403318761323085,0.03756751391310508,0.03444286637930587,0.00869792226685416,0.024253086744223117,0.037295947158332,0.0169797316284775,0.03547790485594141,0.025864678111463577,0.011154122251483494,0.022242979284341435,0.006319758855274364,0.0314605044781797,0.07121131974689972
468,0.004011325958764744,0.009612759306048282,0.010326771529175454,0.0013883400154143582,0.01096381921726646,0.0027328701890429533,0.05293970429782397,0.12302051268585007,0.132934828417483,0.045494461534614804,0.019592273980382578,0.0067665580890511855,0.003280711101154705,0.01482125917080591,0.13095776566229678,0.06364073333333362,0.11078983348284051,0.16190526982782005,0.006561875374853807,0.08825832682597679
469,0.616018560209267,0.020267871112467566,0.02432160836671195,0.023355600104580525,0.020320847732331837,0.006679446649434934,0.019767842065711846,0.03656816810974604,0.034637653961174554,0.008559738294585494,0.025884008419193454,0.03427822527179694,0.009856833835268997,0.03011582055972097,0.009155718920434831,0.017932849530006026,0.022290249963954057,0.005677360457449879,0.014753203899951307,0.019558392536211933
470,0.009511824944029097,0.019221467992803318,0.013114777558300051,0.0409706045387796,0.014132291648923698,0.005523382546425017,0.014863468292636553,0.01563260773455444,0.5366559249553834,0.00457128205626536,0.014225212205744261,0.008971732022952414,0.006307097124592973,0.019615899677966595,0.16654021946808686,0.004775667730705147,0.05427278379446973,0.029073734887610853,0.009650949141644398,0.012369071678126361
471,0.010738366861887824,0.028858101500538986,0.053050961875946295,0.02836543145308344,0.05044511466238416,0.4054066470645709,0.029976916335785298,0.04188114735044223,0.08418801196169612,0.01239143229053724,0.0506111783681328,0.04759782081185754,0.010472482736943943,0.03089573466698359,0.009095023314510712,0.018720718555784232,0.015804330020734465,0.010957621469164342,0.023908472593407237,0.03663448610560872
472,0.012790488196296036,0.01392097563858738,0.029004396048916522,0.02534272589582938,0.057038275689133666,0.007614216256301564,0.02634944577075619,0.04002034305564105,0.03470370493424777,0.011847556304682434,0.033949284791429446,0.013354698272965761,0.010251695423070735,0.028104989283948032,0.005044395032720559,0.5599344203954791,0.02107134064120016,0.011362839050991017,0.020435992768458453,0.03785821654934457
473,0.008687688850882176,0.07597309335641571,0.025793771061358012,0.02629588959226506,0.03505292121731116,0.0052055612277857105,0.008636135583756652,0.03338824947078408,0.03026445705666771,0.008607173344401689,0.03238406308715719,0.03335513316910175,0.010410225143572344,0.028642882089332338,0.5399021057783181,0.02004574146996077,0.013634923626107338,0.011507678013899207,0.0155489187486179,0.0366633881123051
474,0.38392501325395706,0.1667321748918107,0.0077249745127175445,0.015470917200372006,0.011540069744302479,0.0046344642321137705,0.014225034324715858,0.021387028486554424,0.023540230148174347,0.009333520145671471,0.020910616362834738,0.016174561340137446,0.004917272532512407,0.23387546241100074,0.005113169280993982,0.004939241055189759,0.013987385308532302,0.0031806807884471743,0.02142793543883251,0.01696024854112941
475,0.014054345265407503,0.021860380270223117,0.027012918105905614,0.02972025274369441,0.03017627985140388,0.010565586122119356,0.021744182380574018,0.518224778931207,0.03869713966853517,0.007385861381637098,0.02494139867409567,0.07688322688098205,0.008761514101701251,0.034616062138877385,0.008123334247467,0.00882588397392394,0.04827594553245338,0.004469484186540054,0.03798095359072872,0.027680471952523485
476,0.013288783559251345,0.03711539215891465,0.023781178170437886,0.01946257974956495,0.025842389425809173,0.005431087046667413,0.029044810215774333,0.045949296691268245,0.02567235906399627,0.009901478968162068,0.018798788167761923,0.046044154162245506,0.009171431202618286,0.022033530601528586,0.007815798516054406,0.00761557016819375,0.012733976937848853,0.008471120574504182,0.5977880070406846,0.03403826757871361
477,0.006610058092800494,0.008922203404792224,0.007471409540879379,0.012142377455173159,0.34568726587310944,0.004775387787514951,0.05807091080941822,0.013425968919928914,0.024306687028320294,0.004579191198211304,0.01845568798971488,0.012238207115787643,0.004750842357559042,0.019653477508788052,0.005913773940957198,0.003631775420490407,0.007016047451093802,0.005174354267034658,0.014288192721621323,0.4228861811168047
478,0.010571130506881856,0.024019246161038333,0.0292326117693808,0.021316013768335335,0.03025771060043313,0.011414189183897971,0.017770795727002305,0.009905598641250265,0.025594980408859783,0.008672751369415688,0.6316586510501361,0.02445302784267148,0.00736099862586409,0.021106670350420725,0.021038595235997288,0.008077675403978536,0.028998818371102117,0.026783272671631535,0.017815055840588387,0.023952206471114384
479,0.019908165934347567,0.022082590868041308,0.04148289588634386,0.03325107027358548,0.034934031271368036,0.010764918914097928,0.036807345780744516,0.04832721240407267,0.033739535975969445,0.01144806051654367,0.03352624496457161,0.03231399233539843,0.011982397373709224,0.04011586682209708,0.004453156902159965,0.009363032112390911,0.016831966331698853,0.01694290193821243,0.4929382877576782,0.0487863256369688
480,0.01672855278274493,0.05341701211337885,0.030525536123591466,0.03566628610043125,0.027703475610364372,0.01573231083716022,0.02461279109533916,0.04043430166755916,0.029196025387249233,0.39330977552428825,0.05646796944573255,0.03145490394557792,0.008920025045638968,0.02323916223347076,0.011783984728699409,0.06563561003343436,0.013478647441672669,0.030849621098132315,0.06334332467920774,0.027500684106326473
481,0.016025256236447682,0.05090716695651387,0.03916706431493248,0.10681763816329574,0.05087208214701278,0.43086994158758146,0.025134877666699237,0.03562853560602763,0.021242250760397912,0.012468436132823965,0.02761670891993309,0.022772361794504342,0.0059025026937312665,0.029131201737973206,0.01948617371137715,0.01185422849664323,0.01133648764576753,0.014573886171819315,0.03743319546002269,0.030760003796495256
482,0.29778422793304854,0.033844249809906364,0.011265649502151311,0.025657712936930876,0.022094950927646444,0.009002741793058515,0.018547627330798854,0.027106829953249496,0.027810170577559273,0.007308283182827602,0.02492709204188914,0.020372704733891165,0.0057350775692110055,0.0230055587748977,0.007640243274189137,0.3675596892749569,0.01689051877057585,0.0036851217100710744,0.026647282640091124,0.023114267263049593
483,0.013898739106789177,0.03637059743940951,0.041570996473685784,0.04021189483208453,0.03402746654163281,0.012019680591910898,0.029139781639872728,0.03433257657417298,0.04364629874411088,0.010983474601475723,0.020988067785981012,0.02555676915006269,0.013242977404386257,0.029114717967420826,0.5145182507084184,0.009396042790977202,0.014988617951903463,0.014718729683001544,0.029739526279089892,0.03153479373361362
484,0.0159404165850526,0.020931387229519215,0.029016702740477546,0.025755136570214433,0.4227956312200943,0.01505304240940873,0.030962833440348187,0.028046492393392703,0.03826552347015972,0.06444209939568908,0.030241148425460468,0.0371104561151464,0.013681970941477259,0.05055850872398726,0.009075522216909512,0.006587612752472422,0.020512044778615696,0.018041466713794686,0.028661004676977662,0.0943209992008021
485,0.019870785229599574,0.03908066395703244,0.043392679724838505,0.03876064156462293,0.024929033960941514,0.016872032581039177,0.04758324577782916,0.10253764994378074,0.04699406171145667,0.2520664592038027,0.040772632796199894,0.06160083347481496,0.024612513058015196,0.05186471442849606,0.011631948458690042,0.012947998065178233,0.0315633870103505,0.016463541020562963,0.021284060207770582,0.09517111782497818
486,0.021697604230661804,0.0503517059460303,0.05346616724643418,0.3653620260612791,0.08563718963973148,0.03908094783188789,0.03957465885600617,0.06836315314265722,0.009336633085727629,0.021755172051401196,0.0254596984887613,0.03715827840467594,0.020697587982313737,0.029066624213384146,0.010366130548540338,0.012631168696788084,0.014555557841073957,0.01609997764946604,0.023010567491676053,0.056329150591503396
487,0.01764974442349779,0.06164752381296737,0.0373445166258185,0.04641568204684913,0.3139686071129318,0.023018980203043517,0.030922018367774907,0.04295266145280762,0.040246127423142146,0.057587612573502533,0.04038745000444464,0.04880826701441172,0.013139775445312576,0.03631348423808975,0.016814933705502643,0.0672073964507229,0.017464615077364524,0.016448587336686027,0.035143735766380704,0.03651828091874917
488,0.022205108521789654,0.0635879090567072,0.030835540176990864,0.2874773439923361,0.13902807736007158,0.007950573998157793,0.03087719952599084,0.04510067382497396,0.08966726594775216,0.015836520852074664,0.03643823610229437,0.019575842466980745,0.017929683374842405,0.03340067442038514,0.013421714042561457,0.014257577786872222,0.012930523568507537,0.023436581272020335,0.05181283202404463,0.044230121684646316
489,0.38336117775209916,0.08522305811480117,0.03651612792393659,0.03541736628569094,0.05939227252553265,0.018169956118631914,0.017881173364783922,0.030311900329548214,0.039725643859821164,0.012056538000096198,0.030190714181894358,0.02489634766545713,0.00916955119694589,0.02234910811938866,0.008580292779357531,0.06648171236008737,0.04474373951163208,0.009370279049610361,0.0325086908142618,0.03365435004642292
490,0.013978685354419186,0.05123993076382969,0.03799808530367186,0.03529075598908452,0.036443157465554724,0.014700724886573188,0.017425935399875168,0.1602694021701088,0.031199603261798825,0.32519354736144207,0.042542481380692214,0.03409836460739236,0.02910154204805379,0.02470304363051641,0.034353990753339746,0.011859722509235874,0.013109789412530546,0.013599906909697194,0.04854890749404123,0.02434242329814258
491,0.015324501040606934,0.07347411544636191,0.044101072365446935,0.012562741021776269,0.06892562267999364,0.3221607885658894,0.04474817747659502,0.062164713779245075,0.041556500341312606,0.01507164548400603,0.034448095536912915,0.036895346603926675,0.022836226457817643,0.03673700921690148,0.02255608422245221,0.014436917294201115,0.016771119383578528,0.01574475247719626,0.03720898311616728,0.06227558748961203
492,0.015453005389678484,0.041935183129057384,0.0413283824460541,0.08146854494935166,0.4095630350028343,0.0336598385785093,0.017700057284575278,0.03752816098399788,0.05198629805506779,0.01712935694702455,0.05717431340186124,0.03569227579660389,0.006775865582152413,0.026232544246144286,0.011074532223916286,0.004788806114906717,0.01123314788903843,0.024986163485537838,0.04658661610452521,0.02770387238916293
493,0.027364490847777808,0.042929143695603876,0.050651465202508204,0.050711917596082456,0.04063381660538788,0.02822438043943161,0.037075045635021335,0.038841037173438585,0.046563162557753696,0.4003526435464792,0.0294765927270568,0.04626450783675038,0.016190076616458163,0.027079966025006102,0.015046256988884454,0.007571582586003075,0.019279995684241307,0.01770267210421104,0.02718972611138724,0.03085152002051682
494,0.020049314767596846,0.05187574827870068,0.009599383351896364,0.10279851746678226,0.03337200399228747,0.038760361525172045,0.016152885187730785,0.029021531413837825,0.023399645686494108,0.01472037962856942,0.0477981089010024,0.2787885433675295,0.011164116781481116,0.10957874373134434,0.021404713767562308,0.041804982132416034,0.024856814982071235,0.039898219441506115,0.06110844801650284,0.023847537579516204
495,0.038771267445523346,0.028887614146182766,0.01700337912650005,0.4881792314498578,0.03923491357402436,0.0028600375051694975,0.024456450249489007,0.028914532338878654,0.020221583588075673,0.00954747664043086,0.03188900507973062,0.019810523177300837,0.012098053748239445,0.12194814552525962,0.010584246115830113,0.012249224111743765,0.01241002398814046,0.01813492964253896,0.030445740779400873,0.03235362176768341
496,0.013355856257115375,0.04330677821830439,0.427012549787835,0.051841090432355325,0.028964825048353873,0.0025050397776475272,0.013790247547416817,0.021224225191509762,0.039325729188209625,0.012057856843863861,0.04829004934700864,0.09958391493322531,0.008665393317631939,0.04401517018205434,0.01189422570616164,0.011392149593517599,0.01389703308774824,0.02036851316006239,0.03954317730187857,0.048966175078099826
497,0.015771701226781912,0.051288658469027214,0.034546453414960356,0.07899154054483555,0.04626626035814508,0.037652165491469,0.3750510663754494,0.035109105902302366,0.06809490084078222,0.008470328153484556,0.02562761692068723,0.024644307167169508,0.012879531664934524,0.028529736298915934,0.06538151299705408,0.010679839582568173,0.011688936897509538,0.024972790673492857,0.040043461062699744,0.004310085957730822
498,0.021751284472770593,0.05652746398744735,0.034526732590715606,0.036531966351964894,0.022714725724045554,0.01269493707456022,0.030022861696505365,0.02258639693473209,0.03716702231127531,0.008796701282861773,0.022224509422422472,0.02925007463819101,0.011449812097608486,0.030263302049961027,0.013015414889273364,0.009384972803376074,0.01085341230443219,0.018992498694028623,0.5450153920803538,0.026230518593474212
499,0.009178965240044551,0.021752009585557702,0.022278319215032812,0.015658342013823334,0.02194767361116449,0.00917220435554737,0.011152785403875251,0.015139787896471269,0.0157990480277511,0.4702100911914456,0.2867776828528601,0.011314586435412699,0.0063790986849829754,0.01584586092700896,0.005048210245230046,0.00873851220115746,0.00519378452986173,0.016583387823845393,0.017128570184863544,0.01470107957406346
500,0.12688716583079387,0.10525926362510178,0.04692247037278365,0.08173350397783626,0.0017654075337753094,0.03910464208103826,0.07179037040594667,0.012541716466011358,0.06866897129054693,0.0011834837089501223,0.0519649194516169,0.06102961602694997,0.0007171626770521548,0.08977544382947682,0.03689300394736377,0.07935899151002579,0.062361153032958465,0.057951879686117,0.0020791050005962495,0.002011729545058672
501,0.013522053597044191,0.025197209047976187,0.03526813091646116,0.02576771802398914,0.028613394722636073,0.00314180211114393,0.021076803409269873,0.0536290629772942,0.02057571022270084,0.009056734371552843,0.028348219043813128,0.03185613604189494,0.006773642148220376,0.028947664116967115,0.5539923998739762,0.021660887635353482,0.012401178713452228,0.021955056883593407,0.03492413543010556,0.023292060712555213
502,0.07294014779508579,0.040985527757945055,0.15226125635604412,0.1073194372393782,0.007091605421834061,0.03363115834225706,0.0559712058591432,0.023020563709035612,0.011554524745342626,0.028772498192025448,0.030221626225286766,0.054669814669996486,0.034853618879427166,0.08255669522027294,0.020886694469071907,0.0983327088398296,0.06396725353685219,0.056992864406782084,0.006926172656423638,0.017044625677966045
503,0.013966397746911953,0.08205393381831842,0.001996820706142481,0.028036735686148822,0.020016017398869813,0.014731899618157712,0.014737209137235016,0.02578142854173413,0.019502860043181965,0.006113790941839788,0.030867820140418997,0.34927495740697734,0.006331280420596983,0.035185523414571346,0.007721820130019423,0.016396100135856573,0.24159595996362496,0.02931936915254665,0.025814759644520863,0.030555315952326856
504,0.011012345366905226,0.4076098202575256,0.022513191085564915,0.01876209495278981,0.01757940135643551,0.010108664800710163,0.014664175591135024,0.019938253028146,0.017029529415143563,0.024451992788428092,0.026689722555157714,0.01537596585922432,0.010660384667782725,0.028586392998924706,0.006922054595686734,0.29135157141272633,0.008190133178346553,0.008636798832012222,0.026204082686639735,0.013713424570714998
505,0.1053931640375813,0.04575598209822668,0.03665413502091289,0.01204240341860785,0.02992113458458261,0.45614517499551493,0.016220377312084987,0.021177889490379197,0.03832723659018595,0.008896043142085176,0.040121804892481204,0.0309160977481806,0.007600007927177345,0.03611721648803628,0.0075232346844266275,0.010648551161746442,0.011410155394516147,0.023351766011720593,0.02963785077574352,0.03213977422580973
506,0.2665441844423457,0.020448684119984472,0.014570914929068889,0.024761125298438266,0.023535397104345993,0.39695286153490567,0.017948976465172784,0.023156004446009747,0.01915092543544959,0.00774028761249949,0.023399479264220497,0.015907295265025784,0.006719952703415949,0.023065671289869822,0.006790367184221751,0.05092607721644326,0.009801250112300946,0.009114213921017815,0.01929917097718557,0.020167160678078083
507,0.013874118749766096,0.03298993301139425,0.039325263322913785,0.04590200923136686,0.029627477739690766,0.4341130633024606,0.024997217323749914,0.03749387463873899,0.04204530093043813,0.014531371746735177,0.04414526163559795,0.02367118539435859,0.012142400785368705,0.04330875946309203,0.03755652825523551,0.010099513770456123,0.013418656454157357,0.03634463353040753,0.04005510739401524,0.024358323320056444
508,0.01010432900382551,0.11997650931788457,0.02476165060159209,0.03440251255959404,0.035970695399668406,0.013658605099941101,0.01595003102569813,0.0073698003456119454,0.029245623233091562,0.013476890161482432,0.03727124250316458,0.026597535139088847,0.009303700612197508,0.022165126871501527,0.009259775191727418,0.008908129524546907,0.04352494543219935,0.47763103051544203,0.0328077006512266,0.027614166810515487
509,0.01109825410859173,0.07937658063452299,0.026177030239979155,0.45141597553190255,0.021504113854348098,0.14985422064419562,0.012247842793733338,0.02248504933886915,0.03673461472511791,0.007101673933102119,0.027172814680989966,0.016169296444840085,0.0059425450204058095,0.01904228158598537,0.005959504842946657,0.033823522751245005,0.007703048762538929,0.024477595539583067,0.02718367318111903,0.01453036138598351
510,0.012557585431777325,0.028656164974376227,0.029340854602835947,0.08788665780234868,0.03899915697399615,0.4445630963177973,0.020356261523571503,0.03201610079655487,0.03181354467535156,0.008028300642999676,0.035429565523962106,0.031015724009283208,0.009345009671098524,0.020303112706020702,0.03398378432389009,0.059063700021358446,0.011174327873655077,0.010509993306167253,0.018972588643504328,0.035984470179451146
511,0.028306641841769727,0.10870181350894344,0.012725595543901553,0.013866554878807025,0.09126917176190484,0.004878842580406,0.02104902916721901,0.02983015237610961,0.020366028676721933,0.18566944917142023,0.13680867673007455,0.041964737970398514,0.004159351695428787,0.11656450065266684,0.004657092294577425,0.043430965224112744,0.026688980490448818,0.008362968124333408,0.040080536884857854,0.06061891042589779
512,0.06735896515476862,0.020854870613301223,0.024013929132985206,0.016382774021999027,0.030556868248116292,0.4350710786006418,0.014015734251224111,0.031889953806843785,0.01750998218083852,0.007950740728522294,0.025846361059748402,0.01857197467856153,0.07502806351525855,0.020237934597827162,0.0326851551275175,0.08488791808243017,0.008823751886941789,0.02319413837498072,0.0260613615050562,0.019058444432437115
513,0.0020224343441297018,0.005399176663379051,0.005728160922698619,0.0064282276410619794,0.015314778818241531,0.0016235244872388067,0.002939906049006754,0.5327719177600557,0.0051804387298498055,0.0677303328975778,0.024895223875309392,0.003180264847540096,0.0010649144417907276,0.0043850684411375065,0.0013031784715933487,0.0055222982381452354,0.007922263243186964,0.2966495684696459,0.005571646891843405,0.004366674766567504
514,0.11342703143228328,0.11585847273320726,0.010715896782149377,0.015565043051891285,0.0059391277735689535,0.00229977848689576,0.01478644934534136,0.009310869314169462,0.015309823984276728,0.0012443506291889342,0.013967364104748603,0.04459055392983641,0.21752158589406392,0.04449934533142844,0.0006682115021689978,0.13259307149316285,0.12412678586294668,0.050364726595174186,0.004309953426614332,0.06290155832688318
515,0.01994474798749139,0.04532397399292065,0.021171105948236624,0.03975872236773676,0.023039802489047485,0.003364009628164452,0.011287673791406772,0.02245339006516645,0.2894229990128019,0.007378911790188031,0.01865378224977104,0.012764484966916574,0.006290354093679683,0.032674114605302465,0.324453526541068,0.0274910907481033,0.013531302094945621,0.009962888400079582,0.01811946744157239,0.052913651785400785
516,0.004456053251853631,0.011937978603053958,0.009020280957439328,0.008188542991908278,0.012090568135545746,0.00472216395450412,0.041136829713817824,0.10349834410621851,0.00832300946524183,0.21406949934963349,0.4507676329698151,0.006634933206804041,0.03289432657718402,0.00621393139694226,0.0031557819124239743,0.003751491450090429,0.0037309314163070113,0.04885215993753115,0.013618569182691755,0.012936971420993643
517,0.015434717605560727,0.032464038079063735,0.027360531446297794,0.012495454951304044,0.03595228806360969,0.579868866595903,0.025845937512771432,0.03291046958757634,0.03191440284479998,0.008715574217357663,0.025140963692811113,0.027556834152213674,0.01478608986726476,0.024530972895746208,0.006007092035202864,0.009857283777339375,0.01606016749644657,0.012886918364186076,0.034362892424500864,0.025848504390044002
518,0.01575751519760869,0.06692314921397242,0.02541906187447587,0.03978064388387845,0.06956148071507612,0.012444936605418705,0.007852370487766215,0.036552924322648804,0.026045152891333172,0.009575951150829251,0.031759696436979824,0.03501142413569287,0.04679447397534492,0.02749879162743941,0.009023679008538418,0.011828745080297137,0.012455387504335017,0.01478290155248088,0.034704012906279114,0.46622770142960474
519,0.006834627882733514,0.10929331862511504,0.017598454786001787,0.01500626759818914,0.022332919643134597,0.005943434571890079,0.011461262420916649,0.33153294652670123,0.014283108131493095,0.10214224009002416,0.013983040741197229,0.017791875952109744,0.004025648107889,0.009890939973590127,0.0035558553196048275,0.006133515027193688,0.0039592650510663656,0.2797835320740336,0.01120631457518489,0.013241432901931237
520,0.003833097129046372,0.009882270246903883,0.005769460639571497,0.01099966739975944,0.012445420282006228,0.003833681138170505,0.0064351214809705015,0.5162604245012202,0.006169469837384842,0.2697596651457263,0.10579009419932382,0.005557963100643718,0.002139928120734921,0.009133812246535198,0.002591560728910754,0.003068325776558531,0.003083922208494881,0.008232984956392532,0.008934686968887728,0.006078443892758341
521,0.025098274403001358,0.08784789456847059,0.028617182339697664,0.4310609368052059,0.015903075020306082,0.06793843714507607,0.010926991109056448,0.014657426511062395,0.0074624447561293245,0.005226759318980557,0.06915792022673395,0.012272162186809115,0.005200439448214497,0.1559055918749859,0.0038883900554200156,0.005901847336953841,0.005820726137086832,0.010032446030692645,0.011950537840144437,0.0251305168859723
522,0.06923295934601861,0.016099695978840672,0.08702238046710283,0.15446147998912682,0.00651775298804113,0.08727593562862333,0.04216512257334023,0.014081192253991896,0.06615664320871326,0.00664570927658676,0.027924978427532856,0.06795286678741273,0.0019024294099542454,0.1464435089069981,0.03617586601216994,0.0864072229541379,0.06703159723911577,0.006886117381712646,0.005827222362859913,0.0037893188077203475
523,0.0021885582643657512,0.004354688943230493,0.0044496316363126604,0.00455789649092207,0.0037131027228297212,0.0019655990918809596,0.002173616467498258,0.3522768635974236,0.0023695315543780103,0.23568325390345035,0.05767397025822113,0.0027296603907213724,0.0010971317553634058,0.0027407808152489187,0.0011963557889838044,0.0011829805714963432,0.0009787604023233107,0.3112894912727755,0.004438953751496716,0.002939172321077549
524,0.05845462700920947,0.033772057430943934,0.11392810990271274,0.0455194413795447,0.020155063493927428,0.008987816010445475,0.07702043976074129,0.011533888508655906,0.015324049185264777,0.004247024510987694,0.029905160938404535,0.18104091376472872,0.004228208430003017,0.0980799953719912,0.004314939929684169,0.17940948399274229,0.03290333421866192,0.014225532544560373,0.02387655452744961,0.043073359089340825
525,0.048120949540517294,0.06313413946373769,0.027425912463813398,0.059133199035483926,0.04403206057168846,0.04641183146603539,0.049455318747808286,0.015371895282563497,0.08965731846811113,0.06976802486995949,0.07196726280093813,0.050367274011174044,0.001254456885793782,0.06774253693722916,0.06941237512391359,0.06012775145604521,0.07162389268020429,0.010504462705038561,0.013428178093950895,0.07106115939599374
526,0.030948726790016673,0.061900108341768546,0.0016934374410168204,0.032790658069036825,0.07828289575961239,0.005043373091390313,0.05297360275839563,0.18807291591517225,0.05521024066094366,0.05627950950747973,0.038924760937487445,0.029218289434815987,0.00046542875066344817,0.0402800561935038,0.03487344420363197,0.0376331317538568,0.058806236922139515,0.049318465215400974,0.06357696450808036,0.08370775374558682
527,0.06447868422213673,0.07931538219625583,0.07134698757919393,0.08985554217088242,0.01788150271583898,0.025511714739285606,0.10754102076758087,0.010014818576145716,0.019218819852973572,0.016405835089569467,0.017881261177559796,0.08693197356088223,0.13116664217775287,0.06182030754847548,0.023589563013937626,0.07054529970394867,0.039676796509327567,0.008917417990489883,0.01365332011358734,0.044247110294175516
528,0.013437575470440388,0.023733100459124138,0.028873286600187547,0.02855482557241473,0.032203507132059106,0.5328671561764776,0.026532299761767377,0.032202585487162795,0.03393907276074182,0.009524281728885356,0.040026368341268034,0.03487515696155164,0.00965940772168295,0.030057696002588466,0.03991538796918079,0.009245535026013538,0.014094553153924688,0.010636658111065367,0.027859026739045778,0.021762518824417914
529,0.01594257764482777,0.02285035670313332,0.024901651089490814,0.0839046021167581,0.024211354573590926,0.5604547164643673,0.017949320716182104,0.024887145849848368,0.037308160946727044,0.00599153015413027,0.025606904178831474,0.024311782516606654,0.006434121846161077,0.022976072055276093,0.005149966503039761,0.028473043478195088,0.01130620871076869,0.009652691789688422,0.02202834217523936,0.025659450487137334
530,0.05505056734206659,0.09855672413393056,0.007823771838046565,0.0025409044229563233,0.02495476742109724,0.003065556713783018,0.10910849032369552,0.006247711477112006,0.10887869298843501,0.15706398314951034,0.1490425009056731,0.07201251350570258,0.001365165763993265,0.03551598247666891,0.06653596750284929,0.03252033947503192,0.0019305464878255553,0.0028270434920557846,0.006656691277933435,0.05830207930163298
531,0.011756751867095176,0.0313933551006189,0.02459205278461786,0.034958603744976564,0.032751495042857744,0.010628905060732344,0.019053023032095006,0.14595014033644174,0.029469740257240296,0.13067201934328798,0.3863144535432214,0.032148558658117464,0.006029130670337528,0.018732390342503524,0.006300813751267419,0.009297081261514734,0.019852535311878538,0.008018477068963187,0.02192467857696907,0.020155794245263498
532,0.01428746265407768,0.004833709145205592,0.05646415880782094,0.04016305812572833,0.07587728240786125,0.012134909666339936,0.08078733714095392,0.04009848545208832,0.05437639510748695,0.011613853783762383,0.0376230910147145,0.025564698337589148,0.007370964303436815,0.04351915994299808,0.008996095025106938,0.008404165102991357,0.011692324395680681,0.018430993821187402,0.0293075251343398,0.4184543306306301
533,0.5190096565010407,0.02000596548390118,0.022269735415637565,0.025420584220125716,0.02063509723441849,0.022077115637430714,0.012157931881538445,0.019503143133103095,0.019022688364128584,0.006586408577969942,0.026252266016839595,0.019700467976479955,0.004315912526998673,0.019416549626286795,0.00618625534134195,0.16979402769471005,0.003662443105520646,0.021536702205115037,0.022758767716546596,0.019688281340866306
534,0.012614646707292185,0.04264465159347155,0.5151351834161854,0.019684603766632402,0.021902342005287446,0.10280618020888387,0.016197035064076246,0.022456531379103185,0.0381743844853456,0.007007812954023913,0.025187499965781342,0.04558403723681492,0.007181968989730929,0.026049449805458428,0.008605845994794982,0.007621415026472632,0.011825145779672211,0.02051896261007149,0.02536523883246548,0.02343706417843566
535,0.024832421928555642,0.0289379181047496,0.5648031215839435,0.02442646643739998,0.02966691297331098,0.0026569296952514126,0.012988014378249459,0.025719726495027684,0.033604288104618164,0.008870016922011779,0.03401979860297092,0.08523245263212159,0.005326463741822991,0.032023889918288584,0.00919818830929058,0.006073013162262779,0.008360494623064886,0.019910621827443884,0.02869571204327347,0.014653548516342119
536,0.003674070862086213,0.039911146907613056,0.023649489297757852,0.02855922895225242,0.035245461420508904,0.016443874950484605,0.015619771965479165,0.09355070361358665,0.028212847704015925,0.008052815374069365,0.02361598590715613,0.028887359102509738,0.004464005853052546,0.0226875437652434,0.00645017271950426,0.011068623270782429,0.51641213339325,0.012812328382372102,0.06022781207290797,0.02045462448536717
537,0.532298936123697,0.017572141121749,0.015760675668846844,0.023545082148878793,0.029805164431434553,0.00747022960658775,0.019086622200546598,0.03649442094755745,0.037532166996937316,0.008286857612832719,0.034199427625920466,0.026957948757655226,0.0076902867447235105,0.026117271164238964,0.007673687623542087,0.005398413519780707,0.05946456521854062,0.04792340273250547,0.029316294264100956,0.02740640548992386
538,0.7727115862359165,0.002836649509303442,0.0012176954975352636,0.00418412385622182,0.0031762290343348297,0.1253340099753198,0.0019356343468266033,0.003655654722254024,0.005535369002030523,0.0011823366897649888,0.004168656178055171,0.0027431174187530147,0.0008560058053129173,0.003495543466230794,0.04953578773622517,0.004470885421245882,0.0013081776887308584,0.004168069133097352,0.004609194331210472,0.0028752739516306274
539,0.013448768552227182,0.01974259822672624,0.042061909165671714,0.03096950179930284,0.02941763716134541,0.024909071159096626,0.015459514184054142,0.032226188740056734,0.032090342761182604,0.006155202080484631,0.026686583896350913,0.030546605588994236,0.006144791999661965,0.018477366188832018,0.002870412838249573,0.006427759824239842,0.009395166972608936,0.015350326638329137,0.6083852820333764,0.029234970189208825
540,0.0060757196325210506,0.02285196394451421,0.5782305938873177,0.02638542702003489,0.025191680555575215,0.04258161977901417,0.00811201889737476,0.022964068159785123,0.050635475878547324,0.007054850457751296,0.04401289733447623,0.007695891791053692,0.003772586333418407,0.032522109576049986,0.009623710899765978,0.005929224328226754,0.005976047942679456,0.028137929826448638,0.051078799006822384,0.021167384748622686
541,0.02939033865792062,0.027686245171277952,0.03143249324365506,0.04811936298092425,0.029715736948376176,0.011610037083880594,0.014301353997729674,0.0060303432505869935,0.03708082371812546,0.00789302409287528,0.039490374824284476,0.013673187778991007,0.0032321332879460935,0.2026679809500085,0.007875550755808465,0.011336359114050296,0.40819733747818776,0.013244205897945326,0.036963188409556584,0.020059922357869315
542,0.0063587254138417855,0.022151318662587034,0.015293198249148236,0.02093272828901858,0.018898616637428322,0.004709558100120313,0.004968992265282454,0.022186679122885564,0.3398324295468396,0.007151220142794682,0.02238147346855439,0.01587281463597041,0.0029271142360932667,0.018719813959469533,0.4226799168729936,0.005282821627204635,0.00627982348800198,0.009225693503745904,0.019090707501825743,0.015056354276193803
543,0.012387279244702435,0.027103819013154503,0.027424602951367283,0.03325452087630615,0.0519313625823881,0.011150933546295557,0.017183216025072907,0.3344457474764358,0.0263602914820515,0.006665973050583053,0.06452810312725973,0.026836536489784252,0.011188303564729484,0.020918798629086646,0.0056277878311481,0.012947693709082825,0.047382693111075035,0.21823501414385651,0.020112411610711544,0.024314911534908515
544,0.004656053035019119,0.015246481187407998,0.010638432281571289,0.01356088455851915,0.013590496008471413,0.020484216235907255,0.11782596902811326,0.021431020283871935,0.010061766915614324,0.003477051142665659,0.01314242313427779,0.0043782880837492846,0.0025722554105252348,0.011739707862642335,0.0027442558171730572,0.2752015467646966,0.4331571032383228,0.005696338148991177,0.011243968184345116,0.00915174267811523
545,0.026083968223928482,0.01945972927970573,0.005027634842359803,0.005152073271203965,0.007436539284201395,0.0030747377929256667,0.015146676175969561,0.14539197417485028,0.17116743265701853,0.013936548189309618,0.06218939293867178,0.0037368785666669793,0.0011212240136396674,0.05125209024268205,0.2676149346422759,0.11457650580622225,0.057179826720375714,0.021088952410314363,0.0049989539448218314,0.004363926822856379
546,0.024311791242095596,0.030524429465679823,0.00878295978757043,0.006666767301439708,0.2820463125571254,0.004437754106266653,0.05982661494466716,0.005490175172902886,0.006063434514990577,0.03555536184347612,0.008225244529574266,0.004967766769844703,0.00144589543486108,0.005470699197093666,0.0027388473779701053,0.006190165056740474,0.00545485568119602,0.013041107211940338,0.25875527323826686,0.23000454456629818
