site,A,C,D,E,F,G,H,I,K,L,M,N,P,Q,R,S,T,V,W,Y
451,0.010646062757613815,0.5318872684266563,0.02420281920920593,0.023475741255769608,0.031165561491209897,0.015134114771683449,0.03210126049912437,0.07606904307111859,0.04802988360169489,0.009634387480731183,0.03186487711629112,0.050794855904801005,0.009687601063275349,0.02454930214146597,0.01083095539167618,0.009882928220516915,0.01839472529315976,0.01155456185061494,0.014520936338583585,0.015573114114806982
452,0.04261921645793382,0.01691399858943625,0.02572286464525488,0.026192467521911192,0.01967602328379536,0.005822753240125523,0.01899244435530358,0.2464596063973672,0.020735892924846993,0.003885969110606173,0.01912772486108322,0.02682160293065382,0.007614134620423139,0.017203994389415497,0.004179772001223137,0.005655171361169927,0.008251618680721929,0.4447799303946023,0.014373742088294074,0.024971072145831875
453,0.013341250039143123,0.0071499597136982585,0.033807012694284294,0.019963844546828445,0.020993966490265196,0.006352739491821653,0.025941449255237555,0.03530410642728494,0.03977772816439621,0.008728181108134624,0.034807539001112685,0.026015163989421258,0.014613063660742649,0.03460516269465365,0.009434490900341519,0.007933132654225591,0.026015210189014856,0.010063014674291512,0.01845002718087402,0.606702957124228
454,0.010868073018423007,0.024694921893735792,0.0491021032655902,0.028258557991056962,0.027780869703880374,0.007929969121199396,0.05209830873779588,0.07019282061312491,0.023078776860423696,0.00876307747409912,0.03337780878562638,0.517065506073606,0.010013424607450307,0.029867274280924616,0.007962655062794817,0.006726483533105441,0.03565990532073066,0.009545707327418634,0.024170228028185744,0.02284352830082818
455,0.011691589990182808,0.030542084552725016,0.03352447593291107,0.024103676852647155,0.02261427380590113,0.007447265371576621,0.033140550153397404,0.06888780338400578,0.03856943663558037,0.01028893564078842,0.5287707613869571,0.042142780654865396,0.0125197301421757,0.03691976150127851,0.006555299406305222,0.009385928645950914,0.015693090248132112,0.0030086688234859226,0.016775560266562572,0.047418326604570855
456,0.016478645940680225,0.02187000717872138,0.027327945222600906,0.02826953451137855,0.04336330414370227,0.00826702780631068,0.036832188015633954,0.0439708635311582,0.05762279245673141,0.010443547994481049,0.5311500323051513,0.03890157897423104,0.012353161139904055,0.026496500458818486,0.010203996886211557,0.011995443193917722,0.01158515746905025,0.0071800933626502165,0.022308997451168298,0.03337918195749843
457,0.010574772787558381,0.017638567525169683,0.025700584445424588,0.044791915425712224,0.024089705937492795,0.5661647007357192,0.028470712788300923,0.029191201520200095,0.03709821074827883,0.007609927810911639,0.026908906364597123,0.035925712142548145,0.009843451933654436,0.03662629092746086,0.010630542297223334,0.008703642730394175,0.012292267915848573,0.02057422612070065,0.013361464277575943,0.03380319556522845
458,0.009341525613903561,0.0156673291330077,0.02724555812355249,0.03857473976252893,0.015402140319020548,0.007701924224153961,0.01841176070570309,0.03813194657226393,0.6416157055515861,0.006029412077706273,0.02057858237478823,0.028628672657049156,0.007880210792127527,0.045552360958454684,0.018334968505326472,0.006791512040037848,0.010403289603599875,0.008387757388084149,0.014682141480801684,0.020638462116303775
459,0.009471703039830165,0.022356950335100045,0.026457767988337776,0.018887522925382153,0.022890110879696366,0.016704815381161833,0.021193055918259037,0.06882077142107294,0.05736063310470108,0.006583171544324762,0.0178513810863396,0.037328828523602,0.008409504131600113,0.023394345296762226,0.5799223124984667,0.008463691302042437,0.012480356336623762,0.007895919279890671,0.010819772537904023,0.022707386468902416
460,0.017301749585650134,0.02391066702232092,0.05071822660068659,0.5068839378875792,0.02591867348854447,0.010394433397180677,0.02598048521414005,0.02491446167518001,0.14338462816673458,0.00796889990878318,0.020688272780478544,0.025484637383917697,0.011436784311282026,0.0235621303605959,0.007199261804857258,0.008210160192576475,0.013600717292358101,0.010753621145027183,0.01586041863840426,0.025827833143702808
461,0.010825453611571322,0.016853679454772823,0.029032244169402813,0.004215255041488214,0.015222066670639045,0.008634888573052517,0.01883358129394089,0.019198113983368674,0.6660806431720034,0.005807666584549363,0.017459278076132463,0.06251989222668404,0.009045750327104782,0.017033377644499057,0.020833928426836498,0.006718802031762016,0.03209370793263609,0.007751602576152118,0.012723011594284744,0.019117056609119085
462,0.011118483609175167,0.017329590827887518,0.029909874366335673,0.0050128261524236386,0.019959700909982933,0.012049561728262085,0.02126980745335517,0.022399317536717905,0.592893954617041,0.005797873518501973,0.01339319310687209,0.033248401315809015,0.009690851235562748,0.035421007542989054,0.1086279236460328,0.005807840802952821,0.015869528347938214,0.00990623523751888,0.01185039906247924,0.018443628982162074
463,0.05603745333932775,0.009220830831991699,0.008443242214648788,0.0759664205261063,0.00542382951080805,0.0015379766361353915,0.01815036337670955,0.08342673315640779,0.009483310773975892,0.1158493306177114,0.2592637485602252,0.005908431112468017,0.12112399973103412,0.0814026394892952,0.0028717094525897136,0.01114806701957616,0.032405182716460194,0.06418393356768431,0.004184704579570403,0.033968092787274
464,0.07028235654143593,0.026449847815837063,0.0225601269032137,0.009704700612315003,0.03284812289620865,0.5428315655812274,0.03203899153451833,0.02660741651610203,0.023955657470480562,0.007259766825731211,0.026915118576894197,0.02847321265203341,0.012909421464092187,0.031607525097500346,0.020281959799919216,0.010447783500760541,0.013489641429778564,0.01051445109162672,0.016402319041985847,0.03442001464833903
465,0.011444513120295083,0.08030254135088664,0.024408594497480274,0.4809552384746946,0.04798491071678728,0.0018307364895461143,0.03749863754005074,0.04516825085046936,0.031103247473780016,0.010946254638181654,0.029979696826230997,0.0451214582574526,0.015045882922177414,0.022951998604727044,0.009712874257270278,0.013113630063066989,0.022003013700663137,0.009798988995750628,0.030008181104097892,0.030621350116391232
466,0.011191174769045712,0.028520559998377604,0.017552780531202253,0.024056023352552785,0.5659061315773821,0.0074756882640828045,0.018449565229365566,0.01739332294322926,0.029724318317371944,0.03629776278835692,0.0284146008735363,0.022427253329634366,0.00934009522730088,0.03467114886709668,0.007195418024035973,0.00523590102454504,0.012709466852222165,0.010498583588760718,0.09663329018240117,0.01630691425949975
467,0.011636955654270012,0.031408597840424,0.03908665741344229,0.04079034898334922,0.03383014916392145,0.47828997897691133,0.03259616426319153,0.036108818569378955,0.032883025307527736,0.008335191588780922,0.023334958583367885,0.035839802812956505,0.01624410813732435,0.03394553685876275,0.015472444638034934,0.010675802213292182,0.02125184880320302,0.009865766096412999,0.020672376546869025,0.06773146754857891
468,0.005885560667067889,0.013045725037150247,0.01427091751314341,0.0019112822413737093,0.013817000748183213,0.003991084831190743,0.04678645373895276,0.08280458460629407,0.20571477116234446,0.028581908243613976,0.018729797040142358,0.009730791799817966,0.004453110465416458,0.049952527887769056,0.15051808188720373,0.0598462056077556,0.1152956215178753,0.10993424602793817,0.009069265267243993,0.05566106370952293
469,0.6115272282540064,0.01826865245935494,0.021757986390227985,0.0449149108044746,0.018335712947404745,0.006011566788432736,0.01777061140886082,0.033150098246199834,0.03103058577790707,0.007729156358454499,0.02344204812352246,0.030671590763816352,0.009142832304175537,0.0271576321145353,0.008234533887397172,0.020700255919138415,0.014293120750811754,0.025067230519816092,0.013243227598886671,0.017551018582576686
470,0.009233742732571945,0.01852633032057149,0.012754018028076443,0.027195060275711308,0.013583268249200366,0.006648586191491883,0.014324152477719808,0.01575573359379927,0.5786270681087934,0.004156121859832587,0.012012069188107403,0.012079632470237687,0.006141413527365237,0.015200087135818448,0.16925771256505617,0.004640408899463515,0.04002472346059662,0.018487551084047555,0.009391509432799408,0.01196081039873944
471,0.009788070376625536,0.04333494296119186,0.07845834468292508,0.026027560984564258,0.04733735977157009,0.4073638534912137,0.02710744949008903,0.03858236319639787,0.07803342035771745,0.011300551395319944,0.04582303615144504,0.04309724874403073,0.009374743205850572,0.028055995578076868,0.008079962975288285,0.017967936384972454,0.014691295743141245,0.009939396360820823,0.021880630188388123,0.03375583796037109
472,0.011512309408829309,0.030415011644850137,0.026056037614086845,0.0227976767613621,0.05215212689854312,0.004895931849014178,0.0239361660987404,0.03661868848438482,0.03145308747241211,0.010727346111525834,0.030834587963477923,0.025887727752758053,0.009232667390954713,0.02558942533410462,0.018723765290002567,0.558934731984451,0.017124337662849373,0.010260613368944323,0.018627169688761297,0.03422059121994727
473,0.008429967735567699,0.040070399143851056,0.025003755282455558,0.025499659832244018,0.033914472225623445,0.0050023710427876894,0.008410155051990751,0.032313757867368224,0.02944802828049722,0.013068038421292671,0.031425839504088074,0.03244302278516136,0.008709259164619863,0.028593487081354615,0.583755826939583,0.018811205186169338,0.013228222214429625,0.011154674403785527,0.015070157585063958,0.03564770025206634
474,0.4915964382031717,0.11321691524030492,0.014235882113495404,0.017538842435261732,0.01310103103071904,0.006851928930288703,0.016133843593378796,0.021535251162441083,0.026733376942156533,0.008363152225084582,0.023692003164712375,0.01832261141068515,0.00557601909765796,0.13399599385158764,0.00580584648335112,0.012055260733770034,0.024113957474224446,0.003608251627458061,0.02427668434974181,0.01924670993050889
475,0.012563036544177654,0.02093938346015893,0.025866810222559614,0.02849842726732607,0.029193802124574276,0.010122884699806496,0.02074953441383328,0.5523220414454003,0.03714813374195458,0.007071903663591213,0.02393646571091006,0.06198712413958423,0.008382884156314968,0.03309230523323548,0.007784304041727508,0.009462234269965139,0.028880313073890176,0.019182559755891792,0.03636998944010237,0.0264458625949958
476,0.012309830452108636,0.03080902894273835,0.022115185975001856,0.018012307778477617,0.02391905011285918,0.012653660935079095,0.027095542914053902,0.04255182116560369,0.02376358393239361,0.01884895902422404,0.017436109171342123,0.042752245367442404,0.008517385375690793,0.020464140761917868,0.0054566731409985405,0.007085488112695892,0.011846896573188569,0.007862376952049492,0.6148940703498966,0.031605642962237813
477,0.006194981846183963,0.017057732283967893,0.007013199084682628,0.011391960764368256,0.34406988593935545,0.004473342779028104,0.04127500302166317,0.012614465480114155,0.022868680264475413,0.004292005368329248,0.017369553242893666,0.014730189095638427,0.004455167405227206,0.018381150973148623,0.005550226401285694,0.0036175351115024616,0.006573118223633069,0.00485737287010667,0.013395202116978555,0.43981922772741733
478,0.009822544472049645,0.022310257763326402,0.027231303017004535,0.019855703295258837,0.02820303473224245,0.01062470803042069,0.01653834846320578,0.009227319410068071,0.02380337805779025,0.009681218279839612,0.650292926532523,0.022708816449384207,0.006842052014636713,0.019602359459790386,0.014458540901808667,0.00752063413761763,0.04668620947873892,0.01570405177288036,0.016567696672488082,0.0223188970589258
479,0.01833165201878027,0.027821146851225543,0.03814946342358548,0.030556503159414366,0.03210278571395683,0.014757685381309097,0.03390718313313247,0.0444888064397218,0.031041462245865892,0.013151643431122085,0.030854482989862375,0.029663213794156037,0.01101065403181359,0.036778943804783415,0.022919916315563404,0.00862306423426006,0.015482502608455025,0.015570417933884105,0.4998680708046103,0.044920401684497874
480,0.01658127786447058,0.05323032233370905,0.030321937325219622,0.03555785175218835,0.032187959178918146,0.015623667462952273,0.024427527245558505,0.04152351747941154,0.029034080335547743,0.4366644543630623,0.04099890552499387,0.03118890431137708,0.00886037151846829,0.023174726603897928,0.011700121469253972,0.038840054037688525,0.013389576892289439,0.044617594770576675,0.04456181294162129,0.0275153365887949
481,0.016118933661209523,0.049703867981725235,0.037679465779901625,0.07145750033296665,0.04828215682308537,0.46741288438899065,0.02405595675057529,0.03490644503991619,0.020827130451774548,0.011989785506034823,0.0266506363694894,0.02240576631148733,0.005718996835335734,0.028567661927926303,0.019968141729658422,0.011594449184961804,0.010962471086881009,0.02545799983575331,0.03637056556704422,0.029869184435282494
482,0.3308662412246182,0.03396192795044385,0.011235567895904944,0.025459968758713536,0.021996352045926263,0.013112275901444861,0.01858879083826313,0.027149726605591857,0.02806796490880895,0.0072874632651959564,0.024784616229990477,0.020394109323129083,0.0057158827129404075,0.02298781249276997,0.007622400424451657,0.312714202144313,0.026477389848102457,0.012004541442042818,0.026628401821498712,0.022944364165849867
483,0.01210184354389835,0.03168058890670017,0.03599608193128164,0.035120739275168913,0.02961522704796628,0.01985125214543743,0.025578131186758363,0.0674181847680365,0.0699863550880259,0.009555118825016735,0.01826457457418768,0.022301669597806283,0.011546030903321541,0.02532427135477384,0.49104543432645453,0.013462989506428472,0.01494130152978339,0.01277646111510968,0.02600035655177248,0.02743338782207166
484,0.014934782321722948,0.01934304560028238,0.026781009963719935,0.024182381469414028,0.4381688550376861,0.014120924175085111,0.028864820313299084,0.026473674133754867,0.03581488165386144,0.03575592637530065,0.028227830667347704,0.03500213332200672,0.013304676989717115,0.045742650266784556,0.008443518288611191,0.01536824713115757,0.01927783440340133,0.014852126051821596,0.02698239416828634,0.12835828766673932
485,0.019118114123386837,0.03741082003396009,0.04166360157835814,0.03731398368252425,0.023940385848530286,0.01622416333912204,0.04574640577120199,0.10842437548744353,0.04520879554995543,0.2682535520879441,0.03925982361963107,0.05898943789429584,0.024410023693268685,0.04982612135877271,0.011152863054030184,0.008867151827794847,0.030305625343193365,0.021425969631783906,0.020463637508796217,0.09199514856600653
486,0.018570729396480502,0.047872647883078774,0.04011418175050411,0.3860694991509379,0.08293740567114515,0.024703481928624507,0.038147166575027446,0.06604385418447188,0.04071664447972145,0.020827606304787315,0.0245584365521014,0.03581926136498531,0.019733014169316727,0.027772811809198758,0.009897135534033945,0.01207476462520269,0.013844781715198137,0.015456728220208929,0.022139339802541205,0.05270050888243386
487,0.017481796203792286,0.06184550489665258,0.0369893816831906,0.04596772436588739,0.3469052273050042,0.02264842280939577,0.030679072719787936,0.0396804351697366,0.04000253414029741,0.035750148492329305,0.0397960095239713,0.048782893655328445,0.012924241968336782,0.035931189289730076,0.016612752931018045,0.03680475319037465,0.017212332874445856,0.015742086633145295,0.035101636280158735,0.06314185586741665
488,0.018247900465073737,0.060968065563954454,0.03621986649405113,0.30714043349890313,0.14149369100116735,0.018303685343345175,0.029432854905121108,0.043083182388094186,0.062442181326909034,0.015170250670172072,0.0352934278899718,0.018789794053382717,0.017081179278201027,0.03214950384793891,0.01289187857356931,0.013680942050131366,0.012310260168160956,0.03327313389695984,0.04934247450169163,0.04268529408320116
489,0.3675970925067921,0.09162268649867684,0.034423159853212475,0.03096198577295466,0.05178435017221561,0.01583390073871792,0.01555714372803775,0.02653193645884681,0.03452324082445662,0.010455631791034321,0.026188016014784477,0.021708077433790305,0.009146740269888641,0.019480872488772057,0.007453227093848452,0.09764238100443569,0.043138306216310957,0.038930038824361156,0.028139380582604952,0.028881831726258193
490,0.013970282324679081,0.0515286537052237,0.03740867415547438,0.034577047487332216,0.02333588688472418,0.014779281302848423,0.05224107386303558,0.13254705264599984,0.03058245147194411,0.3587704897571741,0.04506223270652641,0.03400968458144548,0.015675127852471528,0.02443595161663803,0.021311041594822337,0.011789790397372829,0.013039794446916579,0.013893063216941547,0.04706780956305328,0.02397461042537639
491,0.014371348742156476,0.0684634207251006,0.04123796214602442,0.011791120780840186,0.06435920422859341,0.3339757392163048,0.041939732282162634,0.05820150159091798,0.038902447023718,0.014139262973845669,0.03232509771496285,0.03482152710423081,0.02148951287588871,0.03437223122260674,0.015726597468009137,0.013559431432820068,0.015746324196994625,0.05110297422990346,0.034775318319237886,0.0586992457256815
492,0.01436747924988444,0.04831000273474417,0.03825761035527143,0.07573541159612733,0.4210181254937637,0.031118897889495175,0.016435252109966846,0.034862927744736025,0.04825647437298459,0.032266819800273384,0.053377448344396984,0.033296560032081084,0.006726606165915708,0.0243482765380162,0.01030536587482263,0.004444831170101796,0.010455687386049939,0.021336128370493746,0.04322627853594696,0.03185381623492783
493,0.022488565440880116,0.03533716655199311,0.042579589177000325,0.04302162967031658,0.1375267562766639,0.023643265289782344,0.030945509104721092,0.04724112713807382,0.03890555424158954,0.36368502809522757,0.024826848363437567,0.03894577704114018,0.013597328272503642,0.02306541124648041,0.012451681320411877,0.015323905312587316,0.01595221750615364,0.022191705636666604,0.022792553338477118,0.02547838097589338
494,0.019303847591472263,0.049551759534232215,0.00776726486820051,0.09873095737068353,0.03182557118762252,0.03843460132901944,0.031745295236014416,0.0296541860288846,0.027970916768545916,0.01412351708260326,0.0453233885971659,0.2946050688702366,0.01070223503996758,0.10447296265800356,0.020475061538727576,0.022497242291800543,0.01833870815508606,0.03793640598621297,0.058337308354353495,0.03820370151116698
495,0.02510956722385095,0.02681695078626073,0.01576792152621313,0.4973727747754472,0.036320733796774786,0.005123167580791065,0.022391930175093708,0.02669800853451365,0.015204487061921181,0.008858373673333074,0.029074702106559644,0.018298831407011187,0.010988899988461592,0.14440702208295275,0.009727628723611907,0.010606090373657782,0.011372431860799425,0.02833062896635527,0.0278045467162554,0.029725302640135592
496,0.01318111454838361,0.042019977459769924,0.46609414270139055,0.048807075924539756,0.0285225739207479,0.0024533602887090657,0.016115493653784674,0.020892786495670373,0.038746028463655297,0.011717424629476544,0.047566161117022825,0.056480966510586934,0.008509457994034386,0.0440695796311568,0.011633877079815442,0.011099507843006659,0.0136478703348731,0.019859804752363798,0.03852338025342191,0.06005941639759053
497,0.014371746760814588,0.04662466105804588,0.031009410965200462,0.07096272278349357,0.04213253270071432,0.027520318358691884,0.3753999599871889,0.0321550698481648,0.05228090693331954,0.016361409432227345,0.023394133016931617,0.06320426350235953,0.009982445957539178,0.05968006101160148,0.05031048166644322,0.009632057156520761,0.010668709292780186,0.0225908793293637,0.03627409494899158,0.005444135289607449
498,0.020822742845322924,0.044172236304823975,0.033026464514733796,0.034894001754724575,0.021691038606110876,0.012143044520878936,0.028751593086405684,0.02157687645204312,0.035448479544855326,0.008633506517417648,0.021227562889993907,0.028028642016367306,0.010942829181387682,0.028857496461373245,0.011079785340334804,0.008989755941391375,0.010354693957781751,0.018167626654339783,0.5761422642125406,0.02504935919717283
499,0.008735682224746168,0.020685176555479492,0.021026409858699593,0.014828179481352087,0.020806546452618622,0.008692669803316315,0.010551243566008428,0.009246122500328495,0.016565361123627984,0.4541953338142363,0.302437924791811,0.010749440711144266,0.006022543411463872,0.014879523590099546,0.006590646004115388,0.008285584002383405,0.023777293023611895,0.011827577878579125,0.01625467119577936,0.013842070010598536
500,0.1171782720823542,0.10458683719817073,0.051826765717669775,0.0849075185506864,0.0019515226765517942,0.04815437804303343,0.0647686697705159,0.024663961997690286,0.07178355160856931,0.0030192707779485278,0.05836140323106262,0.058302512796380025,0.0007301243613210749,0.0873034459939508,0.032404648681825306,0.07337977066825507,0.06112442266611709,0.05102300536004439,0.002261871468828815,0.002268046349024425
501,0.012080751170759551,0.02232215850194878,0.03119900866997941,0.04425453469402956,0.025531822031453832,0.002800283624247535,0.018880115704680584,0.05972496417992357,0.048690022069554105,0.008082939751812313,0.025253886471559014,0.028371226294409427,0.00603436904692586,0.025665611950483853,0.5446416223835611,0.014336795906167323,0.011021464948078388,0.01946349079592664,0.030938785873138572,0.02070614593136069
502,0.06860654537724388,0.044894630879275366,0.10933535407970275,0.09952312089438302,0.008038397632497744,0.03387119750856065,0.06798799730604417,0.03812228221758898,0.022175622557929823,0.032607070276036036,0.025126344245656743,0.06552981961805003,0.03446299299087585,0.09245079956075548,0.024290611750237955,0.09397742281691081,0.06485549121856714,0.05474153341605886,0.006549459695639724,0.01285330595798497
503,0.03471099574952899,0.08020222068367598,0.0041774759152024,0.02318019859013914,0.018046631386322693,0.013356724415804705,0.024113891427684758,0.03090705629863516,0.01784031820621367,0.005059247854524174,0.07381351450882166,0.31524543231765406,0.005232148091495882,0.029357206343022264,0.006369391027649776,0.015473294240617963,0.21613023895560715,0.03433368237418709,0.02115871770958917,0.03129161390362334
504,0.0128888018507055,0.44021519652119734,0.020294887565148318,0.016718412457821484,0.01563868424713311,0.008940742574103168,0.013041190661539382,0.01765123931233913,0.0150843733343763,0.013957427542650246,0.02419086721257543,0.0136365450123775,0.018297495015183216,0.02488721931824139,0.006189547325582696,0.28631450572662687,0.0087063021963504,0.007717711717977913,0.023361301448730987,0.012267548959339679
505,0.10998979564695065,0.042944326646641745,0.03294392016411651,0.02769840861941647,0.026731232768376054,0.44941660795424276,0.014511918875317246,0.01973172492876361,0.03422288613119948,0.02112726875568551,0.05633334991538854,0.02753265114252645,0.006784927622353556,0.03219813046729401,0.006348436821621128,0.009518487468776702,0.010210164229710656,0.01628672112692978,0.026580082328405568,0.02888895838628372
506,0.22140941290629138,0.023222158116634365,0.023687791798516506,0.025082664934857137,0.0238699738210555,0.44966204000671556,0.01821052703145769,0.023468412126623997,0.019446662972325574,0.00784629507660758,0.02370045266049456,0.0161589304409634,0.006814451335148821,0.023376650671921583,0.006890054709664274,0.027926119383673842,0.00993128500187272,0.00923867431391984,0.019573961946136455,0.020483480745119232
507,0.013490589526565603,0.03289873339984529,0.03929105966602475,0.027497882708069354,0.029542124520995305,0.4816797880595851,0.024893407328039227,0.037457823355272334,0.04194701672477588,0.014495013718055743,0.04412320686479393,0.023637591085771334,0.012109741129868854,0.04331221356109429,0.0212267120426364,0.010076844933777735,0.013389737110857053,0.02461438303272062,0.04004133389953562,0.024274797331715572
508,0.014881595602570285,0.1673876494675007,0.020772868605416616,0.03026088547730046,0.026697843174127916,0.013915665486463601,0.014070478367091617,0.025281351804934373,0.025830094789115177,0.010493997557616678,0.03264450896373538,0.02311953426678424,0.00816121645212163,0.01935281107729863,0.00808159685003761,0.007843908250249387,0.036171418234515924,0.4621743283852029,0.028814409619951607,0.02404383756796524
509,0.010493225996529737,0.07861465824547949,0.0237194100323779,0.5344245990413409,0.022543026548090563,0.07810492035440603,0.013041395679145846,0.02377348341303917,0.02332737286351069,0.007458526305806999,0.02868642948366583,0.01768101926098822,0.006297694108376903,0.020256230225786463,0.006266518978752474,0.03594765475055103,0.008110954803982835,0.017379297970923475,0.028638492828892054,0.015235089108353478
510,0.05645544195809754,0.025508242759773387,0.025372681634541937,0.07831645610151247,0.03379454878373762,0.42092693832061245,0.017555652121063133,0.027776899038971875,0.031255570940148046,0.0068595940827057625,0.030259629274211042,0.02705625331635435,0.00810298149945422,0.01758582847024505,0.02335025845767898,0.08687559445117875,0.009624855329145567,0.01814267950589556,0.023807241956878625,0.031372651997793606
511,0.026288134899910165,0.09627997686166566,0.014388173218190574,0.011858162126681176,0.07865677389604615,0.0041920853715135984,0.01551357838843829,0.019373038635412215,0.033525028151770414,0.17632324391992218,0.10554982907055797,0.03375576402767581,0.003698586844063123,0.1323205759111118,0.015970306189792324,0.06071585591447682,0.028196593551611953,0.008143974588653666,0.07615348122177072,0.059096837210735415
512,0.08801140557344696,0.01816184456645808,0.02168355694330873,0.014638007084332076,0.027343028442889158,0.4230478277329697,0.012821544322074148,0.02764774390507897,0.015417760990907909,0.0069851854634483505,0.0226604876873296,0.018762141948810908,0.08134588160435575,0.023015607478874184,0.019107292324958582,0.08833639207058673,0.007770455139596139,0.042978531468266655,0.023637180898856424,0.016628124353450922
513,0.003395996982750444,0.004379637155633587,0.004614040170410103,0.005231312787482022,0.01407138005882484,0.0013485272443534988,0.008240457990847442,0.45774331754585523,0.00425134804049859,0.06117988394742702,0.04548341677075702,0.002618844030872881,0.0030026093974613436,0.006874525333674163,0.0010698241618010012,0.003019803745183807,0.03494929026098268,0.331268030154984,0.0037052308577883845,0.0035525233624117466
514,0.1120893855250872,0.09813137112687757,0.010493935686585298,0.016309835414610962,0.00462925026152173,0.003655339591268835,0.012105633834052358,0.014888866821850847,0.01128471031461164,0.0013091687142648206,0.01787572238074281,0.0409599169854161,0.21060339735280895,0.03783151404883491,0.0005220363708089255,0.1355920707242235,0.12979182620379698,0.05347836104834695,0.00336394047780404,0.0850837171164856
515,0.017957828266477873,0.040848903401471605,0.01838806936733119,0.034349827219371416,0.020521580076635574,0.016437440703566907,0.009807358679134346,0.05741891737235342,0.28735393067609805,0.006403313012676624,0.016698407982935686,0.01106930995511299,0.005463967605511391,0.026928984087103067,0.31042467103188115,0.028900224751374052,0.010591346198392361,0.008653975633090704,0.015727354921056345,0.05605458905842531
516,0.004353036243256495,0.011878407164323307,0.008926157068362344,0.008036304591204272,0.03848489542572036,0.004620569033318959,0.023575401769874892,0.11476432027963775,0.008224385688039041,0.23618024915459654,0.4316399955641849,0.0065166928404210385,0.017586334815424577,0.0061182327394148335,0.004030833465208725,0.0036909087779383714,0.003659445102345964,0.04168121002380515,0.013408324825331166,0.012624295427591378
517,0.014206069566498362,0.02979889549924437,0.02519254508434561,0.010992668231765694,0.033202398013779506,0.5934441135704652,0.023893346053131374,0.030392942439441965,0.029614154914139445,0.00805175837026379,0.02319954391272007,0.025243609183284207,0.013615518184165802,0.02258714637318152,0.005541175708714679,0.00909633961266864,0.0147983915742666,0.03177168577844223,0.03156041096082551,0.02379728696865538
518,0.0162455554903098,0.04312105219311122,0.0332552492874928,0.03061238477087473,0.060096369520622216,0.011567573258709454,0.013659375393654534,0.02979822159929993,0.020191842169924295,0.007392060483526412,0.024565602315862453,0.06214526264589184,0.1494523407194808,0.02119071521532584,0.006982167620929665,0.012261303696650518,0.015586708190074136,0.014530151827608764,0.03944451310420769,0.38790155049644287
519,0.012272525927882841,0.13950010176345248,0.014387622628537924,0.012583143271017628,0.018069637512959227,0.004853196167804677,0.00928076524688889,0.2979584996730634,0.011767807084293253,0.09980118928381106,0.024218360234160574,0.012227428415613814,0.003275278715646018,0.00805598254843552,0.002898139352261939,0.004341261815043875,0.005588630232786465,0.29766469329705975,0.009178991831249029,0.01207674499803161
520,0.0032880611160952876,0.008489855561738298,0.00497987211625719,0.009746434173569228,0.010755694867440787,0.0033046711043749374,0.00549048570641867,0.473320619055478,0.00532033877321387,0.2558477819947092,0.15328366927900708,0.004775507984274686,0.0033889918876210587,0.007459059326306513,0.0030638915871149066,0.002639800534589892,0.002654469437841093,0.029241582574566105,0.007702401050534324,0.005246811868849011
521,0.040287264972004376,0.08526263365248025,0.05751384961393588,0.3829961909803483,0.013097776851788735,0.04810971423028066,0.023240566507369203,0.0119833687841656,0.006451720759540744,0.00810129635145179,0.053345727488443996,0.010466415711167529,0.004278560623034932,0.15756089423083544,0.006053897605939042,0.017859984603966234,0.00471878227448895,0.007422356679220302,0.014501193890854093,0.04674780418868396
522,0.06304883725206296,0.0169090039717404,0.08936138223418912,0.13835944512148587,0.006204862252320083,0.07117213179949158,0.049586870986124854,0.01370374442391129,0.07901041257873025,0.01482471726514501,0.0305774663650213,0.06450717878216278,0.0015586155310527627,0.1322782887672658,0.051092755967921184,0.08187229519523705,0.07561447226040352,0.011266031840694876,0.005010998528170385,0.004040488876868868
523,0.00222372494475994,0.008286500858763448,0.004760116040061137,0.004867244239747107,0.004857024327184528,0.0021120295741658478,0.00232311405187747,0.3267958705252572,0.0030473347704337607,0.2339123439887769,0.07028815554887191,0.002937409615769857,0.0011075294730366534,0.002962742851378342,0.0012495268439880543,0.0012672433007644302,0.0009705185350929063,0.31817579461812207,0.00471918320075139,0.003136592691197007
524,0.06771778118916764,0.02963348602441028,0.1186179403976697,0.03722819697661865,0.020067059127443287,0.00878227467145216,0.07592866627222267,0.0134100333998026,0.019047945413435626,0.003757600894522009,0.050488319100933016,0.17712873182284586,0.0037389146506432366,0.08918883136897938,0.003808773863668029,0.16980567752098322,0.047037294976705495,0.012500181500858326,0.02330519136069077,0.02880709946694809
525,0.04050135443686494,0.07309321489893848,0.03511563552016357,0.0680483872681076,0.04330659257722504,0.04156420336053071,0.05492600669796849,0.015098856972461374,0.07810799518648594,0.06531421573658665,0.06322355687680507,0.06017531479460019,0.0013336485806177596,0.06370890971373058,0.06297908117654695,0.058181433725114834,0.06706289169457835,0.014389004469517469,0.019853110655882803,0.07401658565727322
526,0.03236253379576955,0.07746638397745746,0.0028383289182312595,0.04576035043089625,0.08441019227230562,0.007456970658131706,0.05458935075692903,0.1731084783396107,0.06940905642527913,0.050165675648471776,0.030556451679039875,0.025144414509936087,0.000587806649074648,0.0354188949685638,0.03656730104486015,0.040240339288240425,0.05688578877349575,0.05648575201285715,0.04921069506597476,0.0713352347848748
527,0.05854930477200687,0.10494914015853063,0.07392565833651972,0.0874424189728647,0.024821098865123445,0.032043001170627305,0.09913471138662712,0.008453129783578294,0.021551751491926882,0.018866444859760103,0.016601035376988774,0.08911156069907879,0.11791468907902179,0.05898800634016782,0.025314778438486344,0.061400222151501156,0.04715654067176695,0.00824314839947471,0.011498198314905417,0.03403516073104317
528,0.016827056736480134,0.02270501648246802,0.027622405022270338,0.019929966442798732,0.030806606254753028,0.5658388769423571,0.025383550915201378,0.03080621035578181,0.032469335490420574,0.009111321402551704,0.03829461461232008,0.033362722617691846,0.00924158152906325,0.02875367746221048,0.027984392158459433,0.008844733064016444,0.013483960799539424,0.011059851331726071,0.026652904817312625,0.020821215562577534
529,0.06789293920742533,0.02709881481091995,0.020715557398799208,0.04869750108120371,0.020114384456708437,0.5084899589532769,0.023293252016125015,0.020679810939436702,0.03095738143499824,0.004962353483463725,0.02134734646262314,0.04356372525781272,0.005337329491120691,0.01907039681029528,0.004273809453455308,0.07005458324197479,0.014480081172144317,0.009408104082699972,0.01827026100854712,0.021292409236969508
530,0.06551911631663172,0.07651914657421412,0.008828341614494925,0.002888985320176143,0.04832367606996105,0.0034657722355302682,0.11070529512403232,0.007097571901405011,0.13906590596220958,0.11685044517222824,0.10073140631958583,0.075195285017932,0.004737772256254802,0.03707777912499105,0.07183249424418059,0.03610186496089384,0.009037229297362398,0.004286941065908621,0.007882134919883849,0.0738528365021236
531,0.010137062794309778,0.027035127114197238,0.02115717674639965,0.030108486106360938,0.028676212857085773,0.00915057719127698,0.016419866872316044,0.2214843883644987,0.025239222866419376,0.12240403223649,0.36692920750649827,0.027541219083875395,0.005217084639391924,0.016079654786509256,0.008251155683275857,0.008009501420058785,0.013783290251208148,0.005238389898601811,0.0197741933293621,0.01736415025186391
532,0.01344668455090564,0.03697719920457705,0.045999903083876394,0.0375380397493814,0.08080349640493288,0.011276617824854167,0.05308438800461351,0.03808880387167804,0.051277191154346535,0.0108458643416106,0.03522661078000308,0.026946218938452657,0.006870789891103154,0.04099309128735875,0.008431029579661733,0.007857074007431243,0.010952346309760547,0.01719853036959176,0.028367683333465357,0.4378184373123956
533,0.5862726498676284,0.020232650998466502,0.022643083426826596,0.028316039856783104,0.020714936864894812,0.024541934452268915,0.01228765005079524,0.019767814972760967,0.019287633878119555,0.00663263361643527,0.02649572603344361,0.01986410466098382,0.005070724146857168,0.01953934403403901,0.0062328055210852966,0.09451354256619515,0.010860860031805883,0.014079892491598809,0.022902186351085815,0.019743786177926114
534,0.01190691659110385,0.04100999350271963,0.5569868904279417,0.020725033247134754,0.021027203381273857,0.0669615914629696,0.016318284996306446,0.02166013211157145,0.0363421584927357,0.00675161476532098,0.024615607797583348,0.0450605957696344,0.006963165260627944,0.02543645039788561,0.008368170151209121,0.007827661282395126,0.011416966841875037,0.01990311673345146,0.0244943413001775,0.026224105486082432
535,0.015039494438673822,0.02636375038209621,0.5677161326969422,0.02226943686050582,0.02689285809534393,0.021890397096634557,0.012558669645477805,0.023368730035284807,0.030558286011516455,0.008043648048647526,0.030971791931531645,0.046607036971720965,0.004839743331668702,0.02914146508850708,0.008358137816927597,0.005525417422755173,0.007621644335567764,0.024086360887875673,0.025991497181016062,0.062155501721306274
536,0.025753654585306027,0.03813524428442447,0.022690627961670446,0.027296428277567415,0.033567679286654495,0.015739104865726643,0.014821627298291637,0.05147522579544247,0.027059898230091712,0.007676653204709768,0.022390720233448836,0.024251154575306615,0.010233979402797664,0.021819847001410892,0.0061574871727531795,0.013818575813007154,0.5483465008338186,0.01225630820942968,0.056950403193887,0.019558879774255203
537,0.5355200703876264,0.016037106993103487,0.02077848681115537,0.021468920854366035,0.027256069683669813,0.006812392667888369,0.01734488451027043,0.03301791377133212,0.03426655230521099,0.007558750948477553,0.031001406168893162,0.024684973239958826,0.006599611037894071,0.023829007394910316,0.006984386373590348,0.004927282616631677,0.052951207994715366,0.07732855273817542,0.026598288420022858,0.0250341350821074
538,0.720035237317329,0.0024487620907682824,0.005595048849871907,0.004275225012463141,0.003304163299769285,0.14507919412651862,0.0019866470387534686,0.003767786318046813,0.005722357967321523,0.0012176861416563494,0.004298905964056878,0.0028109580668294176,0.0008828766370124006,0.0035830881047172283,0.07496033333746928,0.008246596986665597,0.0013501244164855406,0.0027606971046926537,0.004716477975861831,0.0029578332437107894
539,0.012433227272054028,0.01821050130304546,0.038982689806190664,0.028606613176130308,0.027170799962147624,0.01752569763400846,0.01425769948773604,0.02973690263384417,0.02962450402353552,0.005682086047561492,0.024631325784643904,0.028233182319265564,0.005673513189685796,0.01705902972529965,0.022478449941623038,0.0064511271930908455,0.008664723023272371,0.014147842277353238,0.6234192876477068,0.02701079755180502
540,0.00697721859748419,0.02171831304257858,0.6129387196889717,0.025312972184415288,0.024051428578626067,0.022568110041837158,0.007700963922196195,0.021981296929713106,0.04811326493120945,0.006696570125689502,0.041958074410910075,0.018665443816806494,0.0035822538637471494,0.03111277967760112,0.009182732692952987,0.00561459488788596,0.005657405984338269,0.018758112456999262,0.04880356506671729,0.01860617909932017
541,0.016105534059103938,0.026731395858145015,0.030130369719149442,0.0466015313610487,0.028559882824477554,0.011191410290539888,0.013795488894598919,0.009675512722078651,0.03574945989770246,0.007611429910585458,0.038001156623765305,0.016362587368696318,0.0033791487002578836,0.1949097123565288,0.007597726124160323,0.008713875799908727,0.43717923658241126,0.01276029687683143,0.03557426512000978,0.019369978910000054
542,0.00633282590855154,0.013023468771769483,0.015184087378176359,0.02097384610449803,0.018832652620244854,0.005107476912727968,0.004261424710239489,0.022177624644857185,0.29257414177107033,0.008976505395639224,0.022553458807530985,0.015891087680083255,0.002925150278302808,0.018731110868483225,0.46524136911089675,0.01795790407712163,0.006293653099358822,0.009144169750584769,0.018980029374600797,0.014838012735262517
543,0.011287482008986861,0.02552641629372072,0.02626022678352818,0.031671808769421175,0.037005797302743455,0.010576517667015088,0.01591531913257747,0.35050521760155645,0.024695225150371054,0.006077470231235297,0.06626358624508571,0.02007444398348476,0.010581257732303638,0.019616710197711194,0.0053219363409628346,0.013356978250322093,0.02629737594511844,0.25675856087983734,0.019037305034940315,0.02317036444907789
544,0.0046717871031995446,0.019251530383919687,0.009373266687174616,0.011967307455691226,0.011998677889148435,0.011654117969062586,0.13675096811615697,0.015102051299985216,0.008874996957154567,0.003067939251115409,0.012036981925876655,0.056631875428040546,0.0022685301915544346,0.010369131809740818,0.0031855829817300737,0.26857237386199084,0.39122614483770835,0.005015517631765572,0.009915541510170179,0.008065676708814312
545,0.03822800641377288,0.036094562645276405,0.004510665726148795,0.006253424685898855,0.00983459601900093,0.0038088190029637037,0.017656033946517012,0.11835603590204523,0.16968552250162508,0.015427461456573954,0.04826112045693085,0.011798401275547467,0.0010056758303583118,0.06852818343961316,0.23698331680141105,0.10412486834345829,0.05906377047169933,0.03835011147116534,0.004488763406203736,0.00754066020378969
546,0.04367776479753671,0.049340632128235855,0.016857015009515683,0.007651388369868122,0.25393704534036693,0.0036839415368353184,0.07428392233389193,0.01970750965188305,0.005006978519774151,0.018187336536265492,0.013759010701323507,0.008619884656622662,0.0015460355847394117,0.005054188807126855,0.0023380585559168257,0.009391372040657773,0.009873989708263248,0.02165163736140543,0.22962323735852952,0.20580905100124156
