site,A,C,D,E,F,G,H,I,K,L,M,N,P,Q,R,S,T,V,W,Y
451,0.012047619678247343,0.4657395618346878,0.027337833492815797,0.02654382016948072,0.033256289268686644,0.009977965974193643,0.036332394521894504,0.08593374936912013,0.05442966744215122,0.010916297180697093,0.035969779397624004,0.057185752574057475,0.010964906773571039,0.027850201681134317,0.011238827525113864,0.027375858666184593,0.020805785002425057,0.013064444639529075,0.01598735221845255,0.017041892589933133
452,0.055339326807357564,0.020044205571192797,0.030219540897646283,0.03447852716215161,0.023187582734672574,0.005189254860294924,0.02245647254441513,0.2191759838495617,0.0244090260460212,0.004809890895039704,0.023144361691527324,0.03165739802274694,0.008945527306794454,0.02028567040435573,0.004925776858076475,0.006665115931574494,0.009717462603232465,0.4089039493515367,0.016923243010346676,0.02952168345145538
453,0.01571939027043918,0.008138389489655277,0.036761611915298927,0.02352573983319484,0.026225839797295845,0.007485507668682237,0.026846698877020903,0.041609213690540436,0.04687126445199614,0.010285548300944606,0.04100227010209979,0.02779106684134681,0.017225755457383633,0.04077295921281681,0.010428939356882943,0.009293639273976797,0.03066918933175432,0.011859413255939463,0.02173923428040707,0.545748328592324
454,0.012584634315447462,0.029226405029067107,0.02668644883196218,0.03338707038715422,0.03302075587459617,0.009436201964588276,0.03516099600381307,0.08051988493446895,0.027106686994692927,0.010405840438308488,0.0394111376192188,0.4999179319483038,0.01185840179232289,0.03554934104467928,0.009492756343332505,0.006565550107906882,0.032784361388179105,0.011343560000464664,0.02872879719372387,0.0268132377877694
455,0.013061357465190661,0.03430889456627092,0.03768081196799773,0.02704728072160541,0.025359377506332274,0.0083284271396401,0.03696928265222739,0.0876823720874958,0.042590929727908455,0.011035063721102115,0.468829826547317,0.04684530364936439,0.014016630109285305,0.04143874299275635,0.007344302430685439,0.01055440319809993,0.011929592785077442,0.003365926855596628,0.01876609597680716,0.05284537789923963
456,0.014970427838791165,0.024389121518033963,0.03084879934287499,0.03163344208298358,0.04910376364514137,0.009306562135246374,0.04163315418897309,0.03451123940697909,0.06145382836262647,0.009497141816540097,0.4914546998139975,0.04377413208294484,0.01390320795948028,0.029813891764309194,0.010632050008354195,0.013728994728871848,0.012167851355818486,0.014670683710438571,0.024985837656549496,0.03752117058104546
457,0.011653028000717366,0.019423438638124086,0.028450771704069146,0.05201792148985853,0.026556710350739726,0.5191291308557967,0.03140539084030219,0.0320883914076578,0.03950048793440368,0.008382167501521017,0.029712987820490738,0.039636793712545464,0.010840385704376163,0.04038330340975888,0.011166178454887933,0.0095861798293368,0.013572953545516546,0.024313421057273365,0.014761816213011083,0.03741854152961285
458,0.010417296542630752,0.017504181820277447,0.03038320591427367,0.03947328045976238,0.017164417476948694,0.00859341688123299,0.020561007871069268,0.04046325662963468,0.5718543950042949,0.006736211936628826,0.023041601362345964,0.02328645578689942,0.008801830897354708,0.08206703339494224,0.01731427389231921,0.007537336340386076,0.025970030482826294,0.00937076714291244,0.016376370929502403,0.02308362923375755
459,0.010920522942302021,0.025724669111859846,0.03058590254075734,0.021673429994750734,0.026463141802769086,0.016931554370844464,0.02449583504411207,0.1011034675177631,0.044035406144102264,0.007609829866603691,0.020657224347618106,0.04278835771807496,0.009687549741883324,0.02698763104244158,0.5189042734294752,0.009298023532173039,0.014247890479578376,0.009147185141958133,0.012480548763519539,0.026257556467413245
460,0.020365792848093107,0.0265929582445919,0.045678048738577885,0.4439272926265421,0.02917718820264863,0.010672176236827877,0.02916842081500312,0.027752792129494903,0.17564561681477628,0.0089795618268562,0.02312595835966334,0.028687420604755088,0.012784830598576649,0.026425192520169432,0.008114798410060743,0.0091718490840741,0.015242104485339627,0.011571386675313253,0.01781206136492437,0.0291045494137115
461,0.012423913021910515,0.01938175386360427,0.033282238775832175,0.004843580393367914,0.017480898026180015,0.009917061630747764,0.021573272028538194,0.022023635658446044,0.576686119739146,0.006652985850023754,0.016618775801239275,0.10224966346112556,0.010381975506328028,0.02821937614440767,0.03494231130628165,0.007701196788821966,0.030181585051383655,0.008884303606053403,0.014579457073460622,0.021975896273101685
462,0.013576957276585547,0.021194980070133238,0.03646931212243492,0.009605857361311074,0.024408272705192635,0.013485466332020628,0.026027396796469884,0.027353225223919957,0.5573994624029665,0.007077466740982347,0.017898012829412457,0.02924678627084117,0.011825288329339073,0.0376126010596854,0.10020903860006598,0.007090613728602224,0.010395425689112213,0.012118620428703401,0.014514130329964695,0.02249108570225659
463,0.05395075275998603,0.010115098804411407,0.008890166512582934,0.07755718202637553,0.006633804932386889,0.002023637687972406,0.013092065532335198,0.08764437981744351,0.011774976667581025,0.11151692847341343,0.2608825247281139,0.0070044308851819346,0.11962577828462155,0.08093350419801797,0.004199577384384027,0.010560928860615338,0.030651460638620714,0.06355978136421052,0.005704355085821147,0.033678665355924564
464,0.06512667680525715,0.03012201078538912,0.025720660227600712,0.03139774343158153,0.03745742879491992,0.4757086406379755,0.036442128029107235,0.03033661560421622,0.02728892709353546,0.008286121065533057,0.030690718609361355,0.03243387090992465,0.014701659541765291,0.03597275039697263,0.023290925680981126,0.011894524406632112,0.015390699336298877,0.009910888573723147,0.01871678353494209,0.03911022653428284
465,0.020696258516608012,0.08973003898050969,0.04138379199186846,0.41532008545515936,0.05366271589636399,0.00203900734841209,0.04193905695823107,0.050125401745886526,0.01222314411679075,0.012212830143173271,0.033609607040300284,0.05040522082536173,0.016870205846162157,0.025642723054767655,0.010831762619961991,0.014676395300384134,0.02451543317464384,0.016464557831955443,0.03346471201193736,0.03418705114152216
466,0.012931211584627235,0.02618738684689648,0.020283224040597035,0.0279504810248989,0.5062657858007406,0.008665894681820859,0.021344740185366372,0.020227553646047027,0.03446609630215291,0.04032457150823962,0.03284345517301212,0.025816546287668607,0.010785361489860612,0.0397700626744907,0.008301752083041876,0.0213112822251284,0.014696463012935791,0.013705831617378587,0.09326562737856514,0.02085667243653117
467,0.011269472286969872,0.03513560715759618,0.04389309188386211,0.039923498239331855,0.037871641407857516,0.41317272666085314,0.03645193345302957,0.04050268111730631,0.03679029461094898,0.009335968167130055,0.02620526313993062,0.040150628558632225,0.01822576577283648,0.03796585569750466,0.030965572640832936,0.011967861820526437,0.023798999343684495,0.006497066399331057,0.02385536216798133,0.07602070947385411
468,0.006347135817492033,0.01705436448268786,0.019187742258908576,0.002542431594740766,0.017974525224143018,0.004864548779537338,0.0528006276309588,0.07604268073058959,0.18963364502830157,0.029139087897014724,0.021796228321755068,0.012208534355009626,0.00587270436428331,0.05062671177090683,0.14822841816373478,0.0604245028815732,0.10444946617230937,0.10854123699521094,0.012014996815713982,0.06025041071512865
469,0.55427708127874,0.0212483273816296,0.02530426654704415,0.03253740823389556,0.021387616027316186,0.00700638730204346,0.020705410368989475,0.03842388210400659,0.03606878357614301,0.008988175744096915,0.027231783610718045,0.035666741790427135,0.010308623421380609,0.031580016894312335,0.009590980193394797,0.026267254218952995,0.023337949043827827,0.034262452418719246,0.015402736956256444,0.020404122888105777
470,0.011772050375933074,0.023672525772315146,0.016244666160357062,0.026503582967854527,0.01729312083664769,0.007492589960945869,0.018260589006003292,0.019180116826736218,0.5553688164231804,0.00522414740111105,0.014792012928297843,0.018761820274566073,0.007864663846711426,0.018278368950997766,0.1509521131077773,0.005932829152830191,0.03651957792227888,0.018665928702998293,0.012011254769135752,0.015209224613322124
471,0.011360328144157049,0.041261852728172815,0.05094839198384996,0.030009409482626443,0.0536998024948614,0.36779526450455324,0.03174213485388742,0.04443697769740018,0.08912292866590583,0.013140949947498712,0.05342953174454309,0.05049357965283744,0.011105115595849382,0.03283126392724769,0.009403606780026287,0.013667368141859502,0.016831261268753613,0.014424846872141538,0.02539297293841324,0.038902412575415164
472,0.013333101892223143,0.04863097969612389,0.03017275730636131,0.02640724571539349,0.060584971362092364,0.00528354427755928,0.02776601997512708,0.04195323929390621,0.036482871931719514,0.012438711960564043,0.03577702062450979,0.016065538040348906,0.010694700000719197,0.02969634029846943,0.018557548478589068,0.4959517549306196,0.01702707066886591,0.011891511444506913,0.02162199399145799,0.0396630781108428
473,0.010000988260969993,0.040872291407542914,0.02967046554701204,0.03024836292759239,0.04024088872658404,0.0055558623847919006,0.009977162631219698,0.03834427508199283,0.034933766326936184,0.009258608673639215,0.03728092999982857,0.038482781088932105,0.010052197696551371,0.033097059045430664,0.5277376613901951,0.015152894277927806,0.01569097882720157,0.013232947711032795,0.017880902422643438,0.04228897557197539
474,0.4394808278933746,0.10784042098784713,0.015648769169452074,0.021414982906413204,0.01600446910299599,0.008418489948319214,0.019634551177306978,0.02467826749692242,0.032587945856984275,0.010529776579465673,0.029016872388756665,0.022311202418413976,0.0072166009819575805,0.1321915073445946,0.007114682349813793,0.010169524103198756,0.03352519259786944,0.009167954992826308,0.029538754331564974,0.02350920737192247
475,0.01468068371631182,0.0247131079703031,0.0306602472868977,0.03374328967745422,0.02695809042384437,0.011980107538926492,0.024456640565437563,0.49835989618773674,0.0439770736318571,0.00837272616400476,0.028287059829505027,0.06321047133240072,0.00989527043210251,0.03903529279789943,0.009191331621660628,0.00938496401474238,0.026504196858903404,0.022319299077024804,0.04298581448459215,0.03128443638839508
476,0.013813456500078489,0.0349541064850209,0.024813822589739905,0.02022526892603471,0.026875281436676026,0.013511297279493165,0.03039045646938146,0.04772905120753151,0.026640749492666507,0.016522270323816007,0.019557713253661194,0.048104995222229496,0.009565708515958431,0.022938099121321512,0.04187065286094956,0.007945383557061161,0.01329830529232233,0.008825731067569282,0.5369915682553729,0.035426082143115524
477,0.008142199227594541,0.02288593568643639,0.009174237965898604,0.01513078359596929,0.3012690222597647,0.005885657264799536,0.037611179980361904,0.016532264198395614,0.03002235089754429,0.005643793652497891,0.0226742463745927,0.015001204518450361,0.005824105614719153,0.023880367465892723,0.007273723876841582,0.004486149398541441,0.008616748607531992,0.006385096081724095,0.017586987453751896,0.43597394587869137
478,0.011371074996851901,0.025860195407942696,0.03166044718564647,0.023008742717695055,0.03280387275319357,0.012282684792571393,0.019233772649088505,0.010710985113527858,0.027687193201953345,0.014096453095024409,0.5808396207870544,0.026200803325024,0.007898989123994235,0.022665179995807663,0.014194123361438242,0.008714442980888092,0.06905985425210617,0.016503397692367132,0.01926603293652884,0.0259421336312961
479,0.02046676093072965,0.026961397247052446,0.04274024786020982,0.03420208863775464,0.03593410406794688,0.02000422123423871,0.03784959501502366,0.0498317786125741,0.034696858400695335,0.021134483636436288,0.034505778901907314,0.03326381094243232,0.012318300863438894,0.041118729647094045,0.025201545915342766,0.009629275277523308,0.017307168046596783,0.017419882604530045,0.43506582501099267,0.05034814714748031
480,0.018598020226795752,0.06000667747945034,0.03410006317979908,0.040136811330570454,0.030843199483476757,0.017421667088152366,0.027385447869600916,0.04512919025183859,0.03231873125832549,0.3744628728601176,0.051917046787010056,0.03456806708218926,0.010964150316718229,0.02612982291494294,0.013200112857288311,0.05025978276261104,0.01501182336062784,0.03844178474485454,0.04791673235964477,0.03118799578598575
481,0.017727173574927774,0.05637499981394809,0.04259559050173118,0.08269787334207933,0.0545876460040445,0.4042599230663922,0.027254089424209687,0.03952408802866284,0.023646778703110934,0.013592746948720478,0.030189492205013185,0.025439340198518567,0.006479910201194854,0.03243052494000412,0.019818388541042755,0.013142954636740681,0.012421445811436805,0.022720128157454427,0.04122041227211559,0.033876493628651944
482,0.2839503806003014,0.03841888532397733,0.012701488165728579,0.02874568176521999,0.024864928693141306,0.010238984640306781,0.021021755232758076,0.030749585786336506,0.03187641689176022,0.008237708242308414,0.02800255646956883,0.023085502296814785,0.007085904327322263,0.025993722278706045,0.00861463812044176,0.29650862928942595,0.04076906722111362,0.02313917310017477,0.030105936623459093,0.02588905493113421
483,0.013281964611295174,0.034767402491161954,0.039240419302220705,0.03857343118888345,0.03259499531411128,0.05576769377883329,0.02805693663505834,0.07253640178798905,0.06334877300456819,0.010478945894490138,0.02004618768068299,0.024457984692923856,0.0126417239364793,0.02779208972852332,0.4261597590307153,0.013340613894214154,0.014302174523793084,0.014009008128732653,0.028536912216436578,0.0300665821588872
484,0.017353029612689617,0.022491909936431145,0.031159840962455058,0.028107141262477223,0.39016307496589814,0.016395716722367375,0.03353541510362689,0.03075092951649341,0.041617507649059804,0.039788927630385794,0.03282424467809826,0.040651468337265025,0.014764788141689517,0.05326278204905099,0.009811081724922904,0.01269449101375658,0.022359835548576745,0.016905871159463046,0.03132474264607165,0.1140372013392209
485,0.02053910030507691,0.04070039441016562,0.04504482649622064,0.03988975289821273,0.040341307159219554,0.017447366703986906,0.049229413816435495,0.09929311563016234,0.04851312803933407,0.22311983414708536,0.04211449733663384,0.06432956812019362,0.025516271853003685,0.05387072616695454,0.012089117662412559,0.009256620013348203,0.032725361503416615,0.01706779583810871,0.02197707953377931,0.09693472236624939
486,0.031977654464974206,0.05358466237921538,0.043308594727861145,0.3306569075224749,0.0922266965686298,0.022511310404110477,0.04225946839554854,0.07377168011226533,0.025408940507774525,0.023190933361895972,0.02735280201128043,0.03975546880391528,0.02204523123095249,0.030953638711387035,0.011040286214357724,0.013469722271598818,0.015457165895339063,0.01727203448826652,0.024623483199266858,0.05913331872888548
487,0.01868465809969967,0.06575878309862393,0.039486959851416155,0.049278181712327625,0.28434133961560565,0.02412741179752444,0.032775832376890086,0.04222973461140681,0.04282513607785559,0.055956815588516014,0.04239462091529659,0.052444595749287705,0.013753837288674723,0.03843762299697978,0.017755497219443507,0.05998802393205666,0.018368533146033154,0.016763053175642292,0.03763982502047533,0.04698953772624418
488,0.019551489517117698,0.06616729233001446,0.05807242607529519,0.2585934349977835,0.13460895295200292,0.021660949872389576,0.03174227667015166,0.04638363077817731,0.06999753943635541,0.016529410456800963,0.03854458749874893,0.020700110484294747,0.01832008480075334,0.035225744915894835,0.01405490558117039,0.014936514167341666,0.013395683623950968,0.02193504285903436,0.05332879019852075,0.046251132784201315
489,0.3529712117902708,0.09002476086144635,0.03521811564870756,0.03850936915282483,0.06453009026247351,0.01969625746789992,0.01929951964385272,0.033014022248940164,0.04292284255985381,0.012979290478787936,0.03243717058202692,0.026897461201807447,0.009889884698420968,0.024187237502297242,0.009250905914131585,0.08240239216838263,0.025693888453054283,0.009548888488656038,0.034866830342570904,0.035659860533594386
490,0.016393858532215026,0.06023701871596149,0.04409443843183302,0.04079266252040142,0.03467381260393426,0.01727601308116222,0.022125120741070203,0.12659208327955093,0.03610225869524813,0.31937388186906635,0.04581379286716699,0.04009535303871919,0.016081100712062816,0.028817894477007777,0.022783381126566624,0.013862980949645554,0.015297366120660861,0.015760089767856245,0.05544470526978029,0.028382187200090645
491,0.015799333382169038,0.07535835118051479,0.04535655932698903,0.01296163330905009,0.07079331540368117,0.2842586371064271,0.046106474106082374,0.06399772784853446,0.04277672688915585,0.015542231984942647,0.03553088974325094,0.038241615934560345,0.023609886539707397,0.037803014703004505,0.014150260460013378,0.014902223595337596,0.017307068309887843,0.04278484508979095,0.03824529771387775,0.06447390737302279
492,0.015661150181214004,0.042332714588531495,0.04190005640078296,0.08152428128861579,0.3553008180877149,0.03398401711043344,0.017931919383027305,0.03820434034592751,0.05296022208567313,0.054650034875962004,0.0580311860165047,0.03608984142054758,0.006839881135602348,0.02642819801813114,0.011200995418832203,0.00484068221648541,0.01131679081958766,0.023012780690631087,0.046871043436911064,0.040919046478884204
493,0.024302134353927283,0.038055443621609945,0.045817841221580204,0.0460224739418558,0.14394727664620618,0.02539808474386042,0.03331624414646216,0.049373865106149856,0.041904328486572835,0.3125405455415787,0.048515838487849856,0.04170596782445019,0.01457031898170929,0.02469706136728217,0.013403312852275024,0.013147523139264433,0.01719988505062929,0.015852495642236706,0.02290860706041865,0.027320751784081058
494,0.02117549374071295,0.054810774002980796,0.016700548830663835,0.10790938721349856,0.035165508227857176,0.04105981668429842,0.019511571822551633,0.03698736069555152,0.024589037958271453,0.015521192394953443,0.05011898036009307,0.2497925462912135,0.011772109850497108,0.11516080122692085,0.022528044706213616,0.022839138471734886,0.022830089786284268,0.04183582137978208,0.06461688952543655,0.025074886830484228
495,0.027849726666010207,0.03216713765320243,0.01893463488944057,0.459608794285929,0.0436746297964607,0.01359999428374051,0.02702622172079383,0.03201529040652088,0.025806331637868996,0.010622334626646265,0.035313969889761654,0.02205480666802183,0.01339085038423817,0.11257651030639132,0.011763110023558709,0.012618748029746977,0.01377662598691802,0.017574226610924837,0.033755021701821174,0.035871034432004
496,0.014019146571568747,0.04561768110045942,0.3819749858490293,0.06110135698783609,0.030552876900717892,0.00261559644471961,0.01586569559215684,0.022324838372555524,0.041261280460162746,0.012572961316948615,0.05101331909020242,0.10864889743919254,0.009061367806664224,0.046603936802542135,0.012406885668624341,0.01193543293532108,0.014569669514669493,0.0360933303557241,0.040786897545937284,0.04097384324496765
497,0.017177948455442932,0.05539564993795587,0.03691470788947017,0.08404892125365084,0.050322627631610974,0.03119869632955169,0.3451743356007742,0.03809565539371477,0.051227162175833674,0.02060909719846547,0.02781277360003673,0.05642286923145501,0.011474918678383439,0.027215602634572362,0.04528561565361899,0.011457099946343717,0.012709181961506921,0.02679256328200626,0.043085865315957816,0.007578707829648171
498,0.023554639239946756,0.06465259697172947,0.037458812707793325,0.03950713154041908,0.024499744167747455,0.013746471529314857,0.03246106441932434,0.02434470033140927,0.04020774687652018,0.017402138162902033,0.02404669017398497,0.03160099405143635,0.012363742240566218,0.032732016607248955,0.010654385770029333,0.010174747178258168,0.011722045690996613,0.020577530897395595,0.49989261640686067,0.028400185036116393
499,0.010977012439067535,0.02600356194113843,0.026407791222643102,0.018624843630292123,0.02616720388715284,0.010918549927535425,0.013231684883983559,0.010145106908125756,0.017012337892174573,0.42333210152356754,0.2847150641923031,0.013512730386936123,0.007557630963732691,0.018663002916015994,0.007408311190659134,0.010426318263100995,0.027127358716456145,0.010057935578950667,0.020374963388773256,0.017336490147391016
500,0.11526440819696575,0.10338860612108576,0.05427068785396863,0.08782922671171219,0.0028225275758668894,0.04799876057013644,0.06637569790857019,0.02564347971276014,0.07275331350918045,0.002318999447083435,0.05250204934892152,0.05684910141889444,0.0009851441438065206,0.08810047428843015,0.030963536882620057,0.07102814389801633,0.06332062875750494,0.051463192885536864,0.0031111920781555467,0.003010828690783759
501,0.013839305279496303,0.025432733615510777,0.03559884366818868,0.04644247907591895,0.0290236419122761,0.0032055165367269084,0.02160417540797314,0.07102746748422196,0.05386591125585292,0.009199622679438428,0.0288189846854329,0.0322816835507864,0.006906283229062521,0.02941233459253398,0.48408076365170305,0.015386666928870751,0.01261018698119828,0.022274698253057362,0.035271123145171245,0.02371757806657945
502,0.07009687129735745,0.04092559883088118,0.10377866840021695,0.10420769907931311,0.010769068817828882,0.023499579115044605,0.07283753711169892,0.04024911033427997,0.014160150570131683,0.032952703887689706,0.026117030021186243,0.06504039180675801,0.03414875066550862,0.09687105905802139,0.027656522145782316,0.09697710123254649,0.06275884205816688,0.05487457640980947,0.008003763528168771,0.014074975629609332
503,0.03755613164507072,0.0776939938222476,0.014015688557925414,0.027411813641952967,0.019864245918343165,0.014301814641813076,0.03241084994366419,0.02514164900245304,0.021280359670578855,0.005991680870119324,0.07200698358253889,0.29628180442575675,0.006190857386903679,0.03492266750295864,0.007527322981980617,0.01575233561162838,0.20113236251241937,0.030480095188875785,0.02488657274218202,0.035150770350587675
504,0.01168168344664828,0.4004388734443957,0.025207822208086417,0.02111650993406283,0.0194806608271979,0.011176771586114886,0.016264587406490866,0.02224295617350322,0.01885013890758885,0.014956782176531477,0.029907765077889264,0.016964210757985373,0.013976072828800914,0.03105262958804922,0.00770198229180831,0.2756729714918462,0.009115179798955602,0.00961358857229201,0.029293672858028807,0.015285140623723867
505,0.09593002150007852,0.04825893659558738,0.03858953236002253,0.027001999472120355,0.031060121106432418,0.4089329624154321,0.01700858444711688,0.021927527733989014,0.03975653809132102,0.020818024949185204,0.05981068156798173,0.032159970301070935,0.007917509211553724,0.03761685215483794,0.007332259945474713,0.011115529793269753,0.011917647559260261,0.01800945644116782,0.0311123092316007,0.033723535122496914
506,0.21798628579001197,0.029621952445182956,0.04442757545951157,0.028357240691117756,0.027212196178554027,0.3896391454444912,0.020762068664708346,0.026684032547546224,0.02237428250448287,0.008919300706353113,0.026990812146464874,0.01852847067344016,0.007764253425114782,0.026602279747043142,0.00789181495580853,0.02862892037916552,0.011251156243565335,0.010538688629562703,0.02226445918759755,0.023555064180277478
507,0.015214911783628516,0.03720212486345301,0.04442348183254973,0.028684977535792532,0.033417012936774786,0.4149483379631041,0.028177423259318796,0.04231870963893186,0.04740596973578686,0.016388696427516603,0.04985424363549663,0.02671231192873494,0.01369531884356207,0.04893465569555729,0.023989841545298058,0.011396602515662253,0.015144847341315324,0.029382110253518303,0.04523688339530018,0.02747153886869814
508,0.009742410075714176,0.15485961634630793,0.024384550961349703,0.03594290847790676,0.032669969409034154,0.017139664630718688,0.01671130435915395,0.01546459592707688,0.03062202540405562,0.012138296074164558,0.038780720532551334,0.027472501311060618,0.009692233185864438,0.022999746526962263,0.009597325387676296,0.00933093584222257,0.04077929296047189,0.4288894384694859,0.03421480160916351,0.028567662509058765
509,0.012914850219207982,0.08538262695152228,0.03229579305044696,0.46777715338011433,0.026451444670559186,0.08535749842318972,0.015331103216807335,0.027858346499646424,0.028030934944480616,0.008745308296483352,0.03354692927917776,0.020143876866265207,0.007378874595955094,0.02372663548574362,0.007336378990496419,0.0339110343120931,0.00950985025846844,0.022773338272136512,0.03366024456632418,0.017867777720881464
510,0.05823165831531901,0.02863655119127391,0.029514692385702448,0.07852158653801856,0.039220688688447275,0.38510004332272385,0.020332325990445654,0.032133992868094076,0.031951986689765004,0.00797929864286275,0.035080972602443396,0.031139185914294838,0.009375071670496135,0.020393125074941225,0.025615102807578807,0.086897287466335,0.0111827698698374,0.010520336017507353,0.02207920748955561,0.03609411645435769
511,0.02242518353977177,0.08142985008410833,0.01837067845298748,0.014922418637449301,0.08983037608435805,0.005246605858537243,0.01641323488689703,0.02999706794382846,0.0324287003703738,0.17145258854908585,0.09498332463475471,0.03317312352462121,0.004489554482678661,0.12745249738482908,0.013767951792497188,0.08210533228430332,0.027564948248815942,0.007559247751545639,0.06450800637064028,0.06187930911791672
512,0.07521674507347291,0.022160065807373373,0.025719814728067072,0.020065126272507006,0.03319762738863219,0.39709675432708497,0.015125194040278183,0.03353067022051171,0.018736378173422403,0.008495528602998037,0.02769450347963126,0.021799697914324314,0.07895084779122154,0.02433198075934047,0.0214376813342769,0.0842392380205453,0.009460190100189945,0.03401517074990392,0.028545893270567682,0.020180891945650897
513,0.003977746237912441,0.005579081964066424,0.005886193619605916,0.006649722389552102,0.013720620055571795,0.0017248185125898583,0.00800443779902338,0.452813037797228,0.005395949210136437,0.06049678331267535,0.04888953938369973,0.0033462347522424545,0.0022384937273695754,0.007064586977930277,0.0013623662480188167,0.0032009652747317335,0.0358884990033277,0.32493165521635997,0.004331423408944964,0.004497845109012998
514,0.11314767330458746,0.09915628581732683,0.011144382826705636,0.014397390729546407,0.005704326597017524,0.005373979885661355,0.011165285239624567,0.016106093003329578,0.013096848085536392,0.0016128546533018939,0.01632237339910124,0.03998791472787505,0.20764572037688744,0.03725385642053917,0.001086352489018396,0.13149139568526447,0.1278090091149788,0.05245685171871741,0.004132215217233168,0.09090919070774724
515,0.02056072951058844,0.040114728123059724,0.022746933407818543,0.04276774382955576,0.026836851559638195,0.003623906033202087,0.012147400010555346,0.043098346145513465,0.27857602115092883,0.007928638972524299,0.020060274349244525,0.013728586004569965,0.00676861794002885,0.030405752258159165,0.2988466967147496,0.03073174242628503,0.014891773731821309,0.010721655621167739,0.019508663879731474,0.05593493833085764
516,0.005173960355818282,0.014292307703982569,0.01071951177193224,0.009636607483702916,0.0678423261336621,0.005539180400679797,0.031956483703254046,0.093281869546747,0.009860098201623249,0.2114083549238642,0.42156668090023985,0.0077305384118579136,0.021557175765709546,0.007353598935136972,0.005606946372438505,0.00440921479195516,0.004352579729646727,0.03662602913434747,0.016100672999712143,0.014985862733689298
517,0.016460552383036165,0.03441493783425705,0.029138610200199113,0.01269019820965963,0.038404404029995266,0.5261876690927736,0.027661334261328944,0.03532867264596576,0.034401234816818026,0.009321293323128898,0.026879447320846888,0.029138856628770332,0.015779164571825766,0.026071109538462617,0.006431308762079268,0.010531566865037673,0.01713092853148426,0.040054909447691966,0.03642075139679286,0.027553050139845898
518,0.014519242439877027,0.03900563500283808,0.03237186960912825,0.03672675638659307,0.06532481035202596,0.015591628951227085,0.011498745436210428,0.03322606613201304,0.024163081309199457,0.008832536046725266,0.02941735525635626,0.06284868324049435,0.13706046776987213,0.025323029778702363,0.008346477721559291,0.012771934053993824,0.01533260736162914,0.013702169606247433,0.03919641465228336,0.37474048889302414
519,0.012069906846599388,0.14204011632486832,0.018276107322900366,0.01736755980596866,0.02113764410013237,0.006165254793296556,0.011638513951799372,0.2972497436430899,0.015108519835549226,0.0973030379612665,0.021981093701131393,0.014546089661468873,0.004135179185063598,0.01017930953678524,0.0036668131378613674,0.005203383756850931,0.014954269966649036,0.2616790332312847,0.011698359086669162,0.013600064150765053
520,0.004089721902016387,0.01057494607243222,0.006193856677418226,0.011914203202399491,0.013373852992678056,0.004110911465700019,0.006827838182131714,0.4756216569282105,0.006624970420197197,0.24752136329811006,0.14014184094402635,0.005956390410061144,0.00545484803864408,0.009165514543196059,0.0026575691699116753,0.0032878058040238887,0.0033049082839759635,0.027057212725485447,0.009585877686014462,0.006534711253367217
521,0.03278019129676854,0.08958986932897021,0.05320171724233549,0.3712417332852085,0.016074577415365745,0.050506409789821315,0.02165978548561182,0.014667391755136684,0.017028651431708234,0.007881466649789115,0.04605176864022656,0.012323076713172794,0.005239863410717749,0.16080594091966663,0.0060030016978991655,0.014901726724692985,0.005752248078379093,0.008818700495976219,0.017448785036901438,0.048023094601651724
522,0.057350056204849016,0.018422962929258067,0.08535495810554554,0.13455749892972851,0.0072934523153487035,0.07780506327290376,0.05456915521358632,0.014021087895167013,0.06886452590185625,0.01485621292312752,0.032870002733471,0.06831185850732298,0.001923652705752904,0.13585291101934527,0.04516866992506604,0.08587348755805034,0.07690271982989391,0.010281987984749377,0.005887614324438532,0.003832121720538966
523,0.0027523879007669127,0.009845322182152888,0.00653862871477201,0.006707998778885307,0.006642481870663891,0.002912349736051107,0.0031983722377288883,0.3133986448186304,0.004089017068823001,0.23092723236076265,0.07043312149448507,0.004065213471766578,0.0015080245974070858,0.004124982692230984,0.0021669680039419757,0.0017481195950744164,0.0013164555079686622,0.3168315359374954,0.006474682843559437,0.00431846018683334
524,0.06569096738085482,0.036593127983543486,0.11256891287283993,0.042051837849767355,0.020780361833659323,0.009269910574229307,0.07917350778070532,0.016082777156579003,0.01364275670834523,0.004681152582941513,0.049905039852826294,0.16984425396105488,0.004656012366778545,0.0807536433715891,0.004736792075430223,0.17265983413187538,0.039506357729930074,0.015494748163425073,0.026268652467627874,0.035639353155997186
525,0.03899202298274895,0.06998963346331856,0.03583213650437704,0.06709804841369328,0.03959777675465806,0.04342765935011094,0.05420366772763594,0.015237411685869437,0.08052970051556735,0.0625033663610678,0.06774684258467789,0.059258680898207496,0.0013850034732882839,0.06323556114891483,0.06199265909597862,0.06072007644253017,0.06565336673513848,0.012789074390791558,0.021022497114634265,0.07878481435679101
526,0.03148031463798142,0.07230840330070655,0.0033396824073166106,0.045760315192466004,0.0815937683502188,0.007992540325359038,0.05362504779861952,0.17362720632590375,0.07537305531113872,0.05283320619334373,0.03196168067047284,0.025107969258926888,0.0006981543926869832,0.036046833509777484,0.036653616219921505,0.03893066608544634,0.05653750984131676,0.05880374767726484,0.049544617444251766,0.0677816650568805
527,0.05919038347065695,0.1103527002766192,0.0752365494389298,0.07995050552980885,0.023534063973838,0.030545437764744027,0.10034825471872168,0.010285325038406625,0.02568493311284838,0.02242122405981238,0.01522379824689324,0.0893977966831414,0.11501444140722679,0.05814861544442997,0.024906862280918318,0.06020334734665236,0.047022832065447995,0.008681027063899697,0.014075101466511487,0.02977680061049284
528,0.0199127767252288,0.02583801327139906,0.03140787212478971,0.021557358964218423,0.03510940068195338,0.49304352008220076,0.02884635634531377,0.0350592970972249,0.03695451615079288,0.010365553283434087,0.043485834719412676,0.03796642495689962,0.010509563829728811,0.03271631851962017,0.04376042905352445,0.01006761907185932,0.015345175181484719,0.014066950073513015,0.030317260515580997,0.023669759351820474
529,0.05459895805798243,0.0306355018396972,0.02491426016957513,0.05572086580106727,0.024178411326912123,0.48059204822238244,0.032119424527633174,0.024866877072286745,0.037202375264154604,0.005960873934993124,0.02567712855350954,0.03971669903188877,0.006413965442904082,0.02291736257888878,0.0051355948418689385,0.05785849852821081,0.014390782237103902,0.009554399761165832,0.021948710752246026,0.025597262055529122
530,0.06315726031162051,0.08002137176710004,0.011683884259536486,0.003830155847105853,0.045030897569927474,0.0045963192957969344,0.10942869845669913,0.009411731804008295,0.13302702645402434,0.1175995885218553,0.1128745665505191,0.07326298614305816,0.004151523977448511,0.03440055287574495,0.07235075073868712,0.034190062482244,0.007499191908811518,0.004230118433959844,0.011342780849277477,0.06791053175257498
531,0.01260514523873988,0.033660545125684484,0.026341808199639636,0.037402630995496275,0.03239574477344982,0.011364445557965062,0.02045392790092118,0.175976343244541,0.03128596783500192,0.1048201057401454,0.3560482121308359,0.03406644319649715,0.006515723118432353,0.019920428410904755,0.007666426063062215,0.00997153528092486,0.025744367896104212,0.008338274586800308,0.023818344254695062,0.021603580450158515
532,0.015176068940575193,0.0448651869468176,0.04520561655646734,0.042375167135655,0.06765762312288869,0.012732099120727784,0.07818039666070681,0.04296770674651499,0.057857833661990175,0.01224465709941177,0.039785380256251356,0.030352500751673492,0.007756781872789471,0.04623798399114495,0.00951647630601976,0.008943477030877842,0.012361061650682119,0.01941451527786447,0.03194493046674206,0.3744245364041992
533,0.5195643576993206,0.023962401455378566,0.02685107586753041,0.03033544680832319,0.02448964364359546,0.030448837212733976,0.014549836797874407,0.02341965016720556,0.0228640361913752,0.007846961751202317,0.03137922836760409,0.023508054092569116,0.005962209810399678,0.023108987357042355,0.007375677166628919,0.08850497645082606,0.02512688008962143,0.020285745559279898,0.027082832019842046,0.023333161491646718
534,0.013378290155680905,0.04657519692866221,0.4813884598706015,0.0362195916175088,0.023893147586686977,0.07251188251036818,0.017804249137266644,0.02456373861015129,0.041460469098050456,0.007661099777800152,0.027791918036373167,0.04159301437996394,0.007880285057558402,0.02871175819420393,0.009461694684966576,0.008362808244208007,0.012946766136579054,0.02251846027287011,0.02774945747556275,0.047527712224936895
535,0.015820088753305494,0.029919179267023033,0.501284909770613,0.031033303980698854,0.030432297166695016,0.03371360547671782,0.013410526051716767,0.026491559983670185,0.0346493496923805,0.009108203684306088,0.035125234835840895,0.05114817871941133,0.005483969703698446,0.03303929495368297,0.009473235902340471,0.0062663326935810835,0.008651596447700713,0.04200755427767644,0.02942054071943145,0.053521037919509344
536,0.020314372183723093,0.044586595591453275,0.026613422964393698,0.03193382578253639,0.03930561914308012,0.018444871516619225,0.017357452954175425,0.05315449591478427,0.03176129859502649,0.008984255434027167,0.026175316919320596,0.027810971815165193,0.009192930453913839,0.025582927450568102,0.007214210508087709,0.016852574907303425,0.4909231929164546,0.014379980406491326,0.06649805464829568,0.022913629894580415
537,0.4808369343525895,0.018564723900650077,0.028837159952586996,0.024967366656251353,0.03149739705505825,0.00789630936158846,0.020215618087372135,0.03874706429581565,0.039319284508092314,0.00874919597604523,0.036214000449608756,0.028235399994116703,0.007578536129776604,0.027714163288127702,0.00812564705749273,0.008177378304024053,0.059321282569964225,0.06507145743018462,0.030911745081349303,0.029019335549305317
538,0.7034697860532173,0.004279936521777348,0.011914212554976718,0.005525694404140171,0.004300613997981334,0.1387135348497055,0.002569460969051344,0.004875794532551427,0.007414931098405671,0.0015771926200571472,0.0055742910371963965,0.00363658634990328,0.00114367978199479,0.004628446905585379,0.07157004002512755,0.013976171252644573,0.0017511009934629146,0.0031520114941126654,0.006102123417740275,0.0038243911403683
539,0.014702802209111415,0.02156887198419639,0.04621902272966182,0.033896622193576476,0.03208403392282439,0.02257729044444622,0.016886753978014275,0.03522562885148562,0.034933051703887955,0.006718402778116581,0.029124809730633274,0.0333940577531083,0.006699236991685099,0.02019830866386234,0.013991362495966086,0.007005890208567761,0.010242491086666134,0.016700084722687258,0.5659135446072302,0.03191773294427229
540,0.007768094976689101,0.02446058343056876,0.529374973371821,0.02854420231427864,0.02711222974574259,0.027956625445950945,0.009418494589456863,0.024716709706229256,0.05402686659990397,0.007539382635429054,0.04714262770164199,0.03081243394153406,0.004036518104641136,0.03499170294083916,0.010336759291118254,0.0063211293652314015,0.006368330518718358,0.020009291902716792,0.055174785758241196,0.04388825765924737
541,0.018607137806620076,0.03042264164707342,0.03406666137635869,0.052226836917971815,0.03229760506591063,0.012646722819584866,0.015620597263680994,0.011701882396312093,0.04075620394447973,0.008608450203752593,0.04267040562268722,0.015984697852636547,0.0048655206587218,0.2139686638638446,0.008631512650354453,0.009559386120490959,0.37053916128186765,0.014442710314843983,0.040387000303705574,0.021996201889102226
542,0.007731844501297332,0.0316206970612218,0.01855453514267703,0.025593839940154687,0.023076770873196553,0.006751789547745677,0.005035602351096343,0.026796700658541162,0.27325775210380004,0.007487233588069593,0.027401982953506737,0.019271745082972646,0.0037383361802143487,0.02273985152031488,0.42739171275523685,0.01347561439428894,0.00763369760569856,0.01116302465047489,0.023205511503556014,0.01807175758593589
543,0.013651367078429783,0.031140040430402572,0.031799647563457774,0.038309890535249934,0.04243255550102596,0.012991267326903784,0.019629484884788658,0.32591741330652413,0.03027106146096602,0.0073293014778061305,0.05122626033309035,0.03192803173429607,0.012859617512866588,0.024038469686844376,0.006504533585492595,0.017148600848444367,0.02868571092524179,0.22273842506043331,0.02306738328554016,0.02833093746219555
544,0.005861358328409679,0.0174626454774275,0.011756709250810021,0.014973675779008225,0.015006412497007364,0.012481333710372517,0.13190878888651503,0.017615077466957577,0.01110928448408279,0.0038391093225758383,0.014549098269233264,0.04532709387312651,0.0028428203334024287,0.012950979634818635,0.004654058109701651,0.2622649758661919,0.3865279826021643,0.006310541383365249,0.012427646589636167,0.010130408135193359
545,0.034328017228538364,0.03302633454933403,0.00567759107968028,0.03783850877332819,0.00940254146718045,0.005290321173364689,0.020765178301926764,0.11512886671596496,0.16432103783524268,0.015511363089647907,0.046593802363328045,0.007834122359456838,0.001266326727568229,0.06571264379471416,0.22298761677953302,0.10545974176781726,0.06289386826357508,0.03378650494437289,0.005650159847253231,0.0065254529381729605
546,0.042872391259913316,0.05317773345473125,0.016382877220213025,0.008559427286538046,0.256275076655125,0.004744103340635557,0.08428956728449316,0.0184669227483363,0.006441693654778247,0.01848475466963698,0.018295377786312825,0.012586334938415211,0.001813255454731438,0.00581034744690356,0.0029313236487689097,0.003934823065564435,0.008032713083655212,0.016673461451398044,0.2185105808656773,0.20171723468417227
