site,A,C,D,E,F,G,H,I,K,L,M,N,P,Q,R,S,T,V,W,Y
451,0.011806879211567064,0.4693719129052879,0.02679717793123716,0.026041508815292682,0.031085482116969168,0.013781134995843032,0.03568717331993025,0.08406672734521778,0.05359994195937025,0.010704014496441226,0.03519284107671578,0.05608513184723507,0.010756067726118396,0.027300926263076494,0.008587803060705102,0.021663259910524577,0.0203675553988268,0.012803472717712528,0.01816133280436228,0.02613965609756653
452,0.040641869635715276,0.019901634652192607,0.029828002346140445,0.03197825496556827,0.02283717915947707,0.004614801565168955,0.022410978154727874,0.22954381996702866,0.02415115528251839,0.004527174899642671,0.02243574180357823,0.03135638193665013,0.008846659376889537,0.020081502148752654,0.004868962369784969,0.006596070521467086,0.009623613208351154,0.41945625139771264,0.016684315435524774,0.029615631173108652
453,0.015620619503862863,0.007558098873054713,0.030865488026276415,0.023394006990477684,0.02559853243029265,0.007438624665405735,0.019855304004514105,0.0412730943594993,0.04656208882001818,0.010219073519926916,0.040782555938970594,0.029948579113552625,0.017104462713043635,0.040533956076309274,0.010356032101777664,0.009133704401094633,0.030478983347274797,0.011776714347881877,0.02161480824066765,0.5598852725260987
454,0.011367291851599903,0.02638670382483042,0.05710881004058509,0.03013144171777374,0.02981356232162015,0.00852226186730743,0.040627776267940896,0.0816834169550155,0.024233799733947965,0.00939674884723883,0.035566270296977134,0.47792301315187097,0.010706532904489153,0.032100405687810134,0.00857493785564858,0.016908435984821748,0.0388369235621305,0.01024364696414079,0.025948248964669244,0.023919771199581927
455,0.012508972353403168,0.03271461409256217,0.03610998859469542,0.02587054930436488,0.0243151877287621,0.007967751360945912,0.03531528010085505,0.1083141366255883,0.03913916839793726,0.0094140709237203,0.46404229178296774,0.044117215479387295,0.01340118031908053,0.03957628044087056,0.006983261372444667,0.010068864238904898,0.018463343759092747,0.003223645604670997,0.0179605772267344,0.050493620293011694
456,0.017809639393947814,0.022571935456264482,0.028406212790597747,0.029231769631979876,0.045335987300961,0.008594011197312929,0.038321539153504794,0.058573544849633535,0.06883386851735329,0.011631657658108849,0.47925410623985887,0.04031325537104091,0.012885873786400747,0.027579947228058854,0.011593617602564693,0.013135398188442475,0.009435275716099568,0.018747558117153104,0.023013897180732202,0.03473090461998429
457,0.011277083756469132,0.018800795660372353,0.027486356625836775,0.05114565956723709,0.02562661869000885,0.5353126597973583,0.03029020787698649,0.031143584195472824,0.04210376116502998,0.008096982312180711,0.02871195940335681,0.03840231029213333,0.010488481693391769,0.03900582764157975,0.009139936592749445,0.00927811435749498,0.013099689658133696,0.020058551671348124,0.014271803959037512,0.03625961508382213
458,0.010093243308438467,0.016935960683764646,0.02931881496947911,0.028913607037291678,0.016580848058874137,0.008320137815178192,0.019923386686591233,0.03336841433259308,0.5800469048076761,0.006520986944273103,0.022430426566277396,0.02490632547507629,0.008541754405425872,0.08111848717594465,0.03749068454293845,0.0071699342519211595,0.02084175715313147,0.00910401915429574,0.015938813566036256,0.022435493064792915
459,0.010740104164533151,0.025201759286346975,0.030055537463247215,0.02136178082371094,0.026092473844498306,0.011810163324766221,0.024059605454267705,0.1009183773792511,0.04715801214432553,0.0074699714146264605,0.0203494963796091,0.042325830622252536,0.0095359165410064,0.02662579000359161,0.5272281127149587,0.00818878752820168,0.013796447130020447,0.008960142998719261,0.012297202258891271,0.025824488523175343
460,0.019538966022628806,0.026840002030946646,0.05742192864985919,0.4572278224242706,0.02938709443511291,0.007972846925613557,0.029402839414718655,0.028023399819524016,0.15322330941002532,0.009032851105175802,0.023352389807581857,0.028863219650448173,0.012901018254990078,0.026650786600100677,0.00814485437397543,0.00925494922259434,0.015345406425139367,0.010261236749377584,0.0179378966466388,0.02921718203127829
461,0.011844278077840213,0.018426853322479148,0.03174315880364337,0.004610041925174683,0.016654086916489907,0.010127065253685914,0.020598129908669847,0.021009176775258483,0.5673221462464076,0.006352241016219124,0.015864801032296386,0.11213099353549823,0.009889691942498067,0.023714181619003887,0.05296210593181607,0.007349154468482682,0.02609289721997408,0.008478148123742996,0.013914882608158735,0.02091596527266069
462,0.013213736755730787,0.02065580703534277,0.035425217999217676,0.008288649791525163,0.02386954574116864,0.012566042542535232,0.02534069013611954,0.026642787192579127,0.5574040392156712,0.006910357916217781,0.01636074125342541,0.031773587175732046,0.01148175349881483,0.04035771389151686,0.0937881845875403,0.006902987123213589,0.021167178867678396,0.01179920258417299,0.014187873869502944,0.021863902822294654
463,0.05686723190188064,0.009523692643190683,0.008028055650966655,0.07966293072817726,0.00600220658698566,0.0019817641659616216,0.01621590381301212,0.09205236726541775,0.009660252896021817,0.10973962554290499,0.256418237023307,0.00601406137416361,0.11875695525695083,0.0816212737140755,0.005043509281350729,0.012810943376214018,0.03143964348685612,0.06282678272769414,0.005293148087558715,0.030041414477310197
464,0.05748786626697465,0.030076930034433062,0.02563086595643662,0.034230257040907514,0.03721618075528364,0.48719052840648036,0.03637028101365812,0.030230834182630686,0.027238341873771867,0.008246072584611568,0.030533572769447508,0.03236103952596137,0.014667759216582517,0.035920431285188306,0.017474376930913308,0.011886951564980775,0.015327501025643057,0.010057636018787376,0.01862806614368444,0.03922450740362323
465,0.017618551757463425,0.08812835890978872,0.038294535493515566,0.4193074505399119,0.052771041652107165,0.002013736878918598,0.04123422721254175,0.049521629618627314,0.02389523529702702,0.012045096983316227,0.033092971277270095,0.0496627198847433,0.016638679556900144,0.02531670962769558,0.010690058718721631,0.014449956182161367,0.024212203159387068,0.014469223308299738,0.03296517994527653,0.03367243399632683
466,0.012589555957458216,0.028393903892160528,0.019739912949759034,0.027152974373656633,0.5040066548733922,0.008420105179750888,0.0207727167065809,0.01964557573693826,0.03352582058812648,0.05555487305459503,0.03196973374665388,0.025168134618991547,0.010505300720389498,0.03881744659319835,0.008084757400853118,0.01983029161453046,0.014295742621930027,0.011905771899962244,0.08992308032961241,0.01969764714146028
467,0.01102547276515001,0.034192930253087755,0.042915526940157656,0.04396751759147201,0.03693363806935426,0.4141505883068179,0.035500671079110174,0.03954678123712513,0.03590532661143805,0.009109879671710324,0.025616320531974282,0.03913995095844257,0.017839547067285938,0.03699848972202238,0.030102946466830562,0.011698140699004203,0.023247788565379065,0.012129465756760022,0.025340434234102163,0.07463858347277558
468,0.008462620959567712,0.018880962962540368,0.02123532777491048,0.0028160365036048953,0.01961357088882139,0.0059924130693422275,0.04773465091073757,0.05952318517628516,0.22162466284984508,0.02336047758809194,0.020850220386877158,0.025017999032480805,0.006493321879708105,0.04995491962512373,0.14365747073852742,0.0609417792778884,0.11061605625790426,0.0899487294984527,0.013327558131927682,0.04994803648736296
469,0.560311447176414,0.020963229417067387,0.024860226718219185,0.048384512639393,0.02114551951401898,0.006914375217159637,0.020417349742996103,0.037955699732273786,0.035453144113665264,0.00887532718981922,0.026918117702224704,0.035042826184485475,0.010156790462333573,0.03116028731583868,0.009458110826030292,0.02050087732328178,0.018182962444947725,0.02806144180022096,0.015161488877395154,0.02007626560221525
470,0.01143332403312827,0.02298443726033952,0.015776125599480818,0.03153313958368167,0.016759661045398146,0.007491617533200803,0.017713873420131185,0.02702507964704748,0.5563341511577746,0.004985813818665237,0.013786377625185768,0.017154708600176448,0.007654915487558404,0.01651969684039835,0.1513944945648718,0.005769140054429716,0.032904949691557654,0.016346556795172953,0.011684111145843827,0.01474782609595731
471,0.01062613576676247,0.03897136685310386,0.09086630519739278,0.028220201177777158,0.0511663810807356,0.3508404891855658,0.029478948020302393,0.04182391135888705,0.08445418181182433,0.012272632707820533,0.049790883632708796,0.046872552764510945,0.010217871269442685,0.03050649109347498,0.008696837754902447,0.02573117854493894,0.015909448421750558,0.013204368958992385,0.023753570973823194,0.03659624342528313
472,0.012736752707133089,0.0528947583017003,0.028886394400365153,0.025297343046746065,0.058118524786923725,0.005246016138321378,0.026525833684540305,0.05170357795686467,0.034981774006207444,0.011904526503752929,0.03428931325422341,0.02092937590186979,0.010224191730275193,0.028380542448758404,0.02311299672903219,0.48884187851707483,0.015971721463143858,0.011375520591685347,0.020678313246195405,0.037900644585186466
473,0.009808586593606554,0.028849099109962084,0.029116684408443227,0.029635117818705457,0.03941954682350699,0.005836419640231109,0.01577521919200462,0.03758395935440148,0.03431533855102996,0.01348788610468327,0.03655786692399085,0.03777093005493507,0.009394945521846684,0.03252959511916863,0.5337598971643536,0.018761463021589424,0.015374195318446129,0.012966207803459529,0.017534753598204098,0.0415222878774312
474,0.47910094299763295,0.08713357352914292,0.015358370975872353,0.02236245906989384,0.016727482446947786,0.009187997401749769,0.020519907920621503,0.024721481676835372,0.03407902058937189,0.009882642349840565,0.030274832051386806,0.02329562097878719,0.007383095682054968,0.10441601316565623,0.007433525849923904,0.013764737868097978,0.031166225526918983,0.007778795449069086,0.030848263490699062,0.024565010979496957
475,0.013950509242454686,0.023958861417306132,0.029797554468040808,0.03281898744634953,0.03880946101429888,0.011638132582780994,0.023593828873576653,0.49708890111969,0.04281866544020256,0.008130346756342506,0.02750291461017521,0.053745061134415774,0.0095826693187605,0.037750871678013706,0.008917337020499079,0.013544873994681246,0.028119914471300307,0.026240287243652797,0.041699191794228235,0.03029163037323042
476,0.013677378597710437,0.03035584814640298,0.024609975893030836,0.020007262466067034,0.026570939633074074,0.016029207926553712,0.030188897828326493,0.04727154708176335,0.026393310179946918,0.022953822333352816,0.019382225820900476,0.04755884304551486,0.009473979015856235,0.02275900220041724,0.03179604242460198,0.00788585608141742,0.013186102812599264,0.00874292938801245,0.54601057396898,0.035146255155471436
477,0.00780356535170801,0.02549875673693163,0.0092841718752267,0.014515741243566931,0.31675735409445793,0.0056403253330651465,0.026862996705079106,0.015855159109408743,0.02880869050682314,0.005409378438207043,0.021752678007194687,0.01958448857734675,0.005581163476099913,0.022854997330287143,0.006973252105635214,0.004917972052667534,0.008256084802536283,0.006122919022929912,0.01685623306030455,0.4306640721705237
478,0.011154743999239129,0.025340905267411243,0.031025518662842515,0.022595349268929386,0.032150574774220425,0.012074767152623818,0.018832061528486755,0.010507028541436514,0.027093106062106864,0.011852142889017587,0.5845776034650696,0.025748683625731017,0.007764429443840555,0.022243922924739323,0.011618886850006492,0.00855527324323626,0.07975527717549499,0.012822821568724059,0.018855485757312287,0.025431417799531262
479,0.020443560832216615,0.030447117318123093,0.042433715672026244,0.03405892921171673,0.035781345230940315,0.018403729730729783,0.03780090098731678,0.049433483645902034,0.034606405347919936,0.01911969421982834,0.03436280703858819,0.03303414967102207,0.012281071705270659,0.04117687708469594,0.018306255386688817,0.009612077500381754,0.017263732490235034,0.017364373493226296,0.44420976843754106,0.04986000499563026
480,0.018721272797551293,0.06036049855424254,0.0342990948514654,0.04034239962660421,0.04284069264554603,0.017641595279878144,0.027600003357625934,0.04549125843442844,0.03280133918628481,0.38761480008889154,0.044430441859635975,0.035141993820873595,0.010697718928559802,0.026291801979383352,0.01323915397012413,0.03555115941801634,0.015137503668745778,0.03869348875222872,0.041791542251695464,0.0313122405282186
481,0.019079127809108837,0.055622730054396725,0.04181371722031409,0.06852776350009585,0.05328920890821888,0.4093487568349303,0.02668372104346161,0.03906634645938048,0.02336368931520777,0.013331634352373722,0.02965759807762756,0.025169251399410356,0.00637564973989228,0.0320459804220496,0.02676740075369529,0.012978489210727156,0.012211880552081266,0.030714948136179403,0.040599607981493716,0.033352498229355036
482,0.29582584316149685,0.03898235075139437,0.014775076447577747,0.02906866569395638,0.02513898821034978,0.013981285599401214,0.021325890527724593,0.031093226407582424,0.03221956305770173,0.008337229387001701,0.028315972591097145,0.02336006159382328,0.0069500867385498145,0.026325984070979764,0.008724748175712557,0.26976624092560314,0.045103471084308164,0.023987691168829515,0.030500425690532556,0.026217198716377243
483,0.012975974503241155,0.03397533913064367,0.038630274329644526,0.037691489638785165,0.031706966727528825,0.03882827880359618,0.027521784950091634,0.07899166443203212,0.08045795591655643,0.010245292329616176,0.019579251950493447,0.02394216262082392,0.012400336490595514,0.027142832529180934,0.42437621082787513,0.016504320570269775,0.013994388872413853,0.0136883520687308,0.02792366591693158,0.029423457390949197
484,0.016981186481695176,0.022377621748010283,0.03024905662083625,0.027483492013228233,0.3910916129038502,0.016090377755135207,0.032796224154602094,0.03016950170570123,0.04070510254312142,0.029269759392918735,0.03200458451338723,0.03989788342386419,0.014359320263853793,0.051350761459258626,0.00958624024750749,0.029929227603561988,0.022036337643577767,0.019326028375418598,0.03077841442214244,0.1135172667283291
485,0.020287060224673567,0.04016526470519497,0.044508435641945024,0.039321923508398596,0.035140811554204815,0.017227913969622068,0.048613087463165,0.1007863618516437,0.04787566106281319,0.225197278541467,0.041616280091495234,0.06361092143795816,0.025198917465685342,0.053279590784904074,0.011935850602017212,0.009038157094130226,0.03231219460617375,0.016917301828093242,0.03158066245401945,0.09538632511239536
486,0.027416551220262108,0.05183977731393813,0.03845583774206724,0.32763842093267465,0.09049961623859755,0.02001536384089247,0.04143012507550214,0.07212510646416817,0.049054446542995005,0.02258675305403541,0.026756154812942246,0.038940011796068,0.021382814371785366,0.030097829834269545,0.010725546851686411,0.013095398978905638,0.01497622006810196,0.02231670050245669,0.02406664603326776,0.05658067832538343
487,0.01871007660112844,0.0668792713644006,0.03950122084516882,0.04947089762928253,0.2923483582870052,0.02418052670090188,0.03277959842859456,0.04132201267728875,0.04286237695041956,0.0419633776579345,0.0424542902835257,0.05251929666412136,0.013774515840279394,0.0385390074970334,0.01780331525516654,0.04229718399150359,0.0184191015641032,0.016610769605697996,0.03762692654302176,0.0699378756134221
488,0.018455822302041208,0.0663070918068547,0.05651759826934988,0.2653188118787355,0.13498619005698997,0.02439527033802736,0.03179674186745498,0.04654784753697158,0.05089720515250633,0.016529550406989904,0.03872407091048393,0.020627676286633194,0.018387977079095928,0.0352310043507371,0.014071102778498497,0.014937246051116883,0.013360606563346538,0.03302769014852448,0.05334673420465974,0.046533762010982326
489,0.3292461496555492,0.09719432878195061,0.03964108208456022,0.03518894629739405,0.05874159666320516,0.017953061994775806,0.017616650970008686,0.030182514295943152,0.039062598377034456,0.01181118739730024,0.029586661336180542,0.02462142465277947,0.010457394968852746,0.022091329299753087,0.008429937829760259,0.09519764193113504,0.04655718520482686,0.022316734517896338,0.03174106065944757,0.032362513081646505
490,0.0161578842976784,0.059104234302764506,0.043521293777138335,0.04023752109456225,0.027041667508499397,0.01694689256623333,0.03533264673940013,0.1258066706090329,0.03566152972073241,0.3195656596451573,0.051418793622331795,0.03983683131411925,0.015643713700165034,0.028537038866980908,0.01834626043296965,0.013682076834575427,0.015033838240659477,0.01562541157220378,0.05424561773357892,0.028254417421216784
491,0.015421822910588221,0.07369142638003838,0.044247700576161814,0.01266332912389492,0.06889479482178519,0.28285764033976046,0.04492462312330634,0.0623905183285903,0.04168940748836566,0.015155701669110245,0.034645120016327385,0.03735663223798816,0.023031107428953514,0.03690507647792007,0.019366789615208345,0.014536328775452832,0.01688754168922572,0.05521636828472384,0.03721060642440269,0.06290746428819595
492,0.015397581196381176,0.04269675247667889,0.041222768257886185,0.07929508615153417,0.3560642534901441,0.033321969356411706,0.017626722261486906,0.037704690181682696,0.052301625702002,0.043161645069360786,0.05710571834438172,0.03540360468325036,0.007399816674868546,0.0258573571495595,0.010992969326245862,0.019127493079720764,0.011069514654500678,0.02389312442453211,0.04580771076388009,0.0445495967554918
493,0.02295612614440764,0.03620253548328115,0.04377108362890533,0.04452895233491931,0.1665880465234196,0.024334986675062606,0.03176738674331284,0.05057183036679249,0.03992690077496781,0.30358258661623405,0.040134009581766765,0.04023156333196022,0.014033534848208712,0.023863649872027617,0.012770958961976641,0.010769565943871217,0.016334119145863243,0.01902583695583786,0.032383115411652,0.02622321065553293
494,0.021212190948200354,0.05431544339194297,0.012201646792125938,0.1077322754029309,0.034865380282052896,0.043493036884253,0.02234977845501059,0.03467543967344483,0.02949013618127032,0.015502220460404796,0.04955730175827097,0.2538262711816003,0.011743807301927103,0.11443545180495367,0.02245167911606527,0.016435385113045382,0.019739652468654563,0.041516420810356766,0.06393510308244325,0.030521378891046107
495,0.029416776973880645,0.030702837971595374,0.0180487312979975,0.44803765311737437,0.04157388681321432,0.009958737911758563,0.02572558398741713,0.030671136660917992,0.029189753966907112,0.0101476687140801,0.033324613856167834,0.020935416422974563,0.01259168858286091,0.13041218136809976,0.011134154337259148,0.011774479128082901,0.013021541846802,0.027399536009695517,0.03184908513255568,0.0340845359003586
496,0.01663140078225002,0.044888714652753146,0.38768400732744396,0.058663078957511564,0.03032076074434256,0.0025915664651927645,0.017112436623585612,0.022160651135761114,0.04099597473157091,0.012402619097060807,0.05062212915857689,0.07716427751847761,0.008990310351803235,0.04667772074410778,0.012285446116720307,0.011783236054297767,0.014450010352572188,0.0454468769698798,0.04036328573425377,0.05876549648183818
497,0.01613756581034577,0.05213317485850591,0.034699113177447616,0.07913385549289371,0.04728427328099139,0.027096191017451157,0.3320073989701276,0.035896419941524066,0.04315155832659386,0.016366699876099018,0.026174452875590944,0.05779227368229242,0.010206352947089227,0.0698505375415555,0.05724250469327146,0.010774550588413088,0.011952930922108225,0.0252232428375707,0.040545408625685925,0.006331494534442401
498,0.023168964292628106,0.05281036836684502,0.03681905094753011,0.0388250639048999,0.02408458416110384,0.018546122798849908,0.03194389251166587,0.023939648180437662,0.039481973297182754,0.017958336007711,0.023629242773733676,0.03111125399932889,0.01215695849909925,0.03213872761619128,0.02021892346480451,0.01000924932922888,0.01151540270126281,0.020230934118115603,0.5035098353893648,0.02790146764001609
499,0.0106117320282014,0.02513080583502143,0.0254887198569189,0.01798878500835082,0.025269365250856136,0.010547324875550376,0.012783497055812214,0.008095410438791376,0.01770353823642097,0.4096173471566836,0.2819302580475632,0.013056781159786882,0.007296952170938063,0.018001537540358138,0.011127892762981166,0.010067146105454207,0.030895884407615308,0.027947784557310982,0.019700155074881747,0.016739082430503014
500,0.11812553276284349,0.10118638195416157,0.055582226475168243,0.08813804437738576,0.0027711541034938295,0.05072848979767608,0.06310202366125837,0.029656134232521184,0.07052460371936106,0.0034056989526802016,0.05574474166720869,0.05646548009727829,0.0009829664009324214,0.08643662442844847,0.02876452162357421,0.07129555242665368,0.06248554002049484,0.04848882898170082,0.0031502088538350507,0.002965245463323693
501,0.013780521292389705,0.025208297439922662,0.035289720835075575,0.04355334473624622,0.02880388721134724,0.010630408358656623,0.021519843003924306,0.06213253346271826,0.05427345155048125,0.009134827255484465,0.02862980881758799,0.03203079970245952,0.006868683865140506,0.029225659470091463,0.4925323836409519,0.013184500990795928,0.012531267663467072,0.022120971665453855,0.03496785264201811,0.02358123639578734
502,0.06656765839260119,0.0418915977379934,0.0921757586983955,0.09981705201290876,0.0099569300703451,0.027224882544528217,0.0739824538486444,0.04570300311299417,0.018575115223008355,0.033214550600568576,0.026039705253839505,0.06691800973146624,0.03350388331095421,0.10258701886983917,0.027908763325199933,0.09586930609359973,0.06452105218367422,0.05339838681035175,0.008634670314114698,0.011510201864972818
503,0.03767884079217676,0.07717038618600273,0.012618522880086804,0.0255905259854335,0.01955250546723221,0.015203567117194068,0.02699038208502144,0.03785107783078961,0.022508585929477395,0.005600390417688669,0.09147656190620461,0.28185952698718847,0.005781550265863302,0.03278835707689133,0.007021386426305915,0.01617848727687653,0.19495122643791418,0.035386732928081456,0.023109796835362042,0.03068158916820905
504,0.012995819522405519,0.41122660464694344,0.02446539253093577,0.020113237755761154,0.018721774340793265,0.010677315622155247,0.015614620780086661,0.021139817777899222,0.018028350609642665,0.01141220337177844,0.029215667776167416,0.016289058739475545,0.019627164477985078,0.029422425414875615,0.007430012896754869,0.27226715005289803,0.009299465370010666,0.009263563509443682,0.028055037795739677,0.014735317008248074
505,0.09797062605494355,0.049716861905467986,0.03714840736375065,0.027428121534616337,0.029981706254456977,0.4029844185949577,0.016351663529275806,0.022763964464336407,0.03837562308087537,0.022582069347793346,0.06668737523418705,0.03093840701386584,0.007624821477668634,0.03619311475125234,0.007908928197260568,0.01070372037811372,0.011481648457414386,0.020690467609201804,0.029946786289916434,0.03252126846064498
506,0.20483486128597406,0.02830618898499631,0.03260936689071193,0.029293164655136594,0.02805499105040152,0.4145492301124978,0.021417877762301682,0.02751096968324477,0.023011572999683212,0.009200175526140506,0.02777348129002434,0.019101543880974854,0.008004760541932103,0.027414545263548723,0.008123826998872062,0.021102704025662986,0.011616291701030224,0.010850817982659714,0.022980937888621458,0.02424269147558521
507,0.0151794215148238,0.03740094444097858,0.04467121614944325,0.022612522310361722,0.0335934746106825,0.4293329784699378,0.0283192586284089,0.042559464813208325,0.047666051426301155,0.01647713432484814,0.050139536062710745,0.026861772656871143,0.013768374692317861,0.04921829377064681,0.017872511311808354,0.011457892210621441,0.015226205783801523,0.024532663709569205,0.04549737668334569,0.027612906429313102
508,0.008212001097412273,0.15959686519287683,0.02362836779030412,0.035355203494057665,0.029376313334542863,0.015958978186582415,0.016472986286264715,0.023653045321065196,0.030231699407164945,0.011356554681957181,0.038025520438475825,0.026784580406155327,0.00951520019896324,0.022496707404601263,0.009387154074396496,0.009180218889918558,0.03719917701589629,0.4320592031233299,0.03362188191255881,0.027888341743476135
509,0.015307544892325229,0.07636682766894161,0.04028603801162324,0.49549945713476373,0.026984957820381142,0.059491081537305535,0.015628983183976874,0.02847511815966413,0.021866717782899534,0.008929307536686418,0.034355248951763326,0.020590055616904388,0.007544431956038108,0.024272776620576007,0.00750278750611313,0.0353905063659172,0.009712199830262152,0.01926437118492259,0.0342943899228511,0.01823719831608458
510,0.07011273049886087,0.027198085966263854,0.028103203545974356,0.07596792321129263,0.037395086870810765,0.37466444414576106,0.019386857712301232,0.030686344525206428,0.03121012038005372,0.007581792685387639,0.03337835294771327,0.029830104720739176,0.008951397362346708,0.019449016876080413,0.024416354373994333,0.09460645262889923,0.010645999493381693,0.015185525469702834,0.02665165635645082,0.034578550228778954
511,0.02128692132928183,0.08799217438150587,0.017130777042711626,0.014178335716950874,0.07790804550986857,0.0050013136481457015,0.016538719097785277,0.023815092723380053,0.04337906248161634,0.16775410253705472,0.08576418286608477,0.03439879148520507,0.00427485516404864,0.13102698957752695,0.01817740480723458,0.07200035503335442,0.027768815260497907,0.010432456416131919,0.08294512545206473,0.05822647946955022
512,0.07669075571107288,0.021236627984220376,0.02483730242639294,0.02344510000927959,0.03216608121614491,0.39129161309285604,0.015605397080414958,0.032150687858560276,0.01804924313373926,0.008175429680468917,0.02658689084054191,0.019720443387136348,0.0795814552176422,0.027874375591080896,0.019913497955623957,0.087855596454242,0.009107866186997467,0.03848708335042272,0.027836306047552425,0.01938824677561
513,0.004096461193916542,0.005196859999602321,0.005466875583650149,0.006202972736572663,0.013955200613887362,0.0016215879869616995,0.010797908351647038,0.4274604001415782,0.0050508888109677234,0.05792840295371014,0.05287921290925004,0.003135418834229592,0.0037210261999434213,0.007782193011251417,0.0012751974012036543,0.002747172003142968,0.045254835013844835,0.3373628520595569,0.0038685680643463644,0.004195966130736926
514,0.11210880700425835,0.09069654533984745,0.010888583218306047,0.013955144221944243,0.005299281069631047,0.0049565660076888955,0.009299799421971868,0.01660329876025575,0.012626094802564897,0.001560216633867156,0.017916600195838465,0.039315571186419734,0.20630222420122224,0.03532678917578775,0.0011352395068963189,0.13466212702930244,0.13292843537246693,0.054640824287707744,0.0038448588744688043,0.09593299368955391
515,0.018509209371941268,0.04163735951750718,0.02129403527380719,0.039575218354399845,0.025853914430013666,0.03906802309699554,0.011356424070054537,0.04535287764622745,0.2753004949356728,0.007409259086556149,0.018711991468477004,0.012797321708275107,0.0063256774440971315,0.02844365446602408,0.2856143255005474,0.03061156584497701,0.012464080968224768,0.010018424500781307,0.018192724536962263,0.0514634177784583
516,0.00533412342913135,0.014666301837920778,0.01100657365709898,0.009897129514549305,0.06500054519329966,0.005688751582707245,0.023936215102171702,0.10476571057995046,0.010131218085126624,0.22526533415034977,0.4125199741264359,0.007979267649182322,0.014957111871180713,0.007545673236539104,0.005154252830784849,0.004536842916323449,0.004486839326399785,0.03514192619876155,0.01652822290595457,0.01545798580613187
517,0.01622410682130026,0.033934600432656,0.028743627127389624,0.012290473776449777,0.03791920213580515,0.5320507012292891,0.02731120691525274,0.034815154787931714,0.03396075432830483,0.00920145270753845,0.02651577974836175,0.02871943896918842,0.015553739006717785,0.025738467334347856,0.006339249965806403,0.010392105503575668,0.016897023969625814,0.04029517467225853,0.03593015180682472,0.02716758876137541
518,0.015508708143624005,0.03816973153579116,0.03485452252678744,0.03375434176988717,0.05574059377082057,0.013654438438314865,0.017576805941519516,0.030346337529599237,0.022175954983400678,0.008099330788131378,0.02700851531427842,0.0659230634983502,0.17475427099682544,0.023222416999087406,0.008514521355008693,0.012474422735090475,0.014632088360097396,0.014048717806968706,0.04065803521955432,0.3488831822868629
519,0.015597752104761081,0.14388595995098555,0.01685415074004958,0.01546022194917736,0.019027691833444656,0.00568506142527083,0.010695374814199765,0.2799604373858991,0.01397261024740357,0.0925718498917205,0.02258353689422425,0.012901665018638653,0.00380703686295761,0.00937400808492834,0.003377844417247124,0.004527133291718008,0.024206791092179186,0.2821938977494991,0.010797256005242388,0.012519720240453473
520,0.003910536063090087,0.010107950592817891,0.005938181401887269,0.011429992703607332,0.01283117697803194,0.003938605188174781,0.0065145368772970245,0.45108578519776266,0.0063439573350788404,0.24272438062526794,0.16249435557194356,0.00568833195263202,0.007370325033926555,0.008606996121489076,0.0030990210177480287,0.0031447545385365695,0.0031625243268689294,0.036167918258796644,0.009181506521350134,0.006259163693692784
521,0.04051762623694722,0.0811197417442202,0.059148553979678636,0.3603137783986345,0.015353141325632293,0.05017461361628797,0.026041290968017296,0.013988689623322368,0.013530164511351398,0.009085457657404828,0.04489004853541978,0.011724658210558929,0.005009341324095763,0.15447778443226204,0.006295309256029633,0.018401099971063282,0.0054801442385977,0.009643601348060407,0.01825059737812248,0.056554357244293314
522,0.05820568645504714,0.018452847302763385,0.0908555859504928,0.1318932746925348,0.007168487072937805,0.07093446620196714,0.05340612174171368,0.01354844384500226,0.07400895622349592,0.017372016879392223,0.033769677653421364,0.06194535235624607,0.0018467192856556605,0.1359753233478718,0.049815157743125754,0.0822953935503097,0.07762950200490773,0.010869889825219541,0.0056387611142484926,0.0043683367536467375
523,0.002682740880062009,0.011797122538610429,0.006581142316594266,0.00674078831941373,0.0069765546956074105,0.00293209607995003,0.003215931432176915,0.30937254581656765,0.004105163459318911,0.2300513616151587,0.07314553959373901,0.004090254338050875,0.0014957615319795415,0.004148898193850527,0.0020153106624325014,0.0017579977201647881,0.001299957831989368,0.3167452680511137,0.006505607728855149,0.004339957194364445
524,0.06758543026826702,0.03472433134355912,0.11926237161433437,0.03530433954921116,0.02208117333702532,0.010418501187795534,0.07588400996077059,0.014494501685495284,0.01576164088986777,0.004442953273817108,0.05753759494622199,0.1650228919562393,0.004418813958254455,0.08273298291652302,0.00449453601780579,0.16853311047534514,0.048842630923095945,0.01469434492733785,0.02620552856427301,0.02755831220476025
525,0.03597158966649969,0.0755851716013109,0.040041995318526806,0.07294415747271549,0.039123462915461676,0.04222317402077038,0.05560274174208738,0.015766102875249204,0.07077764915862733,0.06108258791670895,0.06323779503345477,0.06695284147215125,0.0015538812987001447,0.06295798374701708,0.05986018281429627,0.05899244432658901,0.06394689971401954,0.014849809430320585,0.024621449442562934,0.07390808003293063
526,0.03237478075013114,0.08074895980645848,0.003493800848246157,0.04804998532237022,0.08250619857401724,0.00852835904119806,0.05358593521722431,0.1683168600013475,0.07867367151607368,0.05054996725458296,0.02962845446991981,0.022887053708878714,0.0009655061668723528,0.034353643669912705,0.03782131699844368,0.041738700565676884,0.056718063335916016,0.0602809004875349,0.045407633077018936,0.06337020918817632
527,0.05602619303074538,0.11817914282923092,0.07436404182117963,0.07669446830151355,0.02901480903942903,0.033141629161349016,0.0964307218507642,0.010253493132687946,0.0241869503870556,0.018464562116089094,0.015091312253302288,0.09813905862553443,0.11004285682726533,0.056863254751570995,0.025092980524118666,0.05714260740889968,0.0486837970129282,0.008038851606858154,0.013843870420144178,0.03030539889933366
528,0.018165196739009102,0.025854357832352785,0.03142147267304641,0.01887005946968231,0.035154805847355225,0.5058621740487393,0.028851083076196368,0.035089061187283194,0.036976913502221986,0.010373211695716446,0.043478044037652396,0.03799888650578209,0.01051127579526082,0.0327454536244863,0.035968778810731246,0.010076118857852517,0.015355223967063021,0.013247281246511644,0.03032943840758014,0.02367116267547665
529,0.07405649573216287,0.03468610320149091,0.0232939592490175,0.03979400853601495,0.022563121468213813,0.4566987769997447,0.03185988472242196,0.023248015045080058,0.03469955687640766,0.005554988388790279,0.023982435979139252,0.04815585132437234,0.005983557706699508,0.02137025528478725,0.006889491832042979,0.07271372504865996,0.014909343861776336,0.015173980578239689,0.020441993236427813,0.02392445492851026
530,0.06662976399787367,0.07319753419267652,0.011799242873228314,0.0038745864000527294,0.054299076728801736,0.004643785734917052,0.10922032390122041,0.009519139461039142,0.14002397387564708,0.10059592939135602,0.1033590708543007,0.06977066371318263,0.005100779236599502,0.040223476034104574,0.07294808431557256,0.03299944728164121,0.00939665030949527,0.004756550892746085,0.011888746865815853,0.07575317393972895
531,0.011800580287729219,0.03142224781414049,0.024563951803552787,0.03501212449476514,0.029674692500503537,0.01063668747025003,0.019097901858939045,0.20809978299245627,0.029180256596462752,0.10536703149952067,0.34011673417991906,0.03186361870605357,0.006092161983587218,0.018638939642718982,0.008085767832854843,0.009313327578046947,0.019846524673836574,0.016896465954430093,0.024098369138261168,0.020192832991971627
532,0.014413603268873124,0.05926532797976927,0.03919462203637838,0.04013198516119551,0.09497839545838473,0.012029631935058249,0.07565347381908304,0.04093101584330049,0.0549499766735279,0.01159630983712172,0.03779956822301457,0.02802620114133789,0.007337918258171862,0.04381927074458786,0.009022157463631532,0.008459902157641058,0.01170999585923262,0.018369394873232192,0.03049884092912444,0.36181240833733364
533,0.5289578171131756,0.023685101555905055,0.026618856862412006,0.03792134677780157,0.024104080440593263,0.026609762228544317,0.014374300025975478,0.023164661814820842,0.022650871664304698,0.00773663286165072,0.03102058169687854,0.02319412045212947,0.005624276253926528,0.022764501249867557,0.007276404778879566,0.06830031239753857,0.03782342496144029,0.01855777528391814,0.026669902551071028,0.02294526902916696
534,0.013372791019758948,0.04692272505495754,0.4984381315526979,0.041481529819626044,0.02405369181527152,0.06499960798066244,0.017971384965510432,0.024735352707921387,0.041776032025971147,0.00771655821818185,0.028108800940456338,0.03134703425663504,0.00794066716377631,0.028980845563125055,0.009545905701072506,0.008443801679560907,0.01305353260737755,0.022686043401865807,0.027896340865593196,0.040529222659978104
535,0.012557194107997391,0.029041480474551642,0.497873253117171,0.028377972800500157,0.02959518381150244,0.046897990023201934,0.01302578323577603,0.025703330797199785,0.03363591030863284,0.008844357077180528,0.034132348508588935,0.039743351540614744,0.005328766770799146,0.032115697624066346,0.009198107418252848,0.006083944167143006,0.008398999251264229,0.04285234536187399,0.028553056161868002,0.06804092744181496
536,0.03179531489871117,0.04398710260750693,0.026280794053544845,0.03150314279107828,0.03870365720139247,0.018198866881312434,0.017062490182589447,0.03912611883155428,0.031353140892147816,0.008851684426196677,0.02573349614726906,0.02623512927145223,0.012404158530378732,0.025292774023226078,0.007110067057660721,0.017447664239458704,0.4968170528338698,0.014179974790510792,0.06531711758392572,0.022600252756213763
537,0.485977303150946,0.018367937588905144,0.024614259642365688,0.024675772559442873,0.031224019443842406,0.007806485173372711,0.01991524477229037,0.038002894350185536,0.038936226081097924,0.008652092009402689,0.035590101584605655,0.02804182221070506,0.007328109583059771,0.027405844345937676,0.008017262060138365,0.00729208094922524,0.05377529322277644,0.07523280686632365,0.030412023559594787,0.02873242084578195
538,0.6842752814771474,0.00375537294161353,0.01386987159019443,0.005587983627304828,0.004374090162949327,0.14631959507228096,0.0026043608903581297,0.004952849469962998,0.007538491108708782,0.0016002673632567182,0.005655602083318211,0.00368157187302684,0.0011613402050926296,0.004692076436805342,0.08094707394668983,0.014339714157071732,0.0017771847800366212,0.0028126246022511982,0.006171859936616757,0.0038827882753136706
539,0.01425627135796654,0.02089719206155613,0.04487080981247206,0.03286130819448573,0.031093834502933484,0.01914463896831427,0.01635986191254519,0.03413450860865708,0.03384393263957663,0.0065103716521812925,0.028221183938023968,0.03237725623196085,0.006491542300470678,0.019576095252183554,0.03291396584813053,0.006786761091762033,0.009921224157141974,0.016170014951790736,0.5626305910133438,0.030938635504503525
540,0.00731700265886129,0.024159987184306394,0.537172217890176,0.028246683862878614,0.026807880786881885,0.03621792348933969,0.009063280304037089,0.02441386889732327,0.05327384668622576,0.007444047274506527,0.04652042553074934,0.03359680051599519,0.003987510969781543,0.034564338422010774,0.010212055965728821,0.006239184263661848,0.006285009785058934,0.016918611686593688,0.054647604173840375,0.03291171965204303
541,0.013472656720269809,0.03006274596637764,0.033571442522920596,0.05142986054613652,0.031842300633209114,0.01247156304915285,0.015413734538765548,0.01846313073681293,0.04028294256089813,0.0084915465805015,0.041999891556232904,0.015454086032527563,0.004390605703382099,0.21174386193455355,0.008524532715089057,0.008670588866085713,0.37787747986322534,0.014247444246860995,0.03986542022636152,0.021724165000636626
542,0.00770680070325196,0.022655677374510665,0.01847034623666968,0.025562683487434578,0.02296879944004508,0.006765912201341885,0.0047970004148516895,0.02686397437591069,0.26346198254729625,0.007212904784085764,0.02746803943288793,0.019297117910464127,0.004827622195752918,0.02275536223641353,0.43796390220817316,0.021384764609958175,0.007645614471080479,0.01111150165109535,0.02310397635648416,0.017976017362291985
543,0.013352576575434798,0.030730193249467616,0.03176602688201232,0.03820708958147635,0.03739949236104603,0.012803041402820415,0.01908835704875694,0.331616630362787,0.029708362227175076,0.007183017488140076,0.055569001964414534,0.04411291151743671,0.01274555147721098,0.023606816527026078,0.006422702049179055,0.014441767285331438,0.02418576620275635,0.2160825563841798,0.0229163574348512,0.02806178197849722
544,0.00594757809767851,0.0188602065598458,0.011380332685637073,0.014544290307753428,0.014589823690968395,0.013398588610210852,0.14505370784454563,0.015607702333323608,0.010779211680860481,0.0037276690759432286,0.015194015776841858,0.04966126542490763,0.00275752364618651,0.012603020342371474,0.004020541987753569,0.26215778294670594,0.3717517231486579,0.00609987426091348,0.0120527636175633,0.009812377961331284
545,0.04020163700561738,0.03879250608743118,0.0055390335896289755,0.027009705387108632,0.011953522496918455,0.0046002426677651115,0.01851123719860466,0.11011596210952417,0.1649534568798828,0.016028379553912234,0.04317500558802892,0.012267036528328397,0.001235820234623789,0.07058963375979505,0.2151359915915714,0.10386464004617663,0.059384470793511376,0.04457941789928445,0.005509451961515384,0.006552848620771081
546,0.051334386677531034,0.054862191138664015,0.01840617747159998,0.008496946243759906,0.2450892661682582,0.004448869920010421,0.08141828648170814,0.022469102439498765,0.0060268149243563425,0.012682471699491195,0.019022124947263807,0.012218916087012623,0.0019428019308080694,0.005845860928585817,0.0027491462471578836,0.009692482042047137,0.011223228742087275,0.020753843020013627,0.20977905622250897,0.20153802666763682
