site,A,C,D,E,F,G,H,I,K,L,M,N,P,Q,R,S,T,V,W,Y
451,0.009989839123746154,0.6198533373201749,0.017565608133194115,0.01692401204848662,0.024379009933557672,0.014562909311156585,0.02112496730948049,0.03083111838431622,0.02593951663108315,0.008705670412375239,0.021365209639011343,0.025311014136937596,0.008940312380702234,0.016976150569165283,0.031320483844837474,0.016368639253166815,0.014520745417049627,0.010046327981982807,0.027306926023564247,0.03796820214601138
452,0.0619664417934456,0.013573089511750597,0.01828239541546342,0.02782591271496998,0.015012070196426565,0.010714030348785486,0.015739968137614146,0.18713317056984138,0.015486895908014428,0.008777966798240822,0.024405110193050455,0.019136043752867284,0.007470110838839728,0.013892388202314643,0.004069749039480237,0.0057531751487313,0.007772514027969382,0.5135565074442024,0.011818766858479851,0.01761369309951232
453,0.010458404707512853,0.03709843669353128,0.0535671214842737,0.014195156061109557,0.025047481102092466,0.0055271423659028,0.0413738891978829,0.02036592872566012,0.022195808907244253,0.007309518307002366,0.02098741901990192,0.028542875200218944,0.01115968590084807,0.020013611770491036,0.007464960026946232,0.013125370277320149,0.01743155814001901,0.008156429681313145,0.013178460585912245,0.6228007418448169
454,0.009477030599315666,0.020813770975639963,0.032411243560804284,0.018989498590036843,0.018354480526209926,0.011146585401438312,0.03446856207556108,0.044583122027887646,0.02817020925577188,0.00793705319879379,0.020413713671971426,0.5886220398357991,0.008771760413768646,0.019440341570786022,0.007375966197972668,0.02916779534137398,0.040552206282946354,0.008330774221507024,0.01714309396972039,0.03383075228269502
455,0.010211640525527919,0.01868980618700818,0.02008226618847396,0.01733171590514152,0.0164771622451108,0.0065664377572204925,0.020210246855932975,0.03892591383412855,0.04303860887085404,0.021147279051025872,0.6011171980842787,0.03389372091601612,0.010726671172159604,0.022521257932926166,0.01624093713027601,0.008497468012914332,0.03564619680181716,0.02052353579339374,0.013473278407943573,0.02467865832785036
456,0.013881753595433111,0.015074216345330812,0.018348666490134433,0.01876611194336472,0.02328557309892727,0.007210262636791032,0.021304563008992233,0.03705093550578256,0.05251900868631811,0.019061714633275186,0.5926015905529588,0.02389921900447287,0.01022714435846187,0.017725254177729858,0.01520372785184728,0.011991762152140985,0.03567731029561779,0.030778880685968457,0.015628872990644648,0.019763431985808034
457,0.013409523859518185,0.013965681857991422,0.017653534423113227,0.04539058108675884,0.01613782534588735,0.6485991938500203,0.01888137446599322,0.020011796122241642,0.02896093907345684,0.007009979687620674,0.018601576353527712,0.020464218831796745,0.008294291363641676,0.02334521173193056,0.027741686465990272,0.008029890316673225,0.01026716797996795,0.02042792924014555,0.01149871227592564,0.021308885667798972
458,0.007814218899941062,0.012003222384545582,0.017020211315915964,0.04748084774493716,0.011123882297393995,0.010102921526847013,0.013497807144662519,0.0453749349732005,0.6566090259948055,0.005352788610900997,0.014221066257174989,0.03254410663503868,0.006680446755916257,0.030640002427852368,0.030097792555604196,0.008868834071787976,0.01804513180516393,0.007011787034589621,0.011289101651644748,0.014221869912076912
459,0.008476240178601097,0.015383045176419185,0.017874504331338973,0.013796267116531162,0.01699338736607069,0.03607160078713199,0.015495089711571425,0.05315347671752622,0.04085352679569527,0.006333760032178947,0.014089380322721343,0.022898720956712314,0.007481134893981008,0.016689710571729705,0.6455626836781071,0.023734976698756405,0.011951732602460463,0.007619898075738028,0.009272324282437456,0.016268539704291228
460,0.02919886779432833,0.01878432168012611,0.04174353521857795,0.6083718769456792,0.018357501069845763,0.033960787390146296,0.018966728075234193,0.018864884724170763,0.05051913674915281,0.007581310567465318,0.01644144100792191,0.018805120719554855,0.010324447566939737,0.019510925351014372,0.009115925522219263,0.00783349641961955,0.011417856240528358,0.029086264623060753,0.01339428921193121,0.01772128312248328
461,0.00852341325870048,0.012118452776737301,0.017622385987358356,0.028282506049827332,0.011323008903994312,0.012468363914058976,0.012688461490718323,0.013124617167059212,0.6684732079806723,0.004973076682156733,0.03263170314545966,0.028456640992195834,0.0071903669701119215,0.03246293891797425,0.02856976123488358,0.005660360673291215,0.04608912851892053,0.006402125382405686,0.009508952642083178,0.013430527311390874
462,0.009175382608419408,0.012890915145561711,0.01798431538559374,0.030863585970333837,0.013813792545692974,0.01856180879882677,0.015341344677950607,0.014956813271078145,0.619989663881653,0.005161913930540395,0.025710039845832238,0.03379503858287136,0.007999432960995092,0.05638381799297095,0.06377917155185904,0.005122720885486751,0.016781383582970582,0.008379835682319156,0.009579931198262585,0.01372909150078175
463,0.046566873343835545,0.01355450541476573,0.011559515499720374,0.06487285893099638,0.011152025967095747,0.001391552549934245,0.02073534072189692,0.0789759486916524,0.021082244455446705,0.12686498029232832,0.21559306642903361,0.01097979143111936,0.1350469289921785,0.08109112376631779,0.004023899039672079,0.009702947204663517,0.029636851951095843,0.06602237696392943,0.005464432025000454,0.04568273632931711
464,0.09006192955475611,0.017101477348176648,0.01689617489678951,0.032735373339276584,0.01970164736804854,0.5994892863789238,0.01969864859751336,0.0188625730962903,0.01691430673497836,0.006971585996923664,0.018292388770421945,0.018524950841947153,0.010318728603464696,0.02007834334341385,0.03025436671432551,0.011750891418561856,0.01168886122338883,0.008506999169945045,0.012779277551705935,0.019372189051148365
465,0.02061163531369002,0.031552489030998034,0.025956652988240268,0.5869976389040935,0.026164920471513465,0.020637881855296702,0.02284314044310491,0.025442137147584584,0.0358795109178431,0.01055640719636991,0.019917278558846046,0.026371113041588373,0.012705060238593599,0.030301622650110892,0.009589871039437486,0.011651210140752669,0.016859645314068368,0.024323736420394478,0.020586878633595585,0.021051169693877977
466,0.009669864987204105,0.026916662964349924,0.013468964251796445,0.016578533197756484,0.610302044415854,0.006538881891491768,0.01407675881222501,0.018791654157814856,0.01861257513714661,0.023894501847402078,0.018304924634750117,0.015974055676316185,0.008358241627678547,0.019690255938635094,0.006373860826509187,0.024555163144428783,0.010444750289287473,0.01709887312630155,0.09578009836501132,0.024569334708040378
467,0.012827759725098175,0.021012566489411914,0.025405138776608046,0.040572989736949984,0.02194965209949939,0.5808726346586387,0.021260844797390845,0.023004457889612962,0.02150373593829777,0.00812492404134701,0.01788657188588304,0.02354420164079704,0.013182961863591006,0.02260693053692675,0.035052894398750124,0.009787155473756496,0.016207306444776883,0.015010878524501435,0.04063708065241981,0.029549314425742605
468,0.006467399386596972,0.009038257267418788,0.007186257083304895,0.013215221589374946,0.011734275675499105,0.0036691152866177392,0.05326723307388872,0.10570537282639587,0.13287360402826623,0.04603569011415446,0.023519993731093796,0.03366865970855403,0.002694068003453972,0.02074860622233025,0.1181510833603958,0.0655034433058125,0.1056723651971952,0.15244277072588355,0.005323284415243602,0.08308329899851957
469,0.684619551054498,0.01381180419299109,0.016080977174191418,0.029017674522515264,0.014286633213479075,0.007583282560589498,0.014081093676560942,0.019636152283259527,0.019298130136664832,0.006961987960761619,0.016435921510109835,0.020212725005395907,0.008233798943921535,0.017960758865126485,0.007653957005505435,0.02589170778991659,0.03508491529140041,0.019384173195283984,0.010776631320540237,0.012988124297288286
470,0.007240999467796023,0.01660403722829083,0.009743433353963661,0.043655501477098214,0.010290811595281618,0.004692318342485654,0.010579050618018962,0.021450939840586828,0.5690718615406339,0.00536856665992875,0.014743850155516653,0.02810187881871656,0.005208329412177433,0.027575229723177858,0.12046520997457888,0.0040297522405575515,0.051061704457979605,0.032833927999760384,0.007900416617953238,0.009382180475497348
471,0.013318982857593432,0.040503871388905856,0.051172078191412756,0.020656302809326354,0.0272962562713697,0.5501738552826474,0.021694104878922937,0.024321308643947003,0.03300800341328323,0.011514323749431182,0.027525613949709222,0.028000792794726295,0.009304747322325642,0.020547313105633968,0.014401857257127075,0.03511407792455907,0.013176043331113642,0.01589574842009965,0.018483830097705177,0.023890888310160435
472,0.012734247762617492,0.028788900562334355,0.017426832208118078,0.016835080562787656,0.026138667778448064,0.024996031894105115,0.016648127594737806,0.03992573809871728,0.01981363075433887,0.00926299328016098,0.021017684208613982,0.03393175818559678,0.007926054429389347,0.017086906414185907,0.012319957404492534,0.6222481167488784,0.028370610972141053,0.008686485245174456,0.014449501182338549,0.021392674712823367
473,0.007117258340023025,0.06046875853428524,0.017495066570010733,0.017505081112079747,0.021082930589632533,0.007471645985109627,0.028563277211064553,0.02106680307121178,0.018498857535594333,0.019022687293516805,0.020565703358244525,0.01971665705619109,0.017293228862398514,0.017267364213062335,0.6264229571344546,0.02760665028262765,0.010531725749072523,0.008924573217350263,0.011407566752932835,0.02197120713113725
474,0.4240423211995574,0.1542857813012691,0.018371964499380545,0.011671443331108372,0.00887784497427853,0.004092141449697475,0.010244009701552413,0.020612995691008457,0.01627152121610823,0.012875985097759043,0.018384971441219155,0.011503021160087593,0.007828696459078967,0.20199253164452732,0.004461946734912694,0.009447322522494384,0.02345013975759683,0.015765420930563115,0.013941745160691124,0.011878195727109249
475,0.015892487662035253,0.015606879503484649,0.016982492934732762,0.018556718508191922,0.03093900182633647,0.008652428799585785,0.015019963750367599,0.5978333093096112,0.02174304660983233,0.013470367919956901,0.025491626617665995,0.055259924303826535,0.007242412026760234,0.020357464114913133,0.007029951466757874,0.018023242031322616,0.04405366244708104,0.028417164184767838,0.02157952689824413,0.017848329084525806
476,0.010680858837607768,0.04099870200582128,0.015935808438145786,0.013973199574358657,0.016340595708544924,0.01333964346388132,0.01723438234020496,0.023990677243933754,0.016673754685663816,0.017098298244581544,0.012992851077366684,0.023232375584452986,0.007684227348891391,0.015189464746558218,0.027766362433077025,0.008743394037254075,0.009435335643112032,0.008943048680532978,0.6800656077769632,0.019681412129047667
477,0.005647658959190471,0.029617777621415844,0.00893057379356793,0.009372541371867455,0.3091171208641923,0.004273731522023971,0.04541456598967344,0.010269533747048318,0.01659744889533522,0.0041030144881124145,0.013545268255544729,0.018232076923901996,0.004162888496032912,0.0138158493992373,0.005208267488446296,0.006981698580520804,0.006150434674888516,0.0046395761113857655,0.010775187683397401,0.4731447851342169
478,0.007948591239018083,0.014725198370495908,0.017696322032004497,0.014538154669995742,0.017643111597322167,0.009151635010160553,0.012181070891469928,0.03073957328422236,0.02456180882891838,0.015529035621773227,0.6684578352551324,0.015209047373588873,0.005665818654730256,0.014518477786090922,0.024500141241716778,0.006329243537667516,0.04074486365855956,0.0333443837938256,0.012052389717465079,0.014463297435842237
479,0.01501443418522227,0.0320747104827861,0.021562100167527586,0.020156419959176154,0.028775939368947928,0.01897994151766794,0.021255707287702374,0.025255368358744104,0.02051092110813239,0.022410862853635496,0.02108045195674405,0.020493238432189757,0.010022870737924848,0.030496705489521613,0.02504230040191674,0.008133962172264328,0.012857322870148001,0.013137751854732975,0.5988222453140116,0.03391674548100374
480,0.013404153611945295,0.02595923441217204,0.019857635877050982,0.02408870925986911,0.03936647197915758,0.013775285469859537,0.01833044228330574,0.030489419976574884,0.01849650621753787,0.509471599843966,0.053956779834437855,0.020392581485927118,0.01155501610595079,0.017201821014232756,0.010210972598996067,0.05090520498581713,0.011201303861624046,0.040417767266568164,0.05251011442941512,0.018408979485592027
481,0.013901645266613865,0.028659540949468876,0.02385056732234245,0.0605258076818127,0.026233513979226103,0.5819840600201877,0.017539418321934872,0.02308013490058101,0.01698425903930316,0.011275852241879283,0.01914325775110796,0.017787641587364626,0.005988269041647635,0.021478895424856658,0.0353679535391094,0.01088166661350834,0.010558282715913048,0.027191469815643732,0.024315706973987813,0.02325205681351085
482,0.3489598553549997,0.027632116034703818,0.02327309152869206,0.01790731856608338,0.015101377447630576,0.010000852705972603,0.013917193994908136,0.019024561853864832,0.017704128457052475,0.006498302330118111,0.017052427616390184,0.014728364673542362,0.009020310874844707,0.016497966459999916,0.0069252429525401326,0.35480560157432617,0.028126421368875314,0.019212240312798667,0.017113406316988055,0.016499219575668814
483,0.01127638328037745,0.021491265007458234,0.022335285277318633,0.022661869895913723,0.02025378346673254,0.033498466279895944,0.018618498385595376,0.03975562872119646,0.04741247510677842,0.009009667126111853,0.014710853023160745,0.01681461429586571,0.01088208234687891,0.018468357148559923,0.6108482195189767,0.01596080560935745,0.011354672561668985,0.011252065616849273,0.024907130226411407,0.018487877104892147
484,0.013058153770714035,0.022689489946580824,0.01856835268044033,0.018501962169837,0.517543837927202,0.01187832580557962,0.02031695218580937,0.023063004557688855,0.02288126944201871,0.0509490211232673,0.019672967117496692,0.022039061335854686,0.018724567069395254,0.025957898469534932,0.008324035624714609,0.031353280567848765,0.014779110350177834,0.028021510311235103,0.019221042881788646,0.09245615666281544
485,0.018146072210425468,0.026681411037795828,0.028961101229991824,0.027191307876698628,0.04341581944911935,0.01625166227082793,0.03141517991729375,0.034449516579660285,0.02906035596799467,0.45826170561289503,0.046545457378290876,0.03056988532100048,0.022380160669829313,0.02877196430151911,0.013385984446331855,0.03485725169640289,0.023392353662051224,0.0249210039029464,0.02686783245757626,0.03447397401134883
486,0.027193560915562274,0.02640349407557153,0.046339339488227056,0.5243698406553682,0.030843522352127725,0.048979877673384443,0.02244682453254222,0.029052022253282125,0.03441373462948688,0.016212031092085178,0.018732161510887562,0.02354776871587726,0.01546093692181986,0.03150194722726221,0.012296716064600602,0.010826054285413967,0.013002261115254021,0.02417296099643797,0.017324003030368965,0.02688094246443984
487,0.014671633843319001,0.04175347821974099,0.02234794736706673,0.024371510488100646,0.4691887557707662,0.017760103614557,0.020557025996045294,0.04608285566185133,0.024143748170349547,0.05198011589538016,0.023468611331979805,0.026858166508670334,0.01146634927091976,0.023562181523753296,0.0134971428466819,0.052581418484267416,0.014482191936825923,0.032374030986858045,0.022095306319800986,0.04675742576306562
488,0.03321227781327758,0.03216668184511818,0.043536586742140206,0.48763435560789664,0.03941816697948766,0.03596017664299631,0.02165077739022991,0.026623740640094814,0.05685842438473541,0.015029385380284586,0.023671240048333025,0.016795619116533902,0.015276920434934171,0.023569038789945502,0.012191393320827394,0.014000752562543803,0.012552023607857536,0.03537156452761569,0.0268444855708292,0.027636388594318505
489,0.4923281666141668,0.07788758888997419,0.04537653046711104,0.02236484947440892,0.02854159045107285,0.019468240663153585,0.013960866388661933,0.019806654052068405,0.022744991462827092,0.010205792457239708,0.019693339054703354,0.01722117443349015,0.010723357403302358,0.015959562630103875,0.007670535029818813,0.061051653800526025,0.04531024984152917,0.028587534184430063,0.020791332273133983,0.020305990428277732
490,0.011988543642846313,0.025957332283418566,0.023882425843642238,0.025633994363371004,0.04451462180344332,0.012503065614610176,0.032571055102452444,0.05887651889598794,0.02091720762832945,0.482251441651953,0.053361846331229756,0.021856492024788843,0.04265749270806535,0.01754230928612166,0.04529691272841512,0.011368123269700955,0.01105811898607279,0.015257143521463396,0.023449766188614645,0.0190555881254731
491,0.02218194360944992,0.030395022462620352,0.026031571807222303,0.04708800664197338,0.032237345857474724,0.5205273423799742,0.025950843989599445,0.028018291537579173,0.024066675769769553,0.01396627419843357,0.023461405730125413,0.022173787706210573,0.01854549345246066,0.022938756449391296,0.03816325848341764,0.0133302702282321,0.01560271249478728,0.020789509955389196,0.02401626460885822,0.03051522263703106
492,0.012408166623097674,0.04334605290589547,0.02306970886616419,0.03153877767186208,0.544375869825639,0.019765329352361163,0.014007772240506505,0.028115854317037326,0.025632955046620536,0.03718374861325129,0.027804593716843334,0.021867704074857622,0.006068507706141937,0.017722363387719594,0.009639347897240047,0.031132505842927427,0.009132705744624674,0.03416714457038709,0.024641101013180535,0.038379790583642444
493,0.017031383403024198,0.023338432369910195,0.02650053589977397,0.024438380939917664,0.044427172618519056,0.018402009516671747,0.022904916346906275,0.04188019249754413,0.02466835263999999,0.5202526812351419,0.03721689300892844,0.02502383396841315,0.01695665685208625,0.017548044303248498,0.01182747601762234,0.030905821288559534,0.014023963246630558,0.02448816721566487,0.038024995892841834,0.020140090738595334
494,0.01782968063391395,0.02797239747415825,0.03491695069639491,0.036716263945454734,0.024551477633718333,0.03077896891575048,0.022862308800245146,0.028297381109691464,0.03638955394343176,0.014387293974767913,0.027659115679541452,0.45115701364151145,0.011220740516884676,0.03866314288909762,0.018180415045378068,0.04889545565122961,0.03924252233932463,0.025247191297360732,0.030565640594913793,0.03446648521723106
495,0.04509252001214303,0.017796343857861673,0.024345236432617646,0.5382357053486675,0.02098420656273373,0.023456749403901443,0.01606357238783658,0.017184862695467703,0.03653104368043057,0.007611761584852327,0.018652820338955736,0.013443031517962759,0.009811980992797833,0.11000600542133794,0.008254896355391996,0.012916411994771232,0.009598285635185232,0.03213054080897015,0.018524372877056713,0.01935965209105824
496,0.018946915084300523,0.02343649428408205,0.5498984943058441,0.04967222801552259,0.01921327576767317,0.022669997454864477,0.018783691697488614,0.016454706440347418,0.024223597058922724,0.010578982105199858,0.026137935352621572,0.0481737544104694,0.008181784958138138,0.023964505112938104,0.010873053388392001,0.010213174069984723,0.012362659480061747,0.024410782121578784,0.02351082506894092,0.058293143822628984
497,0.01207641340945731,0.04428074467603621,0.01979127883554963,0.030354677517454746,0.02535330608188757,0.04365454197882992,0.46285739928141706,0.02115465180794669,0.06310816165376529,0.01569401638304296,0.01841660291734715,0.03192338797573722,0.023337299796016647,0.041987035677632324,0.05690323555388337,0.013241632377170897,0.009472252439567716,0.018017363557138143,0.024121903195306257,0.024254094884812893
498,0.015721541019905447,0.04686532766054163,0.0201809742977603,0.021631319893107293,0.015210094069229255,0.018256363100977818,0.020138324203189357,0.01519954451785533,0.02199234763241564,0.01723148757045918,0.015744154077705814,0.018735489325459334,0.009200511275957153,0.018893320256614898,0.03051470201818828,0.010165025960470045,0.008694098345536763,0.013884838210647349,0.6444749135935063,0.017265622970472818
499,0.009512178136934925,0.019557291329517616,0.015127841055532864,0.01184602704135018,0.019750301935946516,0.007332612642335721,0.008686647004187037,0.027092610076581623,0.026134445380818088,0.42509730429867226,0.3111916742442564,0.008711068863368367,0.007412471832529304,0.01096754520381007,0.009829039821330493,0.006869667343691422,0.021099526814112885,0.03004146031389547,0.012828183189397921,0.010912103471730822
500,0.12369374493447527,0.10457476062212191,0.04726928251321224,0.08973979970507628,0.00154878969217479,0.03765087171487978,0.07044315742992548,0.013777783088640945,0.06758722355820068,0.0016991008222141035,0.0509284227025393,0.061203274787394756,0.0008454589276039324,0.08662085610892362,0.038573496377403683,0.07928551914328887,0.06052055289951818,0.05945519259295906,0.001914644038068906,0.00266806834137822
501,0.010079263300835318,0.016805782164048794,0.019879460617614083,0.030438167932242063,0.016999618346448687,0.019536529178481147,0.01572248937939456,0.05080962699909944,0.04019018346492408,0.007433111181430498,0.01836309965792048,0.019940236083974782,0.005656331734766867,0.01735464296554021,0.6208554786198389,0.031475119446075735,0.0099372214922922,0.013570363090812521,0.019686594182709866,0.015266680161549763
502,0.07132393388570225,0.0413961389607085,0.1439297241422912,0.10432060536098875,0.009308512533681718,0.030924332097650182,0.0566752740374843,0.02673924794267817,0.019718579021298772,0.030548401630240935,0.03223070426980091,0.05521978099932448,0.0353154999140135,0.07639269872505566,0.022008741596517473,0.09719716068220129,0.06254808066894225,0.05694024342226537,0.008151389868021408,0.019110950241132893
503,0.016335562467843446,0.07451449581318019,0.017549321262527333,0.017686207676469085,0.017173388674711677,0.015243990215150426,0.02534578632762843,0.027706094795282455,0.026760700373517743,0.005172279183308645,0.03334311436967331,0.3734105442208337,0.005287837164059059,0.020303037903508788,0.006407745928638692,0.028003100532772912,0.21000810623476393,0.031800148521322964,0.015294027595928752,0.03265451073887863
504,0.02198115890879318,0.3235912082586269,0.017051125736566298,0.014432669273352475,0.013664440468393269,0.009308425055478598,0.012790028532332515,0.015774175113799176,0.014558792442696053,0.037216995062592455,0.017855706840926123,0.012926919659499417,0.02775146093619615,0.01856998205796478,0.006527496096607008,0.377003493073615,0.019042114705831285,0.00838530878852876,0.019305223418874435,0.012263275569326057
505,0.10252848847790264,0.023203069744230264,0.021523098327165858,0.03966948309926356,0.01898533829130861,0.5406385216008482,0.012383114719942787,0.016443042533433053,0.022308513201391832,0.0076558704626187935,0.029273248896943178,0.019688493552788525,0.006853976345669514,0.02037416418470153,0.027344454218713454,0.008930661695977574,0.00968227959881845,0.0326737716802118,0.0197778301596189,0.020062579208451437
506,0.24731642981835011,0.02287664779411373,0.0344188147266298,0.021515872427696484,0.015587922919604652,0.4568042366928025,0.013443566909967994,0.015744379057564057,0.013943784623913552,0.006738936697046709,0.015845584055222833,0.011988955877307106,0.005979624894007231,0.015500609620394077,0.006054212889946074,0.041834179268538434,0.008086085611440324,0.01735434028781195,0.013900670244008545,0.015065145583633833
507,0.017533513679578252,0.020748292320110138,0.023595439995480205,0.04651334792988058,0.02033404242823429,0.5703132480842207,0.017926642948707595,0.022823114524867256,0.023902718482664554,0.012455529006911154,0.026934538410605325,0.01742200001228769,0.010491410173876661,0.024597983949306373,0.04118039968317488,0.009123189673409181,0.011769860331557877,0.04190506680812552,0.022895197160183015,0.017534464396818845
508,0.03423520720925262,0.10376488961868562,0.03148760585488689,0.01997243787065413,0.037753334142620616,0.016891637295708712,0.011664453643506866,0.02455966848208689,0.017879235956217484,0.013912838134246578,0.02064096125735611,0.01627181449788491,0.007450324425469316,0.015019070461239889,0.009767366471177636,0.007343438760812164,0.046893831425880626,0.5287755973875929,0.01928459314385229,0.01643169396086777
509,0.015447414639625493,0.08182770553949494,0.033731106130373036,0.5198412814289346,0.015400450837198612,0.08680344950304163,0.009941141393713823,0.015221790989352247,0.040781420994833846,0.006450069158432382,0.01774356623955874,0.015734737032073485,0.005257584780817125,0.01988127676176189,0.0052873743472160095,0.04135965069947339,0.008603080641095762,0.03185084256712628,0.01746063182763333,0.01137542448824348
510,0.021424907888301453,0.018470525988819132,0.01912597831886585,0.06018091826054556,0.023438627062113814,0.5501824965747409,0.014782461874869998,0.02047666864425275,0.02078519562488632,0.007617471640105826,0.021348841830683238,0.02080762557096485,0.008536931860111723,0.014989149375099625,0.036928458718615734,0.0720233886110555,0.009689260233299695,0.013939878904255895,0.023866224307514547,0.02138498871089751
511,0.03446439883753886,0.10270421026469319,0.011449088378794164,0.010450226612884266,0.07506025844413249,0.004204723498043479,0.026712956518476192,0.03363728234774232,0.022868122064664393,0.19580207601435107,0.11745868262447216,0.04488319390735803,0.003668821317925728,0.10396634740394618,0.005767575160184256,0.041888542074287716,0.033301594439730735,0.017333775299562437,0.04929719513047335,0.06508092966073899
512,0.06516530074591322,0.015219411071349642,0.01642388050884776,0.0336416120569473,0.017871322338436454,0.48264479154946965,0.010512877522039311,0.01842946340532237,0.012933826995348424,0.006794027191330504,0.01745634643150926,0.01914879581559652,0.07723605315377528,0.01398947379996014,0.03610407743556781,0.08938315758283237,0.007238067181312836,0.031245251643746818,0.01601927226067493,0.012542991310019415
513,0.0020148908065554887,0.005241707751913811,0.00603922770657327,0.006562659581611813,0.024219500776778046,0.0016942295934161628,0.003134998603754203,0.46280527386165976,0.005327841693185186,0.08177461791102732,0.03624600203911012,0.003240742947138785,0.0017247424238182275,0.004285957850279924,0.0017084429279205806,0.00965194404355922,0.011765287919568282,0.31947860647050436,0.008617198202625633,0.004466126888999832
514,0.10681450157866527,0.11038404135947794,0.014258603352312825,0.019409985305762486,0.005466665379799006,0.002683187644349022,0.016161383165226237,0.012348135840269928,0.034754588630875,0.0016321860361264609,0.016654830336502845,0.04503960443199275,0.20374105909113463,0.04207567560102404,0.0034097085546620372,0.1276510793807952,0.11822060645270031,0.049473835024400746,0.0034918122038936038,0.06632851063002965
515,0.031134412491276343,0.036992504450367725,0.015350317959890974,0.021690971886319816,0.01948381907965577,0.029113780945980782,0.016977315675163935,0.02533655937790509,0.20972875204022187,0.006421690177910955,0.022128758123317483,0.010484392341315471,0.005465446234699078,0.03765506133608364,0.3811334267044025,0.033136064034327804,0.017559074327125133,0.008341287080532007,0.01333102785966279,0.058535337873840854
516,0.0041499293038774684,0.009878253747474263,0.008104435453898223,0.007383351250722588,0.023406218976841708,0.004527367767918939,0.044563716349145334,0.09509907210205826,0.006981903845004872,0.25506596067950194,0.4012270255370485,0.006177012847130979,0.03380830276749478,0.005662630571298966,0.009602999271053153,0.003695592637159418,0.003490972779792847,0.055222474170042446,0.011276601095702535,0.010676178846832828
517,0.018936983855946814,0.01967452833115353,0.01748785758795384,0.035637964801300964,0.019905175447734836,0.6699781710820113,0.017130747925486627,0.019823524395817704,0.018197767915754837,0.007450468771693682,0.016344765428714873,0.017228761124217173,0.011371578222578555,0.016645592225499335,0.019104776532947527,0.00814570973638097,0.012463889262616594,0.0166528456273158,0.020323906814806635,0.017494984910068376
518,0.015424495209417346,0.04976415088292202,0.03143990849151589,0.021347210483978904,0.06012492933511036,0.009679233596575207,0.03651908276639015,0.02044456410703373,0.01756627045864184,0.007649233900908765,0.01947429205037492,0.040106869634856136,0.0534566404503082,0.01703618839718251,0.007457882636469296,0.02086145287742354,0.01328510386025336,0.011096733134705543,0.027259068289350374,0.5200066894365819
519,0.010741539107933662,0.11496384329216347,0.014019819732236956,0.01217071858921795,0.02711570538292298,0.0056750950843848244,0.010163224634793548,0.41260767702558,0.011413542270204602,0.11360762167033793,0.021418829708331828,0.027312218606427033,0.004013149251819359,0.008863893018681634,0.0035828567475697927,0.00966458776579088,0.030729400589577946,0.14091851413092382,0.009780441325175344,0.011237322065926467
520,0.0037749256527825057,0.008907142959833874,0.005322436473369365,0.008506644320947315,0.010568025829539042,0.003549966169029748,0.005997352774573433,0.44720061187751364,0.005484059420863885,0.31281275568827815,0.11142048548452477,0.0051787370751524,0.015890805203104475,0.017023567712459543,0.0051916338903068284,0.004146736075137918,0.0029013575051245826,0.013015178379964493,0.007705779465129435,0.00540179804236457
521,0.0281899390229908,0.08109070750225449,0.036049795487007825,0.43855744110721046,0.011211256281942973,0.0487020732662462,0.016000024663960173,0.010311197177684086,0.026288582570459105,0.007627288486121388,0.06876754137602921,0.008908961758131344,0.004272904927081759,0.1391709549513772,0.003040075610038487,0.009746918125537534,0.004441485662594453,0.016587549544374386,0.012018772556797402,0.029016529922160663
522,0.07279670330559307,0.01884121166142892,0.07983013218241851,0.1584744526496782,0.006228924503132832,0.07550963301177628,0.04398670490430637,0.016151321014526394,0.05925110754178293,0.008422515649039517,0.03106756341063544,0.06952653253634133,0.002098438307956012,0.1402466997557471,0.03840266921723313,0.0902648501678811,0.06986209240187198,0.009640191585660906,0.004729603611904002,0.004668652581085978
523,0.0037326503696920505,0.00393336864854421,0.004113980443815471,0.0041746278283153046,0.0033932275688531043,0.0018459715422119484,0.0020686630463121053,0.34524161985405044,0.0022904551650007117,0.24131946582508337,0.060572578783424945,0.0025067578834297947,0.0014148779529475416,0.0025570097499306925,0.0016451047802467872,0.0012686774583003883,0.005406025167276233,0.30549946027677627,0.004275365520427079,0.0027401121353615512
524,0.06216330206315266,0.027217859823261175,0.08614625603186943,0.05080809276374774,0.028378654805761187,0.009878354370165895,0.06422396284028666,0.02021627086292121,0.02511707580394838,0.003796906656333729,0.03778889435943051,0.1925943799454085,0.004691139704558458,0.09377444892175447,0.003653046412594048,0.17350615483694679,0.03615858450591595,0.010951727389911972,0.027103342621293835,0.04183154528073734
525,0.0497644118444687,0.06280338342747384,0.030575154079155915,0.06318777082589654,0.04664791232162286,0.04531856404232073,0.05061308997759819,0.018843164491963743,0.08520270542346335,0.06832796067629375,0.07017943287534574,0.049800069428073655,0.0014090396251867148,0.06755662385250993,0.06589779217467702,0.05913324164951291,0.06886079968135864,0.012792350942589995,0.016543372456322286,0.06654316020416555
526,0.030089232823199336,0.06229623320995099,0.001651212907159129,0.040415850790009804,0.07420348758541863,0.006206622175089444,0.05260310888602857,0.1597131112322626,0.0528516013154732,0.05991112711208302,0.04067306476610796,0.03100583596401882,0.0006435946931181104,0.045120455169771985,0.03590423032973319,0.03922198912180558,0.061041603176073565,0.05113694939631714,0.0681877098580059,0.08712297948837305
527,0.06329458827178171,0.06688472659515247,0.06844184759604187,0.0774607936971956,0.026493660492488375,0.027263445591197092,0.10439696110376644,0.011655238192016831,0.024267397781677403,0.019897626788488453,0.021972569974247413,0.07904494731444406,0.13122460338051248,0.059848652520613145,0.025486285622131923,0.06933034520179136,0.04150146671392943,0.013038952471371318,0.02221532263371211,0.0462805680574405
528,0.01610768243580595,0.017686907615179978,0.02408271995432616,0.03977584351447669,0.020077950321951605,0.6363763833822076,0.01751172466335466,0.01944659725979318,0.021290491564556535,0.007939066395036552,0.02158516581863561,0.02132368750716815,0.008286207957081964,0.017584306514521947,0.040497726819570604,0.007422744557603458,0.010884928660204046,0.018143494988561753,0.018376749797237177,0.015599620272726414
529,0.023475647566371893,0.015360282761812958,0.017316177107887555,0.057191187843369434,0.016187582787245056,0.6466130667603255,0.012699754187863543,0.01592665781851917,0.021581624363103843,0.005309227109491826,0.016436558186831363,0.016548480897543145,0.005647397293362993,0.01551613352062015,0.01970054585247031,0.03835884563167908,0.008909806879919964,0.01652388033320324,0.014936808215935604,0.015760334882443394
530,0.05437202400149967,0.09301234648475305,0.008072576167989572,0.03306733114819426,0.02915476062394316,0.0025303867863892293,0.10460743025175791,0.004910892358599359,0.10612952692000899,0.15124575029963858,0.13551858252018759,0.07104920542698438,0.001151110102866812,0.03457671960689596,0.06469245883241087,0.03421129011660126,0.005035483539945324,0.00378551242801098,0.005437224293643052,0.05743938808968003
531,0.009766274253405908,0.020139453057829923,0.017217962809851856,0.02105055671801374,0.036637278527978344,0.00890166142014459,0.013952202128198995,0.07309299166535874,0.03233391687037312,0.14628394951858217,0.4668000147494577,0.019717941445387115,0.005439909867611667,0.01422756085637871,0.007668007162498928,0.008118153980967055,0.03573053693636646,0.026790930248521982,0.02048314206438402,0.01564755571868902
532,0.012164300488197366,0.028115915150867293,0.056853829211370215,0.024435784499431807,0.05617941046705016,0.010886122724273221,0.045105220146189055,0.023594560434774,0.02747852038430264,0.010185510608861368,0.02251525942070011,0.028189405575192544,0.0071041980527580435,0.025031070917212423,0.008601299531693718,0.011146355786957529,0.010739532648394612,0.015062389886070384,0.020325528461247536,0.5562857856044561
533,0.5630836235522209,0.013872386842255023,0.014600982048990513,0.03057033533444789,0.013898080536712173,0.018262587806552533,0.009089989898405657,0.01849527661600885,0.013588975927413488,0.005556012681392792,0.016389304234071592,0.013383292265604675,0.003673134091724161,0.013168283061233138,0.0052644296600330405,0.1697558302008784,0.016583882329485086,0.0323082155618759,0.014787970793792767,0.013667406556901428
534,0.021685473971079224,0.024200743758921683,0.6148717294336666,0.030149993941928077,0.015129874903910287,0.05495190156205115,0.016729023231749234,0.015747443212534795,0.021527881556043498,0.006250299634550327,0.01738408647221107,0.044486075923339606,0.006507177055101042,0.017429153396950302,0.007611706963875399,0.006573184097778515,0.010033423084201446,0.023345690138303742,0.017403636031891864,0.027981501629912198
535,0.03054796560720567,0.01747016191959899,0.6435879071049428,0.030942249079716395,0.019216594768395545,0.020756878174459814,0.010040698070192837,0.016614065531114837,0.019412490807673606,0.007437154932706243,0.019733678418963656,0.052547151747003674,0.004733374037846361,0.01923690652696179,0.007675933783329532,0.0052764930608815395,0.006883787477218667,0.029820081955862016,0.0187175504460486,0.01934887654987742
536,0.02449803549225277,0.022460561878411875,0.01688197751382632,0.018207142929257077,0.021315206029798497,0.01258859341582167,0.012115490047489208,0.05769222304713087,0.018574902147896262,0.0070071228426112735,0.017721226011870154,0.03765607618291287,0.009489975938114245,0.016509121351295435,0.005941998118293392,0.01565407064014333,0.6291043961155007,0.014018964901971187,0.027448362342055086,0.015114553053347746
537,0.6335339088014685,0.013092230810220313,0.02272439924265922,0.016854294144122085,0.019151886440834067,0.008675831495787554,0.014112650327701046,0.02226140538420218,0.02057634190349184,0.007016369674505728,0.0202968521262382,0.022538111577522068,0.009550971566674324,0.01700245543708154,0.006779478542266504,0.014057699127062439,0.05055705531446227,0.04350146838233696,0.019108187817201954,0.018608401884161248
538,0.755420961305429,0.0043695263406961365,0.005620891440773376,0.00368790465252803,0.0026712782354854463,0.13133950614164172,0.0017216035877256062,0.0033416310218725687,0.004740051129420306,0.0010653981315605274,0.003759815843050286,0.002355884581995897,0.0007603194305901053,0.003060264606071448,0.05472200077925778,0.007350309908962865,0.0018261002954025963,0.005623022974605593,0.0040466909193897045,0.002516838673540909
539,0.010120561554734576,0.029952104521016137,0.021372785156472784,0.018220629728804807,0.022256964231600507,0.03821212880171859,0.011697417443173347,0.019090317828331257,0.018316022561202367,0.009661547127983425,0.01629712040814064,0.018464447142388696,0.005180868967880471,0.01284771643595773,0.021171020256420304,0.009245363175758593,0.007707099626655876,0.01157182244445537,0.6804306848260882,0.018183377761216434
540,0.01152614146852704,0.015228423388856301,0.6528845501520489,0.028903408065641786,0.016630535200912334,0.042890893678153956,0.007862613910590547,0.01569358595921723,0.02438633170717824,0.0059320772494626806,0.024118736099214375,0.029320470589268316,0.003403662959436213,0.01952214688915114,0.007791267718396214,0.005271487587866708,0.005339424039418682,0.03461997638159027,0.02486603253449222,0.023808234420576915
541,0.038093252337839854,0.020087406483955055,0.02149734211666422,0.027358520252915797,0.022315214940319465,0.01150955694677526,0.013846963230430153,0.029173059197491857,0.025023911692110865,0.00820451670781682,0.025172547603929275,0.019483350451715967,0.009701681084613096,0.03974904294406877,0.008554443909625625,0.022223361078023487,0.6051375461128277,0.012681041643482223,0.023535901939279513,0.01665133932611499
542,0.005735515480216133,0.029455329733295,0.012248844085887367,0.015044465019492506,0.014122397219379641,0.005675016033476099,0.02347540329710372,0.014947197797597516,0.2667065551042737,0.014178375298929813,0.015606022999435943,0.011763282080495091,0.004664729538074188,0.013709236378433293,0.5003408037870273,0.013014962327949117,0.005521778038566342,0.007814817021729668,0.014604420435364971,0.011370848323272675
543,0.01665716857263277,0.02048807808514103,0.02001147707656122,0.022353382638020225,0.049420580949947966,0.011137578499334813,0.014182934625624396,0.5064139890100318,0.020716444812304544,0.013755574704695482,0.04894992929631776,0.03932728940507755,0.011206140081894092,0.01718712747770919,0.00656400533953226,0.027068141413133618,0.04809727204591269,0.07014394382194529,0.016720098411596773,0.01959884373258659
544,0.004976294114925613,0.01954189033888682,0.008208052706070198,0.009517882669143368,0.009432333841633328,0.032857896884151534,0.11553074437812884,0.02802174772370448,0.007463122048484175,0.0029571560566472046,0.009477752277543041,0.023848068656705395,0.003171940075351081,0.008881656715646205,0.006653741095193487,0.2817355770411098,0.4072556348155827,0.004667718312180671,0.008665214267452004,0.007135575981460162
545,0.027636900112722785,0.021334150876234848,0.003906789529035131,0.019776362598282225,0.007522302288524009,0.004177077817260893,0.01727375789218689,0.13082460197775223,0.1686779518513654,0.015676518797131157,0.059894999686838334,0.007586777239935187,0.0009471820747003921,0.051543623668116774,0.2609562713515325,0.11301347574201266,0.05712634124600514,0.023343792544419442,0.004182858147081134,0.004598264558862838
546,0.02714590970003188,0.03616012659579476,0.012322191679590396,0.007037304382283366,0.2956203734248905,0.0036742919119227284,0.06324779836686983,0.011206399339262948,0.004975869991571287,0.03173208049203165,0.008957469458268925,0.00541332819974627,0.0012731346674157663,0.007673221850127379,0.002366626847353072,0.012199612599723728,0.007510086523854444,0.01694680332235402,0.22129359574775886,0.22324377489914815
