site,A,C,D,E,F,G,H,I,K,L,M,N,P,Q,R,S,T,V,W,Y
451,0.012937508381918936,0.46037682455645945,0.02734125042225546,0.02713397727860194,0.033746133689840925,0.010381848565048814,0.03708228907290123,0.08409308329244643,0.057420097943946036,0.01121131503235904,0.03663308692647985,0.05636852761474845,0.011187775629773087,0.027229688887842312,0.011799656245089057,0.027012584107485093,0.021370472631509305,0.013306566563796867,0.015988767725190124,0.017378545432307668
452,0.053287799543213714,0.021224530397831076,0.03155529891228007,0.03529583356565339,0.02406927133979804,0.005071232287267536,0.024235131753930345,0.21530064368111348,0.02467340646793612,0.004998331467739738,0.02251085861673,0.03302850418001933,0.009388819020714508,0.021172870760862276,0.004925775948876641,0.0070790578076050615,0.010342813109196056,0.40497078439918605,0.017299632512902587,0.029569404227144023
453,0.016080962884360037,0.007488160566683257,0.03873692159674184,0.023957419677509733,0.026637186186605485,0.007602083858011913,0.026784300730247453,0.04180734452966924,0.04811502549452199,0.010466792975717247,0.043347131620180473,0.02878434609887622,0.01792340675162259,0.0401010234784717,0.010714593317338117,0.00931981855311665,0.03342250855760465,0.011782647173368042,0.021656455340375136,0.5352718706089783
454,0.013104533586858093,0.02918312656488033,0.024965237027211918,0.036070748002717916,0.035011207151820455,0.009642785174160305,0.03687661929703142,0.07098425335138064,0.027700041644817295,0.010744058192802873,0.039395804826864014,0.49912747877619984,0.01202177799076447,0.03616267238769206,0.009912316041615117,0.007057339414400438,0.0310704473710358,0.011773837765107577,0.029950125068731747,0.029245590363907673
455,0.013451725964943201,0.033470275973875134,0.03599539341168117,0.028251437705033366,0.025200164853889966,0.008350578058063912,0.037032413429869744,0.09713681805653264,0.04277198434923679,0.011116682224601252,0.45981467772615686,0.04598889980084919,0.014316208554900412,0.041954833041796806,0.007412029173022594,0.010765411842165945,0.011679964686658615,0.0034245060416625926,0.018807463234645133,0.053058531870414656
456,0.015197112563363466,0.02441452923668891,0.03216857604952684,0.0321533115359797,0.04945785071960946,0.009474274783312803,0.04293440926030587,0.03129356876327401,0.059913128753366456,0.00951001059210834,0.4831459201496955,0.04543658094558555,0.014066687054748976,0.03133658664305896,0.010919060442549694,0.014377645633391077,0.012012808704044397,0.020923027765044348,0.024245933421662747,0.03701897698268288
457,0.011959824577166772,0.019671235518938023,0.02923201587799427,0.04777032400657266,0.02704096180505697,0.5153216076370596,0.032018818252522105,0.03338047926811991,0.04010571717615225,0.008478914433324512,0.03182743932998177,0.0394410432439694,0.010847417403411353,0.041166633078313225,0.010116294187190941,0.009940741285301492,0.013868486771814174,0.023090361608984505,0.015108573160373015,0.03961311137775311
458,0.010470082634191443,0.018073300377772942,0.030482889115726507,0.03843413448587813,0.01736077089488885,0.008875443964584897,0.021779865722024037,0.04165013356472939,0.5702630833252839,0.006945447988500935,0.023387623273996776,0.024072314391540593,0.009017263521097928,0.07724953359827495,0.01646761636089911,0.007917181078603836,0.026423926925846445,0.009559626728676345,0.01801326592991646,0.023556496117566467
459,0.011013341964372633,0.025748029130653216,0.03132363524196518,0.021465528500957825,0.027221500213126734,0.01714676085741989,0.026042974715164036,0.10701047582862493,0.048295673540698615,0.007829255045896715,0.0214477068201212,0.044583637194423244,0.009736591949942782,0.02660160490296346,0.5046301403984333,0.00942657460480144,0.013513464133564898,0.009081654204475605,0.012622089706335743,0.02525936104605864
460,0.022265772719322858,0.028508759485457457,0.04697243636353917,0.43719005862969057,0.029628647574162226,0.010860629931523544,0.031053537512458994,0.028675438906751935,0.17092389570270805,0.00897952639689698,0.024377598417103213,0.030087721151532697,0.012740331806993195,0.026751827638042718,0.008104913761795606,0.00935273113925922,0.015311730601344428,0.011485948544291599,0.018047691005650988,0.028680802711474593
461,0.013121585549343019,0.020112598873308487,0.03404817356171763,0.0050918123819830375,0.017755756726659508,0.008197740192550968,0.02157395471912905,0.02246142502329176,0.5748063488015638,0.006802967267586792,0.01706622748169162,0.10102968532934879,0.010536371982856582,0.02971280577639605,0.03258561779945016,0.008049955323297301,0.03131222750312015,0.00900543572171379,0.014727362696985486,0.02200194728800617
462,0.01373483108317901,0.02221505884253959,0.036502124863337586,0.00976037303229655,0.024671305681904888,0.014137757400816825,0.026780619367342703,0.02742753630462298,0.5528909740126827,0.007173411882312856,0.016344595972351203,0.030258140044487156,0.012269937671933287,0.03794678366630672,0.09924723074153018,0.007281251871594623,0.010632883032170096,0.012604867853222596,0.015390853910285912,0.02272946276508245
463,0.0525293226346433,0.010202886296998113,0.00947126036772475,0.0764936002106844,0.006769060151842137,0.0020276057834162356,0.013014074391372575,0.0890598873047368,0.012935153390303697,0.11291753970735789,0.25786063523075625,0.0072034912335815675,0.12178752942674752,0.0801549017567857,0.003820915926505011,0.01057862374119723,0.030180119398673443,0.06277765760884994,0.005653393373888034,0.03456234206393532
464,0.06703097631133337,0.030112352924213145,0.027157056729540514,0.029492389667570628,0.037014092200271,0.4690115387515132,0.03664148619551109,0.031190970261668158,0.027597998255592948,0.008455569083223485,0.032227577461130426,0.033150333020703714,0.01500965773175966,0.03757545188053628,0.022606680913317384,0.01223677696644065,0.015873668837202985,0.010017526629389482,0.019455775757187144,0.038142120421894736
465,0.02062408279894673,0.08877125393985912,0.040815655873436336,0.406630574869578,0.055197045568655796,0.002087095540158295,0.04136263764622155,0.05357019466000552,0.012609318589722031,0.012608191520566204,0.03345150068895389,0.05239916647961251,0.016942356441137663,0.02711187208724537,0.011471616672998427,0.014704237882190779,0.02480387930225211,0.016413787069289414,0.03287091476936961,0.035554617599800574
466,0.013509246585977101,0.025921370472861638,0.02083073303335822,0.0285671530932885,0.5032520884409698,0.00890546812947016,0.02205902754052114,0.02140125178631592,0.035236897673220156,0.03854280680967475,0.03414203860285142,0.02695351816272412,0.011337773368620576,0.038642080269965025,0.008379251024320751,0.017264017830359416,0.015422786279681362,0.014339425102738829,0.09378083372127144,0.021512232071809568
467,0.011570707843794237,0.036411066559226705,0.050352696514119215,0.0372125276472716,0.03730750789801543,0.40426377827451726,0.0384625468270731,0.040517453310724365,0.03723193887944062,0.009271164633412115,0.026658956886183072,0.04306687545300255,0.017891423224749094,0.040069262398875254,0.02802346231447792,0.011789639266929823,0.023589479604362935,0.006657307701999841,0.024748197799386824,0.07490400696243801
468,0.006571634026573373,0.017458731642466696,0.018712770006180827,0.0026385494814770804,0.018467439979756663,0.004822549571790674,0.053276251192986346,0.0767064479088359,0.1862353329271651,0.028842542154963336,0.022019118058017418,0.012651214289793678,0.005941137398160032,0.05523112783622478,0.14221153168110756,0.06089050322891084,0.10544881726576845,0.10663456829118186,0.01213972490762117,0.06310000815101824
469,0.5420005798063864,0.021616389095694327,0.0253943400550966,0.033303873530909356,0.022122690981119613,0.007021814732523296,0.021692264195332073,0.039687298852566395,0.03787687474357513,0.009248098390429347,0.027202524975383554,0.03701255863081563,0.010298755276626975,0.0325254955445569,0.009657337622543791,0.025230578673664406,0.02470505216867157,0.037905373911640755,0.015318909721766404,0.02017918909069748
470,0.0119532420235579,0.023211959642757976,0.01681598904765304,0.02601228370380121,0.01767415228652605,0.007765880193944918,0.019202672666821446,0.018855197567850302,0.5480073961365116,0.005359395781586389,0.015189502273526124,0.01926126670845732,0.00802763052147285,0.018339835919756606,0.15407481869600342,0.006100576174565223,0.03729168752783132,0.018851045551661335,0.012404914099451866,0.015600553476263069
471,0.011257072370602443,0.042304367396913595,0.05287877486783681,0.030910938311013342,0.05599767812784665,0.3598723145144697,0.0341998001665002,0.04456700931412335,0.08626794948681449,0.01348210808598603,0.05177465056564062,0.0534245717664902,0.011055237437808863,0.03179120800103306,0.009618885621813194,0.01265266766432759,0.01689926599892786,0.0147084237479494,0.025641053406697274,0.04069602314720538
472,0.01360144703744792,0.047447711890493606,0.030445698275988465,0.027620488583215252,0.06014179673095859,0.004327552587177738,0.028545288313358157,0.04231418278519781,0.03620494407571422,0.012852661859934897,0.037197691844075405,0.017034317137397035,0.010727595528903995,0.029751140000558656,0.018221237895304873,0.49148685236193806,0.016269892435413793,0.0121393434008115,0.02293398385057926,0.040736173405530623
473,0.010233091687263197,0.04196287056533659,0.029988371014515514,0.03016780800128009,0.040005131035880805,0.005641697580023746,0.011015192459211606,0.04155977027246389,0.03354469982517738,0.00979251356991037,0.03947388983116703,0.040076704226351074,0.010577220870798284,0.03320922863672384,0.5179931762531871,0.01521818261129359,0.015569489498089445,0.013116626187379502,0.017519815839710972,0.04333452003423607
474,0.43048980207873405,0.10921819632779155,0.016407417425618725,0.021975614467289198,0.01597744317734089,0.00865565150885777,0.01968849536651453,0.02549868817871867,0.0345230935943513,0.010919384882598233,0.029999381903148364,0.021656951049823143,0.007282692561568916,0.13549607913094505,0.007145317011822662,0.010537034316183221,0.034740338437745925,0.007718737547757227,0.0290647413706477,0.0230049396625428
475,0.014702654727796171,0.025905366216668866,0.030816279262431207,0.03457303215249499,0.026766690521549744,0.012497296738075708,0.025138206145067305,0.491452349613197,0.04294993738469752,0.008850344519892773,0.028213351826706368,0.06420897349601783,0.01002680376365783,0.039540089252639916,0.009535287141719912,0.009721600412075511,0.028190787000605674,0.021521993191520396,0.04342337509573235,0.03196558153745293
476,0.014262235258569378,0.03114916090781589,0.02504393149855406,0.021522849817855808,0.026822473435473282,0.013046031822906297,0.0308646226839079,0.05058354701397758,0.027578318851734552,0.01713974337352143,0.019860952112381012,0.04732006027627822,0.00992754955981928,0.02390787061143251,0.04098791807275016,0.008183281423254385,0.013300270547652197,0.009070431638150788,0.5338488343217559,0.03557991677220937
477,0.008275540815934629,0.022338516987142315,0.009355905742821696,0.015167776487781129,0.3062598356544841,0.0060260118054056505,0.03597344039787901,0.016675405190732306,0.03152442983285061,0.005787774189346204,0.023963829072619482,0.015527257600126257,0.005792892705994756,0.023906338282839643,0.007507582481910194,0.004640314589835374,0.009052720994724907,0.006606505495996077,0.017688377304656094,0.42792954436691955
478,0.011836131666326683,0.026291553184205094,0.03331708365766179,0.023685260415694673,0.032378671721035236,0.013014981985550894,0.019337565219872916,0.01158470279670188,0.02893172235412163,0.01392745285633825,0.5753168889032343,0.026334250462470992,0.008038060628989688,0.023699542688557146,0.014606231631022662,0.008727855347417386,0.0679680170360401,0.015007791627520006,0.019645573963574716,0.026350661853663946
479,0.021390549198425802,0.026867965375709457,0.04010747346653241,0.033933738516552875,0.03567859112149974,0.020897553041522188,0.036931892395192005,0.051147453971220065,0.034598603921900686,0.022303812942233908,0.03548591255629361,0.03345349959212227,0.012475985321996024,0.044300773308813574,0.02594633898519429,0.009879271881897125,0.017592337342925982,0.01806065356798939,0.42891977794713837,0.0500278155448402
480,0.018718144859299613,0.05742878738045099,0.03436923389234827,0.04425900412977125,0.03306621837602084,0.017993450099083905,0.027687451854650644,0.04589087714301674,0.03062133966924804,0.36715598020912515,0.05287196930199769,0.03465105693418571,0.010974380167520675,0.026417338612371433,0.013569172367979406,0.04783315942182923,0.014974956568159128,0.03702758994558994,0.05293403588607179,0.0315558531812796
481,0.017435512978519873,0.057158558186697433,0.0429004485183297,0.07956398224283912,0.059606850749399455,0.3923634418174296,0.026756664674492878,0.03970935108295317,0.025736161799703283,0.014307436480147519,0.030830798188404066,0.02563965739893478,0.006567544640360121,0.03282753677970072,0.017576049718640466,0.013137166155288024,0.012462062612830537,0.023402541389731534,0.04230793816771324,0.039710296417884476
482,0.27852266601053427,0.03743285243403129,0.013178066524007893,0.03037641275560307,0.024668025570425463,0.010708725294705575,0.021575894206556024,0.03242369759896286,0.03300085644574293,0.008252341540552308,0.02779665888534591,0.02308292002366022,0.007166480868642477,0.02638900886019258,0.00877953494042165,0.3030430921720043,0.038246418325236044,0.018601661801855896,0.030306168301897276,0.02644851743962198
483,0.013473145310684305,0.03618547201440588,0.04054971533006579,0.03988697011075301,0.03353584069551457,0.05562680484569107,0.028304188792801527,0.07517942382728615,0.05958285237497468,0.010611745947575057,0.020520199517785557,0.025009675770512912,0.01285919695833626,0.027861173431648012,0.42006754874208124,0.012639696941370947,0.014271924434753662,0.014357547668131597,0.028720665004327198,0.03075621228130058
484,0.01785539058228162,0.023700819787413813,0.03351730844116559,0.030519255926568237,0.384880451911138,0.016790777542074163,0.03326868107014332,0.030755332553741358,0.04202039404775496,0.038366577791708954,0.033146743961759234,0.0408747116949003,0.014882996216096568,0.05826355720682908,0.010312294427075349,0.011279557254593002,0.022679326512647563,0.017426551860430146,0.03238962935924768,0.10706964185243106
485,0.019575440469485533,0.03979285704474225,0.04390052499209407,0.039654775577852665,0.04597576000923994,0.016513135703744786,0.05516812373998342,0.09594774167936604,0.04823413311889559,0.22435107038064983,0.041576108351732644,0.064086362935857,0.024431076058386098,0.05246558249860118,0.012222375236931272,0.007136723225154854,0.03079690632051646,0.016845763021140967,0.02107004811967936,0.10025549151594602
486,0.0330789652182044,0.05277631013363953,0.04750589550460762,0.34210328617954583,0.08136929637065239,0.023571758249517436,0.041661150855799765,0.07111950745674041,0.023836223201772404,0.022095830308112355,0.028025626161363514,0.04059026265201126,0.02009705082333647,0.030945475588278287,0.010375586822515324,0.012784634434327431,0.015943301665595835,0.01699788534870451,0.02477378990135982,0.06034816312391549
487,0.018171184703339723,0.06726907840918818,0.03858454566809174,0.0450518761590222,0.29447021959364633,0.024408095023160364,0.031245136562804667,0.043304317681893245,0.04127084502895318,0.056689172097581564,0.03900423883746077,0.05367608422439893,0.013720238175579704,0.03793067469382338,0.01716197496319786,0.061175969487477194,0.018376900625357594,0.01707533302835483,0.034764964165699845,0.04664915087096869
488,0.018856158458043434,0.0678259857536914,0.061466200089381216,0.266925449986876,0.13748309620791907,0.019217536237539728,0.03172307160979738,0.04768737114866862,0.07004998696165778,0.016133243731827836,0.03609428090511541,0.019137814285526213,0.018639857064152162,0.035311995054034574,0.012332440848095566,0.014787552099185211,0.013213217109472597,0.02177701711627005,0.044006056585960185,0.04733166874678573
489,0.3551797938121047,0.08979712268548821,0.035011663401076955,0.038362400901642106,0.06429600044188906,0.019623562422419815,0.019226984637976553,0.032887169698843664,0.04276784789601298,0.012932500978385955,0.03231656181769266,0.026792596925860692,0.009853061370405331,0.02409557282492446,0.009216919480134375,0.08222978332015708,0.02556272345271821,0.009570668407314247,0.03474057439515759,0.03553649112979537
490,0.015596715787325681,0.05706651391760518,0.042744814860551705,0.041422023753488926,0.0318607404046539,0.017572270625620504,0.020873017655715573,0.11906807373025524,0.03642453728264379,0.33410895104441446,0.04638100321703592,0.03811623191101788,0.021018624707075783,0.027893635714494772,0.02244259714910442,0.014156041942680312,0.014319699797605646,0.014523062617621922,0.0550041650867221,0.029407278794366245
491,0.0158312265733027,0.07699446496424263,0.042136774053619507,0.014023071725130953,0.07065032690540254,0.2985036575416961,0.0463281919644437,0.0592208732649343,0.036867375273074675,0.015464370278890712,0.035174985780809215,0.03461546286400032,0.023776727364797925,0.03701874476911216,0.015237919662740768,0.014337191886585684,0.017285878398206535,0.0413746878034996,0.03828748054421633,0.06687058838129352
492,0.015413276992327732,0.04248329328596157,0.04074274472261915,0.08392702045200906,0.3690220442362168,0.03089397332551458,0.01831716866861177,0.03616878525808034,0.054512434570374184,0.04441317654524024,0.058507393976943545,0.03570100272518987,0.006693138367366818,0.02629069601855792,0.011071134426351282,0.005223629307384588,0.01078632363008758,0.023335440692991233,0.04531572802750857,0.04118159477066321
493,0.023114917330097153,0.03898962923070219,0.04788448915209029,0.04637259009874737,0.1299731497149607,0.025255473555948944,0.03396192824319267,0.049662381744537354,0.04008580230643232,0.32588924928692986,0.04891087826415058,0.042447247632632884,0.014046835896682867,0.024026827034328662,0.013080360105171046,0.01138233826411364,0.01729039157583886,0.015455883419249855,0.02364907150941713,0.028520555634775666
494,0.022074255940104107,0.05400026596175894,0.014885356601062364,0.11029510285732137,0.03634521473328945,0.04183708675509673,0.01919511964196201,0.035549754217059755,0.025958439312026686,0.015309983729346867,0.04975092625494828,0.2508087838368401,0.011437436581956645,0.10836884442291995,0.022141187862182086,0.022963541068314913,0.02243123036500337,0.04143482721161653,0.07115204287911105,0.024060599768078898
495,0.027799731676721815,0.032960299269446075,0.01907562810176137,0.4544862399630267,0.04337083052212178,0.008061848493335043,0.028201896172353053,0.03196437684712811,0.02658594150468153,0.010727616301297968,0.0362970873172604,0.022527704676571014,0.014010088816734127,0.11607660495573113,0.01197874735669655,0.012948547885486711,0.01415296966476272,0.01797424829698602,0.03394108028761476,0.036858511890283184
496,0.014169083316208286,0.045514354521742795,0.37043340157951077,0.06315252487431662,0.030002542424758066,0.002724333307200205,0.01595869709149391,0.023603332175302277,0.04230051866235577,0.012792337910354662,0.05339385754209083,0.10751060701151804,0.009225776876908058,0.044988204839438634,0.012941171049877067,0.012356141841342275,0.015277589128437291,0.03590941339426496,0.04767916222557469,0.040066950227304755
497,0.016997553758444445,0.05662340165350182,0.03640608372619299,0.08156848806077253,0.04998574645009504,0.03277028580270761,0.3390055130059045,0.03930354291498132,0.05133278741919944,0.020938782458483244,0.02800460905717425,0.05917534940362393,0.011807125865891195,0.02679374317553578,0.044216743880571646,0.01141040915103221,0.013074591445459012,0.028048793274439963,0.04328609499183158,0.009250354504157407
498,0.024130344877534297,0.06859589495438899,0.0378250426124091,0.039397731695015197,0.024147109352800376,0.013927007138824693,0.03349385576643397,0.02370980413028277,0.04179011885452134,0.017848397282700355,0.0244972039630552,0.033944561303674924,0.012448582611794401,0.03322993025998299,0.010525335315894113,0.010337788907550044,0.011578294029849669,0.020537703843777847,0.4889251811213234,0.029110111978186387
499,0.011386606585243297,0.02650649250598126,0.02723031938894419,0.019120378308843337,0.02638695838907715,0.011107410040718059,0.013706051814009787,0.010376029916273668,0.020024563897483475,0.42164579783854195,0.28214401486411955,0.013427164870634667,0.007999239559393691,0.01865527410729317,0.007598284191994952,0.010571832114128349,0.024359019129090817,0.009509899373033367,0.021016146249421844,0.01722851685577341
500,0.11602688890529655,0.10641824852406351,0.05370697024753532,0.09545146031535966,0.0027955216260046587,0.046386723620827575,0.06256071887356977,0.025134860406434204,0.07167103811496554,0.002374633452297334,0.05225654125345253,0.05621786723355627,0.0009969424143863297,0.08786197383310324,0.031082614040674365,0.06982447989104153,0.06094088602269771,0.05190213794744835,0.0031884434921608893,0.003201049785124633
501,0.01388661210814054,0.027135856083522484,0.035343205177757096,0.034341668239326065,0.030057589431511756,0.0033844646291745057,0.022475227303744752,0.07486456494039433,0.0531517857780163,0.0093882766383708,0.029798380016541202,0.03420123281274049,0.00708796170877746,0.0312261210751496,0.47934122466020956,0.016344647351947964,0.01299959123853335,0.021894609826832428,0.03885016581598463,0.024226815163324644
502,0.07108471735624733,0.04099863968636968,0.10979017604347636,0.10295846049126924,0.01047361045438229,0.022988164724948454,0.0722069210883088,0.04153008491423587,0.011468916524239828,0.03362032715596808,0.025017481077689252,0.06628209700853856,0.034060923942736916,0.09145998965582801,0.027583272174086997,0.0994220167300397,0.06237668177577118,0.05415366690097173,0.00819368105114917,0.014330171243742572
503,0.03913559190252553,0.07640626951381828,0.013131648484744969,0.02875675232707187,0.0203175895256246,0.01407030199191387,0.033042972654567175,0.025406800962364376,0.022475199136798157,0.006145073521047365,0.07679371935957323,0.28905116058725727,0.00622278371803668,0.03628332155910124,0.00765379594788711,0.015265397896383816,0.20558243718096736,0.030397556874915382,0.024262886948265738,0.029598739907136015
504,0.011810872962541496,0.4033428435813399,0.025463259993109028,0.02062074996321016,0.01987282508234253,0.011447214424331616,0.016467627806095175,0.023097597409901558,0.019707986297589315,0.015762751392524966,0.029215298858967193,0.01715260420022655,0.014038143236117942,0.030349055373400644,0.007621991483590162,0.2693074864668145,0.009444278365248459,0.009677594772247815,0.029755624299889285,0.015844194030511734
505,0.09456214686386638,0.046753020978722894,0.037695137673361905,0.027430055147556687,0.033987485660569146,0.3995325696972132,0.01737884814966228,0.024452840907881135,0.041630416725074386,0.021171761334711704,0.05846070104340866,0.03303308261758619,0.00795092671957161,0.03747481138734648,0.00766685566867265,0.011237308234203833,0.012121182854361557,0.0181290281726678,0.03562054290642964,0.03371127725713193
506,0.21398914133469424,0.02739500296135271,0.04460017543835896,0.03232783520773674,0.02734456889112208,0.3852936475215618,0.021544440460557455,0.02772960850183155,0.023582563281185954,0.009199807629155832,0.02717639885790819,0.018844664283398243,0.008113058889625597,0.02736272645523639,0.008132014362658547,0.027834995066480725,0.01136115632464075,0.010732721737384092,0.022705756881363753,0.024729715913746467
507,0.015719977350986177,0.03682826653211202,0.04312193483065074,0.030058433001295404,0.03290485177925443,0.4070342438159195,0.02858494692685482,0.041051524394488524,0.05034487588425704,0.016716496398163676,0.05472823680688671,0.0269926697831423,0.01396610626828674,0.04799481675478262,0.024310944992898296,0.0114393134512353,0.015530948338537187,0.030154349633982436,0.04495946753817961,0.027557595518086352
508,0.008715942090100525,0.1544570097951317,0.024711255079895796,0.037241490668717396,0.03284782198328637,0.01742280334375046,0.016819460987904312,0.01613063092797101,0.03165460282612151,0.011959940728658918,0.03860565590986997,0.027637657035481045,0.009827420945641614,0.023160079963339446,0.01001086472670218,0.00932330782485414,0.04352926872139833,0.4240392278957865,0.03352244084891274,0.028383117696476053
509,0.013277839996144477,0.08890992916074136,0.030507210914390265,0.461269813883083,0.02780144349862131,0.08418139293523393,0.0157033326119178,0.027898270360666767,0.03004215929554713,0.009080739562135853,0.033345158782124365,0.02135706126821239,0.007580147802454619,0.02487976792082761,0.007640595818010812,0.03179503686538467,0.009774661959001866,0.02304267147263946,0.03352581972294833,0.01838694616991409
510,0.059310442892779064,0.028869333744011048,0.029000454450175055,0.08024131101180244,0.04020336446630989,0.3776794722880286,0.01988306303741754,0.03235022514586553,0.033775958892497925,0.008295711894653031,0.035419509511196774,0.03234263862271331,0.009665395392619087,0.020258789673152335,0.025122994561932056,0.08705608150897548,0.01158549060987898,0.010765066032129239,0.022516970612285053,0.035657725651577585
511,0.022363297030632487,0.08170631377939376,0.018066522884419452,0.014975813309733355,0.0923368801806596,0.005151201393020009,0.016682088587173568,0.029810215591708378,0.03460985714831214,0.1669097680504612,0.0913138509749984,0.032736248942466295,0.004588466226758546,0.12089022738152984,0.013740273150246958,0.08243310352265185,0.02906503632548887,0.008587830558193973,0.07096934999049635,0.0630636549716549
512,0.0759563271216943,0.023799457810908396,0.02741714227557462,0.019844683278595687,0.032832105014507784,0.3910986716477729,0.015404805654198056,0.03427309157250789,0.019536878825419192,0.008719590402572065,0.02839241511650065,0.022556099605064717,0.07663802857015985,0.02469045301978513,0.023337485424837472,0.08202421270743877,0.009730596071100679,0.03474381166079004,0.02842880680321241,0.020575337417359455
513,0.0038270580400576663,0.005359019832198306,0.006115609177725449,0.006881597153857169,0.012489951830306517,0.0017267481176468983,0.008230131048482602,0.45875074821757594,0.005532267911845693,0.05768440900051714,0.051177816737533716,0.00333606915966166,0.002208051009574052,0.006687635121288835,0.001366976640124456,0.0028477162375285876,0.036364979929146446,0.3206328898325553,0.004262760319908277,0.004517564682465309
514,0.11189935663735333,0.10201310019114061,0.011806315610807186,0.013437218874624221,0.006235996550399356,0.005268155906165428,0.010865747934390685,0.015425569324786961,0.010137493790815353,0.0015991138534254175,0.015933972040520033,0.039230789718940035,0.20827840532077635,0.035982133627673774,0.0010934735836180787,0.13174458798225533,0.12556735551570897,0.05214905288288694,0.004072822062699312,0.09725933859101271
515,0.02189909788642273,0.04049578657468301,0.02276804048381072,0.04184386869184182,0.026697321322116264,0.0039556777160223424,0.012940811775635767,0.04424995034860673,0.28696378730870525,0.008204086775166314,0.02096993101885655,0.013945055700359699,0.006715597485857129,0.03115650967758261,0.29405374269150797,0.027506985548363238,0.014981326182782388,0.010867675525100205,0.019492495935609495,0.050292251350969874
516,0.005299878153054306,0.014475412454372968,0.010615991623893197,0.009760601275519738,0.06624882019822191,0.00572488213486077,0.03219639647145702,0.0947043362966893,0.00959179263477803,0.20652647205803668,0.4262646362917442,0.007841552198440902,0.020623799202750415,0.007368486340103998,0.005626591997707135,0.004448514819775057,0.0042888151511292485,0.03543032042846401,0.017302137682686295,0.01566056258631488
517,0.01646548013214267,0.03507462564992055,0.02972284687282788,0.01270332693316442,0.03810604134518357,0.5192457819634976,0.0276171538769006,0.03636942250451632,0.033600841075969855,0.00956322484704466,0.026533060256660038,0.028995985823976975,0.01585239527652537,0.028312509889643993,0.006895178888598519,0.010800299334883091,0.017866511184889664,0.04070721538933058,0.03709493907309765,0.028473159681226014
518,0.01537530894414845,0.03922827770005424,0.03354451341330597,0.03709958337652631,0.06393592465241482,0.015653853406417912,0.010720892159955022,0.03351119325134814,0.026176082201726958,0.008830260331467362,0.0313324143682402,0.06012659908898293,0.13846445289936773,0.02509838313181931,0.008679889303470377,0.013041336212518906,0.015586865103539604,0.013828942259256809,0.03933455567764324,0.3704306725177957
519,0.012481315213916905,0.14227126674636745,0.01893233374005388,0.01575717479190258,0.020560740917792777,0.0063583719605603585,0.012021458675630599,0.2930224393610004,0.015530648954090114,0.09850601075905023,0.02292749064505406,0.014709387042353294,0.004315319713566804,0.01058799980867882,0.003722187986590769,0.005284992525754799,0.013765898952559813,0.26310539115114207,0.01225394284816081,0.013885628205773465
520,0.004154560520582096,0.010889588119296372,0.006219931002971585,0.011572146441113118,0.013932645429883978,0.004075983977906033,0.007093541450597919,0.4767153767692877,0.006616425383276507,0.24194920507231224,0.14152013834510174,0.006108389532267853,0.006379977233316815,0.009262621084721818,0.0026841250543678825,0.003312251629734342,0.0032453428808313645,0.027608512371960516,0.010092543266557402,0.006566694433912772
521,0.03305062956748953,0.0890796612392643,0.051026909488404965,0.36753072890997557,0.016452296881945664,0.04683278019806788,0.021766489535644012,0.014968477089871304,0.01753408278938054,0.008053796970560974,0.047199424922303355,0.01294529964060426,0.005325324555947155,0.16514268788443628,0.006126367334611068,0.01545871279474424,0.0058785819381821265,0.009104555980853387,0.017722057978240002,0.04880113429947344
522,0.0595658948477261,0.01814786378686496,0.08474636685033492,0.13166027883583628,0.007116157284614619,0.0798970026424232,0.054927319262561204,0.013885044199733737,0.06947158543867905,0.014869040604113237,0.032764835127452284,0.06751745895962148,0.001925226347330806,0.13541293698905454,0.04513633994323063,0.08706077312731948,0.07668072712014848,0.009266292951343331,0.005973267715331072,0.003975587966280604
523,0.0026791752941586733,0.009768797869667547,0.006438245841301891,0.006397184869641556,0.006521872900022777,0.0028956400014660977,0.0031616427556739424,0.31621449226467335,0.004068631214392691,0.22350412941781617,0.06665563586477882,0.0039890631527683676,0.0015467176831460534,0.003969398483529406,0.00209915564592692,0.001692340993771689,0.0012104827368472411,0.3262605430534547,0.006703080546805365,0.004223769410156667
524,0.06491218512906485,0.035298862322795256,0.11143412986370234,0.04131402048720938,0.020579616361638835,0.009189646238703874,0.07943050844835452,0.015677302556293012,0.012738075753547422,0.004890264332135675,0.049058911278267336,0.16506787179638446,0.004664196032534116,0.0866329463387771,0.004669465075061396,0.17435625661000312,0.03960088421620747,0.015858539746162043,0.026290384334289218,0.038335933078868595
525,0.04038067893311618,0.06745957253129183,0.0360652955661736,0.07515419852262052,0.04022302614277394,0.04298617371674421,0.054166050918382176,0.01569891743670185,0.0814538698048786,0.06267916769118385,0.06854975174376578,0.05610053879080338,0.0013831895357699013,0.06401105320846649,0.05979112112829571,0.060145088130994596,0.06471094431665904,0.012159904183908117,0.021463211034583495,0.07541824666288673
526,0.030536244692407222,0.07098170686752912,0.0035476398667735206,0.046586160376982634,0.07770726192224985,0.007622884915633025,0.05197026755314816,0.17154749436312602,0.07028474535011969,0.05529486850844789,0.031613242880951624,0.02496744900821557,0.0007267617363584003,0.03831673863531857,0.03717524192167029,0.039340228938514354,0.05736196746755568,0.05936046593162281,0.052863367125165144,0.07219526193821035
527,0.05983523232380439,0.10962259553767949,0.07320104381030948,0.08166466766114376,0.023982051977443433,0.030497978873780116,0.1016098306862896,0.01137598681884859,0.025503193999493176,0.0217843790028443,0.016334350924710316,0.08583104172517642,0.1133447788269908,0.05792563148284633,0.024784395987287777,0.06206297457070023,0.04631610390593314,0.008861877572743752,0.015671484454501967,0.029790399857472883
528,0.02008167102836082,0.026261646500570706,0.03286970875689277,0.022491846390961565,0.03657359457471463,0.4849611688723905,0.029071930943331523,0.0350349692510312,0.04040723308295411,0.010635236991227731,0.043867703397284734,0.037941059691238184,0.01075372954108948,0.03225290183747496,0.04409142652588873,0.010062500222131352,0.01540905560664165,0.013793546610198779,0.030219964532403262,0.023219105643213316
529,0.054093566243304074,0.030685681830358597,0.025825364978030858,0.05488654299205394,0.024679890263759247,0.47396029484019525,0.03326558820143968,0.02506341521343311,0.03762729822187485,0.006112167964576775,0.02609904933620079,0.03954018719576046,0.006568572588089991,0.02271403375193466,0.005424091018761702,0.0600017330798334,0.015083158799840221,0.009962432559468729,0.022970842156054994,0.025436088765028803
530,0.06263912899710757,0.08080220251542,0.011674022193445098,0.004391359056074508,0.046544440331915134,0.004718301828357715,0.10721176741702743,0.009550197917696757,0.13023631978662276,0.11761755093620059,0.11514221014112043,0.07656822229258986,0.004246303772266619,0.03237401733051223,0.07033892082548114,0.035082200443489454,0.007409942470035757,0.004294521904435706,0.011702420754158555,0.06745594908604276
531,0.012676190934907175,0.034078863652902476,0.026814131783556804,0.037752017736422054,0.0326712456020767,0.011578921592933932,0.02036584019804318,0.17850325351578789,0.03171530578734418,0.10393523237817108,0.3500175982592537,0.03382046087913857,0.006673763114603811,0.019980050938834888,0.007770844953038285,0.010121226115742723,0.027944144921675466,0.0077744990578661605,0.023128933111267642,0.022677475466433273
532,0.01536284438675152,0.04876972390579867,0.04512785001956645,0.044135779283108724,0.06698475222792676,0.013205536389042547,0.08101218083025959,0.04165871537971417,0.05614372937899001,0.01232117718331039,0.03870743949940093,0.030530199797856723,0.007767257597281696,0.046935409339469235,0.009812681353230497,0.008936381346294738,0.012730007656193544,0.020470973272431955,0.03266566854555152,0.36672169260782045
533,0.5096763146870246,0.02427329816268399,0.027131367955634283,0.031960798246635426,0.024832653454467418,0.029202444833058158,0.014434471554895365,0.024036973619226434,0.024295016823080124,0.007979206573501698,0.03250604417153768,0.02394851542064454,0.006001396703687849,0.02343412402577227,0.007416619170100708,0.0904643957675969,0.02134552527071692,0.02482443352269535,0.02854374763571538,0.02369265240132502
534,0.013833924116597429,0.05097434933341671,0.4769608588984105,0.03441756202237616,0.024063989989748014,0.06642330697833919,0.017916638138323594,0.024953950638488973,0.04674697463192207,0.007819151553794078,0.029694928024979958,0.03260974352513426,0.008217198661095314,0.02926190727206474,0.009983476699361697,0.008444193780306858,0.013823927761896724,0.02380491484087652,0.02890455708782925,0.0511444460450379
535,0.01607203106598941,0.029576670129082116,0.49455266618850763,0.032015932883483145,0.03282370933446121,0.030648918918218682,0.013516329324118781,0.02618380848518509,0.0344202177570587,0.009264905901977453,0.03508805545934559,0.050901199524261746,0.005568358368108295,0.03435199577685002,0.009695608990932058,0.006477150740499929,0.008655163475391574,0.04245449951948239,0.03165589073379253,0.05607688742325367
536,0.02050505159220657,0.04631889322791304,0.026620585746875158,0.031151678963697263,0.03995077665414097,0.018387575080073344,0.017437737162922812,0.05569416942058227,0.031272937843065486,0.009110910294466349,0.028946751016703104,0.028603086335835564,0.01219810302540514,0.026305919362135322,0.007325878893731941,0.01705479037806977,0.4798164780909102,0.01453265277822044,0.06531053854361386,0.02345548558943136
537,0.47224865741807354,0.018969582980003053,0.029394956647470317,0.027113087943299027,0.03196330041493265,0.008125921650268587,0.02067404001219826,0.04159314744737471,0.04008174048885632,0.008653623702878682,0.036069501423827956,0.0296426149890925,0.007784112408106579,0.027789408416240807,0.008300203147821624,0.008250920056812579,0.05613088335931125,0.06407360201056414,0.03163950264192059,0.03150119284094685
538,0.7025221024400263,0.004262925785737175,0.011699144080990662,0.005611468290444444,0.0042807369539425875,0.1369098568395297,0.00265154574235104,0.0049319560093633525,0.007376142771239751,0.0015890668002333725,0.005773850225762995,0.003681630259196156,0.0011622061924057008,0.0047611674346973885,0.07397161940537977,0.01368191410627092,0.0018433290976358197,0.0032367306026378534,0.006259452820773397,0.0037931541413816997
539,0.014716897497804143,0.022216539947523022,0.04550417997689893,0.03597080054902223,0.03196963074694947,0.02321045412832488,0.017845341221900412,0.03574569076776177,0.03502181512180743,0.006883737452521944,0.029454810213445495,0.033496074976861474,0.006826611807857534,0.02019785571732675,0.013394196994672912,0.007272367568868586,0.010526832319861129,0.016987407036132305,0.5598825937599571,0.03287616219450249
540,0.007840904833768732,0.024469329699858395,0.5185176802367014,0.027729200591457226,0.02749889696219975,0.02510969860066294,0.009521311011156457,0.025714766757184118,0.0544475926335641,0.007517272296255773,0.051817816046475645,0.034878991405593945,0.004124381002465152,0.035314529376614646,0.010393936410207307,0.006470402325494138,0.006553629889492801,0.019481606009990864,0.05791419061866748,0.0446838632921891
541,0.01566463789920868,0.030111573860458377,0.03383066698366195,0.05781824672483654,0.03551093971597997,0.012725757066238241,0.01619990272080822,0.012110486314774427,0.042994408685546,0.008558457231685123,0.04194106989093355,0.015704986551196582,0.004955616337744007,0.20932848645352256,0.008826601534481605,0.009616312570876103,0.3644325681164687,0.015243375393830833,0.041609008527631906,0.022816897420116666
542,0.008009493471637886,0.03151009339391669,0.0191280600310389,0.025845167710572336,0.02296584046515863,0.006934228959935865,0.004810887090896379,0.02672725563433397,0.27802291700805865,0.006886326627122554,0.026967175880774005,0.019538075158133782,0.0037848034493368683,0.022953777256369146,0.42207077861519343,0.013730605886072498,0.007800192863478967,0.011136712766659502,0.023434199162689035,0.017743408568620847
543,0.01440065995703791,0.031864885611646535,0.031686774123497706,0.037905722333564214,0.04241634303857461,0.0130781259318702,0.019313401017941382,0.32445205104870545,0.031729562489134326,0.007363912523567402,0.056856308768809316,0.03303771269663378,0.013116974786851034,0.02401292864043908,0.006687773155571223,0.01854429076231733,0.03003697033149777,0.21078633289958848,0.022868978673800045,0.029840291208952163
544,0.006019449823522309,0.016400121448854596,0.012375350478890776,0.014663243478115607,0.015127191981546459,0.014052754937267735,0.13231973302150013,0.017633059260372487,0.011063201207753164,0.003918528866092322,0.014769560857521567,0.046512669327779005,0.0028829965913302683,0.013414600691951528,0.004761580070574829,0.257175247320584,0.38807399135418263,0.006284265355140265,0.012319281067390478,0.010233172859629795
545,0.03412316525586625,0.03206805006173106,0.005804144267814369,0.040046442215757067,0.00900059094641134,0.004808283259229197,0.02080566313336521,0.11293806647311118,0.16030272390161573,0.015554372485766943,0.047142414472237826,0.007990232758671013,0.0012754398659940895,0.06666783783069523,0.22734473064725588,0.105211810756478,0.06252081232064628,0.03412262355409054,0.005684436404218156,0.0065881593890446885
546,0.04251254896671607,0.05329276443618158,0.01653808086467366,0.008791652285754877,0.25318898730180367,0.0047781968522765264,0.0847314101028604,0.018586251725597667,0.006405259475185707,0.017473674827933394,0.018489344937052996,0.012793972229329436,0.001875417026334785,0.005889752989241611,0.002996284409556305,0.0035591581472467168,0.008130368289183265,0.01623286309459486,0.2216684296521798,0.20206558238629657
