site,A,C,D,E,F,G,H,I,K,L,M,N,P,Q,R,S,T,V,W,Y,*
790,0.024955070381423375,0.017317178321732296,0.008758907125153108,0.02010591305244427,0.032469709353248055,0.0008691102834300764,0.043794535625765546,0.03263595860022711,0.043794535625765546,0.10961114277598309,0.0649394187064961,0.043794535625765546,0.21646472902165376,0.043794535625765546,0.02164647290216537,0.01236941308695164,0.1587408012825461,0.04381814280226069,0.01459817854192185,0.030923532717379115,0.01459817854192185
791,0.19475621785836864,0.05877197719070851,0.010924343126943552,0.005634661191791937,0.010495937514122236,0.04388206794949213,0.008235274049542062,0.01529408037772097,0.005818400143698196,0.009874183922335023,0.006297562508473342,0.013725456749236772,0.5407716511749466,0.03474771643425554,0.0018023327044452329,0.0021803135449697314,0.011250506203510648,0.0032639805684160617,0.0036414477089811836,0.013055922273664245,0.005575966804377439
792,0.04797535152758695,0.03153821986428823,0.01935299855308596,0.039673647033826205,0.016992876778319378,0.06635313789629471,0.0740943373175291,0.0008217324884345945,0.07207323599080287,0.021301286998027497,0.055808646990294385,0.10820909805722301,0.0007695095241482094,0.08154063390366885,0.10679988090406695,0.11653003744903939,0.07858184163470476,0.011670530354648797,0.0022330382945868407,0.04676974650329106,0.0009102119361322817
793,0.05768156865563499,0.008695830847338989,0.009578016585474827,0.0037619381167935013,0.008472860825612348,0.6687576470895094,0.08777316344593926,0.012469493290523832,0.010326299131215048,0.002343557249637458,0.009863927528324823,0.036986175791685096,0.004104864250917784,0.021780747966214556,0.005404816991478481,0.019137895702531618,0.005198474906241873,0.002527076867656111,0.0032313738728745856,0.015020071463585525,0.006884199420810032
794,0.005609254602077378,0.013212910840448936,0.018017605691521277,0.013212910840448936,0.014156690186195286,0.0011168246595944435,0.09909683130336701,0.012913780221097211,0.008898549732661633,0.008494014111717173,0.019819366260673404,0.017487676112358883,0.010810563414912764,0.025851347296530526,0.5989933432535236,0.00701642951137175,0.054536841069230645,0.0069137324165139775,0.011218509204154755,0.04247007055858587,0.010152748713014784
795,0.0019752036171857756,0.015620477396361498,0.009737440454874699,0.012927291638368135,0.01666184255611893,0.0033926828734178825,0.021343143910430115,0.006262173664410968,0.014701625784810823,0.005206825798787166,0.01743681197733377,0.012239387852059852,0.006678995172990984,0.014701625784810823,0.003730263258832596,0.008399066863945799,0.7567070248706067,0.028258548410751975,0.011026219338608116,0.017040520796030727,0.015952827979262806
796,0.0020175484644968044,0.011424544752492015,0.011251445589575467,0.01614337845460828,0.008438584192181601,0.007264084802949987,0.01614337845460828,0.005252779324094283,0.022502891179150934,0.004729907063133637,0.015155008345142464,0.026202591610641018,0.003752165463001949,0.04368208287717535,0.0038081815841640053,0.003662056299770333,0.7500108270077661,0.004641221305699881,0.00853557941278139,0.017269660672371647,0.018112083144194657
797,0.004831957406601247,0.00884668372427744,0.016449216703323395,0.008403404185393475,0.013532512219159083,0.02491546661175281,0.016106524688670826,0.01546226370112399,0.009911707500720507,0.0036119956924409095,0.014867561251080762,0.017979376396655804,0.010172541908634205,0.014056603364658174,0.0013418477811564758,0.007708810340621654,0.006135818929017457,0.003480452838798088,0.7826008867265916,0.015777820103187744,0.0038065479261343454
798,0.006401715049962772,0.011256717925833944,0.009354174051045109,0.010887645206954146,0.01229900662267042,0.003495507145390541,0.02213821192080675,0.014437964296178319,0.014437964296178319,0.002655483869772138,0.01229900662267042,0.013836382450504222,0.0016978510677415034,0.0141307735664724,0.003337418882533682,0.6699230652891977,0.028426199337100555,0.005725399634691403,0.012772045338926974,0.013282927152484055,0.11720454027288449
799,0.003907132696088216,0.048109506139617335,0.0056939557909912964,0.004164236324754829,0.017801681863085533,0.0021276931462238624,0.0048948041010276055,0.2814727045012214,0.0041029975552731406,0.556900727453223,0.03131093891318071,0.005142050775039473,0.0032823980442185123,0.00392963146138836,0.0011115690587990977,0.0021108177767078487,0.0008784980909826079,0.0008909127041107741,0.003361491972994862,0.013440793289560497,0.005365458341511029
800,0.005353440655948286,0.012268301503214825,0.017844802186494292,0.009980991053462906,0.01090515689174651,0.0038708950698130695,0.5940540147891332,0.008178867668809882,0.013694848189635152,0.002617237654019162,0.05633088353415994,0.1128951558692069,0.005924963496304211,0.008218938034683527,0.001954547624711986,0.0037748620009891757,0.005662293001483765,0.004427657685370763,0.007270104594497672,0.10584963740306771,0.008922401093247144
801,0.06911891446600425,0.05681032502502339,0.006223196507921219,0.001845529248890643,0.006652382473984752,0.19378432120136482,0.006223196507921219,0.004822977293638946,0.00370998253356842,0.0017380098355455659,0.005214029506636698,0.20161868411941977,0.002324326406572986,0.005214029506636698,0.0009435137890860418,0.21761684027442568,0.02034350686610361,0.18076141571433552,0.004287090927679063,0.007716763669822311,0.0030309641254183967
802,0.050076096169782404,0.07130077645678573,0.02099742515257083,0.000541043132902507,0.005315131312928313,0.08984315809178782,0.031081714864002873,0.01749785429380903,0.13367272278059258,0.001265507455459122,0.01583053529015843,0.011662621754385111,0.0013698792043629671,0.10270345715009156,0.04579845053246917,0.17124545384996936,0.12731420261119591,0.012052093518694991,0.01280330801986026,0.07545949664205141,0.0021690717161396474
803,0.14588794510674927,0.09191023224314801,0.005176539597826345,0.011082131222342636,0.029111838267060465,0.19229088651635398,0.009576598255978739,0.005320332364432633,0.004911076028707047,0.02818328873090112,0.040913934861814695,0.07454394950201844,0.0030401899225329333,0.09082893539322863,0.007193912016199791,0.22808605427987103,0.010228483715453675,0.0019005140759132645,0.007661278604782991,0.006840427325699099,0.005311451968984943
804,0.0034553057558911545,0.009414335396480487,0.3748326077938288,0.3986237309976801,0.008215242302713123,0.0009203777081394663,0.008069430339840417,0.011629473136828836,0.0042440340798622625,0.0027082334702204142,0.013634554712144155,0.008595697535916966,0.0035303757736801825,0.06032628242870457,0.0034684393565980747,0.0025025448522289907,0.004881507242619512,0.0036261312220264748,0.010405318069794223,0.008986411060276828,0.05792996676452509
805,0.005183405513723403,0.007122347860657551,0.01403094251128576,0.01403094251128576,0.01030119829942499,0.002935139017962554,0.013563244427576239,0.012519917933147294,0.008942798523676639,0.0032450802608286226,0.01162563808077963,0.012519917933147294,0.004536480586757617,0.012330222206887488,0.001789998927672233,0.004068973328272871,0.005854637882407009,0.005812819040389815,0.8234363088073051,0.012306045866832257,0.013843940479980004
806,0.0224203802110125,0.06930395899774693,0.006743330170528915,0.006040899944432152,0.011692096483973624,0.05340711868526935,0.032551859529244755,0.0020745108193772847,0.04309107994600259,0.06393432297494676,0.2929334648820994,0.015345876635215382,0.0017789153210597747,0.30153301458668835,0.012427181166866133,0.0409223376939077,0.0015918130966721528,0.000606604511224601,0.0030522441824499297,0.014088017894623954,0.004460972266657589
807,0.0004546285055048083,0.24285733282261257,0.007994484752267463,0.004003951077908759,0.0027321077943377415,0.11740770168686644,0.002977296955368052,0.030435133952487037,0.005268396081954036,0.001172874558175293,0.00290286453148385,0.0174812239366267,0.0007736497024273834,0.002497087769018366,0.0008444696818862109,0.26770747656291766,0.23471993396311866,0.046871469925410386,0.0036861771828366357,0.003466106903264299,0.003745631653527549
808,0.02630927192690834,0.07723355858192009,0.042737937555212706,0.024574314094247304,0.0013655157704124277,0.05180715315292081,0.07288499947514543,0.049765970478285876,0.0686165913021191,0.02808493039342548,0.12516110284026577,0.11966220863743113,0.00559219268684213,0.061435785235618254,0.030511115479768532,0.08663585180962902,0.07123497267558201,0.05054290098225041,0.0016906385728915772,0.0024211146890884033,0.0017318736600352741
809,0.07702024102200354,0.06210892240556324,0.12118684281749012,0.12661933002481326,0.0018486922991870374,0.018299493985876863,0.07845337567018516,0.012218148669946867,0.03838153021387436,0.01337730636427516,0.05520793102716734,0.09735993241953156,0.001461386409542665,0.09774518935957492,0.015257172272204422,0.09333883254169394,0.06666062927237493,0.01372603295055358,0.0017428412062265217,0.006010540877957734,0.0019756281899565866
810,0.06355484319776004,0.06235727217945283,0.30963749258745815,0.1360217454083244,0.00457484415974028,0.0006016394574737943,0.03588872099554476,0.0034057173189177637,0.0037841303543530713,0.002205140710090638,0.0055729919764108855,0.18193389072925642,0.03441797490424344,0.01332671994359125,0.0027864959882054428,0.10615449162015794,0.016710520229370612,0.0015838857659191637,0.006811434637835527,0.00356147185751691,0.005108575978376647
811,0.0044890762243808375,0.020564492261250313,0.013082450711052723,0.007506324178472876,0.013082450711052723,0.0032941422653729887,0.012375291213157984,0.16130046500586642,0.017070558567126286,0.14925984579066726,0.462516559806576,0.016353063388815908,0.0027093832833541146,0.01904921388410555,0.00203579744715853,0.04086363623525867,0.023831365204091206,0.0011545965728222906,0.004871125264753675,0.016958732403216496,0.0076314295814474235
812,0.00362362529231992,0.006909045557356647,0.005287534865323964,0.007402548811453551,0.003116333117209456,0.002942012114328288,0.003060599237391496,0.21075051507727338,0.006319248985387177,0.5251132632898079,0.18342819108505953,0.004710712880015896,0.0008399701763749147,0.007002411037861467,0.0016677877671550947,0.0021501179120404505,0.002671022767019322,0.0024213944710362073,0.006729589828594136,0.0057575379644638726,0.008096537762527322
813,0.05792911410565802,0.05212092737207394,0.08391515268920989,0.10023626495536814,0.03789173322405549,0.06281214850111129,0.0477984994177071,0.02341973052619555,0.02047623762451065,0.058276733199064325,0.04914166734456601,0.046919850531352204,0.0032514917448128074,0.05317625404744559,0.039306311054758805,0.07134220283301239,0.05077058831907904,0.017662958940313705,0.07436884174107958,0.04850141852679103,0.0006818733018344841
814,0.0007653121525254725,0.17217679693679983,0.004905028830986772,0.0032461204898550523,0.004738756667224509,0.0046406708031449945,0.005083393515749928,0.12016916033346442,0.004659777389437435,0.03748574520076719,0.05971681635504939,0.003494833042078076,0.0017047966058917443,0.003937840047411917,0.0012356932229234876,0.0018623035165127879,0.27638906876696806,0.2821209016091883,0.0031771209473437055,0.004051980338641247,0.004437883228035652
815,0.006284319024619363,0.009313103139660016,0.013825501854162599,0.01462312696113352,0.013340396525946367,0.0036263771447700836,0.014909854940763589,0.013578617892481125,0.016897835599532066,0.022803803170442123,0.0115212515451355,0.009875358467259,0.005632611866510688,0.016134242587108633,0.0016415846376804384,0.004874375653711173,0.006444089847279178,0.004782406301754358,0.7682239757939511,0.013578617892481125,0.02808854915361798
816,0.006826710783617619,0.0160348323057065,0.004297620974385971,0.009193303855271727,0.011303242445006223,0.005213286191432785,0.018570378912328437,0.06993830161739277,0.014377049796240065,0.004153601139429997,0.01348547992656365,0.6960686309184575,0.006759782246523328,0.014071383451946522,0.00376774748166874,0.001602454606833285,0.04604835285147871,0.021725718580343306,0.009849968416362563,0.012041987772512896,0.01467016572649744
817,0.003030507355228671,0.006782564080749882,0.008378461511514562,0.005086923060562413,0.005813626354928471,0.0015572147636153052,0.04814148924107297,0.005237562577169737,0.3373571130369489,0.0019782478568853828,0.032559461322464824,0.027002437875601828,0.0036460830126006007,0.16856108649878762,0.2865968046337057,0.0016848439604458822,0.0366133043238231,0.0027928205038381874,0.006330393142033225,0.005374862101726322,0.0054741927862965506
818,0.0038313156073537073,0.19440964930114518,0.0029250691972623494,0.03252679315443762,0.006850166302918762,0.0011196138448756933,0.010119563856584537,0.11320980571521304,0.0031281990026277903,0.06734496329337768,0.16974203915889985,0.003465081972141552,0.0018614076709851308,0.0036327472288580787,0.0011367818992691194,0.0024464879653281293,0.14539128479664312,0.22720339192464792,0.003312210708664719,0.0032580804372701793,0.0030853469614959025
819,0.00573064148358019,0.007855477902025175,0.007693916806658587,0.010635417184639197,0.01221975022234011,0.0027823398648648082,0.01025855574221145,0.015678170096587313,0.012983484611236365,0.0035412169630815995,0.011703422748156724,0.006701153347734898,0.0038829112856033987,0.012590045683623145,0.001391757253366138,0.007330082412818184,0.005614479831885995,0.004916822574669393,0.8420903355517682,0.010653115578450351,0.0037469028546987236
820,0.011635259670047013,0.012481460373323157,0.013729606410655475,0.020802433955538602,0.016743422452018875,0.006415703930212838,0.010401216977769301,0.6915197805844966,0.014009802459852524,0.004475486607822894,0.0073509396295159775,0.013973040584513869,0.0035024506149631315,0.013460398441819092,0.005156508047145934,0.01980141971071464,0.004839258088477634,0.08194065853814894,0.016743422452018875,0.012952458877976863,0.018065271592967728
821,0.05402025345949363,0.07189454384129676,0.07554754115498546,0.07517002932732918,0.030276445601615617,0.005565738533164923,0.031161721788797364,0.09386518636381644,0.017233468966322635,0.07634008418535104,0.034537574982583745,0.02142368372979819,0.0006931386348642684,0.08010866928133423,0.015611292263333054,0.05362977481767661,0.07836256508653454,0.04368612541902374,0.06578585710968331,0.0646697557999245,0.010416549653070713
822,0.03477117424124087,0.04359333409859366,0.10433512137088537,0.12202319991102191,0.04416693059989094,0.017469696227827985,0.06916250121411495,0.002888595982983013,0.016737856672805605,0.07204772228174518,0.049131831463578926,0.08807632807675043,0.001304527218121361,0.0887124348906381,0.015397645530237212,0.10212142154577962,0.08017245617324435,0.0009338800386169065,0.021950164704573564,0.023202903633122437,0.001800274124227633
823,0.008784238745126238,0.015886389219909154,0.00204134131460658,0.016592450963016224,0.016969552121266593,0.007562159109599069,0.012337545238303578,0.016544714308341334,0.029630111187575338,0.0052954630733030505,0.016969552121266593,0.7545757500405419,0.005530816987672076,0.021333151238163713,0.004786283931639297,0.0016118819495361905,0.005803847375887429,0.008682096434136397,0.012873453333374658,0.014856050068570804,0.021333151238163713
824,0.05410519848636107,0.021882843780322913,0.06430555985336456,0.10591686292232681,0.022156379327576945,0.014834049839981617,0.05874900004286477,0.039670469653185395,0.047477955701950604,0.041435306794429624,0.07561304056236577,0.05835315456689178,0.09401946257348799,0.04468513477830645,0.03742277171350803,0.05118814150266761,0.07228322333819427,0.04398469146666771,0.033819913650704546,0.017181991437899873,0.0009148480069417266
825,0.02216387725162231,0.07559994768942226,0.017675727386528103,0.016285225619131365,0.09228294517507776,0.010497292942950702,0.09365712066916272,0.004244337253931711,0.09516678721179894,0.023465621445205326,0.07690245431256477,0.01761515528076798,0.0012238242554540853,0.07895173053320272,0.03620907506779743,0.018769412577981915,0.010030754910334538,0.0015307445833852072,0.24266996694187115,0.06214001702973092,0.0029179818620780505
826,0.005518373269002253,0.16143759340602132,0.00780901877688998,0.008805914790961043,0.01217288221103438,0.003979596107453548,0.01881263614432586,0.07585790763327059,0.00819193732409636,0.2179782567447952,0.4167917695953017,0.010346949879379225,0.004703159036081465,0.00919728878167042,0.002535064903255864,0.0036305087296067454,0.0022021305556301687,0.0017711083375002354,0.008997347721199327,0.00940631807216293,0.009854237980361167
827,0.03868372408418734,0.03262044171463102,0.0712984545181714,0.05008088044963142,0.07056666983165077,0.010440150218972672,0.05239040639016498,0.0768392627055753,0.03681886361483453,0.05800366421768263,0.07527111448709416,0.04630937707702082,0.06517616033062189,0.03232052374329288,0.041618310427783536,0.044365526681195255,0.05189776604074569,0.04330787894329278,0.03571759134555862,0.06527416959427697,0.0009990635836151702
828,0.0032465842050468075,0.20233471685053933,0.2540236760847597,0.027757250453868395,0.010979294978843927,0.0005674408658885231,0.029111846059650295,0.09039505869813444,0.009352732759755938,0.021029205853247697,0.008145928532690656,0.07938582651932079,0.0024049884239372415,0.02266784527038388,0.002316731968012939,0.058288744980987135,0.020778858164518556,0.1197670503720284,0.009018706589764653,0.020010052884840403,0.008417459483780344
829,0.010151920330471818,0.019986593150616388,0.023687814104434237,0.003377903431634905,0.010840186115588549,0.007085926590081191,0.03045576099141545,0.022841820743561586,0.6447603399191743,0.005116567846557796,0.014771836608726585,0.01787610269415898,0.00627030373352671,0.09373157378298284,0.0013718872601229733,0.008095835200249677,0.009246767281842556,0.006803946604465153,0.014212688462660543,0.01683081528472959,0.03248340986299818
830,0.010484773556511373,0.027315654506582788,0.01818133507377329,0.017263643697886723,0.02467466902869232,0.006266053929889119,0.04453639321725455,0.005170078652198698,0.042680710166535595,0.008868718995643761,0.029690928811503033,0.05121685219984271,0.006112064728502291,0.054349450554014696,0.06927883389350704,0.1656970599943344,0.34692036637516616,0.009336361254099796,0.011911909186265257,0.028453806777690403,0.021590335400105784
831,0.040144886275705956,0.029477589899246488,0.005022685153334417,0.010863976621343913,0.07940091555352588,0.001412630199375305,0.09044917122184548,0.08526575590691132,0.0580619194985158,0.08625996185225267,0.03116024302245929,0.015460274422681723,0.1360967351181414,0.03152683411684116,0.053595617998629975,0.015334073192004525,0.022701944708097364,0.013251663790870052,0.1345748830287345,0.05582876874857289,0.004109469670909978
832,0.001089172113919663,0.10688330741942155,0.006962397016699277,0.004946856881495336,0.006092097389611868,0.0020031413785873624,0.007860770825305636,0.29917590402338284,0.005943509648401822,0.23987103464152812,0.03164308443338138,0.008402892951188783,0.0023207990055664255,0.009372457522479796,0.001805065893218331,0.001933999171305355,0.0030084431553638854,0.24497758912033651,0.004430616283354086,0.0051847637358398875,0.006092097389611868
833,0.030949408225920457,0.06743089863617312,0.08358295110018667,0.057343812605117686,0.04675969292318136,0.039189075973713905,0.03936402720573942,0.0030616002814194397,0.05560612131405351,0.06220369719150854,0.03459575709620193,0.0373805684705665,0.0297399575092849,0.06107984888090566,0.0478883321763382,0.08935468473328688,0.06519526204114834,0.0426443628062177,0.05797052093959985,0.04727542483042234,0.0013839950590135684
834,0.1073879572089377,0.06403113303259855,0.008930159064390387,0.0011761061916612614,0.006470514495925751,0.01628341396325685,0.06847278631131552,0.0022169484624218437,0.12519370650777775,0.04998650209489892,0.03688193262677677,0.06694779557384549,0.0006583966635080324,0.15918025780087494,0.040981378434737974,0.07174425127214881,0.08154012419579916,0.08303826936438045,0.0017776709914716874,0.0049175910169035695,0.002183104726368739
835,0.007028897159562381,0.03936135542146288,0.025103204141294216,0.030560422432879913,0.01528021121643996,0.02377645119002355,0.01351710992223535,0.015974766271732686,0.014955100339494425,0.005243924732770776,0.014344688080739552,0.013262070112381851,0.005956692508103712,0.015974766271732686,0.003574813592084102,0.01418699234774265,0.008571825804344369,0.009498509675084298,0.7073297194053549,0.010649844181155124,0.005848635193380653
836,0.017212908876718315,0.005038871876569854,0.003978056744660412,0.003599194197549897,0.004199059897141546,0.002099529948570773,0.03514351346333535,0.0014137418439780986,0.11867937481704383,0.026357635097501515,0.12385945598663313,0.004646942988517572,0.009178410123591847,0.18255102826788083,0.06290634771892492,0.10685749852034836,0.15192057144467763,0.07108492414943049,0.06110179045329896,0.0040855717918133975,0.0040855717918133975
837,0.04829477027835334,0.012704996642647223,0.3706390429338204,0.09570036506603018,0.011885319439895792,0.0007000013204825062,0.03468632113396573,0.019391836980882603,0.026317493045483534,0.004093832251519661,0.01754499536365569,0.03377247257665219,0.005263498609096708,0.26014740850474305,0.005848331787885231,0.005598214560746477,0.007839253247590841,0.006061971281039612,0.007839253247590841,0.011499663934196514,0.014170957793721904
838,0.006952492617615336,0.018871051390670197,0.015851683168162968,0.012783615458195941,0.10576714649454426,0.0049456458403047176,0.01100811331122428,0.39864254055319465,0.022016226622448565,0.13238001296394591,0.01258211803946718,0.019314399410089462,0.004128042491709106,0.010710596735245248,0.004403245324489712,0.00517907270329899,0.0011407094317449128,0.18024644458480318,0.010710596735245248,0.01165564938835512,0.010710596735245248
839,0.006271533362673071,0.012174152998130081,0.014782900069157954,0.018261229497195122,0.025870075121026414,0.13670316239633828,0.011065148115785758,0.0200284452549882,0.014782900069157954,0.00394716730862294,0.011940034671242963,0.010523420388214137,0.6247297907386328,0.01267105720213539,0.004466775560464993,0.003228746914685636,0.024252463564418875,0.006467518780256605,0.010348030048410568,0.010704858670769554,0.016780589267692814
840,0.004057654986476959,0.0023847316196733814,0.021418010061947056,0.012452803234360321,0.5138016329869922,0.004248603456428816,0.001958578893332439,0.009259776764011522,0.008025139862143319,0.0029845561470780947,0.006448773103508025,0.0074232740159545325,0.005086356250654217,0.012037709793214979,0.003109723709014053,0.0036752846498123225,0.0027358431348215866,0.004622202253261158,0.004947004024608896,0.363625285474952,0.0056970555777541175
841,0.021730095980406615,0.009727819418852849,0.010700601360738134,0.00823123181595241,0.007465535833073116,0.013793887013649416,0.00917194402348983,0.1464010255408249,0.012840721632885762,0.3226964145826627,0.20578988193336423,0.03776897634689721,0.0011001687402805906,0.025856770003233172,0.0027195701625914287,0.028657097381215187,0.021992195036311012,0.08387317506000622,0.008676163265463353,0.008917167800615113,0.011889557067486817
842,0.07753303670414968,0.04854483514571089,0.0068420561538155185,0.003222057091507189,0.010877114911193902,0.4267561583448717,0.006733452087881936,0.014627844190915935,0.009426832923034716,0.002945885288448348,0.0124766906334283,0.23483564001737647,0.005110933512488701,0.09075773527241603,0.002114998051534816,0.00411851923821905,0.005237129401685952,0.004988077207876861,0.012854772167774612,0.011783541153793394,0.008212690501875855
843,0.010551285182996525,0.0215422072486179,0.03446753159778864,0.006241676792496525,0.009070403052049644,0.009232374535121959,0.011000276041847439,0.010111888508147057,0.520699548030464,0.003797957362011519,0.25850648698341483,0.010962262270659088,0.004743238293273666,0.015559142459231049,0.0019365721549607466,0.0050195434365711625,0.006669682386204068,0.009400235890305994,0.01667783786989773,0.012610072535776335,0.021199777368164006
844,0.012118364110749822,0.015080630893377557,0.015782055586092792,0.01834130784329703,0.013050545965422886,0.0011342802295108527,0.013050545965422886,0.009694691288599858,0.10008559520384448,0.004435479674522811,0.01428097848243177,0.011125055577081804,0.006106620953076569,0.020564496672787577,0.6845493026515277,0.004103205690086808,0.0062259485339632116,0.010440436772338309,0.014951119214335652,0.010440436772338309,0.01443890191919128
845,0.006527406351517834,0.02853751672458249,0.023740025121385414,0.6323584789884359,0.017937867655451852,0.0012532299463482173,0.016968253187589592,0.017937867655451852,0.11040021551491462,0.006216092751889257,0.021649150618648787,0.019619542748150462,0.006750810407965752,0.013320733344345801,0.00640638130551852,0.005605583642328705,0.009658851814474076,0.006408236651112392,0.017937867655451852,0.014268758362291247,0.016497129552145343
846,0.02443424253247278,0.014743938697455617,0.6988949682589877,0.056844866738989364,0.016901588262936928,0.0015270700430850275,0.013692660183405432,0.020998942993345874,0.014142145281232936,0.004779069784692511,0.014436773307925291,0.00532923572490121,0.004529183782878522,0.01574920724500941,0.005726984452730695,0.004880036047749395,0.00805773393930714,0.01837039119104569,0.022353713509045612,0.013808244629076866,0.019799003393726113
847,0.00748932354350841,0.03593369537577544,0.018188357177091854,0.015278220028757157,0.1644022127627544,0.053900543063663174,0.03819555007189289,0.01139320930964313,0.0212197500399405,0.38326711667450114,0.03593369537577544,0.04716297518070526,0.005616992657631308,0.07768019441527926,0.027742926576885457,0.0030511363393078816,0.010323121641052134,0.007787115552467588,0.010323121641052134,0.011233985315262615,0.013876757257052615
848,0.012552497469748033,0.028428416442014114,0.03105091479358724,0.024581974211589898,0.03105091479358724,0.008645843309571126,0.025650755699050332,0.025650755699050332,0.023598695243126307,0.02106968008339996,0.03687296131738484,0.025650755699050332,0.010726679655966503,0.03687296131738484,0.0026281976003811277,0.012552497469748033,0.009364561604415199,0.00983278968463596,0.5926891778681754,0.02681669913991625,0.0037122708982167438
849,0.01248315818421034,0.5227502284803861,0.045231987951175175,0.08543819946333087,0.010813316411942333,0.004912508294489313,0.010380783755464642,0.013308697122390564,0.023592690353328727,0.003932115058888121,0.017897903026663175,0.011283460603765913,0.004023559595141333,0.011283460603765913,0.001183668364819632,0.00509264791178807,0.006106343385567435,0.006407891207076938,0.04925729202753497,0.030684582657238755,0.12393550554103168
850,0.00780316669167553,0.013178681523718669,0.04180108781166503,0.0063756316022711155,0.021964469206197778,0.5961462426915028,0.010756731200321463,0.01853252089272938,0.024710027856972502,0.006976949041968708,0.024710027856972502,0.016944019101924005,0.006816559408820002,0.016944019101924005,0.0030222566425281597,0.005930406685673403,0.006895821727527211,0.011011678038104773,0.019130344147333556,0.011404628241679617,0.12894473052848973
851,0.15108456590338337,0.02870684365528051,0.02097807805578191,0.016042059689715574,0.005961561328061752,0.007575417075699023,0.012396137032962036,0.01258557766712725,0.02371434910653607,0.007791857563576138,0.013303171450008039,0.014353421827640251,0.0011484815528571826,0.01947964390894034,0.006269310683337123,0.5486321095380182,0.020213250404254805,0.011857174553268035,0.018807932050011366,0.03039221329826046,0.02870684365528051
852,0.006051454580306397,0.03537773446948356,0.04181004982757147,0.019162939504303592,0.04806688703794921,0.006051454580306397,0.013105363967143329,0.030854349860082196,0.027053561653134477,0.4620224673034754,0.1450925876809066,0.02420581832122559,0.0012837371718942424,0.020905024913785736,0.004864376828580537,0.006749824927665433,0.022995527405164307,0.009385929553128291,0.028744409256455383,0.027053561653134477,0.019162939504303592
853,0.011686091795090017,0.07862390625405576,0.016289703714367904,0.020675393175928494,0.019198579377647886,0.006981301591871958,0.022398342607255865,0.5403868698681232,0.02443455557155186,0.10777270482421328,0.003302972111099959,0.025598105836863852,0.007571270740480855,0.0313803178664671,0.006957719434275499,0.008670326170550658,0.005529267631866253,0.004014084444417803,0.0167987569554419,0.025440026314061948,0.016289703714367904
854,0.0026867223984245446,0.007486843100789192,0.008074046481243245,0.0031093720671697194,0.022876465030189194,0.4146719725756584,0.010043326110814769,0.013283108727206632,0.006750432303990254,0.0028398370382303837,0.06772639522971849,0.01247807183464865,0.00321369555161717,0.007769365481951048,0.0013195198258605515,0.08357725368773769,0.29799613901076133,0.006803237525420746,0.0037641177018020457,0.013725879018113517,0.009804199298652512
855,0.0017010349957942512,0.03073113902474137,0.005644562792922208,0.005197606931593545,0.40565103512658607,0.0022275458278258058,0.09392000449817763,0.00346507128772903,0.0062371283179122545,0.0019885400077527954,0.007124041868628437,0.002801299495677141,0.00043248193534719317,0.00497445164985277,0.00026126332883254645,0.0029423430981135347,0.0018344495052683102,0.0035983432603339926,0.17546489056062006,0.23887871781425496,0.00492404867203599
856,0.012348686887388454,0.014406801368619862,0.021610202052929794,0.02593224246351575,0.03241530307939469,0.0015692112603900219,0.016730479008719837,0.033184679213939784,0.10923164632910728,0.006903243228323166,0.01994787881808904,0.016730479008719837,0.006324937186223354,0.020745793970812602,0.5213435678498217,0.005132818215690207,0.008644080821171919,0.014406801368619862,0.0349419731878673,0.02254977605523109,0.05489939862542456
857,0.00661002312023787,0.01453272166530039,0.013927191595912873,0.02089078739386931,0.023051903331166135,0.004578802716464506,0.009596341440671553,0.015546632479158556,0.031833580790658,0.0028998920992024018,0.05142347666183215,0.015916790395329,0.6730069936242499,0.013927191595912873,0.0036331804163250965,0.02180992603619336,0.004770522116851269,0.011525951665583067,0.015193299922814043,0.01747040774044185,0.027854383191825746
858,0.0031372007069577755,0.002846925458815593,0.00869550195950253,0.018604329773819366,0.014034845267968997,0.004214616185652948,0.003660116735581539,0.011764502651091658,0.02580600581529783,0.0031842580070469994,0.015384349620658322,0.016666378755713182,0.002099411207968744,0.01159400261267004,0.8102219139978402,0.0030307340159722667,0.004999913626713955,0.005673660853008742,0.00869550195950253,0.00999982725342791,0.015686003534788877
859,0.09868839926108575,0.09584694991135516,0.0018441039752586327,0.00305851391018505,0.009507086124810528,0.01920688345485371,0.07462165713058833,0.0009127929720002534,0.003483307508821863,0.024945198455924876,0.03089802990563423,0.008934370093195438,0.004157002752672718,0.3460579349431034,0.002026100321680932,0.13439187473632005,0.12603819204846298,0.006233657596390501,0.0032999755346733435,0.0024588053003448437,0.0033891640626374877
860,0.002257613979676191,0.025684745068951634,0.013400736557713894,0.026801473115427788,0.024657355266193566,0.011630827955751682,0.01503497272328876,0.009374459156908087,0.020547796055161306,0.007610294835244927,0.03626081656793172,0.02892285685422871,0.003600789267563213,0.022015495773387114,0.007802960527276445,0.04692928699258731,0.6198731639621247,0.010105473469751464,0.021256340746718592,0.020547796055161306,0.025684745068951634
861,0.013082827596236355,0.05741555123428366,0.014684806485571418,0.010428340837579705,0.017988887944824988,0.003556641129763689,0.017988887944824988,0.019447446426837826,0.011795992094967208,0.0054545147705367565,0.013576519203641498,0.017988887944824988,0.006662551090675921,0.012849205674874992,0.002414033755163219,0.006064575663774045,0.008994443972412494,0.006150047160623927,0.7250810685775074,0.022486109931031232,0.00588866056004357
862,0.4176210571137538,0.059427235479027014,0.017681733898464606,0.015999640321276508,0.024470038138422887,0.015793481552924444,0.015407061050118114,0.019809078493009006,0.018086549928399528,0.006302888611411956,0.023110591575177173,0.01733294368138288,0.00725159338319763,0.01341905317268352,0.0049522696232522515,0.22577670136136777,0.0022530089657117544,0.01512200225040846,0.02599941552207432,0.029713617739513507,0.024470038138422887
863,0.12314166945524428,0.024238660663585463,0.020771933060863078,0.10662138273644209,0.07935917046892427,0.015794149641542576,0.02991703823110749,0.009548563291715485,0.02512623550117857,0.012809048318154919,0.026931845181761626,0.024070336631199455,0.0009840264710816622,0.11082683756404152,0.05251709810443517,0.11830167362472765,0.0910296367143543,0.061603159280853435,0.040846631859005125,0.022023299205085715,0.0035376039946963356
864,0.008716232365633897,0.01789121380314326,0.0016535317491569047,0.02614869709690169,0.01789121380314326,0.007081938797077541,0.2360841158430093,0.00937471815311844,0.17331131493457852,0.004787789609291859,0.01888517012554011,0.341936600498888,0.0052297394193803375,0.013074348548450845,0.05810553116105143,0.0010740745766330147,0.004194655827994807,0.009187380061073568,0.01789121380314326,0.01614941774746589,0.011331102075324067
865,0.025845290240976176,0.016986589162519248,0.012054998760497532,0.01779547436073445,0.00954952970758479,0.005495661199638581,0.006794635665007699,0.3756785615778985,0.026693211541101682,0.24381580500984323,0.1046800011247039,0.009582178501933936,0.006794635665007699,0.014948198463016937,0.003737049615754234,0.005628085909259956,0.0013057439778190493,0.07616430892954322,0.01067728461644067,0.012886377985359432,0.012886377985359432
866,0.0326975861014705,0.04108158253774498,0.003666959743589834,0.0006884820297210949,0.01998563474809215,0.03013130491370409,0.07988085493450411,0.10557128569401698,0.1252841688714453,0.045999800165503174,0.007702796725827183,0.0017769985785476372,0.10312315616617618,0.04160081056777624,0.055486743340251124,0.04291558175818003,0.07841950776809284,0.08892342549309357,0.02191017735346399,0.05737255492340246,0.015780587585396553
867,0.06414142849411181,0.06407486818792843,0.046816805271542784,0.027713537724628163,0.02719630581611581,0.02870490491278616,0.060184610307152483,0.05685373224928888,0.012620807370349535,0.055052698898888086,0.06855747213523206,0.0976213491960751,0.044593519375235036,0.0503356176992888,0.0430340055982619,0.07000170314721792,0.07754405969890436,0.047384981590983005,0.02095530280359923,0.03577587477299275,0.0008364147494175412
868,0.0015440381804331955,0.015913182936057934,0.026256751844495586,0.02763868615210062,0.018754822746068277,0.011173085891274718,0.014192838834862479,0.006717481072770908,0.03089029628764187,0.008335476776030346,0.02100540147559647,0.011934887202043448,0.005403837613917284,0.025006430328091037,0.007553331677684761,0.09997093745454415,0.5278252320973047,0.06324258420027387,0.021880626537079655,0.023869774404086896,0.03089029628764187
869,0.0010747364940357348,0.2852422556120164,0.006198893578389956,0.020032017817944926,0.008624095173577895,0.012517906417220066,0.011894010579404802,0.08169754127401951,0.01148724268098121,0.003496184235791027,0.04503825088610784,0.01227768834003076,0.0026753238818540094,0.009759188167716759,0.004531051649297067,0.0035526669312817612,0.05719142969664489,0.38308721262275525,0.014638782251575137,0.009759188167716759,0.015224333541638145
870,0.0854585016524564,0.07239309219761511,0.0002752449424404998,0.01999029278420033,0.06553680301016265,0.09303466047875199,0.07282758719197402,0.02245013160955043,0.03897490797358601,0.02658708940298644,0.03913251254119215,0.07717369737622091,0.0005338330887076796,0.04468418387056545,0.12040961462142795,0.037596181845789264,0.05846984071495657,0.01482207074730951,0.05524590005815364,0.05184145506615609,0.0025623988257968615
871,0.05635895494049095,0.06266204919139515,0.004029642384931753,0.0028930765840535656,0.07129548707998738,0.017589347141444257,0.04612715660302325,0.06854382904424955,0.16631125996641558,0.15235673356657656,0.1133730584844547,0.004339614876080349,0.0007728081286170486,0.021218894964281955,0.16171382783874194,0.03359658369344644,0.006115451375912629,0.0003830115893875707,0.0040508799477265555,0.0031341662993913627,0.0031341662993913627
872,0.0013147378570372442,0.197809778863275,0.014382213862486231,0.016009975332269576,0.013012479208916117,0.0023081013968532112,0.01242100288123811,0.1348703037704148,0.008539439480851202,0.10257708951833075,0.1395802029547979,0.01188095927770602,0.0025779439942192305,0.008280668587492074,0.0026530297416236743,0.002553851059693817,0.027403824079135036,0.2745453384587367,0.0075906128718677334,0.007807487525349669,0.01188095927770602
873,0.004721407635136479,0.0015870095725008754,0.013555009017004732,0.015563158501005432,0.00933789510060326,0.004841782151115869,0.06974750316005053,0.010505131988178668,0.10817719068426557,0.0033815953040687565,0.01750855331363111,0.006888611139789289,0.004751803370838265,0.2517695330806419,0.4232662032153812,0.008795100356162659,0.006271720589957413,0.005062714211170442,0.009550119989253333,0.012358978809621963,0.012358978809621963
874,0.015929304784457178,0.021056739650489365,0.017228241532218573,0.008239593776278448,0.09475532842720216,0.0012726940792981325,0.03119488853622863,0.013536475489600306,0.09766539520455085,0.006649496731733485,0.09851213709994185,0.017126458511864843,0.00445907427892716,0.01024381928942726,0.38075505562631584,0.057352311817934556,0.023130271452491864,0.03743386624347436,0.02435347383094203,0.021056739650489365,0.01804863398613374
875,0.007465191447640478,0.012199478419200667,0.008565591230502595,0.02875591341668728,0.05797562117140385,0.004328847181006687,0.02555993207583709,0.4054425180855595,0.01341942626112073,0.10928917804131293,0.017403633456851673,0.007439561057370426,0.004107987630955326,0.01437795670834364,0.004792652236114547,0.004018233314042283,0.000964873366464619,0.22494222826232513,0.017503599471027042,0.014673294339832403,0.016774282826400914
876,0.011804199974281726,0.1794238396090822,0.00658675502871253,0.010821097547170585,0.02008475816519577,0.005223978126220282,0.006312306902516174,0.4582737241260026,0.013917827478234383,0.06597881354726469,0.0020962857112603356,0.008416409203354899,0.0028228950123053696,0.010329229476844651,0.0031146903528771054,0.003220313913061906,0.001730795092008853,0.1576478532202943,0.010821097547170585,0.009089721939623293,0.012283408026517962
877,0.01676652461917509,0.11167807809370092,0.12446934616213945,0.00625372871102138,0.004942463013549155,0.30859671739548755,0.004633722046845285,0.005674679756297179,0.007126342019535992,0.0016474876711830516,0.005182267653785817,0.17353344656455488,0.0014186699390742947,0.005472012622143707,0.0019272497285537586,0.1941780445014648,0.005932767403916405,0.002282348491671383,0.005781749185661276,0.00537601240070259,0.007126342019535992
878,0.06060184181901745,0.08929842286723823,0.05394109197215811,0.0439520757518446,0.03101711000255734,0.022314775856428652,0.0628140711779954,0.09834693415445007,0.026478020733890408,0.04591262708536662,0.04027642590507274,0.03960699848221937,0.08955801130580579,0.043578403451350944,0.022641796279999668,0.07614077604073959,0.06597801887789084,0.03747448956542444,0.02921712632705148,0.019889414205366,0.0009615681381324817
879,0.06707392260303528,0.061654363925302776,0.07952286433712244,0.10739862043666744,0.0013692671308976033,0.03053127785653526,0.10261110354566749,0.0016687943157814539,0.03788332525829297,0.0014923784713795978,0.012512370912583745,0.1563738177597289,0.013310663647644569,0.06930321358520876,0.05747054472930721,0.09039549598070706,0.07134154339653842,0.0009989543969839642,0.0015478671914494644,0.029040098950323768,0.006499511568842086
880,0.04396020806310893,0.07545701585460224,0.03419058888832701,0.0692750332793132,0.07364423469293012,0.012578197011932163,0.08384112872733583,0.0008213701647475684,0.03751966716078733,0.09408780132860367,0.06711913889844624,0.08143190089034343,0.012117663136372754,0.04883398782181293,0.03314812483444053,0.03751586738342744,0.003282935763419777,0.007639682412701385,0.07084575377459877,0.11156034248229742,0.0011293574304512312
