site,A,C,D,E,F,G,H,I,K,L,M,N,P,Q,R,S,T,V,W,Y,*
790,0.04496179340196744,0.033581118989667806,0.006130163307140007,0.005686524807687647,0.05596853164944636,0.0006082708599616501,0.0839527974741695,0.019915967342215807,0.030650816535700037,0.0637296430763083,0.015325408267850015,0.13992132912361585,0.030650816535700037,0.22171909347438926,0.1119370632988927,0.03398089421573528,0.010216938845233347,0.030651428497104827,0.010216938845233347,0.039977522606747404,0.010216938845233347
791,0.09113476797031887,0.20002003519228834,0.00954933993809102,0.0049254490206995785,0.009174856018950196,0.07074230267023368,0.007198733184099385,0.013369075913327427,0.005086061488765869,0.016777452023149664,0.005504913611370118,0.011997888640165641,0.47265446406621214,0.02920046092253967,0.0015754803264863976,0.025669571052228727,0.003096110163721808,0.0028531564449174396,0.0031831133126970063,0.011412625779669755,0.004874142260067292
792,0.08460942256838824,0.018665256195658744,0.006562004131286277,0.01653625041084142,0.008450580930046718,0.04439664509395973,0.12329068333525305,0.021276093018544745,0.04199682644023217,0.015643113204247557,0.05274020064587297,0.09587234340594915,0.0004562566687624289,0.07391441453480863,0.1656541487364713,0.13194146717175353,0.06914037925958223,0.008264468083565218,0.006662958040998374,0.013124008262572557,0.0008024798612049904
793,0.006672691479010018,0.007293145011015828,0.008033029287495694,0.003155116594366438,0.007106141292784654,0.560779061260964,0.11403330960397719,0.010458094732777413,0.015917149465555152,0.001965528442685117,0.008272821206525418,0.11532425273156936,0.0034427268374981547,0.006158655787080033,0.049729200870115495,0.03196749683458775,0.004359932017186226,0.0021194453265428385,0.0027101353112099547,0.03472832610666578,0.0057737398003875305
794,0.004467204660110039,0.01052274875492587,0.014349202847626188,0.01052274875492587,0.011274373665992002,0.05096909333936379,0.07892061566194403,0.01028452143390986,0.10987632204137357,0.006764624199595203,0.015784123132388805,0.013927167469754828,0.008609521708575712,0.02058798669442018,0.47640060118915983,0.020052508343875248,0.008436151783313138,0.005506089464786792,0.008934409320220079,0.03382312099797601,0.07998686453576287
795,0.07282553771735337,0.014594006035705931,0.009097562204076422,0.01207779809851525,0.015566939771419656,0.0031697388674836405,0.01994061789189051,0.007045076855768065,0.01373553509242911,0.004864668678568643,0.01629098348171825,0.011435098662728063,0.006240097110590601,0.01373553509242911,0.003485135769720818,0.0038462230361496117,0.7065860384965078,0.024336505158066336,0.010301651319321831,0.01592073385713374,0.014904516802423074
796,0.028541543790230467,0.011093532354515313,0.01092544853096205,0.01567564354442381,0.008194086398221539,0.006501831530201055,0.01567564354442381,0.0051005863818125675,0.0218508970619241,0.004592863713652837,0.014715910266193781,0.008584280988613038,0.008682163130519062,0.042416447237852664,0.0036978441181717715,0.018685455036079043,0.7279142030684911,0.004506747519021846,0.00828827129935052,0.016769293094034774,0.017587307391304763
797,0.004848128360404996,0.008876290631330516,0.01650426675882552,0.008431527583313038,0.0135778010351668,0.01217737471772646,0.029492936279506568,0.015514010753295986,0.009944878688010248,0.003624083840279714,0.014917318032015372,0.018039547387553475,0.010206586021905256,0.01410364613935999,0.001563254142240315,0.003912539579631757,0.006156353473530153,0.003492100756471253,0.7849674454262134,0.015830623217648963,0.0038192871755700253
798,0.00772730308644538,0.012582562724025229,0.010455932404471669,0.012170019683893257,0.013747614828101641,0.003907216845881519,0.024745706690582948,0.016138504363423664,0.016138504363423664,0.0029682534975282162,0.013747614828101641,0.015466066681614342,0.001897828274339387,0.015795131930159332,0.003730508546319038,0.7488022598382216,0.02562753890040663,0.006399751730323177,0.014276369244567086,0.014847424014349771,0.018827887523820943
799,0.0014137499340374417,0.09220299241241463,0.004500918157343692,0.0032917162643259844,0.07151825884644614,0.0008515250567947526,0.0038692103457866832,0.22228794002716643,0.003243308672203543,0.47154259454637104,0.013657026305600598,0.004064652159044792,0.0025946469377628343,0.003106267460701985,0.0008786652976487684,0.0011863164514124287,0.027822741149591757,0.0406418501003007,0.002657168550720975,0.024427201522212453,0.004241249802112325
800,0.0056751129507320855,0.01300546717876103,0.01891704316910696,0.010580719060686939,0.011560415270009805,0.004103485618582962,0.6293513875026281,0.008670311452507354,0.01451773080419836,0.010003462976612781,0.11103804253480261,0.01615210885529439,0.006280976895322421,0.028957162989832964,0.07229714759503265,0.004001682208849548,0.0060025233132743215,0.004693702440455109,0.00770694351333987,0.007026052085416391,0.009458521584553478
801,0.009118036484315476,0.032383687783248516,0.010749853857477655,0.0031879388172979194,0.011491223089027839,0.3349438272604178,0.010749853857477655,0.008331136739545183,0.006408566722727065,0.00300221143767394,0.00900663431302182,0.11306533277465629,0.004015005657612136,0.00900663431302182,0.0016298111962686464,0.22635367409521917,0.004443272927757431,0.1761423842341128,0.007405454879595718,0.01332981878327229,0.005235640776252635
802,0.06491117841732358,0.053380976261289806,0.004073129629102645,0.016501363452321123,0.004073129629102645,0.09171823913864147,0.026944262739266395,0.009308018037201118,0.10219336724813667,0.0009697927688339628,0.0015655827098106985,0.019758623141112753,0.0010497756776037743,0.09075925689466485,0.07978724894108934,0.21651412217933338,0.1741088730300806,0.0018995955177961467,0.02951322792283282,0.009308018037201118,0.001662218627255217
803,0.14266632322183298,0.022550105329637297,0.004685197130670892,0.001848026306643391,0.04047454802755412,0.17400827680978354,0.00866761469174115,0.004815341495411751,0.004444930611149308,0.0318148772867751,0.008532472286889786,0.04783355675983667,0.0027516237116638575,0.1452226783228642,0.0008755274602825492,0.3114733298656151,0.029863653004114254,0.0017201226663092505,0.006934091753392921,0.006191153351243678,0.002626549906588227
804,0.002056413701307352,0.005602910325668762,0.45289487355841374,0.23692647718753804,0.004889274068454162,0.027442111098475934,0.01313114611405013,0.006921242167002587,0.002525822733853317,0.0016117961210827948,0.08135273282152897,0.005115700732132348,0.0021010913721257857,0.12588152412213482,0.0020642301199832284,0.0014893812258106836,0.0029052127614578767,0.0021580799079792094,0.011288178238393972,0.005348232583592909,0.006293569039013686
805,0.004507472709777873,0.0061935707184131855,0.012201262335088378,0.012201262335088378,0.008957888802976278,0.0025523874193988873,0.04306207068584317,0.010887280237463475,0.00777662874104534,0.0028219113241280576,0.010109617363358941,0.010887280237463475,0.0039449088806788315,0.010722321445986758,0.07620596615468292,0.00353836607717563,0.005091174211763497,0.005054808681679471,0.7158212521634084,0.010701297778682946,0.036761271695896124
806,0.02209822715545872,0.05042969903262367,0.005695716289484981,0.005102412509330295,0.0455778620994558,0.04542336087200001,0.030454298766454557,0.07691473572308712,0.006846900159397597,0.034409636222380385,0.24705693266435771,0.004373496436568824,0.00150255092299297,0.1606419736101872,0.028087808086498932,0.10209441110278097,0.07352910974284708,0.03560598302311405,0.009403432601571933,0.010983517587901642,0.0037679353915054483
807,0.06711124674556908,0.1851443800693767,0.08687205254048053,0.002671437673776279,0.001822863353870873,0.1868517899684228,0.01626486905329752,0.0015846216336404002,0.0017809584491841864,0.0049835120668352655,0.0019367923134878027,0.039310450442825114,0.0005161793741120771,0.007578612820532892,0.0030755388755326204,0.1779567764128259,0.15619666592734688,0.05107015877499132,0.0024594188107781617,0.0023125878370003614,0.0024990868561132937
808,0.042179126595065786,0.12403318455532227,0.04396261267320024,0.016852334858060095,0.0014200162422445403,0.053011228097198736,0.08506803071952154,0.02988528955560759,0.03830076104104566,0.0404456036593442,0.05275513520784029,0.11833033220488064,0.0041937013181292835,0.06740933943224037,0.07023276726186298,0.05512542711873243,0.07404818886012822,0.07791469103207005,0.0017581153475408596,0.0012731180102882084,0.0018009962096760025
809,0.0825401134706488,0.03845808724676136,0.09193471545287524,0.08821780730152413,0.0012905320917750275,0.04073660186914624,0.05341401006494634,0.00394037779167637,0.05184570722460891,0.031637529038468226,0.04629214205628683,0.1061062091830691,0.0005162128367100111,0.1431670597642414,0.044478588432972435,0.05205602675821043,0.0900236643219853,0.023524471671709894,0.001216639734201472,0.007753646622330921,0.0008498570658516426
810,0.07306331885026593,0.07334136038386797,0.3064423788844856,0.1311674883128176,0.0045306259051475836,0.04419862523527774,0.027853786000857424,0.0033727992849432,0.01710292354630666,0.0021838268751430794,0.0055191261026343265,0.0791777204117683,0.04197990325002543,0.013197910245429914,0.002759563051317164,0.13552321142589166,0.022929712671738028,0.0015685766839925043,0.0067455985698864,0.0022823453807886314,0.0050591989274148
811,0.004392970364205047,0.0763777801958377,0.00698524989517516,0.0040079302677234535,0.00698524989517516,0.001758875872885832,0.006607668819760287,0.20532367213819674,0.003013443425637637,0.2227153677599921,0.2464021781009149,0.008731562368968951,0.0014466493865747377,0.021224983128106483,0.001840809106292173,0.024572292295263053,0.06600210818441202,0.07588063520312391,0.002600890918416284,0.009054953567819652,0.004074729105518844
812,0.0031694596363550116,0.006043103039983555,0.004624823755089455,0.006474753257125238,0.002725748727211318,0.002573276178912302,0.004663864500712752,0.1710327944604935,0.005527228390228862,0.45911554115888087,0.289718801117953,0.004120297527261515,0.0007346928434915144,0.006124766594577928,0.00345025735405701,0.0018806337261359613,0.0023362511752513743,0.0076798866566526215,0.0058861393246593076,0.005035919199986296,0.007081761374980729
813,0.05340265317297412,0.020140207021187174,0.10246362722619425,0.05592082706243142,0.08433711690122131,0.0442621001475422,0.060254955435890184,0.04063790077125978,0.02334638103543691,0.05757369267423891,0.03998847136069211,0.05549798526989886,0.008353487647169134,0.05712185058760677,0.030881549159290204,0.058733831254904605,0.041622242820111004,0.03649700347526233,0.07245394115045464,0.05595413309403502,0.0005560427321991024
814,0.04717281316076719,0.24410895770479452,0.003868179342599033,0.002559939330656022,0.0037370546191211004,0.0011788451846952712,0.004008840409602634,0.1443570305110903,0.0036747703754690824,0.027051955106613772,0.06772604926064613,0.002756077781601812,0.0013444281861472252,0.0056683084963808405,0.000974486218818139,0.0014686404994637085,0.20681453361100643,0.2223283311341467,0.002505525256001647,0.0031954525004078975,0.003499781309970555
815,0.005829891521218945,0.00863966021098524,0.012825761346681685,0.01356570911668255,0.012375734632763027,0.008726485417049382,0.01383170341308809,0.012596729894062368,0.01567593053483317,0.0038889682349454746,0.01068813445556807,0.009161258104772632,0.005225310178277722,0.014967553953162247,0.04174897568010629,0.004521903038894184,0.0059781091022668865,0.004436584113632029,0.7123512172960307,0.012596729894062368,0.07036764986091677
816,0.006738342835254685,0.01582727038048194,0.004241990677397361,0.009074301684809643,0.011156928300995463,0.009398836635669984,0.018329995756102925,0.031338045053041705,0.018482159830969774,0.004099835098558574,0.013310917940334543,0.6862776956128654,0.006672280650595327,0.013889237272667821,0.003718976100331821,0.08666680522242486,0.01744740090376096,0.007240134322986417,0.009722466090867474,0.011886110983910379,0.014480268645972835
817,0.01828385707989616,0.003712452273182699,0.00458597045510804,0.0027843392048870243,0.003182101948442313,0.03596083190764776,0.05319731750388834,0.0028667920957409763,0.18403013024175965,0.016908335424579892,0.0435897752122162,0.14046924814266376,0.0019956920431845574,0.24552608078717686,0.1566747755213641,0.03495430755713314,0.03307717916373336,0.004212457268407448,0.0034649554549705188,0.0029419433108240256,0.007581457403193272
818,0.027153296737977277,0.23809776365070265,0.002506142018808408,0.0023213459136606487,0.01083650078153839,0.012118551413429072,0.002923832355276476,0.07576896133426676,0.002680179659003436,0.028593823271067603,0.2530040821556537,0.0029688143915114983,0.0015948176483326227,0.003112466700778184,0.0009739724744445579,0.0019350894252747122,0.13057246264829844,0.19456513573553805,0.0028378372860036385,0.0027914595292796865,0.002643464869154074
819,0.00533265962970172,0.007309930310624262,0.007159589317655086,0.009896808241811163,0.01137111244568749,0.002589111797690891,0.009546119090206782,0.014589351817108477,0.012081806973542957,0.0032952863642138753,0.010890642905728862,0.006235771341183461,0.0036132506836763978,0.011715691610708324,0.0744201175664257,0.003449945732767657,0.005224565177748305,0.00457535885388609,0.7833029148503297,0.009913277516753196,0.0034866877725498553
820,0.007861237359667081,0.008432963713097413,0.009276260084407155,0.014054939521829023,0.011312512298057508,0.004334700974022035,0.0070274697609145126,0.466839879704758,0.009465571514701178,0.0030238141237775118,0.004966582859596359,0.009440733751211666,0.002366392878675295,0.009094372631771722,0.0034839388939468135,0.00473278575735059,0.09237177200229962,0.2996447657387645,0.011312512298057508,0.008751188758874673,0.01220560537421994
821,0.0729688082641641,0.04806415395571238,0.103590691848116,0.07111394492155912,0.011763953765384149,0.019705057082599845,0.06640442322828684,0.10888830375520209,0.019568886844319063,0.08049508521353409,0.02731851485516986,0.022134807742762285,0.0006561338147663543,0.028203325052908155,0.010615130155483354,0.02860004701656798,0.07307491280144505,0.06954710889189786,0.07788173094675618,0.05823157113865154,0.0011734087047136734
822,0.03428894724240404,0.050779917002725605,0.09035949973347016,0.14498877697240053,0.06571518670940961,0.060608480744087305,0.06571518670940961,0.003432475314832089,0.01795738752378505,0.05123570722037452,0.03447354056887062,0.09387883815629944,0.0015501501421822338,0.07097240164616239,0.018086748635617326,0.04502707237496585,0.04252159140020622,0.02622578877654907,0.04072490443963413,0.038157205186108815,0.003300193500505504
823,0.008954755158347835,0.01619476996722481,0.002080967081759243,0.01691453752132369,0.017298958828626497,0.005465718427568239,0.012577037130889259,0.0168658742202574,0.013806573754184351,0.005398256655741602,0.017298958828626497,0.7684536055178758,0.005638179173774563,0.021747262527416166,0.004879193515766449,0.0016431712093737654,0.005916509527513374,0.008850630098367047,0.013123348076889068,0.015144430251058293,0.021747262527416166
824,0.050291772208170986,0.016422511986451182,0.07322559972130951,0.04462301226821482,0.029930028095307277,0.029467764337491802,0.06279288620743088,0.03015173200712437,0.08535600604958005,0.03708501797667704,0.05912104315122426,0.04906338952222004,0.11570582853412677,0.08705138890465189,0.021312972738217587,0.052015148541702104,0.06320920039040465,0.04543270068637679,0.02186668719291856,0.024834316964079978,0.0010409925163192947
825,0.010797362982631585,0.02677617526777581,0.029196401010228537,0.004646387806392353,0.02233937168820328,0.01955078070929176,0.07918381302465635,0.0035903905776668186,0.06748351864144742,0.027296210145156735,0.2459399346043861,0.02151516072426404,0.001035263413959883,0.15312758216686378,0.05772379941603059,0.023180779284745778,0.001717143319753696,0.0035401190106988814,0.1466308553196882,0.05226055736401251,0.0024683935221459377
826,0.004135152930131815,0.0785999257828967,0.005851631504903511,0.006598648292763534,0.009121660875290767,0.002982081439998905,0.014097112261813005,0.08453052955045667,0.07032786109361083,0.12848366683286808,0.3120227057222098,0.007753411743997152,0.0035242780654532514,0.043812180853059095,0.003052281779212697,0.002720495348770931,0.07919761685407574,0.12201390410793787,0.0067420971686931765,0.007048556130906503,0.00738420166094967
827,0.05941055383210899,0.044219191857774225,0.04213895725131086,0.04431713845302841,0.09524552531926989,0.032900295171920155,0.04285611332088359,0.019754627473626343,0.032143895173685384,0.03857050198879523,0.041369268573016205,0.02399177058231609,0.08418165116602133,0.07215570099944686,0.037672474775692535,0.053502116074404686,0.06137801401471936,0.03208242968983443,0.03978554344338732,0.10101798139922562,0.0013062494395325176
828,0.016410900634917826,0.14008656276773254,0.17957298553600276,0.10006917567142869,0.007767577748017886,0.017790480066653302,0.052232017551982736,0.19657308001278598,0.006616825489052272,0.005880042277075444,0.05247779666637223,0.05940096484007438,0.0061973778920287196,0.005413766309224588,0.0016390301670129485,0.05476905121219319,0.002977571470073523,0.07686784547537714,0.006380510293014691,0.0049212949788321764,0.005955142940147046
829,0.008608422464643382,0.016947831727266657,0.02008631908416789,0.032660888369239485,0.009192044326653102,0.006008582381973229,0.025825267393930144,0.019368950545447607,0.5459787549470115,0.004338644922180264,0.0727015931966229,0.05149952882888196,0.005316966816397383,0.01279413750010076,0.06440542357046121,0.0068649444971206714,0.05383294421940396,0.005769474630558862,0.012051791450500733,0.014271858296645607,0.011475630830792604
830,0.11195092586933524,0.014318206425083125,0.018839745296162006,0.07457399179730789,0.013993001790524245,0.0035534784178260863,0.008517479350753887,0.10199261711251628,0.014914798359461584,0.00254418214373168,0.031126535706702443,0.13354461333586137,0.0034661511605396087,0.02136650208952606,0.015563267853351216,0.19156769897649745,0.19649340542550625,0.014511695701097758,0.0067552422437013575,0.008162584377805806,0.012243876566708714
831,0.08041555326909242,0.0024512781201544665,0.004539403926211976,0.012120005110172642,0.03737001575636564,0.002335625984772853,0.06657359041476123,0.03397274159669604,0.026159011029455947,0.13096989222569666,0.03389373522088977,0.0388073240546874,0.12293343413636047,0.03956825197732833,0.05740034420177762,0.015138916737895521,0.08086093421509526,0.043119248949652675,0.06177492400542076,0.10588171130970267,0.003714057757809798
832,0.05083906892339157,0.06259006085226372,0.006809328109942588,0.004838099800720406,0.005958162096199765,0.008633398855409318,0.007687951091870664,0.3307513911732484,0.005812841069463184,0.17793240920781536,0.05701523761845884,0.00821815461544795,0.002269776036647529,0.009166403224922714,0.0017653813618369672,0.0018914800305396076,0.002942302269728279,0.23951640651657244,0.004333208797236193,0.005070776252084906,0.005958162096199765
833,0.08735856350364268,0.017850356365634652,0.0687509180021868,0.147451838086643,0.012096935718859848,0.05829570927374363,0.06245968850758248,0.007172754627164305,0.0709622823041375,0.03299611328193072,0.04583394533479121,0.03404021446469864,0.04169480901948737,0.04823653117895365,0.04596039722132607,0.07258829824815959,0.07312283612944669,0.040682507431006085,0.0054535365945679645,0.025439144232308215,0.0015526204737287344
834,0.06833885846149902,0.027970040704847345,0.0069442859681000295,0.06750682974560675,0.0047107436976584986,0.009780252643814168,0.056081701868959735,0.03993319528727881,0.1479312518416984,0.04499795559549066,0.08247166287829273,0.04169648764465441,0.0007777914082590092,0.1042200921228917,0.09067834701972637,0.04498274587583696,0.07625092268873851,0.07537189916253599,0.0038358912966647775,0.002940051523219055,0.002578992564227241
835,0.006092150846249675,0.014581797616274936,0.021757681593748832,0.026487612374998578,0.01324380618749929,0.006481011538563484,0.011715674704326298,0.013845797377840167,0.012962023077126966,0.004545063012475215,0.01243296091071362,0.011494624238206932,0.005162839700211588,0.013845797377840167,0.02422106956261453,0.006216480455356811,0.007429452251523993,0.008232636278715776,0.6129779358124002,0.13512220297530855,0.031151382108004447
836,0.037531989466962346,0.008943110501262456,0.0038671350247231535,0.003498836450939996,0.004081975859429995,0.0020409879297149974,0.01052130647207348,0.12153036592329122,0.1757462708897842,0.034720311357842475,0.06216552421609271,0.0037679777163969184,0.045571908137907714,0.08943110501262459,0.019087186423024136,0.07161626234157988,0.147607080170047,0.06777936379904179,0.07926847944300816,0.007251170676699291,0.003971652187553509
837,0.004560599930953377,0.01346945899560483,0.39281477960070277,0.2154704729103559,0.012600461641049682,0.008277057320420533,0.018600681470120957,0.020558647940659997,0.027901022205181435,0.011882992555587453,0.018600681470120957,0.0044470462563924555,0.005580204441036287,0.15278133285755296,0.006200227156706986,0.013537586455732541,0.00831094278452213,0.028879632720060937,0.00831094278452213,0.01219160116146412,0.015023627341251539
838,0.005820930460464475,0.015799668392689287,0.013271721449859001,0.010703001169241132,0.010285292188387809,0.004140710692098995,0.00921647322906875,0.3334159197906497,0.018432946458137502,0.12225105771869983,0.009976043613991039,0.057967283603207846,0.0034561774609007815,0.008967379358012837,0.0036865892916275005,0.018596070996444152,0.017488464557470284,0.30883089213989173,0.008967379358012837,0.009758618713131616,0.008967379358012837
839,0.005891086615408272,0.011435638724027824,0.013886132736319496,0.017153458086041733,0.024300732288559116,0.14388785840224352,0.009988130292310294,0.01881347015888448,0.013886132736319496,0.003707722363242709,0.011215722594719596,0.00988504364280371,0.5867042715736576,0.011902399488273855,0.007615852731465095,0.061468837703948266,0.006643921284316538,0.006075183072139781,0.009720292915423645,0.0100554754297486,0.015762637160146458
840,0.004595024703788581,0.056776376341502406,0.05355694890708075,0.014101972366799437,0.2618843265028908,0.004811261160437456,0.04912507219128292,0.010486082016338043,0.009087937747492971,0.0033798115589849897,0.007302807118521138,0.037858827253798355,0.005759960544185687,0.013631906621239455,0.0035215555074294804,0.0041620157001089775,0.0030981605957362407,0.0052343369779900995,0.005602153405988818,0.4115211659291451,0.03450229684925828
841,0.02055313857807346,0.027279620294533857,0.010921374237564955,0.008401057105819197,0.007619563421556946,0.047838174719399953,0.009361177917912819,0.1347196661840849,0.013105649085077949,0.3292227907144558,0.12165236077292127,0.04286797474855321,0.036825722834735154,0.06297387454979841,0.007038010267430803,0.04412879753527536,0.00454237115689571,0.04085750211324998,0.008855168300728343,0.009101145197970796,0.012134860263961064
842,0.1298486231039924,0.010290418167102414,0.007136902922345224,0.02593601129927949,0.011345845671420612,0.44502518433007765,0.007023618748974663,0.015258206247772547,0.009833066248564533,0.0030728332026764157,0.023481482518502607,0.1912762430153025,0.005331180496209685,0.034711756766482124,0.008600078529014019,0.004295999817334017,0.00546281458253585,0.027803072393550687,0.013408726702587996,0.012291332810705664,0.008566602425568903
843,0.007368008591769826,0.015043017541530064,0.0240688280664481,0.19307099988543155,0.0063339021227495,0.011295786346771487,0.00768154087227067,0.02523574558773939,0.36289995053104873,0.002652130237136588,0.18051621049836075,0.016651461273376737,0.0033122240458414815,0.007481228533416984,0.0628191684958936,0.0035051691358905005,0.004657468381683078,0.006564225836304028,0.011646207128926498,0.008805668804798087,0.03839105808261254
844,0.011857807111690565,0.014756382183437146,0.015442725540806317,0.03272942129092094,0.012769946120282146,0.060615891148593906,0.012769946120282146,0.009486245689352453,0.03984766704209628,0.004340112406893279,0.013973923102431141,0.010885855709092977,0.005975322469602667,0.020122339341050653,0.6692296288307508,0.004014982646831035,0.006092084387657538,0.010215956896225717,0.020529354039081522,0.010215956896225717,0.014128451026695141
845,0.018593162586133704,0.024649929661954856,0.02050598708580356,0.5459213603480175,0.015494241501800192,0.005258914922725743,0.01465671493413532,0.015494241501800192,0.1523689844754551,0.005369291609534721,0.018699946640103684,0.016946826642593962,0.005831166156591471,0.011506086642112499,0.005533657679214356,0.004841950469312562,0.008343053116353952,0.06874016294200805,0.015494241501800192,0.012324964830977428,0.013425114751570948
846,0.005603022656848553,0.014798137594001169,0.7010504138985142,0.019249394915570848,0.01696371870531841,0.06280409499733326,0.00695512466918055,0.021076135361153176,0.014194131977919487,0.004796637702883138,0.014489843060792812,0.005348826059726098,0.00454583311711147,0.015807101520864883,0.005748036916678139,0.004897975119141232,0.008087354266489011,0.010845073050584795,0.022435886029614674,0.020431473611186912,0.019871784769087283
847,0.017639497051501606,0.0171355114214587,0.009400080799962728,0.00789606787196869,0.012265542848178473,0.018693285187045862,0.21590744391037966,0.07888021533113239,0.01096676093328985,0.19798672776626752,0.05997428997510547,0.06747107622199365,0.005291849115450482,0.17992286992531636,0.010583698230900966,0.017205094260414538,0.029176681609510768,0.02090004886251755,0.009725560536503587,0.005805932258800508,0.007171765882300552
848,0.010161090095193028,0.013543052648745689,0.025135328130214334,0.019898801436419682,0.025135328130214334,0.03929729426852968,0.020763966716264015,0.020763966716264015,0.019102849378962894,0.005481034007650559,0.029848202154629515,0.020763966716264015,0.008683113354074042,0.029848202154629515,0.07821588783492914,0.010161090095193028,0.007580495785302735,0.007959520574567874,0.47952889192695036,0.03954897505439559,0.0885789428206059
849,0.011668453334183,0.5295377033472234,0.11274654118393454,0.0798621333386203,0.01095628514532828,0.0049774592366290836,0.01051803373951515,0.013484658640404039,0.02390462213526171,0.0039841036892102845,0.018134540930198534,0.011432645369038208,0.004076757263377966,0.02083360000137921,0.04278963742240529,0.0051599805777151325,0.006187078670303029,0.01183142716127708,0.010283375249304333,0.05414630492428735,0.013484658640404039
850,0.06897872532086205,0.014038763416258612,0.038381878093505,0.006791725221708662,0.023397939027097685,0.6350598040776374,0.011458749054813583,0.019742011054113676,0.0263226814054849,0.007432286514489854,0.0263226814054849,0.01804983867804679,0.007261429353237214,0.01804983867804679,0.003219498544775263,0.006317443537316376,0.0073458645782748565,0.00833520333787126,0.020378850120375405,0.01214892987945457,0.02096585870114515
851,0.21978723791661867,0.025427605215259504,0.01858171150345887,0.014209544090880311,0.005280560612543287,0.006710062487360146,0.010980102252043877,0.011147902715066754,0.021005413003910022,0.006901778558427578,0.011783524368047088,0.012713802607629752,0.03177096470918045,0.01725444639606895,0.005553155161953225,0.4840304996218093,0.02936126491432466,0.010502706501955011,0.01665946548585967,0.014910646662343305,0.025427605215259504
852,0.004453661144020608,0.026036788226582022,0.030770749722324214,0.014103260289398595,0.06295887800025972,0.004453661144020608,0.009645094332965941,0.02236148359254878,0.019910485114445077,0.33993372574571556,0.3340856895928732,0.017814644576082433,0.010538585595481959,0.015385374861162104,0.0035800130008125136,0.0049676375506669,0.016923912347278313,0.006907719325419721,0.021154890434097892,0.019910485114445077,0.014103260289398595
853,0.008393970631517693,0.03976826180929953,0.011700686334842841,0.014850871117300532,0.01379009460892192,0.00501457985778979,0.016088443710408906,0.38767291333534853,0.017551029502264264,0.062165033641604917,0.0959357652951576,0.018386792811895897,0.005438347169715686,0.02254008193650217,0.018530148384837495,0.0062277846620937705,0.06854133101760496,0.1453635987476123,0.012066332782806681,0.018273246307631653,0.011700686334842841
854,0.002968224727586809,0.008271279845046964,0.008920007676031039,0.011135780580670973,0.025273355082087945,0.4574716486742014,0.011095619304331296,0.01467485133798655,0.007457711335698084,0.0031373820101902278,0.015164013049252769,0.013785466408411606,0.0035504116870575574,0.03186232754279213,0.0014577730017648958,0.1107837310486088,0.2298512906350866,0.012985170590798331,0.004158504520819717,0.015164013049252769,0.010831437892323405
855,0.003117761250747143,0.05884031049646478,0.004745771048115589,0.009526492710616268,0.11297339615321238,0.004082782590264116,0.17218881375286,0.006350995140410846,0.011431791252739522,0.0016269509614512628,0.013057380795589787,0.13986857062504343,0.0012845308729474648,0.004182362653441289,0.020345011181298066,0.005007685999699132,0.003362291544923389,0.006595264184272801,0.07592298128576105,0.3364637571427158,0.009025098357425938
856,0.013443380105929941,0.015683943456918266,0.023525915185377395,0.02823109822245288,0.0352888727780661,0.05049064718222527,0.018213611756421208,0.012498422909847692,0.008749181550926832,0.007515205748460073,0.02171622940188683,0.018213611756421208,0.006885633712793384,0.022584878577962302,0.5672281765828721,0.012222775248098155,0.00941036607415096,0.015683943456918266,0.012832317373842217,0.0245487810630025,0.07503300785542656
857,0.0052508890243665556,0.01382724611780149,0.013251110862893094,0.019876666294339644,0.02193287315237478,0.004356529598759374,0.00913049723146133,0.014791937707415544,0.030288253400898506,0.07197169867121907,0.04892717857068219,0.01514412670044925,0.638801272828241,0.013251110862893094,0.0034568115294503726,0.00265611431482289,0.004538942184354729,0.010966436576187387,0.014455757304974283,0.016622325340629206,0.026502221725786194
858,0.002750037402489306,0.04258125440678103,0.007622386278638838,0.01630836134034356,0.012302798905873215,0.0026840036999746316,0.0755826865846572,0.010312640259334899,0.022621275407573325,0.007294037564996158,0.013485760339130251,0.01460957370072444,0.008316363018570385,0.010163181704851787,0.709926281067312,0.003944696798892594,0.004382872110217332,0.004973471898118958,0.007622386278638838,0.008765744220434664,0.01375018701244653
859,0.12250897878306521,0.03046374049347576,0.002413579439832362,0.004003009802648796,0.006312438534946178,0.027232113968154337,0.11265836107021224,0.031145353078737864,0.01658581426867014,0.00547788361167087,0.0062196803507513,0.001977390384440971,0.0008319911025476254,0.2637144468718551,0.007341262053345797,0.1824795984310083,0.16500585780168717,0.0016555895216905727,0.004319036892331595,0.003218105919776483,0.0044357676191513675
860,0.03455379815929303,0.02127879675285695,0.01110198091453406,0.02220396182906812,0.020427644882742672,0.009635681548463523,0.012455881026062604,0.15582694802450622,0.017023037402285557,0.00630482866751317,0.030040654239327457,0.012159312430203972,0.026764221094392287,0.018238968645305956,0.006464444583146415,0.017981206687776932,0.5132547746576777,0.008371985607681424,0.017610038692019544,0.017023037402285557,0.02127879675285695
861,0.009470737108520129,0.03382509011000043,0.010630419203440959,0.007549138274907349,0.013022263524215176,0.006411055675183934,0.013022263524215176,0.01407812272888127,0.008539189196206673,0.006461572662292117,0.009828123414502017,0.013022263524215176,0.004823060564524139,0.009301616803010839,0.0017475334669105926,0.0036682432462577957,0.006511131762107588,0.00445205590571459,0.5246118258562407,0.045140678449998445,0.253883614998655
862,0.45666532926106984,0.06498481963690794,0.035507824854272126,0.017495912979167524,0.02675845514460915,0.027794794036916162,0.01684791620216132,0.02166160654563598,0.019777988585145897,0.00689232935542963,0.02527187430324198,0.018953905727431483,0.009955360124328025,0.0146739915309147,0.005415401636408995,0.12355882127905046,0.016230712435043957,0.0038712328080542156,0.028430858591147225,0.03249240981845397,0.02675845514460915
863,0.07791378340589655,0.022116400028588657,0.044549806227872565,0.11871430114073689,0.03833509338288701,0.09959998402909162,0.017914047884382805,0.0035857258887035883,0.06658979559259681,0.046019643352169994,0.022116400028588657,0.013477181267421211,0.0010956384659927634,0.1417486909114989,0.00845627059916625,0.11008729119493538,0.05211176756736201,0.07027998196846204,0.023959433364304374,0.017389911312801567,0.003938852386540432
864,0.005958785406127326,0.19050115469488565,0.06820498509906524,0.017876356218381975,0.012231191096787669,0.004841513142478452,0.13585876594497096,0.006408954164371508,0.03702527983501009,0.003273135645619235,0.012910701713275873,0.23334320878126968,0.003575271243676395,0.008938178109190988,0.028661372821741846,0.06580985127645372,0.02774421212733376,0.0062808819145666415,0.012231191096787669,0.11057858864003976,0.007746421027965524
865,0.13910583000701768,0.024855900659561156,0.009584558368861818,0.014148633782605545,0.007592537062504754,0.004369431021098771,0.005402205626085754,0.29845495784412973,0.02122295067390832,0.06391596015169179,0.07655617403144836,0.007618495113710678,0.005402205626085754,0.011884852377388656,0.002971213094347164,0.0044747178306673244,0.021522635416783797,0.2519364362539384,0.008489180269563325,0.010245562394300566,0.010245562394300566
866,0.026790393238860923,0.029311339333107807,0.004435064014888484,0.021185387366375045,0.037346494130986785,0.01741845853935913,0.04094282319545217,0.036307123569756836,0.1514896787994598,0.014596693128660325,0.017272753535581383,0.0021492197900458195,0.146642152465344,0.08282754226687047,0.10905469185300999,0.012337681096843847,0.06313669508606926,0.06296902554743591,0.04913138783454261,0.07147346290585399,0.003181932301495343
867,0.043699085816534304,0.09185519118965406,0.043507039492355584,0.04024922338305458,0.035773139859937,0.05073850630688366,0.056628077192587806,0.05515685528102558,0.008684490803385472,0.06567037198364015,0.07002540809828565,0.09645566914800807,0.04486986915082495,0.0460887450530545,0.042085669339123874,0.05130528354208989,0.060243765032493825,0.05787687423475468,0.006759155578106617,0.031549368101144226,0.0007782114130554247
868,0.0015779371713857604,0.01626255308195976,0.026833212585233603,0.028245486931824843,0.019166580418024003,0.011418388334141959,0.014504439235261408,0.06819328138270331,0.05772304455477776,0.008518480185788444,0.02146657006818688,0.01219691481146982,0.005522477583255294,0.02555544055736534,0.007719163277866901,0.009795745048371477,0.5391090686609556,0.047867890606401065,0.02236101048769467,0.02439382962293964,0.03156848539439248
869,0.12680173053876656,0.2596051908187883,0.014022173040377822,0.012924519548210769,0.009754043468512434,0.009548309989230242,0.007673933481750145,0.02374084104352751,0.007411489642964679,0.02063710355241722,0.04475951565841176,0.007921479723096923,0.001726100491875687,0.006296560805538581,0.04795662391972689,0.05222417477419426,0.07459919276401962,0.24683297986810418,0.00944484120830787,0.006296560805538581,0.009822634856640186
870,0.07818364750904111,0.08978026508215248,0.023991678273751125,0.005985351005476832,0.026758039789190537,0.10748084579956871,0.09524306995726464,0.017837162797061833,0.06680294610209095,0.02639967318487103,0.08615277962428772,0.06238327943202521,0.0027640683462792325,0.02174090732871732,0.07500790940906073,0.06047063806083328,0.06545834236189486,0.004853973681270846,0.02455354219292201,0.056076643222225844,0.0020752368400136618
871,0.01868417364540245,0.14713786745754434,0.0032805097167618183,0.0023552377453674588,0.0638998738672764,0.01416063686809449,0.028484647598148085,0.028669111791724686,0.1195261870682027,0.13412972342267923,0.09216510493608968,0.0064675985695623875,0.0006291388497899379,0.042039390702155524,0.14875039265325232,0.05405064518848569,0.042264031116564564,0.03291566252351521,0.015287051164420192,0.002551507557481414,0.002551507557481414
872,0.035952036300947926,0.33188448871764675,0.008434934362440083,0.004174342584438214,0.007631607280302933,0.0013536639053250445,0.007284716040289164,0.07134651929270168,0.0050082422776988,0.10606591572440514,0.20779644543651596,0.006967989255928765,0.0015119221970411472,0.0048564773601927754,0.0015559587658870056,0.002736815464961353,0.018560234456040724,0.16087896603961607,0.0044517709135100435,0.00457896436818176,0.006967989255928765
873,0.0034942147601326728,0.001174512497382384,0.010031777859735736,0.011517967172289178,0.006910780303373508,0.01663175567067163,0.19579441785106647,0.007774627841295196,0.16316983255242506,0.0025026477562195967,0.012957713068825327,0.005098116617242751,0.0013181885543035693,0.2165138162714871,0.3094348604505113,0.0019253078427445478,0.004641568860474744,0.0037468085982145525,0.007067843492086542,0.009146620989759054,0.009146620989759054
874,0.0149510699610921,0.021374555467474673,0.01748827265520655,0.008363956487272698,0.09618549960363604,0.06031039244277371,0.08783753602141607,0.013740785657662291,0.09943231620571842,0.006749859621307792,0.015442043106148414,0.031752217873656834,0.004526376451935813,0.010398432389582274,0.38627650989676227,0.004859281879189364,0.027026934160435712,0.012824733280484805,0.040763623827220125,0.021374555467474673,0.01832104754354972
875,0.006181073449894304,0.032909466108906424,0.00843415512852461,0.028314663645761188,0.01859532232277976,0.004262422484308135,0.012787267452924408,0.39892522110182727,0.013213509701355219,0.06325439060493858,0.031298840039950794,0.007325403507763589,0.004044951949394455,0.014157331822880594,0.004719110607626864,0.003956574882134506,0.0009500677108154356,0.305577488974603,0.017235012653941593,0.007340838722975122,0.016516887126694024
876,0.03084816704566631,0.06698459129916112,0.005321975118461959,0.008743244837473218,0.04498965087257089,0.004220876818090519,0.00510022615519271,0.36994909800001297,0.011245344819919253,0.048995032102459035,0.11790569310801993,0.006800301540256947,0.002280846479340839,0.008345824617588073,0.006361255848852642,0.002601953533150035,0.04578326135997601,0.1875103215327519,0.008743244837473218,0.007344325663477504,0.009924764410104736
877,0.038757784939397466,0.0930460307223657,0.10576228707706965,0.0040693436696750285,0.0032160941905496187,0.20060674550057989,0.0030151943503932102,0.003692552589149563,0.0046371590654436376,0.001072031396849873,0.003372136695717129,0.27515530383717635,0.009250996371368565,0.0035606757109656498,0.001254074464239474,0.2254632167405907,0.010685642867463157,0.0014851396368069185,0.0037622233927184223,0.0034982077160364278,0.0046371590654436376
878,0.058885907516934614,0.07279526141338688,0.05498962494544536,0.03202659579961438,0.0509150856971346,0.03415834152711142,0.056025757078116134,0.07159933926159552,0.021750341743514996,0.03877154514293297,0.04531761344326339,0.05725654338772366,0.04622499099750068,0.10719739402515674,0.01975489754686224,0.06304576670070841,0.05761565936128393,0.03908503186654365,0.04523346933342179,0.026370784870938604,0.0009800483408102013
879,0.021269708285540513,0.021827378466515685,0.10418079406258568,0.09769536013237372,0.0012470569276961574,0.09380572097177313,0.055121504742298905,0.0015198506306296918,0.02853514261028347,0.0004588228318882088,0.0016486515315305126,0.16664544874489615,0.021522748791315525,0.07093898001617598,0.12603624960739132,0.08115229298725489,0.07563347134077586,0.0009097954468495525,0.0014097165269608735,0.026987655440936512,0.0014536499043279229
880,0.051664259905438964,0.046182039082747574,0.024508639703124318,0.052265460598181886,0.053443179075809345,0.052035398066856954,0.10812461531278206,0.005105157381596245,0.050036111204193615,0.07359514007528845,0.04975025918928106,0.06736460544910908,0.021991447182260745,0.06184698138967067,0.032970808089475764,0.023248607206367445,0.006888887069141922,0.012532983380465693,0.07369578300188713,0.13189556365592625,0.0008540739803948258
