site,A,C,D,E,F,G,H,I,K,L,M,N,P,Q,R,S,T,V,W,Y,*
790,0.042416209013681275,0.021127605033563958,0.008074036671254062,0.02127849086727937,0.010092545839067579,0.000801153408697182,0.1408507002237597,0.017186796431105652,0.040370183356270316,0.10281287353153044,0.05281901258390988,0.040370183356270316,0.040370183356270316,0.040370183356270316,0.035212675055939925,0.030182292905091366,0.2112760503356396,0.040385218173701165,0.03521267505593993,0.055334203659334176,0.01345672778542344
791,0.18222363328583988,0.06984161904212405,0.010209062893922975,0.005265727176865534,0.009808707486318152,0.03782105384875232,0.00769606279695732,0.014292688051492163,0.005437435671763324,0.0017583306876268914,0.0058852244917908915,0.0128267713282622,0.5053285782243774,0.007300353755482535,0.0016843235077516022,0.0024564690119587462,0.09629871796458155,0.0030502687914769865,0.003403020964640991,0.012201075165907944,0.005210875852106518
792,0.06480601455939522,0.03293062964868398,0.014818783341907792,0.03482414085348331,0.011565879681489009,0.08411423687406709,0.07282373528023259,0.008347096366036231,0.06268175022783987,0.017901885916398675,0.0634106077886287,0.14792765820889522,0.00044997360905538425,0.06164613870233642,0.08863827813770771,0.11876297547363426,0.0682415091316907,0.022899117783313737,0.005129578849121927,0.017288580565559094,0.0007914290005231552
793,0.0880943866558437,0.03968880696613141,0.008347004242707783,0.003278435899693401,0.007383888368549193,0.5826977230211716,0.07503356540860665,0.010866854580128999,0.008999113949169328,0.0020423521019391384,0.008596168548460254,0.03794150099906902,0.0035772875325890494,0.04468665673223685,0.0012702319519417972,0.03786212547396636,0.0045303421340713535,0.0075214857001566675,0.008493040144420276,0.013089620289700841,0.0059994092994462185
794,0.005742163741215842,0.01352598570153065,0.018444525956632707,0.01352598570153065,0.014492127537354267,0.0011432873920973205,0.10144489276147987,0.013219767296737121,0.03363742651596306,0.008695276522412561,0.02028897855229598,0.017902039899084683,0.011066715573979626,0.02646388506821214,0.6125950383555123,0.004536463327320256,0.010843865139668979,0.007077550657777666,0.011484327482431684,0.043476382612062804,0.010393314204699938
795,0.0016376225629783,0.012950789481248797,0.008073219416882367,0.010717894743102453,0.013814175446665383,0.0028128411542983813,0.017695397947079545,0.011336606114543946,0.012188978335292987,0.004316929827082932,0.014456695234882381,0.15686480366331979,0.005537491475889929,0.012188978335292987,0.0030927258462683693,0.0034131563819579966,0.6270734575011889,0.04533203060739487,0.009141733751469738,0.014128133979544143,0.013226338193615792
796,0.0017788757560916902,0.010073039652934084,0.00992041784001084,0.014233642987841641,0.007440313380008131,0.01129115034733773,0.014233642987841641,0.00910452956344517,0.01984083568002168,0.004170366735291182,0.013362195457973784,0.1208366532749355,0.003308290379355738,0.03851456337886562,0.003357679884311362,0.014783111174919152,0.6609365439805855,0.004092172359004472,0.0075258342234565,0.015226687847458498,0.015969453108310133
797,0.00417156599786591,0.1632171322747078,0.014201075737415865,0.007254897387592889,0.01168300195734892,0.002909291625855079,0.013905219992886369,0.01334901119317091,0.008557058457160843,0.0031183384179752313,0.012835587685741263,0.015522106038570828,0.008782244206033496,0.012135464721064467,0.0044238554069339665,0.0033665397989448005,0.005297226663956712,0.0030047737382102612,0.6753578678212958,0.013621439993031541,0.003286300884236965
798,0.00834481346176212,0.012877847578704282,0.010701309959768346,0.012455623067927094,0.014070240873028751,0.003998910563913435,0.02532643357145175,0.0165172392857294,0.0165172392857294,0.0030379118272256035,0.014070240873028751,0.015829020982157344,0.0019423660969185718,0.01616580866262878,0.0038180553122791586,0.7664140790158117,0.009601826093339465,0.0065499397167547635,0.014611403983529855,0.015195860142871049,0.011953829645440443
799,0.0015652859381574487,0.02350119095285015,0.004983359313317592,0.0036445463634710755,0.04441170338018688,0.00094279770792495,0.00428394046232565,0.24614692020383097,0.0035909500934200303,0.538680367865039,0.026438839821956422,0.004500331151128192,0.002872760074736024,0.0034392198077825642,0.0009728470372612031,0.0013134744800996328,0.01617412499311832,0.03910550925965307,0.0029419832090670124,0.025793990070201382,0.004695857814472347
800,0.008066664507657346,0.010632941284201858,0.015466096413384521,0.00865052850240151,0.009451503363734985,0.0033549061362604586,0.5145413461561326,0.007088627522801238,0.01186932980562068,0.002268360807296396,0.05009138444271094,0.26565977611452,0.005135167973393332,0.013180563056232754,0.007741520180258241,0.003271674241292879,0.0049075113619393195,0.013343354824696365,0.006301002242489988,0.03124469285628224,0.00773304820669226
801,0.07479883641865581,0.059160966825116304,0.00572356259276386,0.0016973595738712264,0.006118291047437229,0.1781791383348814,0.00572356259276386,0.015447585782113703,0.003412123853378455,0.0015984724358169338,0.0047954173074508015,0.1986118171986047,0.002137716149104574,0.0047954173074508015,0.001997513668410038,0.17428045497769304,0.01853710293853644,0.1883127971136029,0.003942898675015104,0.007097217615027185,0.04363174759230579
802,0.026914343551561085,0.051992351575535355,0.004961026641367048,0.0005049977579912767,0.0172251798729991,0.08339655748371043,0.02266471035920934,0.021531474841248874,0.12456510327203915,0.0011811968193731063,0.009931224723317188,0.042862191825398036,0.0012786151137543936,0.09123746680591341,0.0956097173721521,0.17712788484966702,0.1723255558951599,0.015379624886606337,0.015754737688718688,0.02153147484124887,0.0020245638230292334
803,0.15751478218287604,0.06498138001912107,0.0047112340662621415,0.008081914958893445,0.06220439796702189,0.1749810724131237,0.05306812701561553,0.004842101679213867,0.007775549745877736,0.019981354579523016,0.016391699464282792,0.07810893153813542,0.0027669152452650674,0.060649288017846345,0.01015240783168573,0.21389704256294018,0.024587549196424193,0.019464919425497124,0.006972626418067969,0.0062255593018464,0.0026411463704802906
804,0.0023663055461179204,0.006447242483165008,0.25230521809007195,0.2727190029658758,0.005626064608166327,0.0006303045313950868,0.005526207842712863,0.00796424071449795,0.002906452305695141,0.001854686193787194,0.00933738566527346,0.005886612702020224,0.0024177159311868776,0.025823457822806102,0.0023752998622186875,0.0017138239512210782,0.0033430146209003746,0.0024832923705820076,0.00712589958665606,0.006154186006657507,0.3749935861989923
805,0.004070043869442383,0.1426068352220926,0.011017187715559552,0.011017187715559552,0.008088568196233594,0.004017879750826654,0.010649948125040902,0.0098307213461916,0.007021943818708285,0.08603568400830731,0.00912852696432077,0.0098307213461916,0.003562074190817879,0.009681771022764456,0.00216990994885247,0.0031949844375122704,0.004597099910089598,0.004564263482160385,0.6463407734668518,0.009662787602623617,0.002911087859852816
806,0.058101577834385326,0.07662843613762603,0.006364698218044943,0.005701708820331928,0.043631293229382986,0.050999038288205345,0.006220045985816648,0.036046445166999716,0.0360953363664079,0.07839575018815884,0.27619749864148474,0.012725793858570039,0.001679030818257255,0.1500304118062994,0.015621558923537594,0.06787090057904019,0.027088226014167605,0.008462805048073728,0.0028808634039571845,0.03504808800393059,0.0042104926673220385
807,0.018368878028247704,0.17880654830083417,0.004887816701817989,0.004176176902015596,0.0028496265919635833,0.1280044777613087,0.003105362311755187,0.004852363194812366,0.004831634900647668,0.0012233245470550736,0.003027728253961307,0.10195897024048954,0.0008069274460805744,0.002604497422762415,0.000880793673879653,0.24424265329429626,0.2447043069751381,0.039301235112868343,0.0038447342907445173,0.0036151979151776807,0.003906746134143622
808,0.03614983284193304,0.09157063289094952,0.056491871054933605,0.023202018468990584,0.0013665880801288978,0.03484057142269137,0.06926467619839012,0.03366887152305716,0.04499785400046659,0.03464834758035927,0.09146302932703536,0.16417262511121855,0.008217755384379953,0.06573905232880667,0.03660492966137433,0.08426515403799745,0.0712773200088937,0.04740845332192017,0.0016919661944453021,0.0012252168994259082,0.0017332336626025046
809,0.09121878109149685,0.05304572940943012,0.14670704569110474,0.11430877034493664,0.0016706272291512794,0.05226933814510307,0.0465313415872194,0.01003387063230078,0.03391619317913041,0.014647735931598061,0.04760514177769371,0.049626981775974126,0.0006682508916605119,0.10390212979669343,0.01997041094982616,0.09221334969044787,0.08981354242439171,0.016668566997828784,0.0015749716577979369,0.0065813560061327705,0.007025864790081655
810,0.04716939892417727,0.08248892528396434,0.2961021745413531,0.2126227916761902,0.004377016488222167,0.01646489278940561,0.020281367993371394,0.0032584456078987236,0.012590902175779071,0.002109784925977591,0.005332001903834275,0.11030880404516251,0.017384029708604056,0.0332564046599382,0.0026660009519171375,0.09857593452640276,0.017583846142036282,0.0015153945950548296,0.006516891215797447,0.004507323433065116,0.004887668411848086
811,0.003886461615152446,0.00900952465330794,0.011326259564158553,0.006498673520418843,0.011326259564158553,0.0028519358614787728,0.010714029317447284,0.2633411327918364,0.004886159111394702,0.11546335047301239,0.4001107689873716,0.014157824455198195,0.0023456750576659733,0.021702706179687364,0.0049766874836268,0.01995248793938999,0.05416789574844648,0.017775770300775703,0.004217224305803718,0.014682188323909239,0.006606984745759157
812,0.003070251489053251,0.005853946172461532,0.00448006084627158,0.006272085184780213,0.01086858117779865,0.0024927293376535075,0.002593206694387668,0.3475669650431581,0.005354219060178231,0.4447072467157071,0.13111475155075086,0.003991326935769227,0.0007116960162082118,0.005933053553170472,0.0014130953016542333,0.0018217674810564932,0.00226312352028152,0.002051616649227172,0.005701895622527466,0.004878288477051277,0.006860093170853359
813,0.05684883692452797,0.041212376448485105,0.07154445463290936,0.0812126241778971,0.04821999560562641,0.06731203584517699,0.04531429030215998,0.036302201104317915,0.024274259341644813,0.04975302395084764,0.046768082331925524,0.04678553349378855,0.0013611054331491136,0.05968638644399668,0.03168314850729856,0.0753105439324104,0.051439707650112264,0.041753908387890545,0.07417419674914603,0.04839382399641814,0.0006494647402709968
814,0.023387959071584506,0.12796598228200032,0.00507268280308342,0.00335707294554511,0.004900727453826355,0.001545923072916132,0.005257143995922817,0.12042801418123733,0.004819048662929251,0.07869555512838258,0.04280319719532955,0.0036142864971969377,0.001763066583998506,0.01063960688669062,0.0012779292391130914,0.0019259570836071352,0.25879858603089134,0.2916814986349231,0.0032857149974517617,0.004190477098199348,0.004589570155170714
815,0.0038197318944323756,0.31414523492568286,0.008403410167751228,0.008888222292813799,0.00810855367063715,0.002204182885504909,0.009062501161300343,0.008253349271898526,0.010270834649473724,0.10414512177624304,0.007002841806459357,0.006002435834108021,0.0034236115498245743,0.00980670789644082,0.0009977872182162144,0.0029627407642712662,0.003916843722256929,0.0029068399951340724,0.4666272302362093,0.008253349271898526,0.010798469009442913
816,0.007609664274410436,0.017873862598033818,0.004790513884405637,0.010247681222872722,0.012599608060909082,0.005811196481096657,0.020700210313659307,0.025005926037953957,0.011427314500305857,0.004629976456117193,0.01503212572981889,0.7752119982818074,0.00753505972270053,0.015685226361539878,0.004199869353636361,0.0032943147014772617,0.009413689485535856,0.008176341401228235,0.010979658453077915,0.013423079876956368,0.016352682802456473
817,0.0027712742931918963,0.00620237579904853,0.007661758340001126,0.004651781849286397,0.005316322113470168,0.0014240088333527115,0.03858102888186474,0.07869670227234106,0.2984510063863154,0.001809026274722488,0.02609344948531915,0.034624000278596564,0.003334192905432258,0.1607542870077697,0.2619680739230707,0.013654038226257142,0.035742855268171565,0.0025539194466670423,0.005788884079111961,0.004915090255849779,0.005005924080159654
818,0.007118739134251722,0.1207988154640573,0.002721041950599096,0.012390163082993623,0.011229742583238061,0.001041519374389374,0.008294696226255387,0.1784511667675954,0.0029100031971684773,0.10920009693130746,0.15371868570604397,0.0032233881568635436,0.0017315721503812424,0.00337935855155049,0.0010574899354476904,0.0011512100560226942,0.15641427169510153,0.21129755473570405,0.003081179855825447,0.007919164305530572,0.0028701401396730186
819,0.0035621521411523275,0.37503725221286577,0.004782519078398958,0.00661094821668068,0.007595765595104228,0.0017294953689634294,0.006376692104531944,0.009745510574850708,0.008070500944798241,0.011028450074308119,0.0072748177530575706,0.004165419842476512,0.0024136077591919974,0.007825940310107388,0.0028417908475661005,0.0023045220269430626,0.0034899463545073474,0.003056284381462056,0.5231373696546947,0.006621949493167788,0.0023290652651710353
820,0.009701185547528407,0.010406726314621383,0.011447398946083522,0.017344543857702305,0.013960242617175026,0.005349251843964262,0.008672271928851154,0.5763077034460927,0.011681019332738286,0.003731547660233093,0.006129027741271381,0.01165036820987134,0.002920254833184572,0.011222940143219139,0.004299366130303471,0.005840509666369144,0.00403485113010026,0.24547874803119188,0.013960242617175026,0.010799432968003321,0.015062367034320423
821,0.06857809631073165,0.0440390946660453,0.13096164770959254,0.07417402428942171,0.043788872537260964,0.01710292835877332,0.04732271137360133,0.12844735944263216,0.008203679417417438,0.05562680920743913,0.022835086123134615,0.02197125885202919,0.0006840267147117324,0.04775606953636325,0.007526212467341728,0.030250283926706846,0.06573482512652352,0.05699142138695023,0.047573096089863764,0.07920920498962315,0.0012232914738364155
822,0.039123175323452046,0.07748421798665903,0.07818062715288694,0.14088918948787638,0.022429642048769717,0.057734379350111484,0.0515142328372843,0.0033358172587643884,0.02185460371333252,0.06922160989226957,0.05988241671100111,0.08200224818996275,0.001506498116861337,0.09253829462406706,0.010053653447810278,0.07891911091233789,0.058492988087968094,0.0010784662059997578,0.00685976980163581,0.019638857093392845,0.027260201757556706
823,0.006678183248366289,0.012077565449173077,0.0015519217734111996,0.01261434613580299,0.012901035820707604,0.00407616608135243,0.009379570652279238,0.012578054530254386,0.26465161365707085,0.004025855149724359,0.012901035820707604,0.5728507708812118,0.004204782045267664,0.0162184450317467,0.003638753693020094,0.001339325891103353,0.004412352333118318,0.006600529954780636,0.009786992691571288,0.011294254127583444,0.0162184450317467
824,0.06078932738220251,0.027927480076020285,0.06354434694184857,0.11286808976619253,0.0213798483142948,0.026069497480252384,0.05568917177044902,0.06105900765888924,0.04046078820769768,0.0344418279784534,0.043679259996946364,0.05140301649680976,0.08782102227975265,0.05355104321607046,0.027129659596823917,0.06201158099431523,0.084130265615619,0.04797039375706858,0.02116255423067625,0.016007273195633023,0.0009045450439842977
825,0.03143873859250447,0.05532952478186389,0.004236091944765628,0.023862420184064113,0.12029951141069564,0.00901469206953533,0.09345960324814966,0.004236091944765628,0.09127375720404522,0.02277975357557752,0.12169834293872696,0.009461487665277343,0.001221446779596854,0.09939124310020864,0.04994179369458156,0.015126347709898272,0.014109952804490082,0.0039901096045484264,0.1712791493211713,0.05493762821350713,0.0029123132120263684
826,0.00529520132331739,0.12792270949934853,0.007493209419788758,0.008449789345719239,0.011680591154376594,0.0038186548004692715,0.018051822693127464,0.11370363472918663,0.007860642121248007,0.12453240276309842,0.3997305084521689,0.009928502481220106,0.004512955673281866,0.008825335538862316,0.0024325427759334926,0.003483685081129862,0.004363496672640849,0.11079920706128525,0.008633480418452267,0.009025911346563732,0.009455716648781054
827,0.05017679931393856,0.03983033654849687,0.04755109655773485,0.05178527061009373,0.08662190212902587,0.027079880501190087,0.032665498445962615,0.03593204829055887,0.05963301949435083,0.052741169365877145,0.05560912235443636,0.08421573818099738,0.053024724039887235,0.037696568519113106,0.041127482256538915,0.03992449810062098,0.06879395321451937,0.047812618180021055,0.025567034360589967,0.04972738825925559,0.012483851276790671
828,0.0027129983833107532,0.05120352761524182,0.2121688526342714,0.2581151534070676,0.00917481501979586,0.0004741802628704103,0.0061593088678246226,0.07680529142286271,0.007815583165011287,0.015546131275952935,0.006807120821138864,0.09775940297466412,0.003511099036473724,0.016757518128624596,0.001935970141791787,0.019151449289856678,0.0035170124242550793,0.056654952349015804,0.007536455194832312,0.1391591527366276,0.007034024848510159
829,0.009371977422995798,0.018451080551522975,0.021867947320323527,0.00311838880406886,0.010007365722859918,0.006541535183635558,0.02811593226898739,0.02108694920174054,0.5945907505967286,0.0047234766211898815,0.013636958790705382,0.1823177995522724,0.005788574290673874,0.0139289594917221,0.0012664890986364267,0.007473855413275128,0.010278717185598904,0.006281218911156757,0.013120768392194115,0.015537752043387767,0.012493503136323848
830,0.05769958386903966,0.013655163861340221,0.010351446157961314,0.04267238706668818,0.01404839121437607,0.0035675443863137464,0.029685138829000483,0.0067510124617972895,0.014224129022229396,0.0025542529480683755,0.008551194652228911,0.3269868932446338,0.0034798714557728754,0.06792356493874493,0.05689651608891757,0.11098401913679135,0.19738406402638248,0.0053156074865206735,0.006781981965560861,0.008194894875052705,0.012292342312579061
831,0.09299685758892941,0.014032713445021881,0.004981405929544719,0.003635080002640741,0.08662168793223386,0.0014010204176844523,0.09227001764101136,0.035436145063186576,0.03897975956950523,0.09649879564270318,0.024475662985503285,0.017990658262848565,0.13495874215193213,0.024075733851753225,0.05238879686141503,0.016043010695244123,0.03995100981734763,0.03469626950692224,0.10977973103248413,0.07471120584155169,0.004075695760536588
832,0.0008292830852373015,0.07143245816426717,0.0053010887855702415,0.0037664797734772116,0.004638452687373962,0.0015251687418100356,0.0059851002417728545,0.4321998456307957,0.004525319694998988,0.2341005819730915,0.01691821377574749,0.006397865775688223,0.0017670295951900806,0.007136081057498403,0.0013743563518145072,0.0014725246626584008,0.0022905939196908457,0.1863800639512678,0.0033734201362719727,0.003947619308403372,0.004638452687373962
833,0.05362003089974161,0.035015169339163904,0.08330152014391216,0.06897883209156613,0.024168719577537374,0.04304333867618562,0.04449017358967085,0.02488307436581625,0.09256755116315298,0.06527519222486113,0.035447455380388154,0.048225026505876914,0.03368592736287364,0.02791487111205567,0.052121751825768114,0.08051645776166849,0.0612771778048106,0.04394761049711389,0.03486634955448015,0.045351891442555435,0.0013018786808009395
834,0.06584696832368651,0.05722327648911322,0.02104764192703015,0.0398197756064,0.014277932535295306,0.01212678707054055,0.09400391974582877,0.00385786426285546,0.11792350398900915,0.040244941706629074,0.03487894947907853,0.0686068752062504,0.0006206632781519984,0.10405557520071042,0.10066711071019827,0.07760865906427268,0.07552851175287321,0.05978884249154909,0.001675790851010396,0.008138421545118324,0.002057988764398732
835,0.0049257008693480864,0.22590086731214742,0.01759178881910031,0.021416090736296026,0.010708045368148013,0.005240107307817114,0.009472501671823244,0.011194774703063834,0.010480214615634226,0.12103066595131635,0.010052450753771605,0.00929377522518507,0.004174322770633972,0.011194774703063834,0.0025051529448443825,0.005026225376885803,0.006006952279692789,0.006656352526146062,0.49556745441523725,0.00746318313537589,0.004098598514468594
836,0.02903736625077528,0.029736648381201134,0.003004347750227186,0.002718219393062692,0.00317125595857314,0.00550678673725947,0.0174921461065889,0.056244428278865444,0.20621547509974186,0.023322861475451866,0.09670454758114189,0.0029273131925290526,0.028187756730041376,0.11564252148244886,0.054763526663015316,0.1030830464559753,0.1146299451269946,0.06677703496129378,0.027033316710182848,0.01071590932655897,0.003085546338071164
837,0.003196474170933472,0.009440595190926538,0.27529596028389086,0.40308986832476457,0.008831524533447406,0.0005201441043759643,0.0130370124065176,0.0144093295019405,0.019555518609776397,0.003041969561520773,0.0130370124065176,0.006824849336855873,0.00391110372195528,0.06811006737285957,0.0043456708021725335,0.015087673152215729,0.00582504809652914,0.004504418106748364,0.00582504809652914,0.11158081758348927,0.010529894636033444
838,0.006797277035995933,0.018449751954846102,0.015497791642070725,0.01249821906618607,0.012010447620956164,0.004835233454732164,0.010762355306993559,0.3894781283254038,0.02152471061398712,0.1126170066219488,0.011649328681735249,0.032747302373352556,0.004035883240122585,0.010471480839236977,0.004304942122797424,0.005063449023260125,0.0011152428994312467,0.2938030524675352,0.010471480839236977,0.011395435030934355,0.010471480839236977
839,0.005268969651070924,0.010227999910902383,0.01241971417752432,0.015341999866353574,0.021734499810667558,0.08326429511124023,0.10329401391671282,0.016826709530839406,0.01241971417752432,0.0033161754158267287,0.01003130760492349,0.008841152465356295,0.5247494843555802,0.010645469295020847,0.0037527193917699384,0.002712601292328376,0.11793410908962892,0.00543362495266689,0.008693799924267023,0.008993586128552096,0.014098053931243826
840,0.0041963707381194116,0.0024662565004705365,0.010860326845582054,0.012878517092849226,0.5086464584747062,0.004393847008148561,0.0020255352373895617,0.009576333222887888,0.008299488793169503,0.003086586741261386,0.00666923206593978,0.007677047448689156,0.005260239375952502,0.012449233189754254,0.0032160333048603905,0.0038009286176700556,0.0028293711794896035,0.004780217723265733,0.005116123228666132,0.3758800370267548,0.005891816184373148
841,0.008189140540685532,0.006948251679592753,0.007643076847552026,0.005879289882732329,0.00533237919596653,0.009406225958641707,0.011386804942286548,0.40471042591289,0.009171692217062434,0.23036393210018027,0.10232736873811563,0.023722510296430313,0.0007858132401877484,0.04893375215509522,0.0019424967853920716,0.02148980344500158,0.016575828851644832,0.06413257956000472,0.006197089335852996,0.006369230706293356,0.008492307608391142
842,0.05851714624112118,0.019920023499629087,0.00402076388659037,0.003764604763159836,0.006391983614579561,0.250603536719182,0.00395694223759687,0.008596115895469065,0.005539719132635621,0.0017311622289486312,0.03149121362073716,0.07584133946994201,0.003003462180344613,0.04655222883065494,0.0012428877510860421,0.0024202656404718726,0.003077621740353122,0.2343222192816379,0.0075541624535940275,0.0069246489157945255,0.22452795189647143
843,0.0103453911472213,0.021121840258910153,0.03379494441425624,0.01402330565422711,0.008893406424804275,0.009052217253818638,0.010785620557741356,0.009914568703199823,0.509732015920809,0.0037238453694528367,0.25346208310692186,0.027916516995737675,0.004650680423980217,0.01050436281065201,0.001898782572967707,0.004921593846736346,0.0065395325703269,0.009216803022069885,0.016352392458511084,0.012364004053996187,0.020786092433659382
844,0.00826659302400382,0.010287315763204753,0.01076579556614451,0.012511600252546324,0.008902484795081038,0.0007737540270986038,0.008902484795081038,0.0066132744192030565,0.018609477726677082,0.0030256811068249275,0.3451050649853361,0.007589003431872359,0.004165657155503212,0.014028157858915572,0.466589871961546,0.03532422401987298,0.004247056966460678,0.00712198783606483,0.010198968826876513,0.00712198783606483,0.009849557645621574
845,0.006679612865072764,0.02920295651678329,0.024293596671989468,0.646844494350744,0.01835614409626378,0.0060641284394467995,0.017363920091060338,0.01835614409626378,0.01792812594632893,0.006361040033358737,0.022153967012732152,0.020077032605288512,0.006908226272787446,0.013631347127393997,0.006555765748665637,0.005736295030082433,0.009884077590295885,0.0065576643573366155,0.01835614409626378,0.014601478258391646,0.08408783879344982
846,0.003421747177290275,0.009037173083627469,0.42810466365919286,0.3787303832965959,0.010359686217816851,0.0009360047252884605,0.004247471349304911,0.012871125300923965,0.008668308876132466,0.002929290585727524,0.00884889864438523,0.003266510166492647,0.0027761250649051693,0.009653343975692976,0.0035103069002519914,0.0029911770065527534,0.00493892017361036,0.006623049802054084,0.013701520481628742,0.07224866108593993,0.012135632426585457
847,0.006550734573843068,0.01590892682219031,0.01590892682219031,0.013363498530639858,0.1196127472225399,0.06778934298820471,0.08699632350152936,0.06054956006390971,0.018560414625888696,0.335145163671417,0.12428046214504196,0.01392031096941652,0.004913050930382301,0.0341162052947174,0.00852905132367935,0.01082136637403253,0.015675013243518807,0.0074324219232701555,0.009029390899080987,0.009826101860764602,0.02107098621374241
848,0.007897152341190471,0.3289908742380921,0.019535061054523795,0.015465256668164671,0.019535061054523795,0.010672211361134904,0.016137659131997918,0.016137659131997918,0.014846646401438086,0.0663198064039878,0.023197885002247006,0.016137659131997918,0.006748475637017312,0.023197885002247006,0.002545812703619481,0.007897152341190471,0.0058915263497770175,0.00618610266726587,0.3727149150998572,0.016871189092543277,0.0030740091851861767
849,0.005840394564292901,0.48305550501101635,0.07345338746899363,0.034686321860358096,0.24107109541367475,0.016264602371562194,0.00959358755273533,0.012299471221455553,0.02180360807439848,0.003633934679066413,0.01654066819437126,0.027145817108106342,0.0037184447878819108,0.010427812557321012,0.0010939083559391542,0.0051342170424018485,0.005643286795726664,0.005921967625145266,0.005812511364188505,0.004559986729908849,0.012299471221455553
850,0.0064224958545137266,0.01084688188762318,0.011621659165310548,0.00524754489471255,0.018078136479371967,0.49056555700618043,0.008853464788325419,0.015253427654470098,0.02033790353929346,0.00574246688168286,0.02033790353929346,0.01394599099837266,0.005610456148770611,0.01394599099837266,0.0024875068705915064,0.004881096849430432,0.0056756940109656175,0.097094039981484,0.015745473707840102,0.009386724710443137,0.21791958403295156
851,0.29520130791669164,0.017409444165318717,0.01272228612080983,0.009728807033560456,0.00703981550779566,0.004594158876959105,0.007517714525933081,0.007632601978651527,0.014381714745263285,0.004725420559157937,0.00806779119856233,0.008704722082659357,0.0008543021331313439,0.01181355139789484,0.003802062518862708,0.3325694353177316,0.004394715654777555,0.007190857372631643,0.011406187556588123,0.21283365917170063,0.017409444165318717
852,0.004929228890822154,0.028817030438652594,0.03405649051840761,0.015609224820936818,0.029628707854704457,0.004929228890822154,0.010675010087956693,0.1523959590921681,0.02203655268838139,0.3762592988780034,0.17011955581653565,0.019716915563288615,0.0010456716268707471,0.0170282452592038,0.019818772072567773,0.005498088368657211,0.018731069785124184,0.007645334606173137,0.023413837231405228,0.02203655268838139,0.015609224820936818
853,0.011049931869459306,0.018825809851671413,0.015402935333185699,0.01954987946135108,0.018153459499826004,0.006601257999936727,0.021179036083130334,0.510497789341847,0.02310440299977855,0.058049726896961015,0.043299735830932794,0.02420461266643467,0.007159110788663774,0.029672056368077418,0.0065789595926210144,0.008198336548308515,0.020542489117918786,0.10258811877965555,0.01588427706234775,0.024055138574706963,0.015402935333185699
854,0.0024660672863528023,0.006871963720456893,0.007410941267159394,0.0028540055870464294,0.02099766692361828,0.3805665866404964,0.009218487917686076,0.012192193697584812,0.006196032862707033,0.002606606928449167,0.01259860015417097,0.011453272867428154,0.002949761193336477,0.007131283106134512,0.0012111503139128794,0.1163466253171884,0.29164220746175235,0.0029637507538329316,0.08072519573639303,0.01259860015417097,0.008999000110122122
855,0.0011629079891105273,0.009216407569567328,0.0017701467888282035,0.0035533299667266107,0.515381511290205,0.0015228557000256905,0.06414683846467091,0.002368886644484407,0.004263995960071933,0.0006068438596795467,0.004870332018018026,0.07861176552558798,0.00029566510918630515,0.026709592095369515,0.00017861197042516827,0.0011765626684554036,0.0012541164588446864,0.002459997669272269,0.11238071165472424,0.16470260799668932,0.003366312600056789
856,0.01342458768141194,0.015662018961647265,0.023493028442470896,0.028191634130965072,0.03523954266370634,0.010292931846247343,0.018188151052235528,0.07771925999584053,0.008736951119845175,0.00750470028512776,0.02168587240843467,0.018188151052235528,0.006876008324625626,0.022553307304772056,0.5664662711036645,0.017069842258306617,0.00939721137698836,0.015662018961647265,0.01281437915043867,0.02451446446170876,0.04631966741767994
857,0.00450475047724778,0.011862428106772446,0.011368160268990263,0.01705224040348539,0.01881626527281147,0.003737477348709127,0.09780299820184399,0.012690039370035643,0.0259843663291206,0.006978250201384576,0.04197474560857943,0.0129921831645603,0.5492635014677181,0.011368160268990263,0.002965607026693111,0.002278686936973782,0.10955372361071193,0.009408132636405735,0.012401629384353014,0.014260333376632428,0.022736320537980526
858,0.0027522963321007198,0.0024976350670469797,0.007628647442235691,0.01632175731827171,0.012312904643608487,0.0026862083883288806,0.00558873370426813,0.0103211112453777,0.022639856925344627,0.07069190671842451,0.013496837782416992,0.014621574264285073,0.0018418336303598465,0.010171529922980923,0.7105032030349075,0.05639686044309406,0.004386472279285522,0.004977557196352365,0.007628647442235691,0.008772944558571045,0.013761481660503599
859,0.10232252664809804,0.0649491922834257,0.0013580534763071887,0.0022523813753387517,0.0035518321688034174,0.010214138178356306,0.10508289128875009,0.005435852106925603,0.0025652121219135794,0.019708206741048666,0.03978138027359824,0.02556801855660192,0.0004681380651593267,0.3845533426447829,0.003912922649862121,0.12641994166367304,0.09271138842644516,0.0024077603403334976,0.002430200957602338,0.0018107379684095854,0.0024958820645645634
860,0.001717784879031882,0.019543140279261583,0.010196421015266912,0.020392842030533823,0.018761414668091118,0.00884972390004298,0.011439886992738485,0.020268404052879625,0.015634512223409266,0.005790560082744172,0.027590315688369293,0.2792908772602764,0.002739786966276467,0.016751263096509927,0.005937156540535163,0.004619640298555218,0.47143587981607704,0.007689104372168493,0.01617363333456131,0.015634512223409266,0.019543140279261583
861,0.009265851576205561,0.27033597029266004,0.010400445646761342,0.007385823720163854,0.012740545917282645,0.0025189744782465016,0.012740545917282645,0.013773563153819076,0.008354456339201736,0.041466000070008814,0.009615506352666146,0.012740545917282645,0.004718720710104683,0.009100389940916177,0.015411521531476584,0.003588886173882435,0.006370272958641322,0.004355742193942785,0.5133154945064752,0.015925682396603306,0.015875060206376575
862,0.30521985298613336,0.04344129279452774,0.2105839733385414,0.011695732675449776,0.017887591150687894,0.02994474681158193,0.011262557391173858,0.014480430931509247,0.013221263024421486,0.004607409841843851,0.01689383608676079,0.012670377065070591,0.003770093757331103,0.00980932417940949,0.003620107732877312,0.2280428021144677,0.001646948934427917,0.0025878560382270035,0.019005565597605887,0.02172064639726387,0.017887591150687894
863,0.053717567452879665,0.03776340095544495,0.014279818528008633,0.05488798309450973,0.05806630469493147,0.03708376002958996,0.03157465968589742,0.004318981340945315,0.0197255733719433,0.004635004365892535,0.0146180906924303,0.012866965244899588,0.0005072713813874701,0.1187719868759962,0.014904719921693642,0.0755139790243176,0.03246434307943896,0.018075272969530695,0.013196887430666241,0.018390501193702637,0.36463692866589376
864,0.004677706273121459,0.00960160761324931,0.0008873944052172172,0.014033118819364376,0.00960160761324931,0.0038006363469111847,0.12360460771814462,0.005031093260717419,0.5183724700385858,0.0025694442908695335,0.010135030258429828,0.18326420103277474,0.002806623763872875,0.007016559409682188,0.06675947105044887,0.0011894857772159037,0.0022511295083824687,0.004930555260857754,0.00960160761324931,0.013784631790598224,0.006081018155057897
865,0.02195992573919515,0.01653544082865054,0.01173482897517135,0.01732284277287199,0.009295902897894665,0.00534970144456341,0.006614176331460216,0.36552873330988395,0.025984264159307994,0.18313088111320794,0.1189129978777417,0.009327684570007997,0.006614176331460216,0.014551187929212473,0.003637796982303118,0.005478609074532292,0.0012710646072628946,0.1412678243411827,0.010393705663723196,0.012544127525183166,0.012544127525183166
866,0.031776398396511536,0.029489460633126238,0.003299379210558596,0.006932494691567893,0.039452116252425645,0.030195731237952307,0.09010668526788569,0.05302312925771588,0.11261921764468588,0.028783374955995034,0.020274004185274287,0.017714636277453785,0.09334317028975263,0.04019829102157754,0.09121929814053376,0.022591033235019917,0.07251182135791594,0.08376499957055099,0.04973889026787291,0.078858885244791,0.004106982860832649
867,0.05456475362315194,0.046971886917939396,0.049344617523172284,0.043567534874003944,0.016815163604645415,0.044604778834152835,0.06898542845440717,0.05509484480600411,0.013245023296796948,0.05160780336352729,0.08490954477303926,0.08084059671816367,0.03525513554000364,0.05563183159748562,0.03602805138057169,0.07069417480747847,0.07817511763014096,0.054109957847624984,0.016978914437070444,0.04169361628903932,0.0008812236815803396
868,0.002610548150272126,0.006878715188709635,0.011349880061370896,0.011947242169864102,0.008107057186693498,0.004829736196328041,0.006135070303443729,0.002903733292755412,0.5847071403188246,0.003603136527419332,0.009079904049096716,0.0051590363915322264,0.0023358909415881757,0.010809409582258,0.0032650424208296577,0.021999781753165356,0.22798018051764346,0.04316938870846372,0.009458233384475748,0.010318072783064453,0.013352800072201056
869,0.04716912296548117,0.2591820602383628,0.004709406063529277,0.015218668458099108,0.094871085722721,0.0025056863716044434,0.009036084396996347,0.07900705270414364,0.008727055828742935,0.002221991388615034,0.06977978544878997,0.00932757099044784,0.0020324895647555784,0.007414223094971361,0.003442317865522417,0.002699022168440552,0.06171001434246733,0.29084461662072564,0.01112133464245704,0.007414223094971361,0.011566188028155322
870,0.06878555869649074,0.05487601358612005,0.02051227553927418,0.007621668553627783,0.056788902948599174,0.09465740554895775,0.09647866004308076,0.017752394012433077,0.09310069312163353,0.02523861101044172,0.049148214188242174,0.06683073036804509,0.0004629304797521015,0.06133201518448712,0.08688702151135674,0.06230637853848437,0.04639103785891919,0.014127970977456376,0.03817763066408098,0.036301820865706956,0.002222066302810087
871,0.04509229109484947,0.05371287615710009,0.003935664365890616,0.0028256051857676215,0.0993091399171273,0.017087605046469275,0.02156696653994039,0.038911222865993245,0.14464036353861562,0.142487330638218,0.1106523721888671,0.004238407778651433,0.000754784946883132,0.029556291642002165,0.15492993888486678,0.05153404696554226,0.029077936457853323,0.02825157771774578,0.010417042648649719,0.007957463134385202,0.00306107228458159
872,0.04515079238178271,0.24565886631590267,0.011142519327349146,0.005514292219414978,0.010081327010458753,0.0017881853704734597,0.009623084873619717,0.03528464453660564,0.006615870850613557,0.17976998704471464,0.16287220265116203,0.009204689879114514,0.001997244030373904,0.006415389915746479,0.0020554161865983865,0.0019785781983143345,0.031139856293565128,0.21257279273936608,0.005880774089434272,0.006048796206275251,0.009204689879114514
873,0.004143960607549802,0.007458333007651838,0.011897177228126853,0.013659722002664163,0.008195833201598498,0.004249612839028232,0.09738592269158061,0.00922031235179831,0.02787986174611694,0.06948984912924314,0.015367187252997181,0.006046106460195613,0.0015633044381478168,0.23473847880882395,0.3713400860630585,0.07733910932536457,0.005504664090625858,0.00444352402496304,0.008382102137998464,0.010847426296233307,0.010847426296233307
874,0.00821973809808815,0.021462649478341277,0.01756034957318832,0.008398428056742239,0.09658192265253575,0.0012972277461055694,0.016096987108755956,0.023928116195363,0.09620772251664299,0.006777678782634089,0.015505686605788237,0.030274046564174435,0.004545031654236976,0.01044128893540927,0.38791086058782287,0.1663379055659787,0.0074293786655796725,0.0334993626735082,0.007666412365041978,0.021462649478341277,0.018396556695721097
875,0.015514653481938291,0.04020151456109092,0.008236790426675342,0.027652082146695785,0.031649398784567434,0.004162679032835925,0.012488037098507775,0.38962705201879855,0.012904305001791367,0.10524369801384931,0.02867550561548328,0.007153984313166887,0.00395029744952797,0.013826041073347893,0.004608680357782631,0.00386398846297845,0.006484327260205171,0.24362582313793985,0.01683170217624961,0.007169058334328538,0.01613038125223921
876,0.00748713056260357,0.1707065768273614,0.004764815525017978,0.007827911219672393,0.012739296778161296,0.0037789916232901207,0.004566281544808895,0.33119072904525426,0.010068065406066173,0.06681281774818211,0.07127706069228473,0.01580616452105198,0.0020420637964362765,0.00747209707332365,0.0022531466381122446,0.0023295540310063717,0.0518994293934282,0.2036887738695724,0.007827911219672393,0.006575445424524811,0.008885737060168665
877,0.04170016888645367,0.03728732387717733,0.10836568213541319,0.005785347417284108,0.004572290700756794,0.28542574249233654,0.004286673297625423,0.0052496671008689134,0.00659260519644003,0.001524096900252265,0.004794134854885338,0.19543159831305607,0.0013124167752172284,0.005062178990123594,0.0017829058078422722,0.1972570696160131,0.004825471563285336,0.07182993462259978,0.005348717423526818,0.004973368832402129,0.00659260519644003
878,0.06409553239126893,0.06382323007127763,0.055190687675941034,0.061329292162143514,0.03369549413700994,0.04604464024218889,0.0481928940382519,0.05559756532606638,0.02716061042558982,0.05344802518284334,0.035214164295297716,0.042478699530028495,0.08671634520554025,0.04086317068417462,0.0214229150797687,0.058908440993757666,0.05413374467913072,0.045294839362436744,0.0382269571416423,0.06717850686213626,0.000984244513504991
879,0.05431092560867558,0.049486951256906664,0.07557592364193609,0.09914835411194807,0.0012649200234920068,0.06314910721796706,0.11630698734046543,0.0015416212786308833,0.048593124864953735,0.0008201559999232364,0.008841003660189459,0.12291027502297877,0.015192792697607132,0.065823377250982,0.06593501325225569,0.08150300249237159,0.0728732728167087,0.002755470723792383,0.001429909591773573,0.035278594315538626,0.017259216830903694
880,0.03697631769141238,0.04760251283207091,0.03642949092579745,0.061853162161056914,0.07137049628946324,0.04023227470013063,0.10532739908245574,0.0007337988297658732,0.026291581158093418,0.0739472288787718,0.03687263608062288,0.06438508721341339,0.015132264316229434,0.06054707657973868,0.024054071485725484,0.029637579828396633,0.002892342127831479,0.00975703675926872,0.07468670116755952,0.12834360656123064,0.05292733533096491
