site,A,C,D,E,F,G,H,I,K,L,M,N,P,Q,R,S,T,V,W,Y,*
790,0.02684877800180171,0.04340487445614082,0.009645527656920182,0.030783988175107004,0.1736194978245633,0.0017501073530925802,0.049080833431009246,0.030331855537559713,0.028936582970760547,0.04653555768111152,0.24540416715504618,0.049080833431009246,0.011574633188304217,0.05787316594152108,0.028936582970760547,0.007234145742690139,0.03472389956491265,0.0491112108129956,0.011574633188304217,0.014468291485380275,0.049080833431009246
791,0.16324924676922994,0.07931980498469716,0.011717698463648443,0.008101124863756947,0.011313639895936428,0.02377298866600426,0.00951001614441033,0.01093651856607188,0.009510016144410329,0.0018712635968276535,0.014111636859447586,0.012619059883929092,0.5622544760579655,0.008511430541364197,0.002247229842343537,0.011341931649233274,0.029547651641417524,0.0033309193602249396,0.005560941643765364,0.013961513063070488,0.007210891362245196
792,0.06134766311479559,0.07495911898788664,0.018952874232388735,0.056507643544714554,0.012052979926588225,0.056046356658635235,0.06746320708909796,0.0006450514734037274,0.11927814365812117,0.024600500060087984,0.03592715170425337,0.049636862296626824,0.0004716614586170547,0.06519281069667643,0.0727958425566182,0.1492987039100359,0.07950316228584017,0.025031975243106904,0.003974918911959948,0.024830664342433344,0.0014827078481120437
793,0.12256947377352552,0.007320684735030387,0.009602456600494405,0.012278575841257671,0.011375217819047217,0.6336854220551538,0.0684619590961175,0.013443439240692166,0.008215435091534102,0.0026985005775112007,0.009128261212815668,0.010873369974089253,0.004130665688480833,0.0164308701830682,0.005437993584603185,0.020060946153746064,0.005169740758142225,0.012452423718550171,0.007653083738364888,0.010413931806169988,0.008597548351605455
794,0.0038920267203761613,0.009956347424218089,0.017124917569655108,0.016789134872210894,0.013378841851293056,0.0007311640873545214,0.36370586796424575,0.10793902708882595,0.004022250296229171,0.005351536740517221,0.012973422401253872,0.011570890249766966,0.005946151933908024,0.014762859973840614,0.36625017145583166,0.003652433732216018,0.00690253922969864,0.004603472464961051,0.005560038171965944,0.014762859973840614,0.010124045797790776
795,0.0020629171278293214,0.012111649443614479,0.012111649443614479,0.01572389576890301,0.012623409279260162,0.0029385641273031856,0.014931830487963232,0.007268262256414621,0.015190882353007994,0.006181117647086011,0.016004679621919135,0.013171186235527512,0.007928212556231712,0.014004094669179245,0.003797720588251998,0.010451816604210013,0.7685133819488684,0.01948395780059721,0.01298930520039814,0.01493770098045786,0.017573765859362187
796,0.0015624469197213049,0.009292130738886852,0.011074183209358306,0.019247985101979913,0.01720032711240758,0.007091362932308388,0.012248717792169034,0.04896202338144395,0.011888461386517004,0.0041886806957676485,0.01206590110870382,0.008165811861446022,0.0036886365175194478,0.040420768714157826,0.004002056308332456,0.04710463260312581,0.6931898055840694,0.005182149835148438,0.00973994426847176,0.014435988826484935,0.019247985101979913
797,0.004876541146359678,0.011020948838663381,0.017161673649688864,0.008418934243243593,0.012055821268187864,0.0020264037346345684,0.01898738361242172,0.020753651855437694,0.011589701685504168,0.0037310588285274517,0.009595774513804525,0.020281977949632293,0.009106194181467561,0.017161673649688864,0.0013785109313993026,0.004416854493524016,0.015935839817568232,0.004093179980060668,0.7659255299515604,0.03797476722484344,0.0035075784437818185
798,0.004937337187255048,0.010332576798922969,0.012269934948721025,0.009026159042737306,0.019153069188247447,0.0037936030759330706,0.023796237476307436,0.01539756542584599,0.012873374372428614,0.003183174464978075,0.014022782798538311,0.03141103346872581,0.0017904136333059507,0.014542145124410101,0.0040899783162403405,0.6726761960134929,0.026826455058553276,0.006711759288189277,0.010906608843307578,0.012269934948721025,0.08998966052513813
799,0.0023683967127377734,0.031315467646199455,0.009291402488432804,0.003896394591923435,0.04822051772529197,0.0011919891350292086,0.005103728127449005,0.3111021299309104,0.008627730882116175,0.46836725910418053,0.04925345396780885,0.004900279729407495,0.0031786376934112228,0.005574841493059683,0.0010752661633497908,0.00537292071711665,0.0010826744601574777,0.0011365704947241197,0.0036975989494783617,0.029580791595826897,0.005661948391388741
800,0.006396721269802934,0.010690410889259698,0.01393571419492782,0.013691227980981718,0.012793442539605867,0.004589961258230196,0.6679185358796261,0.011148571355942256,0.013006666581932632,0.007117717883374012,0.01858095225990376,0.13728977241561308,0.00599986181724806,0.022877275971786355,0.002133358655151185,0.005237583858496361,0.007726732622930277,0.010405333265546103,0.010545945877242674,0.00707532460412168,0.010838888818277194
801,0.0869490785435977,0.05161452512527884,0.008110853948258103,0.020416707824211632,0.006759044956881754,0.20735623496181252,0.006759044956881754,0.012478236843474006,0.0052896873575596325,0.0019944722823585503,0.005177140818037088,0.06488683158606483,0.003004019980836335,0.004965828947913125,0.007088344445216541,0.3007775005812381,0.019805573594583747,0.17013074572646716,0.004424102153595331,0.0071566358366983275,0.004855389529034966
802,0.05825965744021273,0.09627346086267123,0.0038930307225006175,0.00040922934187488685,0.01376464434027004,0.10181845625296164,0.08992900968976425,0.012432581984760039,0.1096153471764072,0.0021234713031821548,0.01981903246342681,0.026475290903087485,0.0015478314920785586,0.06494273739656492,0.055133400102085,0.1320436052182156,0.16198946896384295,0.009466211546290973,0.00166844173821455,0.036705718240720116,0.0016893728208681406
803,0.18276268966952142,0.06043300401015543,0.004516053288802376,0.0035517983033362434,0.04516053288802376,0.17714820716840535,0.03777062750634715,0.005614552737429982,0.005614552737429982,0.020338541397904763,0.05712807410335006,0.03977970343753583,0.0023877982906311416,0.1246430707709456,0.009202763303741134,0.16648542549783513,0.0180642131552095,0.012871538625920685,0.006701240364029333,0.005614552737429982,0.014211060006015396
804,0.0026495960429693166,0.006681873009072762,0.36098377307772145,0.3321972201979482,0.011065142535915918,0.0008444445955046264,0.007452858356273465,0.016147859771925847,0.034200909390458466,0.0025165495748455855,0.007312238387287173,0.006568620924173224,0.0028921539890016433,0.15765537109842084,0.0034602556654126817,0.0031508019067172386,0.0037626081021963137,0.002976695963868647,0.00880792351195955,0.008424970315787395,0.020248133582539664
805,0.0050145417716272525,0.054144884998951884,0.015395522983066129,0.010324056588644343,0.011858713649118505,0.003046550413434086,0.010701765976033773,0.013929282698964592,0.011700597467130255,0.017314125297164827,0.009972100114031468,0.013929282698964594,0.004666101595908421,0.009538530543856187,0.0018510217876604627,0.005121832948031027,0.006855818828396635,0.004875248944637606,0.7526852741246025,0.010444140077263662,0.02663060649251173
806,0.03069648019413929,0.10245445434956764,0.007951010869700374,0.005093616338401801,0.04496433733209865,0.0478120786964649,0.02126031167332926,0.009563307085637511,0.004520220779572597,0.036657979082599504,0.27970974193479076,0.0060368786232910246,0.0020374465353607198,0.2876395108744546,0.020067772693421717,0.05947141238350209,0.0015314655897511323,0.0006582915895484994,0.002990747207868947,0.023708468775106566,0.005174467391392305
807,0.0005803845918447628,0.17410827784993285,0.013062286108549986,0.003926953102253952,0.0036073173846286302,0.13200293979993338,0.003231555157063148,0.009595031684084215,0.004081964408921872,0.001558941181296795,0.004136390601040829,0.04230494419574864,0.0009598272271776324,0.003783284086317832,0.001179579068737879,0.27740202578537476,0.26648633729644045,0.04825279854291136,0.0027699044203398407,0.0037377023503380987,0.003231555157063148
808,0.027559895593327853,0.05696403492979214,0.10948314895218382,0.03758876778590888,0.0017877010962009234,0.03109473796462867,0.044993161018945634,0.019320702144846078,0.05707151424098042,0.0483966440763514,0.05881536606501039,0.11554918537849342,0.011142544030712813,0.104027178074168,0.05239015800748825,0.0753010926306006,0.0714852523237376,0.07165932640764866,0.0017147337045192532,0.0017877010962009234,0.0018671544782542977
809,0.07048919940128258,0.04985107355062604,0.15195650619938592,0.10636625680980799,0.0020101239334929847,0.035015610830943324,0.03181983418125065,0.0024925536775313012,0.02581851163431223,0.011896278915490303,0.06571277877127976,0.12166035806998018,0.0008040495733971941,0.1267048119411745,0.012169729378059458,0.08882304541478947,0.06722291869549608,0.017597509139130173,0.001483256991710448,0.00566489472166205,0.004440698169197201
810,0.03826192588267524,0.05557240203232951,0.2971553836753029,0.14492023675732665,0.0042226684471094655,0.0005475007694503311,0.03397760570922259,0.003361736045271614,0.005018243661782264,0.002421390298342491,0.005246345646408731,0.1611041526171383,0.029343967174828487,0.05246345646408731,0.0028151122980729776,0.11485344761143673,0.02557593502624256,0.010407458433730407,0.005584819559080262,0.0025294277213215766,0.004616784168839683
811,0.009666112816688268,0.014650202237793161,0.012337012410773186,0.006168506205386595,0.012020678759214901,0.0029300404475586326,0.012337012410773186,0.20606632592725205,0.0039058784723881375,0.1910330759830009,0.4027680204706689,0.011720161790234529,0.002619030567650174,0.02106995378019691,0.0019043153883343052,0.06378319341624233,0.001602229771813217,0.0012137847028616151,0.005388580133441163,0.011720161790234529,0.0050957225174932735
812,0.003743335405149449,0.006058800604210964,0.005544374137815693,0.009479091267878442,0.003276123514224353,0.0030290033296441463,0.0034317609974671274,0.2554368880688117,0.007941941332546804,0.5076352269316954,0.1450177858904001,0.005391776684481316,0.0007531792887860392,0.007346295732605792,0.0016775690808673587,0.0039576003946697885,0.0027335053888765744,0.0033017059472385587,0.009795060976807725,0.005544374137815693,0.00890460088800702
813,0.047204354060123965,0.03741034593986225,0.08853073343154899,0.07949698512220726,0.0394799216654205,0.06908829303117278,0.09502374002888836,0.02055625257100125,0.023842903403187475,0.05929148680531403,0.05074171766924758,0.05756678232987423,0.007251414183444582,0.04036956275737087,0.03870923119112674,0.06760792707937716,0.0501278210022075,0.02110648500958219,0.062215031834770895,0.043604689600613686,0.0007743212836578631
814,0.0008234094264210758,0.13661031083995906,0.006531913769670171,0.003867539821574401,0.006869771378446213,0.010642336734293814,0.006640778999164673,0.17266025397828152,0.007244486180906916,0.06245522529628792,0.02248208105401581,0.00504362961961874,0.0025218148098093696,0.003984467399498804,0.0019432007903558996,0.0023028501090465855,0.1879995181453661,0.3413612165908559,0.004238795105849792,0.007244486180906916,0.006531913769670171
815,0.006544227290376323,0.035859485556199576,0.013599722337813295,0.016422306219246244,0.0127997386708831,0.0040998699687478275,0.011761922021892579,0.014506370493667516,0.018132963117084393,0.02403533947022123,0.014506370493667516,0.014038423058387917,0.006353154960730299,0.021217088578478774,0.001652172216206529,0.004945353577386653,0.006495389773283962,0.006593804769848871,0.7454380005716692,0.01776290264530716,0.0032353942089010214
816,0.008951233358015979,0.019529963690216683,0.004482852103562413,0.01342685003702397,0.02322482168566308,0.004937248440356115,0.011156499174566927,0.023512204875145857,0.016077059389843346,0.0044294763008738865,0.013015239268194758,0.7365379249269817,0.008262676945860904,0.012103076089711748,0.005767237599795531,0.001845524926867683,0.009034036504815523,0.008183984784471755,0.011457578698260454,0.0478509564380824,0.01621355476168932
817,0.011758983586713392,0.009099213489718695,0.008492599257070783,0.006477406213020088,0.006824410117289022,0.0015979000226463648,0.025060128955290834,0.005783924212526495,0.3005384851822692,0.0021231498142676958,0.040532860090565094,0.01333140581051809,0.0034114538000218596,0.1707679653928716,0.327411926215543,0.0019659337829923684,0.04489244931320424,0.003382008553700754,0.004660572763026649,0.0055386516893939875,0.006348571737349873
818,0.0005663240849542712,0.2093443591674223,0.0033388255050625566,0.031725087647053535,0.02686010368998086,0.006283313072907805,0.003254298277086288,0.12848892976569498,0.00408078672840979,0.11870962709086016,0.11257893664880954,0.0029550524585036414,0.0016375131457950112,0.00428482606483028,0.0023158863981657153,0.005790305493013893,0.10727478205474372,0.21998962758954618,0.0032136195486227107,0.004283212463950388,0.0030245831045860793
819,0.012585744097679914,0.009038126268961683,0.012028147840187768,0.009999985570070938,0.01532618837701344,0.0027296451876701417,0.011179102110292159,0.015837061322913893,0.010558040881942595,0.003739381513602641,0.011179102110292162,0.008880595134344239,0.00489806020296306,0.014432234354038943,0.0016905597515298393,0.0045243897987467165,0.013478350062054377,0.005656093329612103,0.8154291042902495,0.012340567264608226,0.004469520531225736
820,0.010821983530308589,0.018190142529667625,0.014998889454287342,0.01858558041074736,0.019430379520326786,0.00919286773004708,0.009095071264833813,0.7313601170548949,0.01276024923722953,0.005408548504220904,0.00821490730545192,0.010683531497785139,0.004170422921435993,0.012953586346884522,0.006378992029937856,0.007772151808130715,0.005279786543563624,0.040828335391943825,0.018190142529667625,0.01858558041074736,0.01709873397788757
821,0.041372131955762476,0.0365621845783684,0.04895056181048167,0.08238319390657584,0.039529894365573644,0.00019342072727069213,0.05709873630582859,0.05718837325450335,0.006927514390145821,0.06155111405781101,0.07374290235449116,0.03552523186448612,0.0009030713146860021,0.05951613141319173,0.013102187209681655,0.08807742441729584,0.057045818107213354,0.05357706498470337,0.0988758081288767,0.08659006849002643,0.0012871663630260335
822,0.045006344154048826,0.10450053258188505,0.09451355655685577,0.11687734020479579,0.030809639778452323,0.03125612654174904,0.046681272391594426,0.0024023110938364376,0.018072982977923892,0.0532425733290762,0.0698083341385412,0.10954538587894155,0.0012678864106358977,0.05868502814943299,0.0198603275925562,0.09525685728603613,0.060580476065015924,0.0008240764230875658,0.011410977695723079,0.027386346469735395,0.0020116242800766013
823,0.00883508196780755,0.0176701639356151,0.002212214847939134,0.02232020707656644,0.029247167893431892,0.006013364220900079,0.01100169440248585,0.02290886009990367,0.03546395556052285,0.005654452459396831,0.01368012691789556,0.7281448571277755,0.005368151069047625,0.016963357378190495,0.005048618267318599,0.0016815641528064595,0.006889072084511019,0.00883508196780755,0.01437572659168686,0.01345291429526179,0.024233367683129274
824,0.06380127233273232,0.05317515206453403,0.06871968570343699,0.04455354734715867,0.029338014932156712,0.023267697704920882,0.056191844464947314,0.04443221102044021,0.0588003434869073,0.03858586746511915,0.039355873689478495,0.056625721799419514,0.07585255997416585,0.04639073611147278,0.03466232134577034,0.0794064704457368,0.0684665830125446,0.06666557463107746,0.028421201965526798,0.0222115932882746,0.001075727214179079
825,0.027514299951665728,0.020740636516205023,0.006876008486532901,0.03555004805224872,0.11889516070807625,0.014657150441541558,0.13025218035388433,0.006948418482939522,0.09281101830783504,0.023018196708349495,0.12588899369090428,0.04319436670800609,0.0019539720550717154,0.03546219856626144,0.055246550386302606,0.02402167532673377,0.022190110639064925,0.002547753443744491,0.13304934650665676,0.07454963567934894,0.0046322789886263475
826,0.005456097802866112,0.17095773115647148,0.010684858197279466,0.03077239160816487,0.011149417249335098,0.004309858768650542,0.013861437661335522,0.06174206961752456,0.00550889447221363,0.14093559109014117,0.43932529562570855,0.01465351981341184,0.0056985910385490505,0.021824391211464438,0.0031263308669398303,0.0033965112150292345,0.002205025375917058,0.027882233118852268,0.010466799866722743,0.008272148281764749,0.007770805961657797
827,0.04069014609987993,0.050213363082746994,0.04266444183575419,0.046570416660775514,0.07018458703611229,0.0126697471634163,0.09928551336815881,0.0722076460859337,0.04126146430576914,0.04961794771022429,0.03651880951472508,0.07584675822289057,0.053277441278331804,0.04720492865280698,0.0439134246845455,0.042809864935328984,0.05098170437204195,0.061034083587768136,0.03204008759310786,0.0294959615311241,0.0015116622785576739
828,0.00394935445016835,0.18149340299440356,0.2774762230543663,0.025494288078482835,0.009541824598430686,0.0006967179686720132,0.009396928285870316,0.13051042558430137,0.012015630975801602,0.015448668397459203,0.019083649196861376,0.15717899806755153,0.0027262355995516245,0.011186966770573905,0.006299457016439677,0.020533040275104,0.04842119945472288,0.040208245020676985,0.007209378585480962,0.00911373464927936,0.012015630975801602
829,0.007368565608437414,0.015072066017258348,0.02550657325997566,0.002694202587708443,0.014110019250199304,0.006195190823014797,0.01700438217331711,0.015789783446651603,0.5673560771914368,0.004144818154746045,0.012944868207484556,0.022004296656263158,0.005620092413214976,0.10696321747498563,0.001465937394101439,0.006836813451127496,0.007271023300950457,0.00713086994364911,0.011240184826429954,0.02210569682531224,0.12117532099373544
830,0.011833885622555228,0.013055256050728423,0.015893355192191122,0.022846698088774743,0.01523113205918316,0.013287021804355018,0.033231560856399625,0.004773590241158653,0.04984734128459943,0.012184905647346532,0.010751387335893998,0.03427004713316211,0.006185988675391232,0.03316164699723204,0.05160665921229118,0.28611346529766263,0.31159613055293706,0.02847687229013377,0.019239324706336627,0.014621886776815831,0.011791844174851481
831,0.041795546841493766,0.047996065318543994,0.0033485626966426032,0.010867033657028827,0.03511907218430048,0.001320992623446165,0.08986804133177065,0.04799606531854398,0.021071443310580286,0.0697270330567245,0.08799278641733065,0.012341845367625594,0.1225965811267707,0.0059995081648179975,0.061028109544108894,0.02137552614648154,0.017209001677328768,0.026664480732524434,0.10442105023553161,0.16702630730853307,0.004234946939871528
832,0.0011307530516113007,0.04143759882930202,0.011075487244698236,0.0077945347778075325,0.005282155455163774,0.0021713611297388058,0.007803184195128302,0.2704660181104242,0.007152918845534277,0.28380460369961025,0.019074450254758072,0.008583502614641133,0.0025815045457567316,0.006478115180861232,0.0024009797523471695,0.0023516445519564744,0.006798813952190997,0.29357796898970373,0.005628526304682709,0.006602694318954716,0.007803184195128302
833,0.015644144514852108,0.03977639109409547,0.08542883996345504,0.07671161139575555,0.010005862355968113,0.06256092579848024,0.05205430773283413,0.014229010479997216,0.06012531703991652,0.06920721462877946,0.04098215980569882,0.0726741581644,0.02993428901959814,0.06986236037827738,0.03614297506552252,0.07269024777235228,0.06529153581170304,0.0703776251337207,0.023245942847198647,0.03168523079389903,0.0013698502034956348
834,0.13317957419623055,0.07092848317149966,0.025649563517338162,0.001556650460806708,0.02031531863677521,0.0274944162001469,0.10475086172087221,0.0023077273573378736,0.13026672960382216,0.0446724284159455,0.04761402805494191,0.06694438799195149,0.0007935671342490317,0.1208740114953503,0.01643207656751404,0.07528621100547839,0.045460238928277844,0.04775615948197159,0.0022741028324748365,0.013134904291018457,0.002308558935997183
835,0.005912204887432319,0.021333017043675132,0.014404280998471464,0.019805886372898263,0.01842408034688211,0.00960460648589301,0.01932281597355928,0.03684816069376421,0.01414706169492733,0.0057750636443359635,0.016504905310748552,0.010705884525890951,0.006771243204409663,0.018424080346882105,0.003899545079968539,0.0054636927925236604,0.007268215182714959,0.00851866080554764,0.6759420726050938,0.01320392424859884,0.06772059775578215
836,0.00840251877507463,0.007878458902370603,0.004996095889308188,0.005852569470332448,0.006207270650352597,0.007494143833962281,0.07197078672976388,0.04874669583399648,0.10805756488659828,0.029044467893814017,0.08193597258465427,0.03465203216990117,0.036547149627945294,0.11072428727655981,0.07010859733037715,0.08395662387001322,0.1748938955160468,0.05740245813414638,0.033217286182967945,0.013359125964889284,0.004551998476925237
837,0.006207594449056692,0.01616361182450568,0.4136837653659946,0.13859551776231457,0.015153386085474075,0.0010695935597244777,0.014262010433387363,0.03232722364901136,0.01616361182450568,0.005214068330485703,0.01731815552625609,0.005733903243341592,0.008218785673477464,0.12122708868379257,0.004801072819160103,0.0217448138233819,0.006465444729802271,0.10760586235020646,0.017959568693895197,0.016615244651804723,0.013469676520421402
838,0.006464159407040729,0.013762403898860905,0.021331726043234397,0.014711535202230622,0.04646408518202809,0.0069912846494753845,0.017065380834587522,0.3642448721437076,0.014711535202230622,0.09830604633586636,0.010146481700018237,0.07360767494496219,0.0044441095923405,0.012548074143079062,0.003775526733315824,0.0036126363075957586,0.0014120812173495938,0.24502976625701592,0.0142211506954896,0.0142211506954896,0.012928318814081458
839,0.007539031104124113,0.014063192636539212,0.015235125356250814,0.013058678876786411,0.02089388620285826,0.08357554481143302,0.07632186154238768,0.017836244319513146,0.01179493575967805,0.004227742636828736,0.01379784937924602,0.01462572034200078,0.6265559584835028,0.01218810028500065,0.009005763026722617,0.002913801650213997,0.006579279666514508,0.006529339438393206,0.01218810028500065,0.017006651560466025,0.014063192636539212
840,0.0049131487986660725,0.002709420459885915,0.017553546837436044,0.007533494824621311,0.4814698766288863,0.00396499727611648,0.0018875481893046416,0.010044659766161746,0.010272947488119969,0.0026433315174109865,0.010272947488119969,0.008842326885084077,0.00619191355448327,0.015066989649242623,0.002524858477294322,0.00392889470144286,0.004860319241691169,0.004345253771167649,0.007929994552232958,0.387022459453881,0.006021070438750545
841,0.03951466024852785,0.008040773887781828,0.012805676932393284,0.00640283846619664,0.007203193274471222,0.003457532771746186,0.009878665062131963,0.23478821007688325,0.009344683166881584,0.2951774347707372,0.16793730605624335,0.021168567990282768,0.0009982577450376728,0.03016697816352562,0.0036874683549993708,0.013775477803991895,0.02520492584723398,0.0854213978901999,0.006915065543492372,0.009878665062131963,0.008232220885109968
842,0.0351907199038415,0.09567476973856907,0.010856711459695781,0.015293891409630257,0.016460175438893606,0.43817410859327044,0.017904050477393043,0.01244549850257809,0.040284113574134355,0.004555941416122337,0.01546258904865763,0.1895271629106892,0.005428355729847891,0.042522119883808475,0.0027944370010120735,0.004515623350492937,0.008230087719446801,0.005533087003064215,0.016460175438893606,0.013083729195017994,0.009602652204940654
843,0.00905586011182054,0.020069744031602277,0.03375366041678565,0.006780372549475813,0.015470427691026755,0.010313618460684505,0.01726931463184382,0.039190014096709275,0.6377796577659562,0.005191944961782471,0.08250894768547604,0.017177630533746106,0.005266528575668684,0.013997483591357628,0.0020910357643822543,0.011251220138928552,0.008624427954000468,0.011424315833373607,0.015470427691026755,0.016143054981940963,0.021170312532411646
844,0.01206259328978231,0.01206259328978231,0.019300149263651697,0.022855439917482272,0.013785820902608353,0.0014472684040055925,0.013570417451005097,0.0155090485154344,0.007790466329154292,0.004906817609402974,0.016055006078629377,0.01223248896992009,0.0072361133446294705,0.021183090655227475,0.7443650128173445,0.005293456083625352,0.007552232320559361,0.012587053867598933,0.01700561174568469,0.014720452828208924,0.018478866316262263
845,0.007248450773483282,0.01850398079976893,0.029587302283136704,0.6640657217327617,0.022857858635008683,0.001298089195543318,0.018073655664890585,0.03885835967951476,0.012733763513542055,0.007930277485615256,0.021587977599730423,0.020451768252376188,0.008635191039892166,0.017653155400801254,0.008180707300950473,0.008540298830662582,0.011102388479861358,0.007446699687839971,0.03532578152683159,0.018955297404641348,0.020963274713147437
846,0.044797498470466865,0.019467308171677047,0.6992298826762482,0.01602428524025375,0.016031900847263452,0.002034518667899587,0.009971060283054096,0.016031900847263452,0.019467308171677047,0.004542371906724644,0.016686264147151755,0.025755302806196423,0.0044679067934996495,0.020964793415652206,0.006929041891613863,0.005207814924907236,0.008176269432104361,0.008789396840605392,0.02271185953362322,0.014543827305219232,0.01816948762689858
847,0.01736900887343564,0.08250279214881931,0.01434831167805553,0.00825027921488193,0.14651367065015714,0.02012263223141934,0.019412421682075128,0.014935176763381,0.012692737253664509,0.2810144945212862,0.10421405324061386,0.13378831159267993,0.003837339169712525,0.07615642352198705,0.009041401879322664,0.0022652517240163064,0.009706210841037564,0.005062105689450104,0.012692737253664509,0.011786113164117042,0.014288526906222754
848,0.014942679820955256,0.018653408577384022,0.022414019731432883,0.02689682367771946,0.018173529511972607,0.009036800031130629,0.030564572361044845,0.03362102959714933,0.028017524664291103,0.019252667127091547,0.023186916963551258,0.039554152467234496,0.011207009865716442,0.029235677910564632,0.0035472331407392058,0.010344932183738255,0.014306821105169924,0.014617838955282316,0.573155826545713,0.056035049328582213,0.003235486433536719
849,0.009063700051465931,0.5889627437817135,0.057421798405156,0.024609342173638287,0.016806380021021267,0.005551505465854499,0.010440326982755635,0.01602468792702028,0.0215331744019335,0.022085307078906158,0.018623285969239782,0.013001161903054186,0.015426751810340422,0.0114843596810312,0.0015671770627536652,0.020251338991660865,0.008722298491922431,0.007330442349594383,0.012311260059109373,0.05251008790537743,0.06627286948645117
850,0.006243396605218655,0.021643774898091335,0.014115505368320439,0.004729168019123557,0.019097448439492355,0.5550456888453394,0.010468527335734336,0.019676158998264855,0.04994717284174924,0.005278969487339351,0.02029103896696063,0.018036479081742784,0.006493132469427401,0.01754900667412811,0.0032280364818488266,0.006558719666088284,0.006365816146497452,0.035050008347771174,0.013251290753933474,0.018551807055506863,0.14837885351742158
851,0.12505083625073943,0.02279151564923253,0.018769483475838553,0.02058588510253261,0.006680698362495897,0.007977030477231384,0.01679374837311871,0.01809259680012919,0.03358749674623742,0.017483902415849614,0.023635645858463363,0.012763248763570217,0.0012915660666294917,0.03545346878769505,0.0070127740459177005,0.5480431080578484,0.028760180416188573,0.012272354580355978,0.014840986934383973,0.013272485901157868,0.014840986934383973
852,0.009775050150210907,0.0166990440066103,0.019084621721840337,0.016031082246345887,0.1396455895365651,0.00607237963876738,0.013253744769452708,0.07791455435547286,0.017425089398202052,0.34466653772007194,0.20038852807932353,0.014313466291380255,0.001092927142378494,0.01335923520528824,0.013009670473042355,0.006069634752379828,0.017425089398202052,0.008712544699101026,0.01821713891630214,0.02862693258276051,0.01821713891630214
853,0.012119254096421282,0.06059627048210643,0.016377370400569302,0.03029813524105321,0.04039751365473762,0.011017503724019348,0.015537505251822157,0.5175453457915782,0.03814774242648122,0.10481729731966112,0.0028590391486181914,0.02754375931004837,0.007973193484487688,0.026318594997590403,0.008295375344551775,0.008782068185812524,0.006028275462696886,0.004719751438132372,0.02019875682736881,0.019531981728758085,0.020895265683484977
854,0.004961059718924705,0.010656594640367039,0.0096118304599389,0.003512555305704747,0.01021256986368508,0.41920561341777646,0.009077839878831184,0.01815567975766237,0.008912788244670617,0.006166079917696652,0.00765942739776381,0.010429858584189019,0.004017258944168658,0.008912788244670617,0.0014501162024852072,0.13687496232887023,0.27520188264246115,0.011210811411222476,0.02496987033530919,0.01114098530583827,0.00765942739776381
855,0.005360861905364308,0.02293257592850287,0.007999974659214404,0.006449786979891431,0.4668417242588085,0.003127169444795845,0.08816173551754015,0.002243404166918759,0.0049141234132506146,0.0007016640940398006,0.004685496006146706,0.015722480748716714,0.00046019185521016753,0.002195672163367296,0.00022598443092010923,0.003729997289575767,0.001719943194637715,0.003685592559937961,0.20639318335652584,0.14671529404450945,0.005733143982125716
856,0.013714396361374776,0.04200033885671025,0.02921762703075496,0.013176576896222822,0.03733363453929801,0.0019153963600813714,0.025846362373360153,0.01713654259830001,0.008872301564522646,0.006651947433153353,0.025846362373360153,0.019200154905924686,0.00973920901025165,0.03360027108536821,0.5733071470782504,0.006211293465521822,0.00960007745296234,0.018666817269649,0.018666817269649,0.028000225904473503,0.06129650017081111
857,0.0075300011135744785,0.014844950595282578,0.01543874861909388,0.018379462641778428,0.02144270641540817,0.004916798923278305,0.011002925479505642,0.02859027522054422,0.02270404208690277,0.003110780784674281,0.045408084173805534,0.0257312476984898,0.6601164958100876,0.01575382512152437,0.004785990893610926,0.01508476507306212,0.011246553338782207,0.010574485355543752,0.018379462641778428,0.02083535329593857,0.024123044717334192
858,0.003629533846200589,0.003228990979877609,0.011557199878691351,0.01756694381561085,0.00986906955933194,0.00299712182352691,0.003282994434827537,0.028333780347759435,0.025833740905310067,0.002725365478581094,0.023114399757382696,0.014166890173879718,0.002308543976826236,0.012199266538618648,0.7647155371645914,0.02526005136966644,0.005524196168431085,0.004852746910389738,0.009547252073701551,0.01439913427509086,0.014887240521704108
859,0.10175444270238171,0.07010322249027862,0.002447609217381269,0.0037530007999846122,0.003838296272711536,0.023134936438261318,0.051964626461325415,0.0009529048163205193,0.01164724386202121,0.02111062949991345,0.043049126823352914,0.012867431314232958,0.0016686331664366783,0.26473870507999564,0.0011893312394317436,0.21746745802913273,0.14460122043612114,0.01455583466233304,0.0029628953684089046,0.00281475059998846,0.0033777007199861514
860,0.002289024047082268,0.07377096709410257,0.02289443806368701,0.02289443806368701,0.02289443806368701,0.017705032102584617,0.013549769466263737,0.007161665289822547,0.03161612875461539,0.006573650533137853,0.03161612875461539,0.0174720711538664,0.0038106409824080834,0.028866900167257528,0.006035806398608392,0.0570199889384915,0.5684683455541957,0.010059677331013988,0.02074808449521635,0.014433450083628766,0.02011935466202798
861,0.008653475767741685,0.18545728449468885,0.016703220667966506,0.009838883407158354,0.022444952772579994,0.0028249950361594668,0.01465792834127673,0.02316898350717935,0.013812278629279997,0.004171659902775224,0.012825687298617139,0.017518011920062432,0.00619171110967724,0.011774401454468193,0.0019508122351900152,0.00472525321528,0.006973189210898638,0.0068403665592624745,0.6154031285416715,0.010562330716508235,0.003501445211558157
862,0.3641989758687722,0.2134646543836433,0.02622994942015349,0.010946905353007347,0.025113488751016856,0.027946739040533002,0.014230976958909552,0.014230976958909552,0.025113488751016856,0.006468625890413431,0.00970293883562015,0.011234981809665437,0.011178172178356802,0.010164983542078253,0.004796958525475131,0.13813582335987926,0.0025211494148016894,0.019669107629104832,0.019405877671240298,0.026683081797955407,0.01856214385944724
863,0.09464292489457972,0.07381036121718157,0.04225196447526896,0.09152805170780329,0.09164922900581304,0.021888517089788603,0.0772242353987968,0.003355016418962799,0.04960540950875416,0.005964473633711643,0.02526130009571989,0.005237098800332174,0.0028629473441815875,0.16230327283778564,0.03340105234878519,0.07369663184704724,0.0560141871687702,0.045239098935561245,0.024775505863109903,0.00780803821140433,0.01148068319664202
864,0.011440939162389141,0.05808476805520641,0.0019210128099009162,0.022208881903461274,0.015102039694353666,0.007123603629412107,0.17822221322419593,0.014493994446647285,0.0316331972753153,0.0036655436151343855,0.019871104860991664,0.32293782394108445,0.006991685043682253,0.020975055131046756,0.11570111056158053,0.0011227638153027922,0.004675194080238199,0.006399169362014266,0.01573129134828507,0.11265622401215442,0.02904238402760321
865,0.008185380453447993,0.012831136927026586,0.021579639377271986,0.014386426251514654,0.010095550269214134,0.006415568463513291,0.01078981968863599,0.4065539122468992,0.021579639377271986,0.26312306469187946,0.05545054877210331,0.007193213125757327,0.0060865649525638915,0.017583409862962356,0.005520372863953297,0.0041254943282409305,0.0015068895803447492,0.07208753754394578,0.021579639377271986,0.01695543093928513,0.016370760906895987
866,0.024101208324738665,0.030443631568090945,0.006025302081184667,0.0006597832655487017,0.06601635323732764,0.026136540992110494,0.06805047056396797,0.06710351117256942,0.12334727257687984,0.04661681083863925,0.03772363042133008,0.0018837286065226178,0.07436944283062218,0.04366469661074283,0.08099995462988713,0.029554766412818213,0.041311592204789985,0.06105639442267129,0.06025302081184665,0.10587316514081628,0.004808723286895082
867,0.046817019291369125,0.06712931928893973,0.05100601845841142,0.02454497266942669,0.047272399011891314,0.03230501792250968,0.06318378842504367,0.041394822065085886,0.01747289459003982,0.04510463322516681,0.07924989082722052,0.08139122826122015,0.02725551309475749,0.06673675017029096,0.046146021154335345,0.06975829594571753,0.07567268790495706,0.05131069855131602,0.02533910983028235,0.03963098154280004,0.0012779377692183377
868,0.0014651089527941887,0.03139762460943006,0.019028863399654587,0.022426874721021478,0.025118099687544047,0.01184816022997361,0.01962351538089379,0.010422045122676655,0.01652506558391056,0.0058687148802673015,0.026164687174525057,0.01207600946516541,0.004975143440202948,0.020931749739620045,0.00836189917986082,0.0384255883292377,0.5363174017818539,0.10721140110537093,0.01962351538089379,0.027302282269069618,0.03488624956603341
869,0.0011388623118278875,0.1544257884401297,0.008593868391357925,0.011854909011565511,0.008887441169131592,0.004231351915543246,0.006839370583595488,0.04402698172508981,0.016657820126579046,0.0042698432069253256,0.02319438719654122,0.013336772638011201,0.0033968111181577007,0.014818636264456892,0.00503274439170234,0.0035323291608341553,0.17395790397405916,0.45718259538685996,0.015242025872012802,0.01159719359827061,0.01778236351734827
870,0.087663027089994,0.059364437729068124,0.0002739848505657724,0.05655679167096389,0.03095740175673812,0.07397296102388361,0.08497409125823653,0.0350231354320019,0.05167256917501172,0.049516048218047976,0.060847306901174944,0.06258243199027998,0.0007002269444976483,0.039742610363380025,0.0954245442448391,0.02452553790543936,0.03629580430581514,0.024106173499099364,0.07158899156245692,0.05204945851461596,0.0021624655638897957
871,0.05157500762705198,0.03306485627950839,0.004621969157350634,0.004093744110796276,0.08428296698698216,0.0130255494434427,0.054043399092498993,0.05060188150160037,0.16268552763037197,0.12823854652324576,0.12245743782198205,0.0036738729199453763,0.0015832159544515991,0.03371318679479287,0.18866122798971952,0.038208278367431917,0.004663392657371651,0.0003975041469715549,0.011617381936043489,0.005117180138495346,0.0036738729199453763
872,0.0011862608681470653,0.22055379827317895,0.01750426970422055,0.007059503068442681,0.016708621081301434,0.010075554935022511,0.011487176993394736,0.03675896637886317,0.014138063991870446,0.08515469785004735,0.17854485655821545,0.009425375994580296,0.002871794248348684,0.007658117995596491,0.0029885338519400947,0.008450337098589233,0.01497458065592576,0.3136710913789948,0.011857731089955859,0.015316235991192985,0.01361443199217154
873,0.0060114674688575235,0.0019575657766675142,0.016759242640451272,0.019751964540531863,0.011767127811380682,0.007665976637960308,0.07607889403876184,0.011767127811380682,0.16591650214046763,0.0038393790645348453,0.017282968972965378,0.008133161869630765,0.0028779748019923104,0.11248576416302891,0.47320628693885314,0.008042891744125412,0.005369466088688272,0.00906647552680151,0.015362639087080339,0.013167976360354574,0.01348914651548517
874,0.006146859376898594,0.029095134383986677,0.017457080630392006,0.021821350787990006,0.2182135078799001,0.0014617910464076998,0.06819172121246876,0.014078290830961295,0.03654053596928784,0.006061486329997225,0.010600455697741056,0.01246066712092526,0.006819172121246878,0.014078290830961295,0.37255791596332377,0.025341891917850617,0.0076566143115754425,0.02909513438398668,0.07057145652316095,0.016163963546659263,0.015586679134278579
875,0.0075092317834973615,0.09632703905510964,0.012122790629384546,0.01642442601400487,0.02409136652874078,0.006364465080426887,0.01642442601400487,0.43817456924120146,0.012728930160853774,0.12043427813332265,0.01641012016979054,0.00971073665263785,0.00471441857809399,0.015911162701067218,0.006209234224806719,0.0037098895859426955,0.0009955001372849623,0.1480212136758333,0.015911162701067218,0.010833132051790446,0.01697190688113837
876,0.01478487010382396,0.0534529919138251,0.010070853548981538,0.01478487010382396,0.010070853548981538,0.007553140161736154,0.009926984212567515,0.596067809544541,0.024905208674836397,0.03678493324179188,0.0033754395784045947,0.034831941044086684,0.003563532794255006,0.016160206857668048,0.009190509029433424,0.00390332852171147,0.0021319568332536145,0.08980869524016367,0.028953703953321922,0.011391621227536492,0.01828654986525595
877,0.05740315874183977,0.15494688897996128,0.058908984553191775,0.005830479006472827,0.006262366340285629,0.2890800910693152,0.0038859334666134413,0.007195059199477106,0.0050472803339615515,0.001580223282128149,0.00512192554298724,0.20290066942525434,0.0017892475257958937,0.005454319070571354,0.0016740979325516037,0.16853006822138153,0.0021677421947142554,0.0065498442688262095,0.005636129706257066,0.0038869860043152173,0.006148505134098618
878,0.05827736386953627,0.04884988164961882,0.05414452897434727,0.04643745390838293,0.03967961797227813,0.028231404715415197,0.06198916196340967,0.05722872494240505,0.03544712538856846,0.04797056526800186,0.04414233189835829,0.03443203407338307,0.05647585204123934,0.0671140628477375,0.028314622313186554,0.06804582105841271,0.0879893183404182,0.05103283390324284,0.03857248577439091,0.0449055086636459,0.0007193004340212758
879,0.08139716490097869,0.04592623029046142,0.06161235990751792,0.11356605229262262,0.0019228373390531353,0.030531345448269343,0.09838877800053908,0.0022875133861149366,0.023949531100029155,0.0005182647515416654,0.0018953682342095193,0.09636451127612608,0.012399605270529563,0.13481570827199968,0.05577079096235975,0.09334269224226524,0.08602055832181663,0.005927299290017103,0.0020730590061666613,0.04957116920240281,0.001719160504978882
880,0.04038534367313481,0.07356319334045541,0.03537365558245908,0.07681736839275048,0.07056272553894598,0.005321799911533583,0.0805448853010079,0.0014271518990211813,0.05140882024268766,0.07072017137560689,0.06304074422917699,0.09535969507096072,0.012438221096212268,0.09433134432694301,0.03405123701196494,0.04216736017921885,0.004110197469181001,0.0005990108341719818,0.08991056963833438,0.05277359522250062,0.0050929096637321505
