site,A,C,D,E,F,G,H,I,K,L,M,N,P,Q,R,S,T,V,W,Y,*
790,0.05133310969520046,0.04708333716880671,0.007847222861467785,0.0051920500342504715,0.11770834292201673,0.0014238186773906437,0.04613250165439878,0.03905659986913817,0.023541668584403347,0.07313067812291985,0.13839750496319636,0.04613250165439878,0.009416667433761341,0.023541668584403347,0.04708333716880671,0.035312502876605034,0.13183334407265876,0.04613813682388894,0.028250002301284022,0.035312502876605034,0.04613250165439878
791,0.03904592248136413,0.031297490576105515,0.0024218296279129264,0.0016743513476928876,0.0023383182614331705,0.007370149753466295,0.0019655428864220853,0.002260374319385398,0.0019655428864220853,0.0012863327106545277,0.0014583060125067083,0.0026081242146754596,0.13438915880574098,0.7294652029808614,0.00046446047658604074,0.0024638230216591675,0.03131134695223342,0.0006884388790006287,0.0011493428742637619,0.002885584237513274,0.0014903566941002625
792,0.07745325987232005,0.04502617790965253,0.014509714620501839,0.045909044143175134,0.0084584281082649,0.06734062196193623,0.061977209593286425,0.0004938307868169021,0.0979166565763756,0.025384089072998994,0.045382720042421276,0.09717398525781372,0.000361088934486142,0.07076724653079582,0.05992226232560453,0.15199257981214198,0.07044570757018588,0.023586067711477837,0.007607677118652182,0.0271565183222774,0.0011351137288147701
793,0.04274303424412223,0.006426743172302843,0.0042149419506661515,0.002306076182889355,0.004993085080019902,0.3205737265911699,0.01803058501118298,0.005900918730932611,0.003606117002236596,0.001184490986136108,0.004006796669151773,0.01431840574417472,0.0018131314536385115,0.003606117002236596,0.007260923148739852,0.013837425706256703,0.002269227355262441,0.15986193079238833,0.37013021134568436,0.00914226845637447,0.0037738433744336467
794,0.0005827380214044539,0.00149072517103465,0.0025640472941795976,0.0012568859285194108,0.0020031619485778103,0.00010947435467395438,0.06326921691184609,0.849951197200132,0.0007984800366134518,0.0008012647794311242,0.0019424600713481802,0.0017324643879591877,0.0008902941993679156,0.002210385598430688,0.06356888654460179,0.0005468646952703187,0.001033490348954349,0.0006892600253170961,0.0008324828877206486,0.002210385598430688,0.0015158339961865615
795,0.0013174800799937577,0.007735093505486552,0.007735093505486552,0.01004205121764921,0.008061928442338098,0.0018767112111672292,0.009536199472266272,0.0046418688418534545,0.009701642701796694,0.003947564961420724,0.010221373560821517,0.28836763343844435,0.0050633454790220125,0.008943701865718828,0.0024254106754491734,0.00966253962993747,0.5692179249273623,0.01244341129143489,0.00829560752762326,0.009539948656766748,0.011223469007960882
796,0.00286512143738596,0.007876996602368076,0.009387653485014011,0.016316635819191017,0.014580823498000484,0.0150284803597812,0.010383313703121557,0.003813906698581116,0.010077922123617982,0.0035507704891503773,0.010228338871731682,0.11272473557293171,0.003126879951686106,0.03426493522030114,0.0033925678435941724,0.021443306915343015,0.6797339474152988,0.00439294041285912,0.008256610896458105,0.012237476864393262,0.016316635819191017
797,0.0018946532161558376,0.11534297410061238,0.00666772189531766,0.0032709579109105507,0.004683975763482128,0.0007873064612449003,0.007377054011840815,0.008063291594337635,0.004502877124110628,0.4650698539531329,0.00372818858662923,0.007880034967193597,0.0035379748832297794,0.00666772189531766,0.0013329293970653837,0.0017160539243464873,0.0030957280228260564,0.0015902986114073566,0.34405057130212424,0.007377054011840815,0.0013627783668740427
798,0.0005096362398723346,0.0010665375663603035,0.0012665133600528603,0.0009316879890044032,0.0019769964644727575,0.0003915790098714158,0.002456268334647972,0.0015893500988898642,0.001328800902350542,0.00048200673595964635,0.001447443840060412,0.0032422742017353223,0.000184808052860878,0.0015010528711737604,0.00042217112001762013,0.08035806321648215,0.0015735494103445988,0.000692793632849428,0.0011257896533803204,0.0012665133600528603,0.8961861639395605
799,0.0017137191067820678,0.03237024979477239,0.003361525940226363,0.002819344336964047,0.03344237984669617,0.0008624967872949223,0.0036929439906712154,0.26164609250410237,0.0031214169444959087,0.4944246288666362,0.030547459029629874,0.0028178822306317744,0.002299991432786459,0.004033831128271637,0.0007780386449188616,0.0011055371637143103,0.02399496786659505,0.0634401320256267,0.00267550023813935,0.02675500238139351,0.00409685973965088
800,0.0008195621157198613,0.0013696791522989466,0.001785474609246841,0.001754150493295142,0.0016391242314397227,0.0005880760160092494,0.09903551027377393,0.0014283796873974725,0.0016664429686303846,0.000512751682655503,0.01666442968630385,0.8557903987917207,0.0007687156025046125,0.0013864667518259858,0.00036251775721028305,0.0006710508598511616,0.0009899661199784463,0.000666577187452154,0.001351169974565177,0.009360853564261784,0.001388702473858654
801,0.027131926609879165,0.019620194862515927,0.002877628579835669,0.0007550936408177118,0.0023980238165297245,0.08505976390004077,0.0023980238165297245,0.004427120892054877,0.0018767142911971756,0.0007076135852054925,0.0018367841998951082,0.026857866745132915,0.0010657883629020997,0.00176181341622592,0.0012055491749118424,0.10071700029424843,0.009034415308786403,0.18564766225483775,0.001569615589001274,0.002539084041031473,0.5205123166184206
802,0.027710240654254044,0.049606782695474284,0.00200596018204196,0.00021086341815380552,0.03073417564628574,0.0722538991060996,0.05295734880590773,0.006406130903940452,0.06542809945486995,0.0005470800496478072,0.0038272871073435594,0.4474797189182982,0.0007975504338239116,0.04241927858112674,0.038590652490239026,0.05814160535653522,0.07519926719779255,0.004180843326782188,0.0017193944417502516,0.01891333885925276,0.0008704823703802295
803,0.07877877506103567,0.027476733520855477,0.0018251453425689023,0.002746056244715373,0.029202325481102437,0.08275388253707675,0.0038162129890077045,0.0022690996150856618,0.0045381992301713235,0.015331220877578775,0.002098917143954238,0.019649437092337543,0.0009650193765306837,0.02878514940280098,0.009469797742138878,0.1059878728010934,0.007300581370275609,0.26327899428441437,0.01083312074298961,0.0022690996150856618,0.30062435952918093
804,0.0004630045050612817,0.0011676260287515451,0.07395183752182319,0.06728157792992068,0.0019335818593436862,0.0001475627399998429,0.0013023521089921084,0.0028217629028162348,0.0006028585582776589,0.0004397552575817508,0.0012777794276903705,0.0011478357570777903,0.0005053903706536539,0.03284812154054502,0.0006046634791749073,0.0005505878834763384,0.0006574981521125207,0.0006895131544278207,0.0015391434015361277,0.0014722241232084702,0.808595323297529
805,0.00139918589920351,0.3153223852806864,0.004295746181765163,0.0028806768513013445,0.0033088855724407343,0.0017001315668794701,0.00298606746781237,0.0038866274977875288,0.003264767098141524,0.3886499532509199,0.002782471958643344,0.0038866274977875288,0.0013019621442155094,0.002661494916963199,0.0005164826024716803,0.0011335996868546958,0.0019129494715672995,0.001360319624225635,0.24235286342909707,0.0029141832276873146,0.011482618773548737
806,0.021054108932671272,0.03403533712907409,0.0030583743248205216,0.0019592710518381465,0.034591268225556235,0.018391024273254068,0.008177826998976614,0.49130487403370643,0.0034774263049865512,0.02800567946412715,0.12446948477594275,0.004644198048801533,0.0007837084207352585,0.15735635741821663,0.008442970909920189,0.026264822748965425,0.01176812381333925,0.003115221555938846,0.0011503976818132236,0.01595915329497254,0.0019903705923435136
807,0.02041640633362345,0.17699654555968025,0.007207338558801386,0.002889017565764268,0.0026538649732020603,0.13526475391888473,0.002377420705160179,0.002165423118274443,0.0030030577328339103,0.0011468964205797847,0.003043098502605029,0.13614389667077184,0.0007061346665493401,0.005566643602326273,0.0008678037554957308,0.23771471154144982,0.22728699192576707,0.027384996763659835,0.0020377891758515823,0.0027497878035587613,0.002377420705160179
808,0.04165971319570992,0.020656435321988333,0.08540340588617525,0.04409877146042904,0.00162065117552834,0.048581252167215684,0.04894658471780319,0.029441553041083472,0.06323597416967183,0.033515066309926074,0.03808530262491599,0.16246639992932402,0.011349402414325228,0.1070015645176211,0.05914423466457542,0.06199442731085948,0.07510225440141438,0.061208522075757846,0.0015545021479557548,0.0032413023510566804,0.0016926801166629328
809,0.03954378724394459,0.018961287297682136,0.3885221665606255,0.06349056538629844,0.001070395250675604,0.031091983685250853,0.026828204367997054,0.003981870332513247,0.013089178435366436,0.0066364505541887464,0.02171929272279953,0.06320429099227379,0.00042815810027024164,0.05106168889904649,0.012421164138855939,0.052798280652109356,0.03293263881522029,0.010068780478654702,0.0007898374886265632,0.0030165684337221574,0.15834341016387848
810,0.01945913522253878,0.05990563025220156,0.1553297031923301,0.16548472083229282,0.0019088733479261707,0.00671724559023455,0.011295807234119814,0.0015196855779606407,0.002268516152607913,0.0010945987030066152,0.002371630523181,0.06378088808810778,0.011496378468301118,0.009486522092724,0.0012725822319507804,0.07086220991442387,0.016897867477664627,0.0008643421151017388,0.002524638944031387,0.3933719891788954,0.00208703486039928
811,0.012771808401790555,0.019357272108963805,0.008150430361668973,0.004075215180834486,0.007941444967780023,0.0019357272108963808,0.008150430361668973,0.35686176631739364,0.0025804132662249914,0.15461425853932437,0.3087883395240434,0.007742908843585523,0.0017302589594604522,0.01739979515412477,0.001258083354582653,0.031603709565655204,0.027818055663194247,0.012550733180310348,0.003559958089004839,0.007742908843585523,0.0033664821059067496
812,0.0027952430885938456,0.004524259432053956,0.004140124197256923,0.007078276853374738,0.0024463641697503188,0.002261833286664174,0.0025625826092633914,0.35981812072202374,0.005930448174449105,0.4413292030904716,0.13108601029756334,0.004026175824855357,0.0005624179972104721,0.005485664561365422,0.001865376891613875,0.0014776200838694743,0.0020411775112057387,0.002465467218591202,0.007314219415153895,0.004140124197256923,0.006649290377412634
813,0.04215927954269407,0.04578168954966712,0.06941854813362905,0.05734022931916979,0.04941200710447245,0.050172883528385094,0.06126270308547732,0.11887048755034488,0.026344783427186953,0.04693581095270049,0.04343645767833168,0.05215597814018681,0.0026789642406039277,0.04772525184186997,0.02819787274105742,0.06824448786728934,0.05226613256429045,0.04043266125197381,0.04070213785845098,0.055889502731007325,0.0005721308912112286
814,0.015199821594179026,0.1549728019874296,0.004559939528844083,0.0031395917906896983,0.0047957984699911905,0.0011252894733811197,0.0046359385209914835,0.20861723344461677,0.005057387477445257,0.07679903087949705,0.03457221108949127,0.003520965965309988,0.001760482982654994,0.005563126225189782,0.0013565516032328702,0.001607623372188925,0.18413164266473217,0.2760081262295955,0.0029591096942498843,0.005057387477445256,0.004559939528844083
815,0.001172172150065693,0.6119350728027225,0.0024359202493552685,0.002941488602995041,0.002292630822922606,0.0007343500130755017,0.002106741837280232,0.0025983149326456196,0.0032478936658070245,0.19848887350045685,0.0025983149326456196,0.0025144983219151157,0.0011379481456842131,0.003800308154599499,0.00029592955333283393,0.0008857891815837339,0.0011634245967069939,0.0011810522421116455,0.15414078482100765,0.003181610121606881,0.001146881351479624
816,0.00834110871636546,0.018198782653888277,0.00417729660926743,0.012511663074548192,0.02164179558840768,0.0046007208563987306,0.010396061502046493,0.012123697621024231,0.009879899132895255,0.004127558952428269,0.012128108090077068,0.7994260459146817,0.007699484968952732,0.011278118827761748,0.005374137159537476,0.0017197321796979432,0.008418267921347382,0.007626156540676992,0.01067661915694779,0.0145463211977458,0.015108423335303475
817,0.0018529385477543024,0.002867642990572134,0.0026764667912006586,0.0020413729763394855,0.0021507322429291007,0.0005035827332499001,0.00789777085928063,0.5969241077592233,0.127118964156785,0.0013382333956003293,0.010949182327639058,0.004201430428047546,0.0010751293601746008,0.07305438044834585,0.12012493554133441,0.013832632136053577,0.021108021851155668,0.0010658496071153066,0.0014687927512686543,0.001745521820348256,0.006002311275582088
818,0.004623593454465702,0.19038766487540923,0.003036485883180371,0.016945285112609367,0.0034896927314162474,0.0009815535006532144,0.014798064114233456,0.09438200575581325,0.00371126052388712,0.12149705075453641,0.155147065384101,0.00268746451729757,0.0014892319299674433,0.0038968235500814775,0.0010530883306745131,0.001053195554076075,0.13961281495975364,0.23163898636365704,0.002922617662561107,0.0038953560650974743,0.0027506989765281003
819,0.0011058036901514287,0.5037545660449788,0.002113624774846402,0.0017572295859541495,0.0026931670518204154,0.000479662020442027,0.001964427731916067,0.0027829392868810956,0.0018552928579207305,0.29667822911811825,0.001964427731916067,0.0015605267029239788,0.0008607028722312666,0.002011763339914045,0.00029707058989190683,0.0007950403085122125,0.0011842294837791894,0.0009939068881718196,0.16539808619571117,0.002168524119647607,0.007580779604271425
820,0.00781987345008094,0.013144042607582855,0.010838070220287618,0.01342978266426944,0.014040227330827142,0.00664268819953112,0.006572021303791427,0.6134451493907731,0.009220447799349166,0.003908171245426577,0.0059360222969169155,0.007719829186457023,0.003013512207592167,0.009360151553884762,0.004609405500709217,0.011232181864661711,0.0038151289454910584,0.2163240689093876,0.013144042607582855,0.01342978266426944,0.012355400051127887
821,0.03362654723090853,0.032820691735081176,0.20902712490943223,0.04790811614445945,0.03753493654793829,0.010740941178398156,0.017663499551970965,0.04262671065348094,0.007621033087483795,0.0319394786419201,0.06519225821484019,0.01428665404938828,0.0004539684464291603,0.03508167272127566,0.0065863896634468,0.03481897809912861,0.04389273232040977,0.030506894338670175,0.02937070274339358,0.06611546012855796,0.2021852095933862
822,0.010341870139687808,0.015362784573595623,0.5360533447364075,0.03838370369969003,0.007783810850621782,0.016534417203356022,0.013267859404468948,0.0006827904254931388,0.00778608313911999,0.019726591283743537,0.015262374216905456,0.033081196115142576,0.0003603616134547122,0.023474985105049823,0.0029709201719930463,0.02227974844924351,0.02651627872189839,0.00023422091044014167,0.0025946036168739274,0.01729735744582618,0.19000469817698773
823,0.004805285932258982,0.009610571864517962,0.0017913997358340221,0.012139669723601636,0.015907153430926285,0.003270590425932544,0.005983678197430076,0.012459830430919442,0.41208483275340013,0.003075382996645748,0.007440442733820359,0.4584588028971511,0.0029196674018788747,0.009226148989937245,0.0027458776755765607,0.0012126544353820417,0.0037468765196112495,0.004805285932258982,0.007818770330455293,0.007316864749693895,0.013180212842767493
824,0.04034959071967769,0.028667530543080653,0.04677630226500415,0.05061942109356464,0.02336674187662423,0.025957488679185507,0.04701932187233274,0.023454539618511714,0.035497498644965875,0.02069518201633386,0.026121357788909207,0.038440485393169535,0.045157948451025935,0.039269107875993504,0.02309429015378293,0.04016786382917121,0.03253320585778722,0.04251025786918769,0.012981523264791243,0.35668568993839955,0.0006346522485009051
825,0.008575975287112689,0.009391468525059501,0.004028823555209533,0.006995786638503375,0.039691372803175404,0.0035142386151360413,0.036989217626331894,0.0017091978719070743,0.0241729413312572,0.011906554170193099,0.05750948133710864,0.6523566905235286,0.00048064532763743403,0.02124853113042174,0.024852061364089167,0.004834588266251439,0.003638937404705385,0.003133529431829637,0.061277908889112886,0.0225525846534912,0.0011394652479380497
826,0.0016544070068419234,0.055293958628672285,0.0032398803883987672,0.003110285172862817,0.003380744753111757,0.0013068425096062252,0.004203088071436239,0.605978365505646,0.0016704161003117232,0.0704304111602709,0.15463918573854343,0.004443264532661167,0.001727936207146009,0.013235256054735392,0.0009479712202472708,0.0010298957526035815,0.0009949619252187824,0.06467479775086099,0.003173760380472262,0.002508294494244207,0.0023562766461081943
827,0.040203308526790195,0.0510860667328792,0.20299812704143064,0.03174612258797039,0.04839732637851714,0.01886701356272023,0.06755460140334683,0.024931956013175497,0.019756057333728747,0.04231843514256814,0.025646446456991986,0.06577072559131818,0.04154656328384119,0.027245902257535575,0.022915440676713427,0.029011282478999076,0.03737615304479542,0.03982132251300614,0.02617717024246839,0.030610274803506567,0.10601970392769695
828,0.0009232806291984801,0.03792171424765543,0.07459888135262882,0.11221002924139475,0.002230689073391496,0.0001628788230091534,0.002196815193415091,0.03286548568130137,0.0028090158701966988,0.0018057959165550205,0.002230689073391496,0.04433384752400604,0.000637339735254713,0.0026152906377693397,0.0007363439659738917,0.0019200867973496415,0.0033959744102377994,0.015577011495366312,0.0016854095221180189,0.6563344049395897,0.0028090158701966988
829,0.0011780195750135947,0.002409585494345989,0.00407776006735475,0.0007709764285433587,0.002255782164919649,0.0009904310347863816,0.0027185067115698337,0.0025243276607434164,0.10508705666656724,0.0006626360109451469,0.002069508362241716,0.8610402879090424,0.0008984895063663009,0.001997805047450518,0.0003432227755038489,0.001093007853105397,0.0017298850065615562,0.0011400189435615432,0.0017969790127326014,0.0035340587250407836,0.001681655043603881
830,0.06333728022704646,0.006955529868310405,0.008467601578812666,0.03651653180862962,0.00811478484636214,0.003539504574325311,0.017704985119335572,0.004610917944554156,0.017704985119335576,0.01622956969272428,0.011456166841923021,0.2429980095532585,0.0032957476153302207,0.1236741567478646,0.02978603378899985,0.18516211656135015,0.1927653740365624,0.00335784200539123,0.010250254542773228,0.007790193452507653,0.006282414074602946
831,0.026244081976553743,0.020092469848281162,0.001713311382411572,0.006950225419216754,0.02335953811629436,0.0006758934811348403,0.26356733808515775,0.007016418042256912,0.0215626505688871,0.043380163387008945,0.014325186836274532,0.0063147762380312234,0.07259209954501343,0.0107438901272059,0.025370624179286583,0.014035533113727846,0.2519970855180258,0.02728607016433244,0.06630515049932784,0.09430065848793291,0.0021668349836381643
832,0.0007895661553532108,0.0537354202171833,0.007733633678899829,0.005442656863504044,0.0036883483699368417,0.0015161871609793492,0.005448696455588516,0.2682189386523482,0.004994638417622806,0.3047621936160727,0.07325469679180117,0.005993566101147368,0.0018025762710217649,0.004523446114073485,0.001676521986334928,0.0016420729044239364,0.002373689545008859,0.2384138115012496,0.0039302072794408964,0.004610435462421052,0.005448696455588516
833,0.043833086798158595,0.05206058980677701,0.07587239366726307,0.0792392800735503,0.01527865135633673,0.06311714710797359,0.03765096227097266,0.036143753584294384,0.10572359551994626,0.04806409072514263,0.0408202351894047,0.08014590799201196,0.018221517359804783,0.0397426823971378,0.039045442355082755,0.05281193348266954,0.057815234710276955,0.0488963567107229,0.018635324760380406,0.045835954069010185,0.0010458600630825737
834,0.12010835911937247,0.09604928109319284,0.0330737413189176,0.03111656173506906,0.0037896995261259754,0.016241569397682745,0.10658529917229304,0.007167963403358671,0.11284680331748033,0.048214501824534656,0.021317059834458606,0.06787816696405667,0.0005921405509571836,0.10432243431218637,0.07877270206688079,0.05442080362161945,0.04610268595422974,0.03817980865873184,0.0016968803848325263,0.009800947050325798,0.0017225906936936253
835,0.0004657895360436426,0.6916495715685772,0.0011348326878154202,0.0015603949457462026,0.001451530182089491,0.0006001519022100779,0.0015223365324353196,0.001451530182089491,0.0011145678183901448,0.22831380406469218,0.001300329121455169,0.0008434567274303797,0.0005334683575200692,0.001451530182089491,0.0003072233334539708,0.00043045377813688356,0.0005726219984389734,0.0006711376110736355,0.06141817676183894,0.0010402632971641351,0.002166829411309098
836,0.0397130932159999,0.045012590576447555,0.0031716188482049765,0.0037153249364686868,0.003940496144739517,0.0015858094241024882,0.04568845529981763,0.06327455933606912,0.1520193589592062,0.019408413847224484,0.0953600067026963,0.007028993123048866,0.03174268426278565,0.13003637277640406,0.058858145772135544,0.062378777950601934,0.12879317371697893,0.08146857089606038,0.021086979369146597,0.0028268776690522613,0.002889697172808978
837,0.0007446683623264915,0.0019390007587342997,0.057340619344582316,0.07996942133023366,0.0018178132113134062,0.00038218283603432896,0.0017108830224126176,0.0038780015174686,0.0019390007587342997,0.0006254841157207417,0.0020775008129296072,0.008702878935695789,0.0009859325891869322,0.01454250569050725,0.0005759408194260296,0.0030615801453699465,0.0007756003034937198,0.0010005437719212433,0.0021544452874825556,0.8141601624208141,0.0016158339656119167
838,0.005646147658333993,0.0120208304983885,0.018632287272502174,0.012849853291380808,0.019563990345518506,0.006106567453981278,0.014905829818001738,0.36980878477225604,0.012849853291380808,0.08591315792559166,0.008862487801350984,0.02845695956661058,0.0038817265151046194,0.01096016898382481,0.003297749959734898,0.0031554726212858126,0.004703727844488849,0.3422490593669264,0.012421524848334782,0.012421524848334782,0.011292295316667986
839,0.0009287043294645791,0.0017323907684243108,0.0018767566657930035,0.0016086485706797175,0.002573837713087548,0.020590701704700384,0.5650400566649476,0.0021971785355625406,0.0014529729025494222,0.0005207994019996822,0.0016997041501521542,0.0018016863991612835,0.08944837846682498,0.001501405332634403,0.0007323928451875135,0.00035894005083418,0.2998023409265269,0.0008043242853398588,0.001501405332634403,0.00209498418507126,0.0017323907684243108
840,0.00459246378729664,0.002532574496820643,0.014304968558108838,0.007041777807188182,0.4407816167819255,0.0037061988458885167,0.010214680525592698,0.00938903707625091,0.00960242428252934,0.0024707992305923443,0.01920484856505868,0.008265181389623958,0.005787762581250561,0.014083555614376367,0.0023600590171767768,0.0036724527141080614,0.004543082456250441,0.004061635706233754,0.0074123976917770335,0.42034441234450576,0.005628070527444969
841,0.018579270898076455,0.00378066558972486,0.006021060013265518,0.0030105300066327586,0.0033868462574618537,0.005406291776340426,0.004644817724519113,0.6156855227087393,0.004393746496166728,0.16085231545986287,0.060382630418748466,0.006635453892170163,0.0010805677100740598,0.04857783567560238,0.0016726808812151557,0.001231580457258856,0.008465016389511786,0.034426296075847546,0.003251372407163379,0.004644817724519113,0.0038706814370992612
842,0.011408699423797538,0.0030519355169839964,0.0020779135434784656,0.0036976353270731,0.003150385049789932,0.09790031097470107,0.005140101923341468,0.0023819984522801922,0.0025700509616707334,0.0008719815762811418,0.002959452622529936,0.039064774617395145,0.0010389567717392328,0.011393892596740254,0.0005348395333482541,0.0034570597006544387,0.001575192524894966,0.3097132080208118,0.003150385049789932,0.0025041522190637922,0.49235707359363456
843,0.008138342377862798,0.01803632635093917,0.030333821590215877,0.011085694513234604,0.013903001562182276,0.018537335416243035,0.015519629650808123,0.019613056559161283,0.6654427045748457,0.004665909718597789,0.07414934166497214,0.030874469525336283,0.0047329367020195,0.012579292578326259,0.0018791771035294523,0.005055636931702647,0.0077506218775674355,0.0102668319228423,0.013903001562182276,0.014507479890972811,0.019025387926458283
844,0.0013028113450535427,0.0013028113450535427,0.002084498152085668,0.0024684846537856597,0.001488927251489763,0.0007269449487737871,0.0014656627631852354,0.0016750431579259832,0.007281741151413776,0.0005299571573099156,0.7921198826227575,0.001321160800617677,0.0007815309969425938,0.0022878638254598795,0.0928236719198728,0.08274153347910784,0.0008156731899465658,0.0013594553165776097,0.0018366783476502023,0.0015898714719297469,0.0019957961030607463
845,0.0011538993263254039,0.0029456957971352657,0.5347445217986885,0.12246324334203476,0.003638800690578858,0.001258765441095478,0.002877191243713516,0.00618596117398406,0.0016429943534531464,0.0012624410559151143,0.00343664509665781,0.0032557690389389783,0.0013746580386631243,0.0028102507364774904,0.0013023076155755917,0.001359551906370123,0.00176741747828116,0.0011854590755559272,0.005623601067258236,0.0030175420360897846,0.29669328368720777
846,0.0008540573717587763,0.0024203220915776135,0.10054417315698154,0.06694960264336586,0.0019932064283580343,0.0006706158933665484,0.001239677168856826,0.0019932064283580343,0.0024203220915776135,0.0005647418213681099,0.0020745617927808114,0.0017195864500309799,0.000555483758722731,0.0026065007140066605,0.0008614705749683031,0.0006474746996577056,0.0010165352784625974,0.0010927638868896117,0.002823709106840549,0.8046930213565987,0.0022589672854724397
847,0.004839735688943596,0.013793246713489252,0.011994127576947174,0.006896623356744624,0.16785290704008807,0.037006271670337015,0.016227349074693236,0.1373317373179458,0.010610189779607116,0.27265604695227,0.10163444946781555,0.0521906632402296,0.0032077317938347095,0.09549170801646405,0.003778971702325822,0.00779220731431219,0.008113674537346616,0.004231546038975005,0.010610189779607116,0.009852319081063753,0.023888303856959853
848,0.0030996192945461428,0.14991709983589224,0.004649428941819214,0.005579314730183057,0.0037698072501236874,0.002484949784543034,0.00634013037520802,0.006974143412728823,0.005811786177274019,0.6204376064141909,0.0048097540777440155,0.008204874603210378,0.002324714470909607,0.006064472532807671,0.005133716771224729,0.0021458902808396373,0.0029677206011612008,0.0030322362664038354,0.1374805679907149,0.011623572354548035,0.00714859383392697
849,0.018547620021843236,0.46652011536873683,0.02611240912754959,0.016786548724853308,0.3012479710968632,0.02712369316804788,0.007121566125695344,0.010930775913857969,0.014688230134246642,0.0030129702839480294,0.012703334170159258,0.008868365364073445,0.003507637046984273,0.015667445476529752,0.001069004361789389,0.0051412566010837785,0.0059496628391885135,0.005000248556339283,0.0062588619531503105,0.03374178655238162,0.010000497112678567
850,0.0007366355186292421,0.0025536697979147054,0.001665436824726982,0.0005579772288596908,0.002253238056983564,0.07578743376742901,0.0012351432322587474,0.0023215179981042776,0.005893084149033935,0.0006228462921743184,0.0023940654355450366,0.002128058164928921,0.0007661009393744117,0.002070543079390302,0.0031709312137818257,0.000773839332701426,0.0007510793523278546,0.21116659166537338,0.0015634713048457382,0.002188859826784033,0.6793994768188326
851,0.041751203493089944,0.010118311822720886,0.0041663636917085994,0.00456956017800298,0.0034474890691189863,0.0017707045689761545,0.0037277990925813787,0.004016111497890527,0.0074555981851627574,0.0019404981577820872,0.005246532056225643,0.0028331273103618477,0.0002866959004159593,0.007869798084338466,0.0015566633573416745,0.14140281581013886,0.001590672208452019,0.00272416087534793,0.003294334081816102,0.7469372264767111,0.003294334081816102
852,0.0015455549872124717,0.002640323103154639,0.003017512117891016,0.002534710179028453,0.011466078235491658,0.0009601174920562325,0.002095579154366473,0.8545479548988839,0.002755119759813536,0.0635350114698845,0.03140783080505013,0.002263134088418262,0.0001728051487824347,0.002112258482523711,0.003566673816602878,0.0009596834919457038,0.002755119759813536,0.001377559879906768,0.002880352476168697,0.004526268176836524,0.002880352476168697
853,0.010037597646573618,0.050187988232868096,0.013564321144018406,0.025093994116434048,0.03345865882191206,0.00912508876961238,0.01286871493150464,0.496097649344824,0.025093994116434048,0.08220790990637418,0.029449539316938503,0.022812721924030954,0.006603682662219486,0.021797997228801935,0.006870525147294781,0.007273621483024361,0.004992832324155302,0.09225054809372538,0.01672932941095603,0.016177082539377923,0.017306202838920034
854,0.0008207150173419682,0.0026771129941190364,0.0024146509358720725,0.007491443720240858,0.0025655666193640774,0.12176678421125844,0.0022805036616569572,0.004561007323313915,0.0022390399587177397,0.0007745106775438722,0.0019241749645230574,0.002620153143180334,0.0010092019526985044,0.0022390399587177397,0.0003642931968107582,0.026388685227744794,0.0669747917476096,0.25567486255700067,0.49049048721936517,0.002798799948397175,0.0019241749645230574
855,0.0007133164373114245,0.02237700082973246,0.0013069785206328013,0.0034328353545612293,0.48125082303944094,0.0016644050203933236,0.054482726374297304,0.0011940296885430365,0.0026154936034752225,0.00037345377708684386,0.0024938089263572246,0.09680404941845265,0.00024493256527259404,0.02720223624898701,0.000279682971349231,0.0006617513936503576,0.000915422761216328,0.0019616202026064167,0.17850743843718395,0.11846658522539516,0.0030514092040544263
856,0.002686851030890037,0.008228481282100741,0.005724160891896166,0.0025814843237963103,0.007314205584089546,0.0027928954744142124,0.005063680788985071,0.7942095077979341,0.001738213770176852,0.0013032138890583151,0.005063680788985071,0.003761591443246052,0.0019080536306320557,0.006582785025680593,0.1299867776737591,0.002009537221033879,0.001880795721623026,0.003657102792044773,0.003657102792044773,0.00548565418806716,0.004364223889542136
857,0.003226495669533462,0.004002861951721323,0.004162976429790176,0.004955924321178782,0.0057819117080419105,0.0013257886719076995,0.6555859452473645,0.007709215610722548,0.006122024161456141,0.0054418077203480224,0.012244048322912284,0.0069382940496502945,0.20555794661600416,0.004247935132438955,0.0010253636526576788,0.0008196401344428115,0.05092174971752603,0.0028513537190343677,0.004955924321178782,0.0056181421705429665,0.00650465067154715
858,0.0015229553906355188,0.004624259139389009,0.004849410585970995,0.00737110409067591,0.004141069713862872,0.0012575947851567173,0.0225382857741415,0.005944438782803154,0.010839858956876341,0.07747197386861382,0.009698821171941988,0.005944438782803154,0.0009686669536659752,0.005118822285191606,0.3723478590591039,0.44471164498558197,0.0023179572612188402,0.00203621659963423,0.004006034831889082,0.006041888598914681,0.006246698381928738
859,0.0952509179451429,0.05417878027894095,0.00130048702662313,0.0019940801074887987,0.002039400109931726,0.010448433439924186,0.04733201134259129,0.01746150871530023,0.0030942622357584813,0.02375301304508716,0.08973360483699595,0.022317829574813944,0.0005011613560144256,0.37591104729011815,0.0018957803838801958,0.15392709386529324,0.08940694457082218,0.0030935778482299556,0.0015742737690701042,0.0029911201612331986,0.001794672096739919
860,0.0013498517018720954,0.04350319762156076,0.01350099236531196,0.01350099236531196,0.01350099236531196,0.005220383714587291,0.0079903832366132,0.00559607087064499,0.01864422755209747,0.0038765225603370978,0.01864422755209747,0.4029948959069563,0.002247158662174699,0.01702299037365421,0.003559352532673153,0.0037251745048619473,0.38657905393267644,0.005932254221121922,0.012235274331063964,0.008511495186827105,0.011864508442243842
861,0.001648783714757043,0.5067469447518299,0.0031825360075542924,0.0018746444976004738,0.00427653276015108,0.0005382583755827364,0.0027928377209149916,0.004414485429833373,0.00263171246778528,0.3178595708551597,0.0024437330058006174,0.003337781666459379,0.0011797331752140911,0.0022434270217185992,0.0012963104833459025,0.0009003226863475958,0.0013286315371343162,0.0013033242697603293,0.13566124084787445,0.002012486004776979,0.0023267027203989427
862,0.17220755184783804,0.26049600064582523,0.2706369575572428,0.0044529230879628255,0.010215529437091185,0.03312874128075292,0.005788800014351673,0.005788800014351673,0.010215529437091185,0.002631272733796215,0.003946909100694322,0.004570105274488164,0.0018067071626271102,0.004134857153108338,0.0019512809037140469,0.17914395168065853,0.0010255395543627547,0.0015601161713731206,0.007893818201388644,0.010854000026909389,0.007550608714371747
863,0.03559292016128785,0.031108486771890997,0.012562625917811458,0.03783600228742403,0.050427265611470574,0.022731514708451663,0.044370058155945774,0.008375361823201423,0.016412398189845488,0.0010635380092954185,0.014639287892654583,0.00280151475619281,0.000510498244461801,0.08179574144217493,0.010635380092954188,0.038936306780984815,0.027744469807706573,0.01376221812983976,0.012517024263246081,0.016707215273295304,0.5194701716798644
864,0.007610353895100234,0.00965929532839645,0.004456248601118237,0.0147730399140181,0.010045667141532308,0.004738522236571844,0.14950326185760093,0.009641203884311987,0.33802532400211094,0.0024382687236728907,0.013217983080963565,0.24985567601744077,0.0046507718247834765,0.013952315474350427,0.08911478915875437,0.0007468469024952738,0.006724951092333784,0.004256638619293351,0.01046423660576282,0.03680601498259547,0.0193185906567929
865,0.026151475227370546,0.010248551102618185,0.017236199581676045,0.011490799721117358,0.008063569380602676,0.005124275551309093,0.008618099790838022,0.3786983714850512,0.017236199581676045,0.16443651421504146,0.1685317292430546,0.005745399860558679,0.004861492189703499,0.014044310770254554,0.004409260358103174,0.003295135862628229,0.0012035905281033278,0.10675036011218646,0.017236199581676045,0.013542728242745461,0.013075737613685273
866,0.01599605998605076,0.0703586097130804,0.004284658924835024,0.010387213046652393,0.024590216438183616,0.02544738427149879,0.09879919403148998,0.053853112389649585,0.10186724028139164,0.0365323550433302,0.004470948443306113,0.024080093380827578,0.08324480196822331,0.042226596548038293,0.10085033342157883,0.023268512701293854,0.04879553191618248,0.050273331384730946,0.05998522494769033,0.1138495085741878,0.006839072587778375
867,0.046435793389840045,0.04460708853977302,0.045250428010945934,0.03790224531137342,0.021627679292011166,0.03771685835604286,0.04748149246314033,0.03540071154384935,0.02339721668863026,0.03430876019369632,0.05808684004295359,0.06334653922150955,0.024524243482905522,0.05617188927230676,0.0322272202864953,0.05229172655593054,0.05920118992643735,0.04331481673099886,0.017952663474813956,0.21777675001431349,0.0009778472020324197
868,0.008113359870261617,0.020099107174401342,0.012181277075394752,0.014356505124572387,0.01607928573952108,0.00758456874505711,0.012561941984000837,0.059884937004342866,0.2851119250367382,0.0037568424625049244,0.016749255978667787,0.007730425836308208,0.0031848250450967485,0.01339940478293423,0.0053528478631177595,0.04288112703938404,0.39899171040112874,0.01960888504819643,0.012561941984000837,0.01747748449947943,0.022332341304890382
869,0.046260743016521035,0.17390565182264867,0.005603013280805327,0.007729140081006608,0.08853935859536229,0.00275874843538344,0.0044591192775038134,0.061916456058626695,0.010860532550434005,0.006645007031590396,0.0907333835596428,0.008695282591132437,0.002214646180358537,0.00966142510125826,0.0032812387136348813,0.002303000965226838,0.09829449885627971,0.3470464626460005,0.00993746581843707,0.0075611152966369,0.011593710121509912
870,0.11769012329654131,0.09428396432159891,0.01814134725545298,0.04384534005165264,0.042630787695651186,0.07341040216697756,0.09955249897834244,0.024065318363005073,0.08317872857935013,0.035509545004238564,0.03310283386839837,0.05918479852032176,0.000571417965585448,0.027567055907297973,0.07021146279268006,0.04550449196266248,0.026515363497848457,0.028524060741109664,0.026841607067632233,0.047904178834639086,0.0017646731290138836
871,0.048078568995633376,0.01505757380632474,0.003157233217455188,0.0027964065640317375,0.05757307631830048,0.008897657249191894,0.029533319499142834,0.24996600089789817,0.1088688940403053,0.09890373947816644,0.09700676631026074,0.002509595634387457,0.0005407416007796178,0.03262474324703693,0.1482067864659849,0.028999771775143943,0.017509298096217287,0.028365592223191183,0.011903622536081047,0.006991016410079344,0.002509595634387457
872,0.04578513845007993,0.11962166850934229,0.014240674822540747,0.011486578909622375,0.013593371421516167,0.00266845422622422,0.009345442852292368,0.029905417127335566,0.011502083510513681,0.17412178120395985,0.19846272250574248,0.007668055673675787,0.0023363607130730915,0.006230295234861577,0.0024313347257996394,0.0034374042675098344,0.01869088570458473,0.2952887505033174,0.00964690875075341,0.012460590469723153,0.011076080417531694
873,0.003488666265535316,0.00961307355473054,0.009725978679674214,0.011462760586758894,0.006828878647430831,0.0044488361997768,0.06695645986782137,0.006828878647430831,0.19257437785754938,0.08118507890391873,0.010029915513414032,0.004719960241606603,0.0016701901252539602,0.11967899188887253,0.31799041524321675,0.12003430490726671,0.0031160902565946507,0.005261595023430312,0.008915480456368028,0.007641840391172595,0.007828226742176805
874,0.005183720904318713,0.01962902315768687,0.00294435347365303,0.0036804418420662882,0.03680441842066287,0.0005278907257354086,0.013801656907748578,0.0023744786077847017,0.015180533183864675,0.0010223449561295242,0.4610602670844088,0.004203292554845297,0.0011501380756457145,0.0023744786077847017,0.07274978356123823,0.3448337466795878,0.0027932832410115208,0.0016357519298072388,0.002695255839627228,0.0027262532163453983,0.0026288870300473486
875,0.004461417472893438,0.030744819579350154,0.009031929865964789,0.012236808205500679,0.01775186093534733,0.004741763179631513,0.03669542982051469,0.38180405310444837,0.009483526359263028,0.09468229598173064,0.08554809135416283,0.00723485994890365,0.003512417170097417,0.011854407949078783,0.004626110419152695,0.005525753444970208,0.008499545601547769,0.23899471358280996,0.011854407949078783,0.008071086263202578,0.0126447018123507
876,0.009297070192638066,0.016806242271307274,0.006332786942811436,0.009297070192638065,0.03799672165686861,0.0047495902071085765,0.006242318557914129,0.43570926620122263,0.006143711338787201,0.08224394592891246,0.12719997406020772,0.0067224969085229085,0.0022408323028409696,0.010161913931488117,0.0032567102982511173,0.0024545037593459674,0.03638262698185252,0.15989313155892335,0.018206762460582882,0.007163316377934246,0.011499007869841817
877,0.03673157340970503,0.571822303125209,0.04850869096176961,0.002479355233948884,0.0026630111772043565,0.14252454167042464,0.006609823630977218,0.003059629863170963,0.0021463075159557496,0.0006719747830328751,0.002178049674615714,0.05752104142761409,0.0007608603363441019,0.002319396831758633,0.0007118940770744319,0.06072537358018547,0.004609057806699847,0.047292908553361886,0.002396710059483921,0.0016529034892992557,0.0026145927921642775
878,0.04007992397155599,0.024361184905559267,0.044859845659656235,0.04646694645347166,0.028768014175042524,0.04187680054227238,0.042222343333792926,0.03868422677058123,0.02390644278732216,0.04844270777812198,0.024181681437834092,0.02984964388020057,0.054487363987571834,0.03441581541486578,0.024170116788652916,0.041910982511524156,0.053725915306614955,0.03266669271419893,0.03712035549984592,0.28729326252506904,0.0005097335562454755
879,0.03826714449396222,0.04088626843654238,0.05140512140424315,0.07410856040656418,0.0011004585707557989,0.045411626021542056,0.05630885765417875,0.0013091662307267264,0.038342255838970773,0.0002966079741490239,0.006508426404184298,0.07113595876854067,0.0042578490494663635,0.0526622674102009,0.03762983997699476,0.061484470676696795,0.040886268436542396,0.0027209285694271175,0.004745727586384383,0.030873304737797307,0.33965889135213007
