site,A,C,D,E,F,G,H,I,K,L,M,N,P,Q,R,S,T,V,W,Y,*
790,0.04532521577121841,0.014934645430600182,0.009956430287066787,0.006587589663957674,0.08492689522589333,0.00827763343834508,0.05408531771835669,0.041984596133128216,0.08492689522589333,0.0019629608061532203,0.05408531771835669,0.05408531771835669,0.011947716344480145,0.029869290861200357,0.06369517141942001,0.007467322715300091,0.19250096251202492,0.05411182664622022,0.011947716344480145,0.11323586030119114,0.05408531771835669
791,0.09358441680917949,0.17241780854644534,0.010196170831532674,0.00704920452550407,0.00984457873389362,0.07252382106349868,0.008275153138635215,0.009516426109430496,0.008275153138635215,0.0016282824961978365,0.0061396297480196755,0.010980491664727495,0.5231244536358961,0.00740623255408919,0.0019554300224857188,0.011463923541006229,0.01945836307458976,0.0028984038911971056,0.004838860733608727,0.012148629075868719,0.006274566665558569
792,0.1254753044920638,0.06976815971786118,0.014514234657870958,0.022078531556285183,0.006922687958938452,0.04649738745753661,0.06994478797031148,0.009644691916739194,0.17388372114297715,0.01802012667174055,0.008253974104888154,0.08031713175888695,0.00038112898538630164,0.029806017600985002,0.08485464872887316,0.1290236522098252,0.06853549902005415,0.009544148231994039,0.011415070570590002,0.01992098391559504,0.0011981113305975272
793,0.012073623126920431,0.006729735006781233,0.008827314749154607,0.10234758934012833,0.01045697285669084,0.618319427540114,0.10745524582959182,0.012358240648816451,0.007552258174276719,0.0024806687433755648,0.008391397971418576,0.01896269044051621,0.003797224780362596,0.007552258174276719,0.007778160409745441,0.03748438808009018,0.004752422295905502,0.002507297978564838,0.00269627284728699,0.009573285009646543,0.0079035259963361
794,0.003725370648249222,0.009530017937381731,0.016391630852296574,0.008035113162890479,0.0128059616033567,0.03395122622134495,0.3720022777818413,0.014535803232990942,0.06143369339999027,0.00512238464134268,0.012417902160830739,0.011075426251551739,0.0056915384903807546,0.014130716251979807,0.37420358075062155,0.004790821015744126,0.006606973407989042,0.004406352379649616,0.00532195806892746,0.014130716251979807,0.009690535488660628
795,0.013446770858020575,0.010983192062861158,0.010983192062861158,0.014258880923714487,0.01144727060072853,0.002664774467710577,0.013540613346091345,0.006591069259153123,0.01377552902799535,0.005605215259667074,0.014513503797352247,0.01194401049947665,0.025763991750366432,0.012699315822683214,0.0034438822569988377,0.007391365121749945,0.7461883433666935,0.033497670766165374,0.011779075545677184,0.013545936877528763,0.015936396326504426
796,0.0014667627548133094,0.008723081154709687,0.010396000828215657,0.018069239534755782,0.016146980009781764,0.0033285441248234334,0.011498606976662768,0.07898749607174833,0.011160412653819748,0.003932166116371725,0.011326985977011086,0.014125058371857796,0.01549719172043706,0.03794540302298714,0.0037569705963353614,0.011774774381405414,0.6962348906511352,0.004864795259357327,0.00914347060794871,0.013551929651066837,0.018069239534755782
797,0.004541629665193476,0.00814273003187685,0.015983042860200115,0.007840738006890625,0.011227850615132292,0.006277780993698763,0.017683366568732043,0.019328330900707118,0.010793743230265015,0.0034748168731995105,0.008936755147638776,0.018889050652963774,0.008480798252351082,0.015983042860200115,0.0012838374478825318,0.004113513408905877,0.007420698470807197,0.0038120682394522046,0.7624191470038603,0.017683366568732043,0.04568369220131042
798,0.03304077795695089,0.010505870395610097,0.01247572109478699,0.009177541954785833,0.01947429634308213,0.0038572277780983934,0.024195337880799014,0.01565580686404642,0.013089281148628975,0.0032365613173241598,0.014257966965470848,0.0319378460026547,0.0018204416915639455,0.014786039816043841,0.00415857369826233,0.7322313472000177,0.007750081519671611,0.0068243260689433115,0.01108952986203288,0.01247572109478699,0.017959703346439048
799,0.001940082151049648,0.045157042626715854,0.0038055457578281557,0.003191748054952646,0.01734348421319973,0.0009764229247059084,0.004180740410008397,0.2733053205908595,0.0035337210608404304,0.44348650940812717,0.06556033671869725,0.003190092820797322,0.0026037944658824225,0.004566654909393788,0.0008808088104171992,0.0012515662048441772,0.03217938405384628,0.039242997587441986,0.0030289037664346543,0.04593683457160422,0.0046380088923530655
800,0.0066957708752756655,0.011190192421693574,0.014587215121136273,0.014331299066379493,0.013391541750551333,0.004804544017977541,0.7413971130407142,0.011669772096909014,0.013614734113060521,0.004189148957864775,0.01944962016151503,0.016299831974251142,0.010941621930459921,0.018566381196974714,0.050064230916046636,0.005482443267004235,0.008087960859243872,0.005445893645224207,0.011038973605184204,0.0074060992216499625,0.011345611760883764
801,0.0480322214046494,0.03856445008294333,0.014925701088084792,0.003916524201675267,0.012438084240070658,0.40745432178779034,0.012438084240070658,0.011481308529295992,0.009734152883533558,0.0036702543659224898,0.009527043247713696,0.18853731151661188,0.005528037440031403,0.009138184339643748,0.0016389910668899016,0.09426865575830591,0.019730648879645433,0.07873004491513656,0.008141291502591705,0.013169736254192464,0.008934952255200754
802,0.045744622609405636,0.00935907138482556,0.004195922088115261,0.023313911652118456,0.004945193889564415,0.1525138905407312,0.052453833925451804,0.012690443691641563,0.12566275245771816,0.0011443423876677985,0.002001410428659955,0.00726339915680011,0.001668258179612092,0.045526158615685264,0.07967303066095542,0.19482168144070106,0.1691708634149819,0.013803640506697842,0.008515232780105813,0.04371152827120982,0.0018208119173508766
803,0.2596816343052563,0.0795655643109108,0.004563033268398815,0.018599352688088766,0.017296861806719733,0.19147851331450824,0.009540887743015704,0.0056729602796309585,0.0056729602796309585,0.025945292710079608,0.04475562992488731,0.008464421735203275,0.002412638279843052,0.06251580053000133,0.020858745511784984,0.18621727817447206,0.0389179390651194,0.0018389540425875082,0.006770952591817596,0.0056729602796309585,0.003557619158412635
804,0.0018302464762598517,0.00461559963531877,0.4941940712179344,0.24463067082084958,0.0076434059408457666,0.037337474703642085,0.005148168824009398,0.011154365785353696,0.002383086427689812,0.0017383427197953808,0.005051033563179032,0.004537369133025232,0.0019977968570782734,0.144724811995046,0.002390221239718649,0.0021764616166543797,0.002599075522800861,0.0020561954390081356,0.006084199519283834,0.011026947480420506,0.006680455082086221
805,0.00491569299723384,0.0065644908011380015,0.015092039903788105,0.01012054440606967,0.011624949655620567,0.00298649551944564,0.010490808225803927,0.013654702770094,0.01146995032687896,0.003149514213269629,0.00977552584677184,0.013654702770094,0.004574121422054764,0.009350502983868716,0.037323431718721295,0.003982621641277416,0.006720674019655641,0.0047791459695328995,0.7883598703450404,0.010238260758026156,0.021171953705614536
806,0.07303548084509782,0.03168793768871892,0.0071349870947803535,0.004570851107593665,0.02868304704582315,0.08687776249657103,0.00635944501926075,0.05414073167438975,0.010475585428549317,0.07792336317067154,0.26769790280251743,0.005417305016407306,0.0018283404430374658,0.1576630233041652,0.01835379762975657,0.08992522857609424,0.04203972837340235,0.021135756490146942,0.0050875129316750554,0.0053188085615635365,0.004643404299777692
807,0.07758782241266321,0.07368115914948978,0.053652658303281725,0.0028360444239248933,0.0026052035987217045,0.15362196888738391,0.028759128908226093,0.0016028500062847263,0.002947993545921929,0.0011258668818596312,0.0029873001265342206,0.06715580708739581,0.0006931869530109762,0.007769820943310615,0.0024225297237698497,0.2493629468458604,0.20563912664398207,0.058514965558430304,0.0020004241918755946,0.0026993675842176697,0.0023338282238548605
808,0.025025506076980057,0.05990325200977046,0.0700267619648016,0.07512158829970203,0.0028922192050543838,0.030504941930475173,0.05702028879032695,0.05450872926619371,0.02693038071121394,0.025011911685310306,0.08382615329315955,0.11943711107132658,0.005295575781893939,0.1181333820540666,0.08955671703180161,0.03322475924135736,0.06517121809022522,0.03944522174750511,0.0014634938877301563,0.01590720562779911,0.0015935822333061702
809,0.08198663293914261,0.05366937711834033,0.07942952161792412,0.09491925794898777,0.0016841777569712845,0.07136902293645561,0.0336560483608853,0.015818342729616092,0.04915611698955695,0.014380311572378264,0.02336800630511468,0.12240384255060074,0.0006736711027885138,0.11204659433478069,0.027462069562850865,0.1097889119009957,0.06754701800781747,0.026825797565595957,0.0012427434904324498,0.011234618415920522,0.0013379167928439665
810,0.0677299945683807,0.10841802702771146,0.2649461159825501,0.19370291655780292,0.003530285359509989,0.023251210729487493,0.01949413793057127,0.0028105184415516417,0.004195411586664045,0.002024359436921812,0.004386112113330593,0.10632235955581236,0.03255986298978411,0.008772224226661187,0.0023535235730066596,0.09609144845033459,0.046778374587595685,0.0021997550849990046,0.00466908708838418,0.0019044960492093361,0.003859778659730921
811,0.029599206670627713,0.009457627792947156,0.007964318141429184,0.003982159070714592,0.007760104855751512,0.001891525558589431,0.007964318141429184,0.2604847230204347,0.007176260384731274,0.15570690400666007,0.2759512230380886,0.007566102234357724,0.001690749102649771,0.006451961903485142,0.0012293554621919315,0.07617265226869703,0.06515571724464912,0.0594607115071385,0.003478667693957575,0.007566102234357724,0.003289609667112054
812,0.0033725343241301324,0.005458638029777636,0.004995168763098403,0.008540127240135979,0.0039320260541029104,0.00272896136506408,0.02332274916906958,0.3513541425995508,0.00715524174173555,0.48943430962941376,0.039165435713064925,0.004857687054022301,0.0006785721098249882,0.006618598611105385,0.005355423638063707,0.0017827875046748513,0.002462734366922934,0.01694235140396629,0.008824798148140512,0.004995168763098403,0.008022543771036828
813,0.0326729542559063,0.04099110402176291,0.019888918336140777,0.04938905999521377,0.11825843335002627,0.052794620933269615,0.0645699258482348,0.04561501544870592,0.020156943367468084,0.04827050017225307,0.046671581076983465,0.0704113430750731,0.009197878149446484,0.051149509887621306,0.028352536982571605,0.0479662306301173,0.09427767103720053,0.028495668717787012,0.03804836551261714,0.0921552866188679,0.0006664525827327473
814,0.028459482253602092,0.15181859039533155,0.005751817895188642,0.003405645809254093,0.006049325717353571,0.0019282168577883882,0.005847681526775119,0.17712168879455348,0.006379288938300131,0.048958254684440324,0.08501828817824765,0.0044412771089431275,0.002220638554471564,0.0035086089160650705,0.0017111274695345766,0.0020278244530193947,0.128631508147453,0.3208570647895245,0.003732562676664969,0.006379288938300131,0.005751817895188642
815,0.005928193744840989,0.007875559477569889,0.012319527625997685,0.01487641071818588,0.011594849530350759,0.017149274518612836,0.010654726595457456,0.01314082946773086,0.016426036834663576,0.003191224531229816,0.01314082946773086,0.01271693174296535,0.005755107796086508,0.019219841581547856,0.03237370786479108,0.004479828227635521,0.005883953493013819,0.005973104303514028,0.7196187480277214,0.01609081159313983,0.05159050285721404
816,0.007819468900434487,0.017060659419129792,0.05152798983003417,0.01172920335065173,0.020288351741667862,0.008167935761488524,0.009745908171986837,0.019109780697279873,0.00926202578531638,0.0038694279094933534,0.011369635291456664,0.6857388780883201,0.007217971292708758,0.010572803020305785,0.005038047076790004,0.057877068884356196,0.018646512410851267,0.007149228708968674,0.010008920192556144,0.013636617155982479,0.014163566310220959
817,0.02555218090898085,0.005974923371004401,0.005576595146270774,0.016086118732046052,0.004481192528253301,0.021910452721392443,0.10891093502188556,0.003797966054164004,0.24263982834230396,0.00790900837658931,0.05033005330556833,0.038625389746133824,0.0022401029563581033,0.13224899252657535,0.22669025398928816,0.04818919829230773,0.012374009707214138,0.016797893897180834,0.003060326604660791,0.00363690987800268,0.022967667893819307
818,0.045682569545774175,0.23655693236598216,0.002442731995614393,0.014509365150280121,0.002807318860631467,0.0051481278209912365,0.002380890679269725,0.037648820306177895,0.0029855613279731476,0.06483667684809247,0.17830860633343285,0.006139779482988044,0.0011980277940274414,0.0031348393943718047,0.0008471676334132917,0.005614302860570147,0.17805360500665326,0.17154340869936666,0.0023511295457788535,0.03559731054081907,0.0022128278077918626
819,0.005949195940586701,0.00854452207076559,0.011371247937070783,0.009453850816871206,0.014489170758525675,0.004236945817360654,0.01056857161210108,0.0149721431171432,0.009981428744762131,0.003535160598908207,0.01056857161210108,0.008395594271295251,0.004630559726951504,0.010823235988296287,0.016272452832410148,0.004277296791581468,0.006371124730699233,0.005347193970408284,0.824319703506044,0.011666605026345348,0.00422542412977215
820,0.00814866106120131,0.013696685613508588,0.011293758312893048,0.013994439648584864,0.026917593996159193,0.006921980901450575,0.006848342806754292,0.5853266631527413,0.009608122743804529,0.0040724908211634235,0.010719866640728357,0.00804441042331147,0.0031402157260239203,0.009753700361134904,0.004803208563244406,0.0058522202166809405,0.05828414743602548,0.17200748183579792,0.013696685613508588,0.013994439648584864,0.012874884476698073
821,0.0528514905040287,0.007695961361113114,0.029686303302933082,0.06833226989176655,0.18605861131554713,0.01901513976361093,0.04691912807087711,0.10314944130430687,0.026067183375284447,0.03656899448131658,0.07868107865243276,0.028265681616735303,0.0007020185602411599,0.03295724193995199,0.0114624170272511,0.03275891517429565,0.07204532503114323,0.015543160547624137,0.06125448315909217,0.08898455323787038,0.001000601682577608
822,0.03568576237772782,0.11838635618376372,0.1064635597563748,0.11694216016690405,0.03647579622959206,0.082623950021307,0.03868645054653705,0.0022505673888672485,0.006646551656994197,0.051496803132763724,0.02145635072328945,0.06383264340178613,0.0011877994552354921,0.11193630588975344,0.013922059629615294,0.02731279427819696,0.08283880462398198,0.005289591034064679,0.028370063734127166,0.04323057330914615,0.004965056459971621
823,0.008275579841498897,0.01655115968299779,0.0020721211945034924,0.020906728020628786,0.027395022923582552,0.0056325539375183045,0.010304986501685659,0.02145810322137022,0.05430353898484386,0.005296371098559293,0.012813801044901516,0.7207102016469058,0.005028200410024645,0.01588911329567788,0.004728902766570797,0.0015750751895520422,0.006452805562749027,0.008275579841498897,0.013465350250574475,0.016166071304816433,0.022698733279539828
824,0.0758146009705474,0.03481430080294258,0.0652899009598386,0.03202943580290089,0.04332446322143965,0.051256938050883,0.06639761283676443,0.06117450086339926,0.0669273790200448,0.03581668357002247,0.045664286148033084,0.07264734612668027,0.0529521217150929,0.035742682157687715,0.033032037831796035,0.06980487654665954,0.04622033166743365,0.05291020148738508,0.03868255644771398,0.01854023602333784,0.0009575077493969479
825,0.05297239299908365,0.04039951569608103,0.004065192569603388,0.045140926260016465,0.07189110478447067,0.026203299874713603,0.10364581006345629,0.005173881452222494,0.023107855109294147,0.005926924272836695,0.06977666052610389,0.0980383346567888,0.0014549526340013642,0.0412528360124679,0.056900437163488575,0.05545885226230594,0.0018358934185305628,0.0053918328588353015,0.21567331435341205,0.07224072873080545,0.003449254301481663
826,0.0030275760436247906,0.1438394817011011,0.005929003085431881,0.005691842962014607,0.006186785828276746,0.002391530656308658,0.007691679678398117,0.18415846619079027,0.025272266917580128,0.14437709064265739,0.260948821932547,0.008131204231449436,0.003162134978897004,0.017214831586567957,0.00301566615582477,0.001884716212587618,0.04108069896943518,0.1212860010229845,0.005808003022463884,0.004590195937108553,0.0043120022439504585
827,0.026695907349826322,0.05028101981810664,0.04053080931273388,0.03981796590935097,0.016904825628501374,0.0397728453429046,0.12223489300608685,0.06998361379071898,0.06461022245233088,0.05970399954413863,0.023473367342139968,0.09922832558268263,0.057572598979258614,0.0314400859552299,0.03156246281663057,0.027275012778758517,0.0494398556081076,0.036819260790834835,0.0478929167298036,0.06401827456947264,0.0007417366923820995
828,0.024542677142420182,0.18239419340621657,0.1965365790192253,0.015373988524449215,0.006325814784733539,0.006362350778816481,0.05609379973381872,0.08154093352277918,0.007965840840034828,0.025886010642152124,0.006325814784733539,0.25040868299934277,0.0018073756527810115,0.01405878164185848,0.002088133035737285,0.002722502565581524,0.03651086575646829,0.06575769197511099,0.0047795045040208975,0.004552617849684281,0.007965840840034828
829,0.006611663748380598,0.013523857667142135,0.022886528359778995,0.04770092375501983,0.012660632709664974,0.005558818466910989,0.015257685573185997,0.014167850889386999,0.5386866910196799,0.003719060858464087,0.08285356632760499,0.07092254011741596,0.005042794384358084,0.0302079745910473,0.05587012349773377,0.006134533374786123,0.022437460208578196,0.006398384272626385,0.010085588768716168,0.019834991245141795,0.009438330164376821
830,0.05839465101577713,0.015130872665028494,0.05526057842879971,0.013966711865744405,0.009311141243829603,0.0040613309716398096,0.09628737150472677,0.07168165749622729,0.0770298972037814,0.003724456497531841,0.0065725702897620735,0.039354941603777546,0.003781637114397599,0.03843391934467239,0.012460718665317585,0.2597532535900687,0.20303264182266462,0.0038528860319294905,0.011761441571153181,0.008938695594076417,0.007208625479093886
831,0.03512255626324252,0.09262052553694017,0.001786032041917752,0.01098464453807377,0.0035499156129140826,0.0007045814477290213,0.10948741990958286,0.024257756688246226,0.023074451483941542,0.06647784627605449,0.04245107420443091,0.18089355701806475,0.06956812470168283,0.04245107420443091,0.03229012645256617,0.017203142712980037,0.010164999313415662,0.03234367558432831,0.0392975658349589,0.16301212494501469,0.002258805229484216
832,0.026276233010793917,0.06866864161930736,0.009032618230350925,0.012055656095195159,0.0043078640790904415,0.0017708544727495187,0.006363890116838152,0.19370470399801681,0.005833565940434972,0.25998359899264817,0.11800833226429115,0.007000279128521967,0.002105347106322396,0.005283229530959975,0.0019581200359502005,0.0019178846927457441,0.002772387773672066,0.2566177257268873,0.0045903469695226014,0.005384830098863052,0.006363890116838152
833,0.039824052088650364,0.0668769056225099,0.07352659794292991,0.10621626187104512,0.014720188465824189,0.07669742210348526,0.07658002809006154,0.03525251638408229,0.011420597854148487,0.01840023558228024,0.02279894509858292,0.03167853424224153,0.03339216179760675,0.04702282426582727,0.03275603540694362,0.11855659738541996,0.07223326017173502,0.0786499148496197,0.012539419804220606,0.02944037693164838,0.001417124041137023
834,0.12543350665464878,0.10361458926637163,0.004649629537678571,0.03989899318469362,0.01704864163815477,0.029803076547902128,0.11507833105754464,0.01506804285008972,0.1229934698532711,0.026777971159405393,0.06926010665500375,0.03118146006082702,0.0007025111448603048,0.0833180955686228,0.08973691257094901,0.031511707293271844,0.020570367287503683,0.06488662116014127,0.002013166265868336,0.004409131458143472,0.0020436687850481595
835,0.005153365015019867,0.018594894086196627,0.012555471127502948,0.017263772800316553,0.01605932353517819,0.006639912615506367,0.016842705171040542,0.01605932353517819,0.012331266285940397,0.005033826044746457,0.014386477333597127,0.009331769081252193,0.005902144547116771,0.01605932353517819,0.0459034928923369,0.004762420082845948,0.006335329468006076,0.007425278623792067,0.6281712083898023,0.13093095180113057,0.004257744028315617
836,0.03172586816608264,0.008183733084640536,0.005189684395137901,0.0060793445771615395,0.006447789703050118,0.0025948421975689503,0.00575073135677443,0.22438101325100981,0.02151968078820542,0.024095647746012062,0.020180104987285098,0.00575073135677443,0.03148067482447849,0.13635206072489928,0.034045824580015205,0.05453595872596149,0.19385046951085924,0.1361549252154175,0.038178577002971795,0.008773958690123955,0.004728379115570086
837,0.007267410325564595,0.01426723146211544,0.3901418059921657,0.1916549583451529,0.013375529495733224,0.0009441045140567656,0.012588733643043037,0.02853446292423088,0.01426723146211544,0.004602332729714657,0.015286319423695113,0.056247423676718825,0.007254524472262088,0.15218892159827518,0.004237791523400625,0.004505441514352244,0.005706892584846176,0.034521168460337696,0.01585247940235049,0.014665876898106167,0.011889359551762867
838,0.006469899219144157,0.013774624143984338,0.021350667423175717,0.014724598222879807,0.036659141406866526,0.006997492519319354,0.017080533938540574,0.3889652936285286,0.014724598222879807,0.0579098278693864,0.010155491208417047,0.06011976069270699,0.004448055713161609,0.012559216131279836,0.0037788791899426057,0.0036158441266326835,0.0014133350665126486,0.28384538627411876,0.014233778282117148,0.014233778282117148,0.012939798438288314
839,0.027374436672416836,0.011011099516315659,0.011928691142675297,0.010224592408007398,0.01635934785281184,0.17063355826993418,0.013939820990282674,0.013965296947522299,0.00923511572336152,0.0377063550727131,0.010803342921668194,0.011451543496968286,0.5256879351467337,0.00954295291414024,0.004655098982507433,0.06264518237987349,0.013853532675319606,0.005112296204003699,0.00954295291414024,0.013315748252288704,0.011011099516315659
840,0.003920676965851357,0.03521850702324528,0.01705218683729902,0.0060117046809720805,0.43091918743284224,0.0031640550952484634,0.05088931290951038,0.008015606241296106,0.008197779110416475,0.0021093700634989753,0.008197779110416475,0.039775791513580336,0.004941127135045547,0.012023409361944161,0.0020148289578874575,0.0031352453565796036,0.0038785191490142454,0.0034674985573449634,0.006328110190496926,0.3284592780089725,0.02228002629853739
841,0.011343824803535595,0.027700037310959012,0.015513573929391664,0.007756786964695833,0.008726385335282812,0.03176270944989966,0.05671912401767799,0.16131417690027824,0.011320716110637162,0.3803609243231985,0.12478207283889155,0.008548295838644387,0.0012093499945367927,0.023464802244771918,0.004309749189318867,0.015039161671354008,0.028943208540711717,0.05086714462848876,0.008377329921871497,0.011967614174102142,0.009973011811751784
842,0.05784257123942746,0.012924261795825613,0.008799497392902547,0.04541070507959806,0.013341173466658697,0.38256062576764105,0.013756650943485629,0.010087228718693162,0.010883588880695254,0.0036926462273787464,0.023761487993293362,0.302449797171777,0.004399748696451273,0.03920645518893406,0.003549287083613456,0.003659967942180705,0.006670586733329349,0.025274956679909068,0.013341173466658697,0.010604522499138966,0.007783067032408076
843,0.006600250221446112,0.014627581571853548,0.024600932643571872,0.09062729775313953,0.01127542746163711,0.0075169516410914065,0.01258652367810654,0.029346634466710028,0.49601837575908114,0.0037840840583448125,0.06013561312873125,0.08980577718377673,0.003838443391195612,0.017240519674852767,0.07481234807964686,0.004100155440595313,0.0062858062967355265,0.00832646951013202,0.01127542746163711,0.011765663438230026,0.015429717139484723
844,0.010926726021347238,0.010926726021347238,0.017482761634155578,0.02070327035623687,0.0124876868815397,0.042227263028996743,0.012292566774015643,0.014048647741732158,0.007056881477493295,0.004444769906988706,0.014543195520058321,0.011080623570943677,0.006554728827934122,0.01918839691553661,0.7196811596834221,0.012634301938887451,0.006841080639452183,0.01140180106575364,0.015404287942618217,0.01333430972096612,0.01673881433057449
845,0.005778640523085207,0.014751821682931923,0.023587714021260087,0.5658117866291121,0.018222838549504138,0.0010348681480168147,0.014408756062398621,0.030978825534157036,0.148613418608622,0.006322209292685108,0.01721045863008724,0.016304645017977386,0.006884183452034896,0.014073523066828875,0.006521858007190955,0.006808533084430119,0.008851093009759153,0.033848205442893985,0.028162568667415483,0.01511162221178392,0.016712430357824874
846,0.03168493207203538,0.019156465135293153,0.7359213888165664,0.015768418459082174,0.015775912464359065,0.0020020326171969155,0.009811847996125759,0.015775912464359065,0.019156465135293153,0.004469841864901734,0.0164198272588227,0.005852343786304948,0.0043965657687558045,0.020630039376469546,0.006818402844765359,0.005124659462944664,0.008045715356823123,0.008649052691438853,0.022349209324508675,0.01431159964434649,0.01787936745960694
847,0.0069189916515016115,0.03740878839546961,0.017147066266764866,0.009859563103389797,0.011252602275944826,0.027372284191807036,0.02319897200797599,0.047115950433098706,0.015168558620599687,0.3592062267390606,0.11813301598569349,0.02022096670025384,0.004585843303902232,0.05755198214687631,0.005402500330624549,0.07948542042587978,0.011599486003987995,0.1020425126586677,0.015168558620599687,0.01408509014769971,0.017075619990202035
848,0.011688263607452617,0.05381079990891542,0.017532395411178927,0.02103887449341471,0.01421545573879372,0.00706864512907287,0.023907811924334898,0.026298593116768392,0.02191549426397366,0.005778382317715557,0.018136960770185097,0.03093952131384517,0.008766197705589463,0.022868341840668167,0.053450456057323355,0.008091874805159504,0.01119089068798655,0.011434170920334084,0.4793025847708749,0.04383098852794732,0.10873329668846557
849,0.006438000921297969,0.44739313638452094,0.038672616058436075,0.2983316095936498,0.011937673295082055,0.024740963499092432,0.007415827349975216,0.011382432676706144,0.015295143909323884,0.0031374654172972075,0.01322823257022606,0.009234803869780457,0.00365257167983854,0.05414166248181051,0.0011131753386094572,0.004039315000535723,0.00619550133035904,0.005206857501046429,0.006517476469736424,0.02151181965058278,0.010413715002092858
850,0.006309040138811914,0.0218713391478813,0.07932891685348988,0.004778890841388607,0.019298240424601158,0.5910628873735739,0.01057859420626773,0.01988303558898301,0.05047232111049532,0.005334472962897879,0.020504380451138723,0.018226115956567757,0.006561401744364391,0.03373904323465376,0.01616683811768124,0.006627678529661002,0.012238672545903814,0.01007097141441293,0.013390615804825291,0.018746862126755404,0.03480968142564479
851,0.07592181044870176,0.021854699897296142,0.01799798815071447,0.01973972893949329,0.0797414161223119,0.007649144964053651,0.016103463082218206,0.017348924025722644,0.03220692616443641,0.008382624618140986,0.02266413322682563,0.01223863194248584,0.021731016364474623,0.033996199840238446,0.00672452304532189,0.5458705459979019,0.006871435543748639,0.011767915329313308,0.014230967374983534,0.012726937546633363,0.014230967374983534
852,0.01079845837542356,0.01844736639134858,0.021082704447255518,0.017709471735694638,0.0964179459659581,0.006708133233217665,0.014641358255163,0.04565984916035571,0.019249425799668082,0.3986493976381497,0.1589739254646418,0.01581202833544164,0.011712524867631448,0.042393046790571154,0.014292267801463868,0.0067051009683243125,0.019249425799668082,0.009624712899834043,0.020124399699652996,0.031624056670883284,0.020124399699652996
853,0.009746065458619614,0.03094689623456082,0.013170358727864344,0.024365163646549032,0.03248688486206537,0.008860059507836013,0.012494955716178991,0.436676110465775,0.024365163646549032,0.052708007782212817,0.06078603031387514,0.022150148769590025,0.006411885170144481,0.0211648957588205,0.01906425149393855,0.007062366274362038,0.004847820401701392,0.11979529713832239,0.016243442431032686,0.059850635064450534,0.016803561135551055
854,0.0036149618213432147,0.011791743858306588,0.010635690538864767,0.0038867155832418517,0.011300421197543814,0.485402699027626,0.010044818842261168,0.020089637684522335,0.009862185772401876,0.003411447908692472,0.008475315898157861,0.01154085569110858,0.004445180668005255,0.009862185772401876,0.001604583771978482,0.1611221999566909,0.19044926705407106,0.01629042283486765,0.005366618004254145,0.012327732215502344,0.008475315898157861
855,0.007410014022851687,0.10143485862392529,0.0028547210146135293,0.00749804765087452,0.3695126992728706,0.003635417042848251,0.10877716558594133,0.002608016574217224,0.005712798210190109,0.0008157030345995525,0.005447012813229629,0.035689701320545525,0.003992697931820608,0.0025525268598721763,0.018028760188881342,0.0014454067760721963,0.0019994793735665386,0.004284598657642582,0.12552563754710758,0.18410980625310802,0.006664931245221794
856,0.01356137470692691,0.041531710039963664,0.028891624375626895,0.013029556090968992,0.03691707559107881,0.01839642853732955,0.02555797540920841,0.0169453375294941,0.008798787440788419,0.00657772674018956,0.02555797540920841,0.018985924589697677,0.009630541458542297,0.03322536803197093,0.600125161594554,0.0061419894744958485,0.009492962294848839,0.018458537795539406,0.018458537795539406,0.02768780669330911,0.02202759840071875
857,0.02037640242692776,0.013391206309280583,0.013926854561651806,0.016579588763871195,0.01934285355784973,0.004435304000526053,0.01327670944353371,0.025790471410466306,0.020480668473017362,0.07070431794566748,0.040961336946034724,0.02321142426941968,0.621884962181037,0.01421107608331817,0.0034302597442492136,0.002742030645091381,0.008580315100522607,0.009538941480583426,0.016579588763871195,0.018794977640499956,0.021760710252580952
858,0.0034690686788692465,0.003086234196264792,0.011046245003767868,0.01679029240572715,0.009432748542543347,0.00286461619737657,0.042485631561792046,0.01354055839171545,0.024691606479010524,0.00476526993532522,0.022092490007535735,0.01354055839171545,0.002206481036726928,0.011659925281754968,0.7665828059748301,0.004710544391962933,0.005279966165323005,0.004638202322024076,0.009125158916156062,0.013762534758792749,0.014229061360785724
859,0.11895669510542509,0.03504093098720142,0.0031465896155434144,0.004824770743833235,0.0049344246243749005,0.02120056326851228,0.040816908622454406,0.02797490949869439,0.007486713223189504,0.028828609071986793,0.044507326286576096,0.0020677588902142437,0.0032169899335483284,0.08923336179323367,0.005812736595685994,0.34979804719572055,0.19851149895304354,0.0018712643288321734,0.003809029534605186,0.0036185780578749265,0.004342293669449912
860,0.0021445560718580466,0.06911503424796123,0.021449493387298308,0.021449493387298308,0.021449493387298308,0.008293804109755347,0.012694598127176552,0.08270367725260605,0.029620728963411953,0.00615876542803615,0.029620728963411953,0.016369350216622395,0.006433137325029511,0.027045013401376126,0.0056548664384695555,0.01095744352374422,0.567604373493371,0.00942477739744926,0.019438603382239093,0.013522506700688063,0.018849554794898516
861,0.009142569167349264,0.01183870356001264,0.01764728467186021,0.010394975902602589,0.02371353877781216,0.002984663412566136,0.015486392671224265,0.024478491641612546,0.014592946940192095,0.007761227508431476,0.01355059358732123,0.018508127826585095,0.006541665869741284,0.012439889194917852,0.022908791222465315,0.004992323953223611,0.007367313018349408,0.007226983246571323,0.684266894843059,0.011159312366029248,0.0729973106180733
862,0.33800230333699294,0.1871807572996577,0.011310881889970375,0.009599013194854242,0.022021265564665615,0.056471179128912544,0.012478717153310516,0.012478717153310516,0.022021265564665615,0.005672144160595689,0.008508216240893533,0.009851618805245144,0.0038946565100520065,0.008913369395221795,0.004206309152801297,0.2243161575803536,0.0030197243441779033,0.0033630887887999127,0.017016432481787067,0.02339759466245721,0.016276587591274583
863,0.0985617225095486,0.029879400301485,0.032936466902767324,0.10205534600106386,0.08809969519787447,0.06262184341596441,0.13585192840955884,0.0034978521191867716,0.06637923114994286,0.022132889112211108,0.012498572675130982,0.0027300309222921147,0.0014924169041863559,0.13495304075480952,0.0023608415053025184,0.0666237475648931,0.04465069803506937,0.02640116759687281,0.05720500570540717,0.005794792785742546,0.0032733104306904284
864,0.00861099583361631,0.020787201973740777,0.031100365498661988,0.016715462500549304,0.011366514500373523,0.005361563443572417,0.2483079040572984,0.02021353197867757,0.07107588990423427,0.005247254867157866,0.014955940132070427,0.2580821640799123,0.0052622752316544095,0.01578682569496323,0.12204099223292969,0.013305654748814153,0.0234930950455225,0.004816319703548104,0.045038937609771686,0.0365724292314435,0.02185868173148755
865,0.023131450212583744,0.01268671440862677,0.0213367469599632,0.014224497973308802,0.009981918499652019,0.006343357204313385,0.010668373479981601,0.4235096373629321,0.0213367469599632,0.10476856294388759,0.03975182555051428,0.007112248986654401,0.006018056834861416,0.01738549752293298,0.005458237594409191,0.00407905929415804,0.001489928590108146,0.21642930807030683,0.0213367469599632,0.016764586897113944,0.01618649769376519
866,0.03759296009934271,0.0381582677700095,0.00707168326442295,0.0307405565674965,0.0280195975895722,0.004784390668128668,0.04106793960432397,0.08011772726507285,0.154131847541319,0.05511749789001373,0.05253674548044787,0.002210865427487682,0.12735574237736508,0.013642258404534048,0.11173272388552767,0.05997625542439452,0.037064498120158065,0.010740845742669345,0.04475352392778894,0.057540245050014344,0.005643827899910177
867,0.034987649468120115,0.07335456867178994,0.04572464811913576,0.053324751236728536,0.04443594063771891,0.044584416082747914,0.10150099012442168,0.034351593749107456,0.02092913567698622,0.043903268006170074,0.08460070179615088,0.07858276889561765,0.03143767228790997,0.08659914357086314,0.02602848555356899,0.04266529161689016,0.053111130555063904,0.044371614969259614,0.017985975972410036,0.036445216457379546,0.0010750365519596686
868,0.001095210288151428,0.023470610448583323,0.014224612393080802,0.016764721748988087,0.01877648835886666,0.008856834131540876,0.01466913153036458,0.007790772843319945,0.012352952867675432,0.0043870299903894065,0.0195588420404861,0.009027157864839739,0.003719060122011815,0.015647073632388882,0.006250755612954765,0.118039263624938,0.4268416713809133,0.21737099705913182,0.01466913153036458,0.020409226477028978,0.026078456053981475
869,0.11828797115934457,0.2083174323884901,0.0055933064259879855,0.007715749850273756,0.005784377830580108,0.007710720925043043,0.004451394144388705,0.06119302531894681,0.010841717386624341,0.021005279604366347,0.07170346404676287,0.008680218581557977,0.0022108094503942937,0.009644687312842197,0.00327555418171999,0.021839786913876596,0.08604415685611544,0.3166584568819029,0.009920249807494829,0.0075480161578765,0.011573624775410634
870,0.11705242632882029,0.10229791880838078,0.02887420346534416,0.06655922281442724,0.06595523712645603,0.11092303745300898,0.08712917813645188,0.008249477436251249,0.02354259865165911,0.02435664733532876,0.04321205191043671,0.05703705286746682,0.003409930626946026,0.05322256586652243,0.04253344319249165,0.05943981859866145,0.030924768831783554,0.021521693301216723,0.0251258046196023,0.02678257943771558,0.0018503431910283114
871,0.06258013086726769,0.005555485750416245,0.004659439661639432,0.004126932271737781,0.09280831625224878,0.011225037459758152,0.03622346027022625,0.0311237481124514,0.07136895789356892,0.07703520523523054,0.13123324866292171,0.04221381608797938,0.0007980255774078585,0.07532269145110047,0.21120838363557046,0.05589421944982457,0.030225045254672393,0.028062681733258203,0.01483188132820897,0.009799635877566642,0.0037036571669441633
872,0.03082782604054083,0.19306597722690527,0.012102791874890693,0.004881077464026571,0.01155266497148657,0.0022678522282206133,0.007942457167897016,0.025415862937270457,0.009775331898950173,0.1831390420187294,0.2059497835098338,0.0065168879326334495,0.0019856142919742544,0.005294971445264678,0.002066330320103289,0.013869682272047794,0.024133247153363156,0.2310107083223376,0.00819866546363563,0.010589942890529357,0.009413282569359426
873,0.003593659073203777,0.0011702340653356935,0.01001868590105295,0.011807736954812407,0.007034396483718031,0.00458272570594313,0.14657625224090143,0.007034396483718031,0.15753510563404755,0.004050740123029759,0.010331769835460858,0.0048620093343345215,0.0017204551655998713,0.26166848054468916,0.2927388717955763,0.0019100181618940096,0.04282507725974109,0.00541994483171717,0.009183795409298541,0.007871824636541607,0.008063820359384086
874,0.0054566551143401055,0.02582816754120983,0.015496900524725899,0.019371125655907373,0.1937112565590738,0.008409344197006294,0.03447483603074407,0.023724618343737857,0.14693804686764153,0.005380868237752048,0.009410176360110456,0.01106151268548991,0.006053476767471054,0.023724618343737857,0.35246021859438864,0.004026451991668479,0.006796886195055219,0.049030877910391575,0.030458461786560705,0.014348981967338796,0.013836518325648124
875,0.016722032590313237,0.10567615870336657,0.008895273707180244,0.012051661151663555,0.005830137808732132,0.0046700186962696285,0.012051661151663555,0.3409141503196835,0.009340037392539254,0.13468716566938124,0.012041164030679685,0.024694796693282565,0.0034592731083478725,0.011675046740674069,0.004556115801238661,0.0027221853696283173,0.0007304626853177627,0.2572052604556615,0.011675046740674069,0.00794896799365043,0.012453383190052342
876,0.0374422724045971,0.017828351732435327,0.006717929638308963,0.00986249244773018,0.019128117424087647,0.005038447228731722,0.00662195921490455,0.42402888410682404,0.006517354975743154,0.07280027272170081,0.07599333504804646,0.01353682156166203,0.00237711356432471,0.010779933605658569,0.006030442853279119,0.0026037799315147465,0.06853801768336246,0.1750431106338834,0.019314047710138272,0.007598969590874074,0.012198345922192589
877,0.07133209843390353,0.11303973745854198,0.21282352723545106,0.004446273958480481,0.004775627585034591,0.23571199918767596,0.0029633799826411663,0.005486891267912084,0.003849013277490567,0.001205064904634897,0.0039059370823182303,0.15810379598938387,0.0013644650242955975,0.004159417574062386,0.0012766529187716233,0.12397830838904382,0.03764376094985331,0.0019830033224074108,0.004298064826531132,0.002964182638986988,0.004688797992579418
878,0.0741644658898309,0.07269658401114876,0.05626839523753187,0.09061181313522856,0.05728924829535306,0.040546382214391115,0.035336565227562865,0.04780049359637179,0.06591156950344153,0.03494651930939528,0.02525249760387274,0.04360850145442415,0.05955025564506079,0.01771924784430995,0.01653490930449658,0.07676759271577312,0.056094952768886416,0.05480015622802113,0.03453087740529567,0.038873135723661495,0.0006958368859419733
879,0.10489628647304607,0.025200022988594903,0.11122038038409729,0.09452016163433892,0.0015014221525585624,0.07252541811072166,0.05521353351433714,0.001786174629767945,0.09773535290871625,0.0004046801895568,0.0014799732646648687,0.12517779840334667,0.012859077151189547,0.05706585850965682,0.0791459129084277,0.09871495730886311,0.04212003842379433,0.0005718132932505788,0.0016187207582272001,0.014040012807931442,0.0022024041849122967
880,0.08248281203127683,0.04250751672065401,0.021288296640509605,0.06022674606641847,0.04860219231667768,0.05231932027884687,0.06818914140604913,0.0029973248969691925,0.059742483418803984,0.057719236751122165,0.06004985397031383,0.07184496950007975,0.023386242476747775,0.08059946064027983,0.036159217374075146,0.04025477041859788,0.008632295703271274,0.009466862975348588,0.06061257013871033,0.11152003393832116,0.0013986523369264904
