site,A,C,D,E,F,G,H,I,K,L,M,N,P,Q,R,S,T,V,W,Y,*
790,0.06619479774242755,0.013282055319760717,0.013282055319760717,0.041413577358088795,0.015938466383712862,0.0076230363113379005,0.06946836146533501,0.04441156692874985,0.03984616595928216,0.2363130980071141,0.013282055319760717,0.026564110639521434,0.03984616595928216,0.06946836146533501,0.00498077074491027,0.00996154148982054,0.03984616595928216,0.06949475873656577,0.03984616595928214,0.06946836146533501,0.06946836146533501
791,0.17112395018221996,0.12034210585638286,0.012683114097608977,0.006149388653386172,0.009365991949003552,0.04318736139542148,0.009365991949003552,0.01106889957609511,0.00857449967162297,0.0020424907589101722,0.0055344497880475555,0.009365991949003552,0.5361838207462745,0.006427399980301492,0.0017393985048149458,0.002560170031713672,0.01761943013399226,0.0029268724840636104,0.004647247913627718,0.012683114097608977,0.006408310280897169
792,0.05600751586187129,0.054327776817667574,0.021900885029622248,0.0398693444805923,0.0035041416047395593,0.046335756756886726,0.08347644000624015,0.0008033536413497283,0.1236333037979906,0.021639611313479384,0.052218580776511085,0.11002550721295283,0.0005687129743160322,0.04672188806319412,0.08884237805955851,0.11209879243767644,0.0817726415543178,0.023817880201086453,0.01235620180183646,0.01891124040653095,0.001168047201579853
793,0.09788134576710704,0.006810776084443056,0.008804173962816634,0.0037785367037998507,0.005966464999594743,0.636017179961426,0.020925862752201853,0.010938519165923697,0.012447280430189034,0.0024307820368719324,0.009255670063473897,0.1260534113406445,0.0042718477216033375,0.020053951804193445,0.0014375341882880898,0.005250489199643374,0.004847605271158435,0.0026668431037442076,0.002986806323443875,0.010026975902096724,0.007147943217336277
794,0.015577114872902809,0.010664332489910382,0.016906868581565242,0.01237824306864598,0.015069165474873369,0.0010970006810318643,0.04621210745627832,0.10148050082011431,0.007472234458502653,0.010345994206629475,0.017773887483183974,0.019255044773449304,0.015069165474873369,0.02888256716017395,0.6098416231396315,0.011361285929929766,0.008782292503966668,0.0060805404547734625,0.013591796310670095,0.02100550338921742,0.011152731269676107
795,0.0016135705683030252,0.008463672469896606,0.012127053091195139,0.014772955583819533,0.015046528835371746,0.002976236472930675,0.015066334772026718,0.004835140066220752,0.015330425605850458,0.00477948563005926,0.009558971260118518,0.019149928507448708,0.0612400793178944,0.02195979884081282,0.0033854689879586424,0.010984071253212036,0.7162293736794116,0.02850921253017804,0.009129354574270497,0.010833500761467654,0.014008837191553006
796,0.0017874737104001247,0.010517353241562345,0.010647197108742129,0.014617338403527328,0.014869361479450212,0.003563731263669886,0.01287198456430018,0.018917878658591805,0.03080082020743258,0.00484507284161861,0.012320328082973033,0.009690145683237216,0.004366710967707197,0.025365381347297423,0.004636682611871571,0.019496962393763553,0.7596896643671504,0.004563084475175198,0.007632061644319577,0.011200298257248213,0.017600468689961478
797,0.0047141801652481954,0.03569467879867264,0.014535388842848603,0.008001131473127672,0.010149455359564546,0.014045077868189492,0.0218030832642729,0.01406650533178897,0.009690259228565737,0.012067834051196989,0.008467216801659381,0.015300409308261688,0.008305936481627774,0.014535388842848603,0.0014343909952475003,0.004498816161109806,0.0072676944214243025,0.004255752949484309,0.7691052985859499,0.018959202838498175,0.003102298230412833
798,0.01978300397963149,0.010389429430016426,0.012405288871661403,0.009664585516294347,0.014842042042880607,0.003760879431680154,0.02597357357504106,0.014842042042880607,0.018068572921767695,0.003676476641770436,0.01298678678752053,0.01511189735275116,0.0017207588396392145,0.015983737584640657,0.00424058344082303,0.7321638456791218,0.010536060790229403,0.005771905238898013,0.01052094119495334,0.01298678678752053,0.04457080185027799
799,0.0019722322026888865,0.040571633883885676,0.0048889136292006195,0.003370027841487806,0.0078076248531167665,0.001036157813949982,0.006549299390061208,0.3062598709819673,0.004567274574647947,0.5365150302679192,0.03349334688075162,0.003950758694213869,0.003471128676732439,0.005423638557394437,0.0010746528410936346,0.010190809464683905,0.000947214722790072,0.0009647429758656686,0.003900144580598247,0.018595332196780927,0.004450164970169795
800,0.004601839291215196,0.01158394028478308,0.05269557149156225,0.0076348697331524865,0.015624849686451597,0.004451549307702937,0.5913775215520053,0.01101423830356424,0.008958247153565581,0.0032934732182226412,0.01158394028478308,0.07550815957549227,0.03814532833936677,0.1224700609357462,0.0019566327820810026,0.0038392487800995353,0.007382264918330635,0.005128767454331441,0.008094801644788178,0.00646117652473837,0.0081935187380173
801,0.08693239225526718,0.10353719102089887,0.014288132360884045,0.0019703222820965393,0.007216228465092953,0.20884439426277565,0.0035019932257068743,0.005291900874401499,0.004105785161173576,0.0019050843147845398,0.004961157069751404,0.17424551659614687,0.00233466215047125,0.0037208678023135534,0.0008440045481271342,0.17115991890642349,0.027573588766618338,0.1593291554585289,0.00377992919600107,0.007681791591873144,0.006775983690663163
802,0.04614549960306565,0.07476382894497853,0.005263279795575125,0.00041767612504850244,0.02012430510072842,0.10333324979735065,0.13089548013343358,0.02189524394959252,0.1201911309987971,0.0009503144075343977,0.0019429820600671936,0.022944725200030387,0.0013416203400485618,0.04450526093473445,0.03985843457725648,0.13578544369774928,0.13211526870500323,0.02880953151262174,0.007108845438179391,0.05949794551519707,0.0021099331630076985
803,0.1642827594441686,0.05895331661538369,0.006593463042510018,0.0258999793034798,0.07307754872115271,0.2197904201053662,0.01927319966272159,0.005567813235897349,0.00677166474636164,0.01806144527188216,0.023862056725274354,0.05512135103538375,0.0029476658307691847,0.04240103925798751,0.0011899926528953924,0.2079045155106351,0.02059328183140115,0.0165880141390273,0.00927968872649558,0.007369164576922961,0.014471619564284121
804,0.05798798699952537,0.006254660241520492,0.42245970199869015,0.3807672522893922,0.010543874851861916,0.0008538469890460087,0.008462187385586547,0.010036547829416601,0.003446888615522774,0.003566707079875322,0.010036547829416601,0.008631431133298279,0.0037527961449122954,0.0334064250992994,0.0026640219547216914,0.0031501573479190796,0.0052630677642062675,0.0039795192828109794,0.008631431133298279,0.007074943551883835,0.009030004477795851
805,0.005414673853157542,0.055558770559688504,0.014937031319055289,0.013973351879116238,0.008840283841889864,0.01450478887527588,0.011707402925746036,0.012930564425450847,0.013536684632893856,0.00944636566189217,0.01031366448220484,0.01110702328852829,0.0045891342479155725,0.009216466133034115,0.0019161227933322867,0.008529381313942725,0.0068216363504346985,0.0041059138222995575,0.7632275925004067,0.00974218451505091,0.009580962578684083
806,0.04289470653683691,0.04042515988737083,0.01032504083703411,0.010647698363191427,0.020042726330713273,0.05525292123602038,0.051975205569476796,0.0021543878953167706,0.004963393056755636,0.039269245925078564,0.30059662872803794,0.013907197862127579,0.002077599680622717,0.31324841636227674,0.020237521709999193,0.05258122648489593,0.0017978339962927273,0.0006133154981076867,0.004008545266142654,0.00642879901173822,0.006552429761963953
807,0.0004871054642807142,0.16197826661195183,0.005155806894810137,0.003477172091848698,0.0032861186802086596,0.12695090527654476,0.0026699714276695362,0.001654353949410885,0.003987157331986508,0.0026346854616650923,0.0037379599987373505,0.015296483386008239,0.0009363307853396994,0.0030828536072060623,0.0009315788158846979,0.3219888950056064,0.26423934886140665,0.06890632244106079,0.002265430302265061,0.0030828536072060623,0.003250399998902044
808,0.027553497806718827,0.07925070885001807,0.016754906733619047,0.07136641877574527,0.0018762004936083829,0.040935283496910176,0.05270723334199851,0.04665850367489733,0.04061422244987559,0.0289470933299579,0.09580598265234294,0.06162914193849529,0.008048677349669684,0.12401377688899999,0.05280865891957417,0.10695818296308122,0.07878513547811446,0.060675435065584184,0.0013441436372119758,0.0015009603948867069,0.0017658357586902431
809,0.0879493605572788,0.029799814157789824,0.16157035102663053,0.11556935514535822,0.002122836223605996,0.02216887478751288,0.05982538448344169,0.0024833178464824857,0.04179244899612438,0.015165611869053533,0.042581597191155555,0.08565475683184827,0.00251495246873067,0.14273831171119752,0.027970499027646773,0.08152722436083594,0.05181837742441891,0.009837592303789748,0.0012787127955133926,0.008923108194140458,0.006707512597444186
810,0.053745360884701096,0.11878503217690754,0.2964053943546587,0.14210747032850354,0.0029988832015105963,0.0005518460486601123,0.018080304596817396,0.0034626280264864616,0.003998510935347461,0.0018155401003739826,0.0034626280264864616,0.17864297143212204,0.014446233056739215,0.025836532197629755,0.002048017796153578,0.08553618208460374,0.02714140756114641,0.0014946650720171417,0.005506146206052242,0.010398720454459484,0.0035355254586230183
811,0.004069144510979108,0.009120496317711797,0.017064154400880133,0.005749878113340045,0.013224719660682104,0.0029388265912626897,0.012022472418801914,0.15642776246770354,0.006085082566705712,0.22922233775796394,0.46710082911626843,0.011020599717235085,0.0034574430485443406,0.010475025473807605,0.0075617995656714985,0.019713867817165866,0.0016100371620992732,0.0012457716845509098,0.005186164572816512,0.010172861277447771,0.0065307257583615335
812,0.0028600614379415655,0.005830125238880884,0.005272461085596625,0.007773500318507845,0.0032161667151187827,0.0028475545725540623,0.0034586069433107406,0.30761550705850293,0.0066630002730067245,0.5385153542187007,0.06233330161943674,0.004593432006390999,0.0007893837284539539,0.005614194674477888,0.01311062171171409,0.0022456778697911555,0.003093535841038837,0.0027312298416378917,0.007675101580298884,0.0058867283965399215,0.007874454868098856
813,0.06540364392863732,0.04403573358499673,0.07974115259837093,0.08524757490056022,0.03642396382114846,0.07967799035054338,0.05406729307742733,0.029117395981124304,0.024251879670896474,0.0459821131231399,0.04621562709891971,0.053259123197061796,0.002226697218913481,0.06412709139288583,0.030964830779765574,0.050366708774715545,0.033817578621559506,0.028486689692198027,0.07563784827540615,0.07026466779682539,0.0006843961149041435
814,0.0006237743490436246,0.11748901272598858,0.005016748477280505,0.0037656247476399083,0.004414738660006843,0.009088171948252923,0.0047986289782683085,0.2328084840237984,0.004087720981487818,0.036251199696591074,0.009429434368953016,0.004356649993427806,0.0017801365564543727,0.007883461892869361,0.0012407604859637923,0.0015334035867113774,0.25056624827065876,0.2915955938929056,0.0037625613579603777,0.0055184233250085545,0.003989221680729076
815,0.006127817239496787,0.0071367550873092135,0.01548080144714978,0.010893897314660955,0.015213891077371335,0.017756112487989053,0.012976554154228494,0.015213891077371335,0.012788488151993297,0.023052952311360318,0.012255634478993577,0.014956028516737923,0.0054469486573304774,0.016992710137916305,0.0014641071911850254,0.004644240434144933,0.005729907029139853,0.0047187469651739965,0.7779024668846733,0.015757244330134597,0.003490805025639096
816,0.006765367784790464,0.010546014488055725,0.0036307131359498675,0.009313363443997262,0.009193961348561399,0.0044031737948583395,0.011787636684924345,0.010724806157846028,0.0656381484113115,0.003289582500861418,0.01216850764661976,0.6357242508589308,0.004945717139226133,0.012805874735496235,0.0034312391635779385,0.001454576764083607,0.1565645115019792,0.005878106435965484,0.012581210266452442,0.009329553007912243,0.009823684728599852
817,0.010310033154246886,0.011247308895542053,0.0053791477326505495,0.010168799823366789,0.00789704667133804,0.0014863940937351503,0.014846447742115517,0.0061046740073074915,0.29443679614429374,0.002235910804535469,0.03181381659024753,0.04841232959385494,0.0029012115679562405,0.14513977363154057,0.32816071850295886,0.0020401237585753063,0.056631899554932405,0.0035348685100275038,0.005799393649263873,0.006186019892548132,0.005267285678962927
818,0.0005792756197239756,0.13669276509855094,0.0037450072629739983,0.0051501457687786025,0.01322833210631138,0.009854805925121987,0.006750260004866713,0.11771737774011701,0.0033751300024333565,0.0955064026272785,0.15568337536401847,0.004020375444075027,0.0019668023755187187,0.0032938015686397814,0.0011253749774187334,0.0028184075278051748,0.1883322541357813,0.24054579137412588,0.002939629356958085,0.0032573665920386926,0.003417319127463774
819,0.004790709867710293,0.007914110206161873,0.00867118486055563,0.009039292930008495,0.010976183367791938,0.004055527877506035,0.00810391108463143,0.011561579814074173,0.007673614920845692,0.0026146500557259382,0.009528774572039154,0.01044721067536823,0.0036898658981087793,0.00912756301111119,0.0014810482695046493,0.003924897271918163,0.004871452168851478,0.004250580813997858,0.7656555193092414,0.010976183367791938,0.10064613965705563
820,0.009947740976221286,0.012768742148582547,0.014258428732583844,0.014750098688879842,0.019443311908068882,0.008147673561476481,0.010968022101987572,0.7527245988151388,0.010432996633597934,0.004484058664321662,0.011864520365051649,0.03383271167219781,0.00357952185755243,0.011719256492534667,0.0057060564573084,0.024468580431626297,0.004879725293251686,0.0030617996425672685,0.015554649526455104,0.015008872350088258,0.012398633680507693
821,0.06250204223797919,0.04074622984401915,0.07682449461688604,0.09134845936646228,0.06291142431935365,0.0001956600106859186,0.09217999538483021,0.03584777598298952,0.005625847546688842,0.059600296723598185,0.04998204194199682,0.029470543597875487,0.001041292540458267,0.07047873278705555,0.013252814151287037,0.05527849288852531,0.04741599961015323,0.057807062876661805,0.05873957920533814,0.08709275842806745,0.0016584559390878917
822,0.052498499330708236,0.007065043749943263,0.1245582332473214,0.14276654886544454,0.017104842763020524,0.015186089306497601,0.04762813976254854,0.0029017143972981255,0.020807358269459564,0.04764753474863237,0.11575057979359096,0.06271775679774193,0.0012499692788361155,0.08576178107570014,0.012580335967640901,0.10186316809619686,0.08331334902105576,0.001116778713246506,0.0027082667708115834,0.052811202030825885,0.0019628080134790464
823,0.007703267929784897,0.017701126306739767,0.002421148199889981,0.016978631355444265,0.018908021282199296,0.006309487675376956,0.06014466289113489,0.012813326551204277,0.01589852332492509,0.005011764677209452,0.01663905872833538,0.7337525577302328,0.006399637972436685,0.01599909493109171,0.00547337458168927,0.0014279375958047573,0.00667465333559053,0.008850563153369883,0.010804583589828168,0.013449519459376535,0.01663905872833538
824,0.0772379596259638,0.05943325530395464,0.07432826803836419,0.05545663322638261,0.017167688604088994,0.016326944333691366,0.05487334465972855,0.04986203675452318,0.04238273124134471,0.035235839306529716,0.03660326789025224,0.05645000212771229,0.0865222596325897,0.057421764907628306,0.04637530737277572,0.07183383686052928,0.048559109160937655,0.032629665531045654,0.04098549834327839,0.039491621423507164,0.0008229656551717414
825,0.040052304137282384,0.08933047162035235,0.012183382745214136,0.004502139806389006,0.19584308157792177,0.007046401701617673,0.11833639134021254,0.00375178317199084,0.07619005826196779,0.012385257141452843,0.08489749349190696,0.031096467364643048,0.0014174393101487426,0.07762955775790376,0.00957547202993399,0.02372749357421233,0.021186540265360033,0.005872356269203051,0.14387272859547479,0.03803353905972843,0.0030696407770834135
826,0.0040327948038990724,0.2046643362978779,0.007928884699191396,0.00779673662087154,0.008996234562544085,0.00259891220695718,0.010879167377960288,0.04021743967812229,0.008394826384440347,0.17015823716480963,0.4121455871677281,0.007668921266431023,0.008663040689857265,0.02126382714783147,0.024459946920968225,0.0034397367445021506,0.0024108395058400254,0.024083646069808378,0.008663040689857265,0.01039564882782872,0.011138195172673629
827,0.05803449819980058,0.03284943052244311,0.030526201223620045,0.050261662678037416,0.04864242596592536,0.007838982189517698,0.08869346241059639,0.06600302243861254,0.05507767000742165,0.04394083306953238,0.0453258969227941,0.050300690487491015,0.08865388478346091,0.053456543485644464,0.04108837495356868,0.04562420905894877,0.04636008339860923,0.052261476385807984,0.049764435791462315,0.044220387241750335,0.0010758287849550181
828,0.0038315294931494477,0.04655344411449845,0.32532164645901357,0.04338322021155488,0.01608929452096448,0.0007386099563183374,0.019186891650173964,0.069402348349531,0.029604301918574646,0.012871435616771584,0.00822341719960407,0.1838544359882821,0.0034264238331683616,0.01608929452096448,0.011810226829218609,0.013216206213649394,0.04325303851739803,0.06501635314019388,0.00822341719960407,0.07041590596013117,0.009488558307235464
829,0.011348421082630874,0.015285628397013013,0.024966526381787917,0.0031585394255829596,0.026749849694772773,0.013198973135029527,0.02582744108460819,0.022696842165261744,0.6591695305520455,0.00516548821692164,0.008581017130924294,0.013981335397946654,0.007133293251939406,0.07193110662463333,0.001418602988494475,0.006294082281123005,0.008022948070560402,0.007721606097460183,0.010699939877909109,0.014979915829072751,0.0416689123142824
830,0.0007074309595087643,0.011797386250098654,0.006741363571484946,0.015729848333464875,0.012234326481583789,0.00570227689034436,0.05505446916712707,0.0048693692389307885,0.22021787666850826,0.003590508858725678,0.029146483676714324,0.050049517424660975,0.004671192798162445,0.03679984093616611,0.04274817605918102,0.16447638794197494,0.28963523661797985,0.005243282777821624,0.008469918333404162,0.013763617291781764,0.018351489722375686
831,0.05215074841418286,0.014602651166664713,0.005756814402242817,0.02436605165600449,0.09729016339790365,0.0013858997635029008,0.04471328416125078,0.12246314273861998,0.039388730120608756,0.10116899762532228,0.037419293614578325,0.014967717445831325,0.13101493469881165,0.008980630467498795,0.06585795676165786,0.031018530851780392,0.008315999119039944,0.044763267127719865,0.07819398006474002,0.07270034187975219,0.003480864522286356
832,0.0012380560266115413,0.013267018808122326,0.0074934087712542775,0.004744163190463786,0.0035968362102020528,0.008502442122930567,0.005739632250322424,0.44508741166699073,0.0050898625616066775,0.18793763998083612,0.04105084805121908,0.007934197522504526,0.0016349255500918418,0.006744067894128848,0.002075097813578107,0.001798418105101026,0.003100720870863839,0.23724447264788528,0.004351011544599257,0.005864406864459868,0.00550536154622763
833,0.021492745326642675,0.03884287998743925,0.059020999461433674,0.1090439654132431,0.026760417318535335,0.0578337954492784,0.08566242282944192,0.0014143493975766338,0.0524631106323855,0.07117495342460298,0.021402934097423772,0.07056858631258374,0.029152634562845493,0.0668904660562915,0.0349062785665913,0.04334759997887826,0.06315176528053616,0.053369485511197017,0.023702083910702724,0.06843745521596441,0.001361071266406227
834,0.11087135001485703,0.1513952879528675,0.021734422836039324,0.0011224864563642114,0.0052567808316967895,0.01269092650492479,0.047311027485271114,0.002004822985914445,0.11085685362012487,0.04223244261397081,0.039543545360823606,0.044186823618297774,0.0006245680196075392,0.15529570263344664,0.04404891751807692,0.06527473134080795,0.07678855778558524,0.0539243969186961,0.0015385699995210116,0.011469339996429354,0.001828445506677144
835,0.008401950400978414,0.01770118585036649,0.012802972039586155,0.017924160855420614,0.018757842755672733,0.026883750309425795,0.01646096405089648,0.016131744769878553,0.019204458059379228,0.012772488357765583,0.017161430606253778,0.011861577036675406,0.007013802073860241,0.017161430606253778,0.004150857811473375,0.010899827547215237,0.007986012262316114,0.006721560320782731,0.707296554586545,0.01646096405089648,0.02624446564835791
836,0.0003816975326860854,0.005694446099481028,0.00687260736144262,0.0047453717495675235,0.004982640337045898,0.0020979538261245894,0.06065823019012399,0.051705455977306684,0.05584718335593934,0.04095320824969232,0.07829863386786415,0.005694446099481028,0.042804076658184295,0.19930561348183604,0.07159551520842224,0.08230439580038641,0.17487601852287712,0.05113800267696865,0.027810085602116646,0.023175071335097205,0.00905934606735618
837,0.035928533554206075,0.021780302321586446,0.515709866230774,0.18047708091891293,0.025568180986210175,0.00120093923193748,0.014343125919093511,0.018969940731704327,0.026730371031037915,0.007260100773862149,0.01470170406707085,0.008634825433764011,0.005709399637697418,0.02100243438152979,0.005940082451341759,0.019803646669706063,0.011095625710996869,0.008103682010363765,0.018969940731704327,0.014547490699186762,0.023522726507313362
838,0.004887126019055269,0.015134325736429222,0.020398439036056776,0.016178072338941585,0.01814295767346938,0.0055241498246581715,0.008230949084724668,0.412223916035704,0.026064672101628102,0.13780434121159005,0.0824038709286588,0.030124703806035595,0.003942555443943747,0.013032336050814055,0.003814342258774844,0.028422899863187592,0.001282397924594849,0.1307753351510931,0.016178072338941585,0.013404688509408739,0.012029848662289896
839,0.006482524864623115,0.013436506083037,0.018024581330903296,0.01296504972924623,0.01572357094823479,0.06718253041518502,0.0409774471437573,0.01679563260379625,0.020527995404639864,0.002961284594577703,0.01679563260379625,0.011730283088365637,0.6510297725794703,0.014490349697392844,0.004830116565797615,0.0026818740272955416,0.025801851579713528,0.006718253041518501,0.019973184718027972,0.01718622871086128,0.013685330269759908
840,0.004024563401999738,0.002862534111955767,0.07794805880413948,0.006917218347187049,0.40153591028776436,0.004427019742199712,0.002357123325840405,0.008049126803999477,0.008513499504230216,0.0027159630320243637,0.006324313917428159,0.00969788712765849,0.0035701772114513806,0.014756732473999043,0.0025600087969181434,0.014540096922819584,0.0039526961983926,0.004259622357819745,0.006415970640869148,0.3896275538297558,0.024943923161547504
841,0.009099791886413655,0.012270931483194171,0.007362558889916501,0.008436265394695993,0.009203198612395627,0.00358354636234874,0.006427630776911232,0.2653893391072262,0.01265439809204399,0.35552088811987526,0.10846626936037705,0.008264096713171585,0.0012266675097012208,0.011687297145261791,0.01976356168583786,0.013850406417631932,0.019071833552269893,0.09774431629716737,0.006531302241054961,0.010383095870395067,0.013062604482109923
842,0.10785200178837479,0.12224258452340901,0.010895534707521236,0.005292484984812497,0.009281381417518091,0.44313035501975917,0.007263689805014159,0.012529864913649423,0.012529864913649423,0.004211719298705688,0.013922072126277135,0.1700481666852422,0.0046840616499624005,0.020883108189415706,0.0022964636528257456,0.0044353504119113004,0.004320643073672215,0.004987892237037691,0.015187715046847784,0.012529864913649423,0.011475180640744808
843,0.009996213112176416,0.01736184382641167,0.07330556282262703,0.005377709956743864,0.010472223260375292,0.007412922083187004,0.014342392726166161,0.016521639850457594,0.582831459486627,0.004583746920315864,0.04712500467168881,0.024085214443166678,0.004646127221152418,0.1097669914474374,0.001909946090041552,0.007497159834132311,0.00827598400798303,0.008568182667579785,0.01649375163509109,0.010995834423394054,0.018430089513245203
844,0.007929485232719653,0.01670253272423927,0.01635456329248428,0.028036394215687342,0.013772263825249924,0.0011418454238933163,0.012460619651416593,0.013772263825249924,0.0047388116062313254,0.004110047319577202,0.08312891600689075,0.016020796694678482,0.005775173130285382,0.013534811000676645,0.6923175867353196,0.020129590383063032,0.006541825316993711,0.008351266362119634,0.010934955187388387,0.012869164558020419,0.01137708750781515
845,0.008660170054844369,0.013816919365678694,0.055489278628423455,0.6195000391083602,0.014680476826033613,0.0012787772438296334,0.011185125200787514,0.04697752584330757,0.006874252851977006,0.006406026251360123,0.019044942909449015,0.014992827396800286,0.00602275972350097,0.09205302021555503,0.006235954757961182,0.005298217200373034,0.007264565852057871,0.005507455608774166,0.01565917528110252,0.01718689969877106,0.025865589981052834
846,0.032935948293575344,0.012950274814122089,0.6263560842563007,0.13273243555819542,0.0169586932089694,0.0016372107976317675,0.007827089173370494,0.015484024234276412,0.01925040850747878,0.004536720476284809,0.02035043185076328,0.005449949120083642,0.0034744639745205603,0.015484024234276412,0.0050159515125120764,0.003957028415426194,0.006036145040480634,0.006197415545716525,0.013697406053398363,0.03779720968633854,0.01187108524627858
847,0.0102205873319538,0.013248909504384555,0.014905023192432622,0.01430882226473532,0.269748142114385,0.0679216246743765,0.06312715705030288,0.013388612698493278,0.010840016867223726,0.3132748245945429,0.021042385683434292,0.034068624439846,0.007692915196094258,0.017886027830919145,0.004309886224317867,0.002688219278556208,0.00872489162483861,0.04063942908085806,0.0085171561099615,0.03252005060167118,0.030926693636672182
848,0.013240086732307952,0.019948123129029674,0.03530689795282121,0.026480173464615904,0.024443237044260838,0.07005668924336184,0.01986013009846193,0.042368277543385444,0.022697291541099347,0.02646290826037538,0.01986013009846193,0.022697291541099347,0.011348645770549674,0.022697291541099347,0.0021005276651617187,0.010586638830766696,0.01672432008291531,0.010592069385846363,0.557246215362239,0.022697291541099347,0.0025857631710418483
849,0.005653075665883699,0.5314282521251119,0.12089651399566204,0.01889008031182219,0.02281066301804944,0.016774466479088732,0.008513839013779015,0.009299731845820154,0.015907436052060794,0.0035768199407000606,0.015499553076366926,0.013140925434311088,0.004412281532688396,0.013432945999518005,0.001254543541043872,0.019386431986496786,0.005122733643883983,0.005211056637744052,0.1362534978049005,0.013378126666730867,0.019157025228337298
850,0.006056786393840338,0.0150043117483772,0.013753952436012434,0.0034796010885960616,0.02200632389761989,0.5803881669201295,0.015744625957682765,0.016927941459707614,0.02357820417602131,0.006056786393840338,0.014670882598413265,0.016102188217770656,0.005198344227784227,0.027507904872024865,0.0022753805409497785,0.00532411062039191,0.006409608902219386,0.060032313744572983,0.014670882598413265,0.0150043117483772,0.12980737145725513
851,0.1732149031045053,0.021963231185655012,0.020546248528515977,0.014475766008727164,0.00529007018195089,0.006704565309305213,0.012738674087679907,0.01618330505167806,0.01990417826199985,0.0069992714767472,0.01990417826199985,0.012248725084307603,0.0012507790726138627,0.024497450168615206,0.00692319243895647,0.5626464404862243,0.015734588528055364,0.011795068599703617,0.009366672123294048,0.019414586199922233,0.018198105839542723
852,0.006930656485534793,0.013190604278921058,0.01572725894794434,0.01858676057484331,0.0357750389123013,0.004215553944809823,0.014340639481025654,0.012048255636482838,0.01947184441174061,0.36160648505283555,0.3531484509220229,0.014100301125743201,0.0010639634747382917,0.012026727430780966,0.04026370593587443,0.006018740954106016,0.017037863860273037,0.007173837414851804,0.020445436632327642,0.015144767875798252,0.011683106647044366
853,0.008817191144721943,0.023384724340349505,0.015367104566515386,0.014536450265622664,0.022410360826168273,0.007794908113449834,0.06723108247850482,0.4717839034575693,0.013790991277642016,0.17507793057981857,0.00357332002769254,0.023384724340349505,0.009779066542327974,0.025698290415186065,0.03602273231890606,0.007683552283257693,0.00693556128510985,0.003658679863598905,0.020686486916463017,0.019972578130577796,0.022410360826168273
854,0.00359094583123474,0.012008477160597648,0.0122586537681101,0.03919331455133312,0.0122586537681101,0.5175365802476053,0.011102176997533674,0.013684078624867086,0.0113156804013324,0.0034410256191186243,0.03512927646980805,0.0113156804013324,0.004709944892625187,0.010698461470350633,0.0015004661466780042,0.05989857170525653,0.21396922940701263,0.003406725882577436,0.005956148643252262,0.010896581127208978,0.00612932688405505
855,0.0017191395209933793,0.04412458103883006,0.006932473035596563,0.0034382790419867585,0.3325753546067192,0.0018876826112868476,0.08460801811509824,0.0032090604391876417,0.004375991507983148,0.0006936262784998704,0.005085232465192873,0.0447216981625061,0.0017550143478721766,0.006620759583268029,0.00022090328171673354,0.0007701745054050338,0.0009924929193363837,0.0034382790419867585,0.265893579246976,0.18158922618424542,0.005348434065312735
856,0.012925829310273295,0.01579823582366736,0.01579823582366736,0.018708437159606087,0.03554603060325156,0.0018242599633799975,0.017339527123537347,0.018529883240280584,0.02098042862341447,0.008677215997816675,0.0253900218594654,0.03385336247928719,0.0071810162834851626,0.02154304885045549,0.6242400266902357,0.004725715961248583,0.017689960860221076,0.010156008743786159,0.014810846084688151,0.028436824482601247,0.0458450840356312
857,0.014202819183112591,0.011611693833685726,0.012147618164471219,0.019258419041234858,0.02392712668759482,0.004314727763336772,0.03902909585642505,0.031583807227625174,0.02392712668759482,0.002475457754489549,0.02392712668759482,0.015791903613812587,0.6944647157944885,0.012147618164471219,0.0033457422910619884,0.002886750191535864,0.005317282601647093,0.010389410272245122,0.015791903613812587,0.014659769315220771,0.01879988525453879
858,0.003239646984569463,0.0026166965909364174,0.008397919853204334,0.013105844619394645,0.01108956083179547,0.012226632989368501,0.003015806170368553,0.011089560831795466,0.02011594755534992,0.0027859178711031564,0.014180094178361418,0.011533143265067288,0.018125840697435548,0.00848025240078477,0.774312981805375,0.036191230572063894,0.004552556552000245,0.004138687774545677,0.010548606644878616,0.01184911979287735,0.018403952018724395
859,0.10962761734626328,0.11524436569892177,0.0020358067673388637,0.004384814575806783,0.003638463158648181,0.01985896665946039,0.11210509265479342,0.000973053734302545,0.003976924847824757,0.03306150190158315,0.07736065715887681,0.003489954458295194,0.0040305536902497194,0.18137187563564422,0.004685144341273002,0.14994403614456572,0.15037020676524646,0.010808209510090741,0.003976924847824757,0.0029484098009735266,0.006107420302016591
860,0.002395324328374142,0.0244543442448672,0.013100541559750286,0.023665494430516642,0.020960866495600455,0.009653030622973895,0.012870707497298526,0.007295084404971064,0.02157736256900047,0.007410407346929455,0.03493477749266743,0.04784545613126191,0.004845795509489732,0.022925947729563,0.007888498143505548,0.016796285763599345,0.6461275675007888,0.01004973051158926,0.023665494430516642,0.01930606124594779,0.02223122204078836
861,0.00933349004811949,0.033574690535977794,0.015555816746865816,0.011200188057743386,0.018261176181103348,0.0034104801204521674,0.02153882318796805,0.022105634324493525,0.013125220380168029,0.00473213690987218,0.013125220380168029,0.015849322723221773,0.006774307292989951,0.012923293912780829,0.0020440836630248637,0.019220160196763626,0.006363743214626925,0.008316971330007465,0.7398826396911302,0.01866698009623898,0.003995621006283446
862,0.42993041391474496,0.12259412562095227,0.014122910136415692,0.018860634710915737,0.027243139026878284,0.010571933300640799,0.016345883416126968,0.027243139026878284,0.02451882512419045,0.006054030894861839,0.015324265702619034,0.01816209268458552,0.012457575035520405,0.014010757213823116,0.006207297499795051,0.1379924402683858,0.0038817294262442677,0.0038191651473607853,0.022289841021991323,0.037721269421831474,0.03064853140523807
863,0.12054820614624688,0.056336721091069235,0.0465635693038195,0.10431585929041162,0.06107374268431231,0.0006553369908676101,0.030410922392795248,0.003964435928630799,0.026511895720249555,0.005754826348012449,0.10703977007303153,0.021407954014606313,0.0014866634732365492,0.18347442365740652,0.02428914970358306,0.06617329144030357,0.04048785629239964,0.058431466541475116,0.0227744191644748,0.0029733269464730983,0.015326162796594572
864,0.005079121627330745,0.028781689221540896,0.0013134101163252475,0.008355974290124775,0.00761868244099612,0.0058871637044060916,0.2907319531397336,0.008674699808141763,0.21474941818213727,0.0036483831407587044,0.008932248379098898,0.22790210747300355,0.0024670019332749334,0.014390844610770444,0.09713820112270052,0.0007799014421737002,0.003507800109581362,0.005756337844308179,0.010793133458077836,0.03498941345595326,0.018502514499562
865,0.015885268020957903,0.01616893352133215,0.010528607874355818,0.01616893352133215,0.012256622539051713,0.007073908415582816,0.010060669746606674,0.3984625550865589,0.014147816831165633,0.26945865359467486,0.13826843663091723,0.0137190951090091,0.006859547554504548,0.013315592311685304,0.005203794696520692,0.004320001287182258,0.0013304176799138606,0.0019161300003161488,0.012235949691818925,0.012935146817065722,0.019683919069447834
866,0.023036478961314995,0.041492605380614146,0.004022242358324841,0.0007352444359919873,0.051979747399890246,0.02315558625919329,0.14824836120682983,0.05937955603520809,0.1483318819456075,0.03945169450859932,0.020746302690307073,0.0017644525539938056,0.07691312216894326,0.041269255546638836,0.0334740525304441,0.04364132958782452,0.06110515391078501,0.08932151995728263,0.0349518991137193,0.05197974739989024,0.004999766048596871
867,0.07322217802501677,0.09476527638151207,0.04989205250325729,0.01888627799993016,0.035730136076402234,0.029251041541077563,0.03962646890795289,0.05524598312175208,0.01029447007897129,0.028420522060720863,0.09100908330684764,0.09652064529074939,0.038756662165534944,0.04995157640591751,0.04121291254269741,0.06320403545238543,0.07125817586578707,0.04430470659486174,0.03924766717607804,0.028180708575896215,0.0010194199266513777
868,0.001715192234918207,0.01719780445895473,0.01916326782569241,0.03945378669995496,0.027946432245801435,0.010817973772568297,0.026828574955969374,0.005909539619254914,0.020324677996946497,0.00828042436912635,0.04471429159328229,0.021635947545136595,0.006189076742609231,0.024841273107379054,0.007475614781881532,0.011648301412054436,0.5887741046926579,0.04968254621475813,0.02579670668843209,0.01765037826050617,0.023954084782115515
869,0.0012184659372595622,0.06918534128211927,0.010197917980629264,0.024983595462987517,0.00822140811589659,0.01274140469837519,0.013627415707084098,0.07854560554525931,0.01623527690859421,0.005019172259493015,0.02220764041154446,0.012757580661951071,0.0035933697992469437,0.01873769659724064,0.007495078638896255,0.012411441345477326,0.10901932565667277,0.5279715501419534,0.017131608317477155,0.013324584246926677,0.015374520284915396
870,0.0705626592434245,0.10743068933153276,0.00030651058079446815,0.04452747117774719,0.04695624233289704,0.08072359310414355,0.063370317481246,0.028903969073589744,0.03937548505534633,0.027391141360856613,0.08608644427697792,0.07535679668042318,0.000748577776321547,0.03130416155526469,0.09926294084998474,0.04176760060113055,0.04249290445145485,0.05614333322411603,0.023747984628131838,0.03144150784200704,0.002099669372609217
871,0.017799858649069224,0.018808558672367037,0.003872350314899095,0.0026331982141313843,0.13714574031934293,0.009293640755757827,0.0709891927970788,0.04559782124543718,0.20218054662663346,0.13178734347302917,0.11567494579532876,0.0035583759650424118,0.0006786593335390166,0.023938165583012583,0.16378130148146744,0.035300120986543906,0.006722853595106103,0.00031084679091319603,0.0030618583885248666,0.0029922706978765734,0.003872350314899095
872,0.0012815127353515987,0.04325338100656567,0.017713289364593557,0.007624391415480577,0.019577846139813934,0.01593597729451969,0.012826864712291887,0.1487916306625859,0.011272093232014082,0.08939532900572798,0.17645046271419715,0.016173003332889773,0.0030490088250529897,0.012826864712291887,0.003611447346179269,0.007514728821342721,0.04910478042669482,0.32620825757657407,0.008856644682296778,0.011624346145514523,0.016908139848021128
873,0.004509293968426245,0.0014845633896698638,0.008411567594948956,0.018225063122389407,0.010668329632618188,0.003991653308408457,0.054667985639931894,0.008748030298746913,0.10935037873433644,0.0028428599377379204,0.007290025248955761,0.007673710788374487,0.002357846861667653,0.31590109412141637,0.3846436706821934,0.01680759589324971,0.0035274315720753686,0.0054675189367168215,0.012497186141067023,0.009112531561194704,0.01182166256587421
874,0.010602924715631385,0.043169050627927794,0.03555098287005817,0.016787964133083026,0.054942428071908085,0.0017266135945188954,0.02084023133762031,0.02084023133762031,0.05813606439523948,0.0069467437792067694,0.012207037437026488,0.030324537234453015,0.008393982066541515,0.01831414269063603,0.5304909996589295,0.007337253606017893,0.024207425007069995,0.009907650963786707,0.05950912979352885,0.01633423537272943,0.01343037130646642
875,0.013200888466259296,0.01236113463939546,0.01034299020847375,0.01747608690397289,0.010601911465811725,0.004331679659959092,0.013697473519330103,0.44805348708080295,0.01877061185982273,0.14573277096500656,0.024533582571517196,0.010794367304109206,0.004968691374658958,0.01689355067384046,0.00625687061994091,0.0054865833150665,0.0009597636001670525,0.19948157083669368,0.01448018629186325,0.009214664003912978,0.01236113463939546
876,0.006718833796305775,0.044647734259322225,0.011533998016991578,0.011729489508804996,0.01258254329126354,0.008141645659052881,0.0101770570738161,0.6099934634995123,0.017452338845846335,0.09920302473760835,0.0024169026757733265,0.00910578790815125,0.00424564344183739,0.013057356245650844,0.08822701023236677,0.004300237296260912,0.0023639721014505565,0.002116231118910936,0.0182115758163025,0.0080469753606918,0.01572817911407943
877,0.06845696625160286,0.05335490559801093,0.04162371375371179,0.006323983017965863,0.005398522088507445,0.3890481919594245,0.0055383832655355614,0.009222475234533553,0.010060882074036603,0.0019851067769399576,0.008363595278719724,0.13414509432048805,0.0020980038448227983,0.008853576225152211,0.002544131099181669,0.21798219838098082,0.005711984661388524,0.007940978523939496,0.006323983017965863,0.007257029692747714,0.007766294934344046
878,0.0548876502245334,0.03029513155698323,0.05263567170070411,0.0702689136655761,0.047866307860033507,0.025628846024108625,0.09182428737743571,0.06213414962600502,0.010969362217924345,0.05162571920744764,0.05799187298427136,0.04095110992673655,0.05024640051605727,0.04885719020633067,0.02424683816363673,0.07001064358394075,0.06770563282833686,0.05637439284301753,0.04053195423631869,0.044355520450353916,0.0005924048002479395
879,0.041946134346789725,0.06096166746150068,0.11661015074827018,0.12066776254427627,0.00207823866346025,0.004014168760165263,0.07784969696097047,0.0017813474258230714,0.043479977559241205,0.0006042456025919672,0.009525260540859483,0.0961560321815423,0.004034227993775781,0.1009677617331105,0.06964791541585959,0.09327135121609603,0.09488725294949335,0.0039516797691657645,0.0021102115659750236,0.037720031741803536,0.01773488481922941
880,0.057927201615287076,0.038870333223590126,0.02227684185924142,0.08586644067042314,0.06160520226138112,0.0004258733857077284,0.08103026603749228,0.0017775414091228544,0.0299497612376139,0.07863688625141324,0.05393918758717627,0.13781299961091045,0.009975997704260919,0.07511618949742174,0.025663254094211205,0.03445454713718308,0.001907605414668429,0.0028657741813287968,0.09546442979583328,0.10271489281830164,0.0017187742074313245
