site,A,C,D,E,F,G,H,I,K,L,M,N,P,Q,R,S,T,V,W,Y,*
790,0.07988369294131063,0.03854353469557291,0.012847844898524302,0.05086511955509967,0.015417413878229164,0.005710172725323492,0.0616006176853668,0.061780159038354834,0.03854353469557291,0.006627837264596553,0.0770870693911458,0.05139137959409721,0.03854353469557291,0.0616006176853668,0.004817941836946613,0.028907651021679682,0.03854353469557291,0.061614105612413324,0.019271767347786455,0.18480185305610042,0.0616006176853668
791,0.09354152443717362,0.06202132978500264,0.013890193649766217,0.006734639345341196,0.010257373772135054,0.054392235979775765,0.010257373772135054,0.012122350821614152,0.009390553453363077,0.00984537894489817,0.006061175410807076,0.010257373772135054,0.5388510359567891,0.00703910961486359,0.0019049408433965097,0.05937737586562168,0.06485267190987871,0.003205429303792204,0.0050895366044944905,0.013890193649766217,0.0070182031072502996
792,0.10146587706187357,0.039103233745396836,0.0052544970345377,0.03250782165367324,0.008407195255260319,0.12228647644015016,0.0313868622863052,0.02603797945592918,0.07631146462467062,0.023894133883371433,0.04018144791117066,0.09720916391864588,0.0004404990963616134,0.057941480813280585,0.11464357166264075,0.1114886883682425,0.06730791811294198,0.012724230249744674,0.008337714302737508,0.022018844716157983,0.0010508994069075399
793,0.04233546067967518,0.00718904049277503,0.00929314990529455,0.003988393250675357,0.006297837125902093,0.6106846705033384,0.044176132883139325,0.011546034730820503,0.013138591245416434,0.0025657854957378892,0.009769721695309657,0.0483833836339145,0.004509102320912149,0.021167730339837584,0.02044346428925576,0.0803604017265107,0.0051168369294873756,0.006001177612281023,0.003152690873564434,0.04233546067967518,0.007544933586476765
794,0.0071793713820426435,0.00983021620002762,0.015584489097604766,0.011410072375032061,0.01389052289134338,0.10385605619270503,0.04259760353345303,0.011737962651581273,0.11203376333549411,0.009536776910474557,0.016383693666712704,0.017749001472272097,0.01389052289134338,0.026623502208408145,0.5145985061948551,0.007885077121702349,0.008095380946491829,0.0056049478333490815,0.012528706921603834,0.01936254706066047,0.019621279112842435
795,0.04759996383115062,0.00844858210879105,0.012105431081252845,0.014746616044435282,0.015019701526739641,0.0029709299723221267,0.015039472150268164,0.03016944219935324,0.015303092121583787,0.004770964014376122,0.009541928028752244,0.00955789250754379,0.008648213937521432,0.021920645471457858,0.003379432843516419,0.011895911916618856,0.6567101077117159,0.07826055006038024,0.009113077330830794,0.010814185099252542,0.013983860042136906
796,0.0019124410511823357,0.011252651142179302,0.01139157276121855,0.01563927785862208,0.015908920580322457,0.007625763583956222,0.013771901397891083,0.005958729242151174,0.016477096315333974,0.005183805582352263,0.01318167705226718,0.010367611164704523,0.02877564002501517,0.027138746872314788,0.004960846202466143,0.020118061078398922,0.7464732048335132,0.004882102611950808,0.008165640651846927,0.011983342774788346,0.018830967217524544
797,0.0048554711601305825,0.008825156581879143,0.014971036077069292,0.008240937290129886,0.01045364964043623,0.002070789848698734,0.022456554115603936,0.014488099429421895,0.009980690718046196,0.0035585346672372736,0.008720991889554927,0.015758985344283466,0.008554877758325311,0.014971036077069292,0.0392521858553658,0.004633652376297754,0.007485518038534646,0.004383304198509309,0.7259899632282598,0.019527438361394728,0.05082112734375169
798,0.0045165893992055,0.010329965868054678,0.012334287603647376,0.009609270574934586,0.01475709409722097,0.003739354160381784,0.025824914670136697,0.01475709409722097,0.01796515803139944,0.003655434447099261,0.012912457335068347,0.015025404898988624,0.0938991610606441,0.015892255181622583,0.004216312599205992,0.6683363121921153,0.03150291578583619,0.0057388699266970435,0.010460724929675622,0.012912457335068347,0.011613965805776482
799,0.0020673615308972946,0.0661555689887134,0.005124727175182025,0.0035325789265817837,0.024866102788905525,0.0010861362072773844,0.006865200555432525,0.2955411450662079,0.004787574071551629,0.4314140552245146,0.015958580238505424,0.004141320951529053,0.0036385562943792374,0.00568524420996756,0.0011264880168356773,0.0017425381542721255,0.04791582180561228,0.06310049657805887,0.004088265499302514,0.006497421954248639,0.004664815762024664
800,0.005714902715812839,0.014385789594977145,0.016360309735464203,0.009481543142144028,0.019404088290899405,0.005528261553316511,0.6668054224056392,0.013678291746043842,0.01112501062011566,0.0165001672170846,0.10070052716484003,0.013109689839136681,0.006331224010074734,0.00951986804647953,0.04409429198942008,0.004767861694335283,0.007871469778383721,0.006369280889379194,0.010052720439863546,0.008023964535020254,0.010175314591569201
801,0.020225388055326764,0.05328174123765867,0.007002743134092283,0.0028970184103292176,0.010610216869836792,0.28099200715611794,0.005149075833891383,0.007780825704546981,0.0060368475293899,0.002801097253636913,0.007294524098012794,0.11955902911864875,0.003432717222594256,0.005470893073509595,0.0012409628295550572,0.3209590603125629,0.014742617124404804,0.10141140898754815,0.005557732646104986,0.011294746990471423,0.012259346411760413
802,0.04606963023225282,0.07775094501518073,0.005254626259912125,0.026441123778303856,0.004018243610521037,0.11069505224606589,0.023760049175254826,0.01639443393092583,0.10929776724787318,0.0009487519635952446,0.001939787537791654,0.012791342335421755,0.0013394145368403453,0.06867798776836212,0.09543146031116155,0.11505698841772505,0.18702471230527384,0.01006675767688428,0.001774289386463834,0.08316017211339188,0.0021064641507982425
803,0.18069677465733797,0.07429705633911643,0.00604330123332526,0.020864303483031053,0.02870568085829498,0.1848388661310573,0.0044162585935838446,0.005103232152585775,0.006206633699090808,0.026059057800438004,0.0054677487349133296,0.004592908937327198,0.0027017111396042343,0.017665034374335375,0.0119172348169854,0.35831204475602246,0.025166624314121634,0.01669357088566055,0.008505386920976292,0.006754277849010585,0.004992292323181736
804,0.0020781309019529876,0.0038322307311012198,0.602850578459484,0.21320748326547403,0.006460232797931773,0.03369666498752886,0.0051847827538428265,0.0061493934987438175,0.002111908875785421,0.002185321656578382,0.0061493934987438175,0.005288478408919684,0.002299338438660732,0.0841247989176605,0.0016322464225060752,0.0019301016090947747,0.0032246819566583438,0.002438251719791382,0.005288478408919684,0.004334818367966953,0.005532684322654509
805,0.0061735668115604605,0.007606724065914348,0.017030529135339204,0.015931785320156024,0.0100792927535681,0.002760254455361523,0.013348252565536128,0.01474284611715931,0.01543391702890115,0.003411224815590281,0.01175917487916278,0.012663726792944533,0.005232323802883485,0.010508198828188016,0.00238250847755855,0.004489866772043971,0.007777721967320263,0.00468137767701267,0.7976948444036465,0.011107599206394276,0.02518426412375872
806,0.13469588805807853,0.1098721581100796,0.009354195279213124,0.004823256940844267,0.05810606008734742,0.03504030988375511,0.005232007529051408,0.029393567000733305,0.02321850411663713,0.040687388403641014,0.24906834669417416,0.0062997641676333285,0.001882246611061177,0.09957691748839777,0.04267807953445691,0.04192065291795511,0.04462874519489149,0.04812965672351532,0.003631628755459213,0.005824310268189303,0.005936316234885252
807,0.10794304550393377,0.17010015155868785,0.020925647722038018,0.002565935661476121,0.002424950185570839,0.19304135278029502,0.00788108810310523,0.045715058607417106,0.002942272891825951,0.001944233188431246,0.0027583808360868295,0.029611543973394203,0.0006909535937761747,0.004549906533751472,0.0013748938746850241,0.1634869133563705,0.17864877765781914,0.057049602711815126,0.0016717459612647452,0.0022749532668757356,0.002398592031379852
808,0.047451150598013116,0.15188010390890022,0.07064190879483731,0.06805948052521472,0.001977605519647138,0.01047874093527315,0.0774859412426252,0.04611160104476501,0.027919136747959605,0.012430663266353443,0.09896442940872488,0.02027476713680534,0.03476432802510359,0.11048655099930244,0.029819392128710785,0.042599051344607404,0.0761356413603235,0.06765935479984252,0.0014167920140755615,0.0015820844157177108,0.0018612757831973064
809,0.07227518383435219,0.031457916757259424,0.10057169112584234,0.11151470464424364,0.0022409537474929434,0.06479180401224109,0.039997629008283145,0.01310746531552476,0.04913191044443338,0.02172710711561059,0.028605115482704033,0.08821532212353173,0.0008849626263984871,0.1252409080289014,0.06250953055492188,0.09675113669337955,0.04913874620484626,0.03684496781544379,0.001349862132183385,0.0023549005482129235,0.0012881817841930263
810,0.018005085584840236,0.30700147754674406,0.22338174416094372,0.12604022075255386,0.0024699883397599114,0.04307987837119829,0.028123670579139066,0.002851945299516599,0.0032933177863465487,0.0014953442921789735,0.002851945299516599,0.08494245731489615,0.023796876907794414,0.021279899542546925,0.001686821305201891,0.08114715101919925,0.018163146579244602,0.0012310600485771215,0.004535060558247706,0.0017109224583632776,0.0029119862531906326
811,0.011225086200298403,0.006289918991546517,0.011768235532570904,0.003965383712061936,0.009120382537742451,0.002026751675053878,0.008291256852493137,0.22682943368054964,0.004196556313182468,0.11280896718529522,0.29291995790387876,0.007600318781452041,0.0023844137353575038,0.03612032688214833,0.006120105981729963,0.03398900324624517,0.09680372843728526,0.11244398026165477,0.0035766206030362555,0.0070156788751865005,0.004503892611230841
812,0.0028566935141981983,0.005823259855865558,0.005266252391391462,0.007764346474487412,0.047837392429241656,0.002844201376525399,0.007025220098830917,0.16090594973394343,0.00665515412098921,0.4930524709242668,0.1980996810780433,0.004588022916742561,0.015135521799682134,0.005607583564907575,0.0016102403216329934,0.00224303342596303,0.00308989298474499,0.008184040878513757,0.007666063607721747,0.005879796359320563,0.007865182142987249
813,0.03837730338537713,0.050440365426911826,0.02320107245915403,0.16397297750111453,0.030506600465323632,0.06455729500948104,0.03906429618027157,0.052225205528031816,0.029247775157018114,0.0545050576685435,0.041627126737458005,0.09820529043411629,0.0029217589178056435,0.05123638680561584,0.04103131699620905,0.0571391326414668,0.05071102451081082,0.03376458692574891,0.03233699649324305,0.044254908408362825,0.0006735223479357167
814,0.046180790760871115,0.16639762858443008,0.005390100821439219,0.008222766473002383,0.004743288722866512,0.0063450011630207205,0.005155748611811426,0.07226103913741952,0.004391934002654177,0.020603939972607257,0.13026667285920532,0.004680877029144584,0.0019126164205106903,0.012705237650535299,0.0013330993460983953,0.001647521291880925,0.20671765042222295,0.28678629594296645,0.004042575616079414,0.005929110903583139,0.004286104267650462
815,0.006357476158009327,0.007404227074638735,0.016060992399181462,0.011302179836461028,0.01578407873712661,0.008927070894560924,0.013462890687549165,0.01578407873712661,0.013267776329758599,0.0038826677171679984,0.012714952316018656,0.015516551978870223,0.005651089918230514,0.01762956454795276,0.062435768760722626,0.004818297719754438,0.005944653030865866,0.004895596613654243,0.7385715328357796,0.01634779583488113,0.0032407578716894033
816,0.007337705430552062,0.011438187877037037,0.003937864775708004,0.010101256826474265,0.00997175353382716,0.004775674182685582,0.011283342095161122,0.05972749939628462,0.007635460890408933,0.003567875117607883,0.01319794096649862,0.628273173779684,0.005364115694058749,0.013889228136402114,0.0037215156729115723,0.0777241715496843,0.08725872685192723,0.006375383406873103,0.013645557467342431,0.01011881599765847,0.010654750351212584
817,0.02827490998035118,0.004626803451330193,0.004425638083881055,0.004183137366956066,0.0064972133571870785,0.05252891091279699,0.06514539259472914,0.040875888867276035,0.10749560181174915,0.0018395724565529684,0.03053690277877928,0.03097946658716739,0.002386941768973633,0.10594435657943832,0.24334751078779862,0.05087763469560753,0.18218101880486506,0.01454138227560918,0.0047713910591842615,0.005089483796463212,0.013450841983303806
818,0.044649016620356315,0.21840809003122222,0.0028072069748643477,0.03541504418672529,0.12229461353400971,0.0009643745761186142,0.015179711790007213,0.03100301835723356,0.002529951965001202,0.06325020697487568,0.10493107788156333,0.006027238504855804,0.0014742885551445855,0.002468989267049366,0.0008435659169960895,0.0031689604510066606,0.157869002616075,0.16485881218494164,0.002203506550162337,0.017091746697227246,0.0025615763645637176
819,0.005147881696386934,0.008504147443385407,0.009317665870460349,0.009713218271953289,0.011794513760076392,0.0025497510779129537,0.008708098944355466,0.012423554493947133,0.008245722009256946,0.0028095855386796294,0.010239193264242141,0.011226103458385962,0.003964964200195893,0.009808069337326685,0.04101535872975533,0.004217518360376809,0.005234643747449635,0.004567483269833505,0.7544844788340501,0.011794513760076392,0.06423353393189295
820,0.00823269011217382,0.010567333576820125,0.011800189160782473,0.012207092235292212,0.016091167037430642,0.006742965234732842,0.009077068585217287,0.5672046573041352,0.008634284751792055,0.003960089326055443,0.00855207489443411,0.012417820563865834,0.002962390584296855,0.009698785611602033,0.004722297724466145,0.016594016007350353,0.014882055891098166,0.24009780196746353,0.012872933629944516,0.012421251748192075,0.010261034052854322
821,0.043322821133116717,0.056166107221264784,0.09357991179275243,0.0863900151366673,0.02018469478264203,0.03041610379736551,0.08647432081743908,0.019412602632486325,0.024803413862744452,0.054534087658366176,0.03229551165222725,0.0020311642548570597,0.0010765170550742418,0.037348550890330824,0.002609738315331494,0.09236782139217256,0.06439878811604838,0.08740216346409235,0.05382585275371208,0.1096452556094135,0.001714557661895434
822,0.06194842797196883,0.06612123422780633,0.12473682240456004,0.16335331053936816,0.01600829881304785,0.08454742732739211,0.0314645873221975,0.0036209247315227276,0.025805658930398424,0.06761811902475517,0.058331609373571604,0.021344398417397135,0.0015597829612713286,0.06477432019723989,0.02616410128584164,0.042370223724086845,0.026313895758852183,0.011771425587888558,0.01351811899768485,0.08617800861024091,0.0024493037929077324
823,0.007990744997941744,0.018361711910164006,0.016633159021845416,0.017612254281177724,0.01961364681312974,0.006768693138598277,0.010834387538690662,0.054529152271023326,0.029296612354322554,0.005198797950468123,0.017260009195554166,0.6886156335282547,0.0066384650752131435,0.016596162688032857,0.005677634603800714,0.019849087605523275,0.006923743694301767,0.009180855955082003,0.011207798178931277,0.013951440002390545,0.017260009195554166
824,0.07002876452117096,0.05673624688622609,0.06289124579338855,0.040803154647646576,0.016860138465888762,0.027428601272476136,0.06724463854967094,0.05530592133447247,0.040742028716394714,0.02273687877083868,0.039175027611918004,0.05803994609256166,0.08809306727239591,0.040438738180044384,0.035484626460070647,0.043598014600360356,0.05669551734790143,0.05941211495175049,0.07748906560599166,0.04003558277102735,0.0007606801478042333
825,0.01141635437031329,0.004836798631444856,0.01863201180159029,0.011090172816875769,0.09981155535188192,0.01568307267032937,0.08907457900536743,0.0030806035602432683,0.1194326303355852,0.014708441905247187,0.03485482885303813,0.12890062484096915,0.0011638648570823223,0.05927892050786327,0.06691231999831149,0.011989376018244072,0.02609452427500181,0.006429085690942474,0.20733801353289483,0.06675172715475663,0.0025204938220172203
826,0.003038157074213297,0.04405327757609281,0.005973325773029533,0.005873770343479042,0.006777427319398895,0.001957923447826347,0.008195958618807966,0.10482834186628864,0.11485189887648484,0.1714987863836814,0.28535999931511047,0.005777479026372827,0.006526411492754492,0.01601937366403375,0.001632641046037213,0.00259136926918193,0.052333923134094795,0.13996072999836742,0.006526411492754492,0.007831693791305388,0.008391100490684346
827,0.07008844668495344,0.0562048835747657,0.00937231574238054,0.04630984783278201,0.05044028013119997,0.04735719217181359,0.11902210639362146,0.055715080667796055,0.056204689407477325,0.030259052431647865,0.01668979857282352,0.04098272760659998,0.05019004486478013,0.07637251826924044,0.07521236297302736,0.0661233924409008,0.0424602832508607,0.03088659966089732,0.028497208309418074,0.028187215367435275,0.003423953645578444
828,0.012073063310348048,0.17562761752022718,0.2313084554413754,0.0054986055143910985,0.01247210617172628,0.009862591658744738,0.0545354437179794,0.036776723326885176,0.011474337677988174,0.05737168838994089,0.006374632043326763,0.19936379878630595,0.0026560966847194853,0.01247210617172628,0.0030516855526564295,0.025695384799960155,0.007450868622070246,0.11254004307095795,0.006374632043326763,0.009664774829966749,0.007355344665377035
829,0.009466058852253344,0.012750201719361648,0.020825329474957355,0.13809292101772996,0.02231285300888288,0.0050852591340635155,0.021543444284438645,0.018932117704506684,0.49803101327350047,0.004308688856887729,0.0308055573019936,0.01323714406991051,0.005950094135702102,0.009452925062407792,0.10765282897807905,0.005250083060913619,0.006692181938924924,0.006440823548955883,0.008925141203553153,0.012495197684974412,0.04175013568800259
830,0.08739987082651693,0.00969389409359999,0.005539368053485709,0.06462596062399993,0.01005292720817777,0.004685552129559093,0.06785725865519993,0.039048505401418,0.1658732989349332,0.01180126237481738,0.007983206900611757,0.008494684527665764,0.0038383119206421737,0.07055620264629256,0.025546262081957625,0.13913923675921208,0.2175880605106795,0.004308397374933329,0.0069597188364307625,0.03392862932759996,0.015079390812266653
831,0.04806526449838815,0.017927427953993946,0.005654034970105783,0.006837437638267458,0.05512684095853137,0.0013611565668773177,0.025699733610255446,0.09354857859629569,0.12379360776652662,0.08169326395445736,0.06825227928199123,0.01470049092227503,0.1175014723143156,0.06762225824246518,0.08349878843852221,0.04162543429682075,0.053190534581089584,0.03297306375089727,0.011308069940211567,0.046201542898578675,0.003418718819133729
832,0.008383273386863803,0.03788904293196939,0.008025109787674073,0.005080789213070152,0.003852052698083555,0.0015645601958260453,0.006146892603324822,0.35621164737842653,0.005451017968986162,0.22916915618660497,0.062805207033971,0.008497175069301957,0.0017509330445834338,0.007222598808906665,0.0022223380950482045,0.0019260263490417779,0.003320735084554788,0.23364518326565023,0.0046597411670365576,0.0062805207033971005,0.005895999027678911
833,0.09051275867081401,0.0365675644881329,0.07120853208691169,0.055276550970433456,0.01045553530085911,0.0875500858238605,0.027010132860552705,0.09098513093371961,0.01026943400125179,0.05113918488264646,0.052702698264493086,0.01644095043685817,0.023226933905431926,0.08446805185481938,0.026396266204631057,0.05576572056799949,0.08676240740561263,0.03779885734838938,0.0030868723269203095,0.08033783107241318,0.002038500593249261
834,0.14085409396547618,0.0596393330484539,0.0027376812486931525,0.024556395840693773,0.023555465743963996,0.01720365376397709,0.018354908371919994,0.005473656621313882,0.12981730932745886,0.052015943725169884,0.033751115095829,0.06599165207189835,0.000799619770657901,0.10875712603841825,0.10696354391700012,0.06478677548418356,0.052231564568589454,0.02344691521058168,0.025607335582288393,0.04111499475310079,0.0023409158503318256
835,0.008930750479288716,0.01881525913301393,0.013608762635106615,0.01905226768914926,0.019938419674691087,0.005531303522656238,0.01749698053085136,0.017147040920234335,0.020413143952659918,0.03900777327405697,0.018241532893866312,0.012608118323701716,0.007455235182710581,0.018241532893866312,0.031058433837040125,0.005792919229808898,0.008488634118927888,0.007144600383430972,0.6874451868454706,0.01749698053085136,0.006085123948616651
836,0.04208766383969959,0.005531779420335182,0.006676285507301082,0.004609816183612652,0.004840306992793284,0.0020380239969655938,0.07997028944614994,0.18065778213681818,0.004543405140383391,0.03447889912674669,0.048403069927932856,0.027658897101675916,0.031986643910456525,0.11147373680372416,0.028057421053994808,0.06936170714296921,0.15544905471937326,0.07683026972687754,0.07204177849738842,0.004502611156086776,0.008800558168715063
837,0.03022648101282717,0.023338591823095136,0.5064358873175265,0.15817121912935111,0.027397477357546465,0.002589947494135609,0.015369316566428504,0.02032716062011512,0.028642817237434944,0.0077795306076983775,0.015753549480589216,0.027175002206789065,0.006117883293432705,0.022505070686556022,0.006365070497207765,0.02011091423053943,0.01188947130610507,0.008683466552096192,0.02032716062011512,0.015588302791467532,0.025205679168942743
838,0.004255243583988858,0.013177528518159037,0.01776101669838827,0.0140863235883769,0.015797158479972248,0.004809903204197282,0.007166726036191758,0.32806490358474455,0.022694632447940566,0.0803705712316751,0.010512372450946928,0.012115078946597066,0.0034328015467473124,0.011347316223970283,0.0033211657240888636,0.017100354638461383,0.0697911463588006,0.32796346214423183,0.0140863235883769,0.01167152525894086,0.010474445745203337
839,0.011886463238282284,0.01193115581309179,0.016005209017562156,0.011512518767018394,0.013961990845107412,0.1835562432783352,0.010158596719658053,0.014913944766364737,0.018228154714445787,0.0640844103050902,0.014913944766364737,0.010416088408254736,0.531759499933382,0.012866932739608792,0.004288977579869597,0.012868280809874531,0.0055336246726901805,0.005965577906545895,0.017735501884325638,0.015260780691163916,0.01215210314296386
840,0.0042764454170800634,0.11196986362682733,0.025579242775283152,0.00735014056060636,0.27138980531469636,0.0047040899587880705,0.007885185830979864,0.008552890834160127,0.009046326843823211,0.002983052516688137,0.006720128512554386,0.0827854686256892,0.0037936209345065084,0.00784014993131345,0.0027202299463900833,0.00309765465366759,0.004200080320346491,0.004526215813009377,0.006817521679403001,0.37757108013251434,0.046190805771673
841,0.009188540083588036,0.012390607082414172,0.007434364249448502,0.008518542369159741,0.009292955311810628,0.03618495873625376,0.05192254396440223,0.24947479630125094,0.012777813553739612,0.32736864345088024,0.029206430979976262,0.06675755652566001,0.01636073808930884,0.03696003583483701,0.0029969211698622875,0.035202453234143574,0.004814459200000902,0.052008618653305645,0.0065950005438656055,0.010484359838965836,0.014059660827126298
842,0.07789429529955876,0.0329934461600864,0.014703601006125463,0.06657963308996517,0.012525289745958726,0.5527903880134711,0.009802400670750309,0.016909141157044283,0.016909141157044283,0.011367489853475146,0.018787934618938094,0.048311831877269375,0.0063211742643156195,0.014090950964203566,0.0030990939116471417,0.005985536692759037,0.0058307383300152706,0.01368252503666031,0.020495928675205194,0.016909141157044283,0.03401031831846253
843,0.01021529263741439,0.017742350370246046,0.0749121460077055,0.012449333824444209,0.010701735143957933,0.007575385551341007,0.014656724218898907,0.01688373227225501,0.5446887409702876,0.004684205472754147,0.048157808147810684,0.024613072071475575,0.004747952915981336,0.039060850748714425,0.04095748761680096,0.007661469478060792,0.006828824467696819,0.008755965117783761,0.01685523285173374,0.01123682190115583,0.07661486821348128
844,0.008258597831474923,0.017395769900340797,0.017033358027417032,0.029200042332714907,0.014343880444140658,0.10510096374179952,0.012977796592317738,0.014343880444140658,0.0049354955720836095,0.0042806344780943325,0.015808272892266093,0.016685738475837094,0.006014871191557633,0.014096572160620992,0.6601112399409188,0.00505347567796278,0.006813343210966812,0.008697884950170397,0.013595591474428638,0.013403298119934712,0.011849292540811848
845,0.010641242820292229,0.014622351849064507,0.01686131574709287,0.6009263175244847,0.015536248839631039,0.03463052834532284,0.01183714197305222,0.04971599628681931,0.07766159805136298,0.006779454039111726,0.020155133629791617,0.015866807325580636,0.006373845677797348,0.016236514266033904,0.006599468533648583,0.005607067250393157,0.007688040662910205,0.03252226862363415,0.016571998762273107,0.01818877912932414,0.014977880662378795
846,0.018063457323730974,0.014832195325887346,0.6580015828572642,0.01900262193792459,0.019423112926757243,0.10187286878559712,0.00896451365850334,0.01773414658530009,0.02204785791685957,0.005195991993145247,0.023307735512108692,0.006241930076810368,0.003979369477677092,0.01773414658530009,0.005744864386787352,0.004532059682910022,0.006913311380710202,0.007098017548594364,0.01568789890238085,0.010026138087021253,0.013596179048730067
847,0.0043722640166198486,0.011335499302347757,0.012752436715141225,0.012242339246535576,0.012827727706668967,0.011622473968229977,0.01800344006843467,0.161870520914358,0.009274499429193618,0.24579501133638554,0.03600688013686934,0.16031634727606114,0.006581902820718051,0.1377263165235253,0.0221247094816908,0.03920284532464963,0.007464841003985106,0.04449828879637468,0.007287106694366414,0.009274499429193618,0.029420049808650896
848,0.013014230880143115,0.01960783832278273,0.03470461568038165,0.026028461760286233,0.02402627239411037,0.0053029041909492675,0.019521346320214673,0.04164553881645798,0.022310110080245346,0.005581044449675529,0.019521346320214673,0.022310110080245346,0.011155055040122671,0.022310110080245346,0.044356301378610324,0.008924044032098137,0.016439028480180775,0.010411384704114493,0.5025425191862097,0.022310110080245346,0.10797762772246615
849,0.00916017987689504,0.3949033749784125,0.2448741800355654,0.0459139087566685,0.009240535095681714,0.05191079958411114,0.006897864226353955,0.007534590154940475,0.012888114738713966,0.0028979192903617204,0.012557650258234122,0.06388022087884312,0.003574805547964458,0.010883296890469574,0.0461429745416077,0.00393343755547189,0.004150409831111278,0.004221968621302852,0.007817314763804031,0.04495577913369774,0.01166067523978883
850,0.05204721273097178,0.011721376420818023,0.01074459505241652,0.002718266244910154,0.017191352083866435,0.40917919419622395,0.012724099512734758,0.013224116987589565,0.01841930580414261,0.009463129587449413,0.011460901389244289,0.012579038110146169,0.004060949311149551,0.34382704167732875,0.013426199255151353,0.004159198084806396,0.0050071899273397375,0.006399823271857387,0.011460901389244289,0.011721376420818023,0.018464732541791214
851,0.26965147000868,0.020213417092291044,0.01890932566698194,0.013322479447191822,0.013088088642796371,0.0061704115334362125,0.011723781913528804,0.014893978585218518,0.018318409239888755,0.006441638414026817,0.018318409239888755,0.011272867224546929,0.0365408426315976,0.022545734449093857,0.0063716206051786985,0.4596142508650908,0.005484990336675865,0.010855353623637782,0.00862042787759471,0.010894242726185098,0.01674825987646972
852,0.0035498426570085436,0.006756152153661421,0.008055412183211694,0.009520032580159276,0.013775123060069235,0.0021591826470464337,0.007345193614021337,0.006171047705249261,0.009973367464928764,0.16610993837482868,0.694962378351627,0.007222093681500139,0.016903866787235284,0.006160021081279532,0.00163936795409436,0.0030827647315896647,0.00872669653181267,0.0036743985397105976,0.010472035838175204,0.007757063583833483,0.005984020478957258
853,0.00761673493580802,0.020200905699316925,0.013274880888122547,0.012557319759034843,0.019359201295178718,0.00673363523310564,0.05807760388553616,0.3658268156704538,0.012334897202214395,0.01944805809316949,0.07407363990418002,0.020200905699316925,0.008447651474259804,0.02219948089852381,0.011351774872765357,0.006637440444061274,0.07475259677172232,0.1924239025066375,0.017870031964780354,0.017253321506633227,0.019359201295178718
854,0.004040943345053107,0.012614033924440356,0.012876826297866196,0.003973646725465056,0.012876826297866196,0.4865583368500599,0.011662031364105235,0.014374131681339011,0.011886301198030335,0.003614547732734371,0.00922518898951608,0.011886301198030335,0.004947455357017297,0.011237957496319591,0.001576130813553438,0.2849865269276255,0.07023723435199744,0.0072845965069726895,0.006256501972749246,0.011446067820325508,0.006438413148933099
855,0.002797606078243928,0.091388465222635,0.007252551830043209,0.005595212156487857,0.16378711948991728,0.0030718811839541174,0.12527693432463305,0.005222198012722,0.007121179108257272,0.0011287583521084248,0.00827534768422192,0.009460740158942882,0.0015878423178408208,0.003405781312644782,0.021115534424661263,0.00751996513831968,0.0016151127874397934,0.005595212156487857,0.2536496177607829,0.26642927714511927,0.008703663354536664
856,0.013145588299230225,0.016066830143503606,0.016066830143503606,0.0190265093804648,0.036150367822883125,0.04296540983502361,0.017634325767260053,0.01884491976974624,0.030876192078914424,0.008824742022558896,0.02582169130205937,0.034428921736079164,0.007303104610683456,0.021909313832050373,0.5755917445417157,0.006096934278959567,0.008310429384570831,0.010328676520823747,0.015062653259534632,0.028920294258306497,0.0466245210121282
857,0.0049243316178098386,0.01229827749852107,0.01286589030614512,0.02039714316827885,0.025341905148467667,0.004569851748084332,0.009225056785362031,0.033451314795977315,0.025341905148467667,0.06493633331786546,0.025341905148467667,0.016725657397988657,0.657110125819724,0.01286589030614512,0.003543571482624715,0.003057439804468908,0.004835942694895349,0.01100372197236096,0.016725657397988657,0.015526581537989324,0.01991149690236745
858,0.0037440288320476104,0.0030240910592573785,0.00970539512773507,0.015146298456919881,0.01281609869431682,0.0032787899291179257,0.003485338157986839,0.01281609869431682,0.02324780693387703,0.0066906199763242585,0.016387798330437905,0.013328742642089494,0.002641970176589692,0.009800546060359922,0.803395203037832,0.0032926794978654244,0.0052613457797721684,0.004783041617974698,0.012190923148252587,0.013693913673379618,0.021269270173547065
859,0.23358912426345974,0.05080133187736842,0.003091086331162628,0.006657724405581046,0.005524494719524698,0.035178556697876624,0.011540055636340479,0.0014774452791121392,0.018115203615185635,0.024234116836315007,0.13600779857115564,0.0026495025695679668,0.001264248618485179,0.07081397776845295,0.001778433231627814,0.16545405404912078,0.20929931520170492,0.002735124408414479,0.006038401205061879,0.004476745720994152,0.009273258993487885
860,0.083819289611414,0.019318614060243613,0.010349257532273365,0.018695432961526082,0.01655881205163738,0.007625768707990902,0.010167691610654533,0.191904019382543,0.017045835935509072,0.005854125472801095,0.027598020086062304,0.012599096126245836,0.023223743482420928,0.01811120068147839,0.0062318109871753605,0.005007796983674788,0.46644098106732446,0.007939156463113814,0.018695432961526082,0.015251537415981804,0.01756237641840329
861,0.00910898124106363,0.008220977948882375,0.015181635401772713,0.010930777489276355,0.01782191981947231,0.0033284440525522814,0.021020725940916064,0.021573902939361223,0.012809504870245727,0.005105261702505544,0.012809504870245727,0.015468081352749555,0.006611357352384891,0.01261243556454964,0.04474286832999398,0.0045044412730534415,0.006210669027997928,0.00811691397718541,0.6504816748258924,0.01821796248212726,0.09512195953777142
862,0.38224793756033654,0.12019435709845024,0.013846455493749656,0.01849143955360773,0.026709857132988946,0.06692731991166316,0.016025914279793364,0.026709857132988946,0.024038871419690046,0.005935523807330876,0.015024294637306276,0.01780657142199263,0.00542556024927373,0.0137364979541086,0.006085790232832924,0.14435861397574615,0.003805744936426439,0.0037444053474401046,0.021853519472445494,0.03698287910721546,0.03004858927461256
863,0.09817338637474637,0.041584115665748676,0.03496485446916853,0.09772291237481229,0.12483880046016857,0.08315370975574304,0.015540488045851397,0.004051785628970383,0.046660411432746275,0.026467309350532348,0.030388392217277876,0.026741785151204532,0.0015194196108638941,0.14035719677494435,0.011984154677236347,0.03381565449742201,0.01810372302305916,0.06941085893082283,0.033621199899967015,0.057737945212827976,0.0031618964458863482
864,0.01174933095524969,0.011096590346624708,0.0934665108817259,0.00966477223738281,0.008811998216437267,0.006809271349065163,0.213086841064357,0.020409426904450228,0.15651292109700918,0.00421983013181503,0.01033130825375404,0.23961321256750232,0.0028534089462749256,0.016644885519937064,0.031209160349881988,0.04410351912354168,0.004057227551960802,0.0066579542079748255,0.0124836641399528,0.07481759905804079,0.021400567097061937
865,0.10176965107700645,0.014798138039258588,0.009635996862773034,0.014798138039258588,0.009651063596905504,0.006474185392175633,0.009207730335538677,0.3290029617305643,0.012948370784351265,0.2024220043607771,0.04143478650992404,0.012555995912098196,0.006277997956049099,0.012186701914683544,0.004762619139071731,0.003953753368653275,0.03708211293176415,0.12998556609957956,0.011198590948628122,0.01183851043140687,0.018015124569532193
866,0.016688851665598622,0.025765244676713654,0.004370889721942495,0.03406298597434063,0.004707112008245764,0.03580342886716513,0.18732384522610696,0.011764243648598276,0.14690685508125617,0.019786782214302558,0.0032206555845892067,0.010429902479893647,0.1193999143555023,0.04482274317455928,0.1096304735917238,0.018357736832158484,0.07504184393269892,0.06330254080054648,0.0031651270400273237,0.06001567810513348,0.005433145018896994
867,0.06205089071917906,0.08342771784391519,0.04899666098555378,0.030813067273791902,0.05043832614746506,0.04928634575000806,0.04039605047311269,0.07915343248948307,0.02011275743585226,0.027146249641251025,0.06490007888539864,0.05300833762162761,0.03433007817376435,0.047103359602000426,0.042645499055162676,0.05321666596636744,0.08570744897398463,0.08105985564968989,0.012460481755180344,0.0326512685897234,0.001095426967488382
868,0.04897547128730532,0.015155167880914857,0.016887187067305128,0.03476773807974585,0.024627147806486647,0.0095330894734787,0.02364206189422718,0.0555137409456068,0.01791065295017211,0.007296932683403453,0.039403436490378634,0.019066178946957404,0.005453980901223099,0.021890798050210353,0.006587712827114518,0.02189483487278826,0.47348955287292405,0.09850859122594656,0.02273275182137229,0.015553988088307356,0.02110898383413141
869,0.09401516188239924,0.10683377302739708,0.006298918439684747,0.015431544992846245,0.0050780933205936025,0.003067189147211749,0.008417206359734315,0.068867113575245,0.010027996428994792,0.015994425398606984,0.041150786647589976,0.007879937868687445,0.002219506308255893,0.011573658744634684,0.018517853991415496,0.015332278000782424,0.24316373928121357,0.2978226930227383,0.010581630852237425,0.008230157329517998,0.009496335380213074
870,0.016580127103238262,0.15828629472339456,0.044482850929248016,0.05812573294813413,0.03831014217036113,0.036120991189197635,0.06879937289989442,0.015692412737468592,0.0335570177957709,0.05286799619509836,0.10301171561363774,0.0674576454861542,0.0014657793526051213,0.015324056868144453,0.024940684392541226,0.08673369723390348,0.04705832963203358,0.04885931175350405,0.026156579826660357,0.05411359498377088,0.00205566616523889
871,0.022920086420029906,0.020538778740026804,0.00422857209353493,0.002875429023603752,0.029952385662539088,0.018605717211553692,0.2076416972667875,0.04640374243523901,0.1373671545903666,0.1088180483632501,0.11498825243966183,0.01554285958704731,0.0007410899545370495,0.034853685134590924,0.08395868769452362,0.04479835073005845,0.050180058618516446,0.031371688356882546,0.016717610602347395,0.0032675329813679,0.00422857209353493
872,0.04582467512340896,0.04593129440276829,0.01567496555015109,0.00674702876007965,0.017324961923851204,0.007065916354478996,0.011350837122523202,0.06583485531063456,0.009974978077368874,0.10711828067746713,0.21134168236708362,0.014311925067529256,0.0026981498078128916,0.011350837122523202,0.003195866762652163,0.0033249926924562912,0.12397472753301311,0.26386737931078197,0.007837482775075543,0.01028669614228665,0.014962467116053313
873,0.002822613897582391,0.0009292694787398442,0.005265260539720999,0.011408064502728832,0.006677891416231511,0.004997188553921941,0.10043760138846108,0.005475870961309838,0.18252903204366125,0.0017795016304824685,0.004563225801091531,0.004803395580096349,0.0014759054004272105,0.4259010747685429,0.21294155809258453,0.0014355834325721895,0.0022080124843991285,0.003422419350818649,0.007822672801871199,0.005704032251364416,0.007399825623391674
874,0.009227280650228034,0.03756821407592843,0.030938529238999885,0.01460986102952772,0.047814090642090724,0.07960958439430837,0.0181363792090689,0.018136379209068895,0.1388793691253424,0.006045459736356301,0.010623272668646535,0.05278034564143852,0.00730493051476386,0.01593803021403024,0.4220820396385546,0.014013600007577358,0.006657658190670862,0.02586663919981957,0.017865447869335062,0.014214999920621566,0.011687888823622178
875,0.005902990490103245,0.011940517123125919,0.009991044939758421,0.01688142076028147,0.010241155774805239,0.004184283778189425,0.013231383839139533,0.3935204268063909,0.018131896372154174,0.01976359223167492,0.02042628293487409,0.010427062837520405,0.004799619627923164,0.016318706734938754,0.006043965457384725,0.003390079509500929,0.016744095483628256,0.3832323824953068,0.01398746291566179,0.008901112764512048,0.011940517123125919
876,0.058112332209055755,0.14159413417819394,0.00665063357503638,0.006763356178003099,0.02902094650924966,0.004694564876496269,0.005868206095620336,0.32163346652056335,0.010063215766129611,0.07186499092009736,0.052456427652459496,0.005250500190818195,0.0024480859785409987,0.00752901914155062,0.0032838747370980475,0.0024795654118376603,0.05815578311168356,0.18792087386897258,0.010501000381636387,0.004639976912816079,0.00906904578414052
877,0.14402665613798193,0.04549501937654749,0.13427445804604243,0.005308637593319662,0.0045317637991753226,0.2995244128254594,0.01859667840733174,0.007741763156924509,0.008445559807554008,0.001666388482207966,0.007020780445770964,0.061934105255396055,0.007044637564594814,0.007432092630647528,0.00427131760382042,0.21471187286610713,0.007192347707078254,0.0028616119947039768,0.005308637593319662,0.006091879205448794,0.006519379500568006
878,0.05702363711717291,0.08181709191764716,0.05038133030671445,0.027410576418664036,0.03502973043816746,0.0501160999813692,0.10445215236225942,0.07091419788868064,0.011394078986608235,0.02804978415045953,0.02868439465160116,0.05716883593293033,0.044294410525538785,0.04772809939261649,0.024112655977621005,0.06375131354269087,0.07155372569341295,0.047594930561317,0.01904582117996098,0.07886179117511076,0.0006153417994567904
879,0.03720938563266288,0.058797727615907736,0.08370695805684103,0.09315633037455301,0.0017539094885427025,0.07951637502250007,0.1032436450282704,0.001503350990179459,0.010497852230362762,0.0005099472521754112,0.0032155007289949534,0.17304034850880062,0.02496741742513729,0.09807277223434607,0.039585646280269476,0.10742344835426344,0.06660050824986807,0.0008417699497325234,0.0017808927114433594,0.013022777952429565,0.0015534359127189344
880,0.049080656343251546,0.030725204967186427,0.04010954356296984,0.060061503345134756,0.061648477331421606,0.05009841579259752,0.09189881125320626,0.0027274780879962286,0.06568861700962561,0.07881028170931133,0.06724644251438977,0.12380450236778061,0.018878972479837844,0.0303913385068469,0.011875894174816912,0.042954776055447216,0.005122336896968528,0.011135297373985074,0.04059129154488505,0.11583150614211832,0.0013186525402227682
