site,A,C,D,E,F,G,H,I,K,L,M,N,P,Q,R,S,T,V,W,Y,*
790,0.07547987187266426,0.012671606555890955,0.012671606555890955,0.020231862306155503,0.015205927867069147,0.0018195956166330424,0.054062064343407046,0.0501286879863562,0.038014819667672874,0.16132729554044584,0.10137285244712764,0.05068642622356382,0.038014819667672874,0.054062064343407046,0.019007409833836437,0.03801481966767287,0.07602963933534575,0.054067091648537055,0.019007409833836433,0.054062064343407046,0.054062064343407046
791,0.05395664751443207,0.04297645223479125,0.004812467307541728,0.0023333174824444742,0.003553822011723123,0.007374134888854836,0.003553822011723123,0.004199971468400054,0.003253499024816943,0.002843653729604222,0.002099985734200027,0.003553822011723123,0.1658783514669013,0.617298983185466,0.0006599955164628656,0.0019465888466086306,0.06958653964931709,0.0011105693786634758,0.0017633467997099463,0.004812467307541728,0.0024315624290737158
792,0.06628708744920109,0.049472277351518976,0.013295674538220725,0.04664319600963954,0.011818377367307313,0.05625938316999183,0.06555259979733122,0.000812838426394917,0.09745615798271876,0.02355381875308966,0.0521399001498852,0.16006929977999845,0.0004953837176556182,0.05877247123201475,0.0798635803911979,0.10089699514824683,0.06746779226896066,0.019636292064448634,0.004688281930832653,0.023636754734614625,0.0011818377367307314
793,0.06269526286171083,0.0047567073361494,0.006148914361363857,0.002638964052852763,0.0041670328729903824,0.3612136518119432,0.007307405472925162,0.007639560267149035,0.00869329271779028,0.001697680059366452,0.006464243302972261,0.024010046553896967,0.002983496909064119,0.0070029302448866146,0.011386819135753103,0.016501450177041913,0.0033856111653333583,0.19815206362748214,0.25115974892709664,0.0070029302448866146,0.004992187897344914
794,0.0012147877133378226,0.0016633247151856341,0.0026369782070016154,0.001930644758697611,0.002350350141023179,0.0003994080457299637,0.007207740432471081,0.8794751214112125,0.0011654505581336818,0.001613673231150242,0.002772207858642724,0.0030032251801962837,0.002350350141023179,0.004504837770294426,0.07768409069935625,0.0005739708653235326,0.0013697813896610834,0.0009483868990093528,0.0021199236566091413,0.003276245651123219,0.0017395006748173708
795,0.0022277346662629427,0.006979835071875881,0.010000957714926635,0.01218298485272881,0.0124085956833349,0.0024544474978025078,0.012424929275140046,0.005340409327413573,0.012642720130190275,0.003941553922941674,0.00788310784588335,0.352866277078601,0.00632983815990559,0.018109842348650932,0.0027919340287503526,0.003207137958960882,0.48255859666678685,0.01763326755000223,0.007528810864045896,0.008934188892001128,0.011552830463794562
796,0.0021906090280406454,0.009658798097135,0.009778042518087284,0.013424092270594408,0.013655542137328796,0.013091263536612729,0.011821215581568211,0.0051147202502081586,0.014143240070804822,0.004449558673961069,0.011314592056643858,0.22855220437283277,0.004010246553187315,0.02329474835191383,0.004258179806263818,0.024559008387053903,0.5690346136132002,0.0041905896506088365,0.007009039327124514,0.010285992778767144,0.016163702938062654
797,0.0027317806786531494,0.18378701277371495,0.008422990425847208,0.004636508491292042,0.005881422660614697,0.0015548791001076003,0.012634485638770815,0.008151281057271495,0.005615326950564807,0.34926066636297126,0.00490659636457119,0.008866305711418117,0.004813137386198406,0.008422990425847208,0.0008312031931526492,0.002606981200321871,0.004211495212923604,0.0024661305408361085,0.36320413318010625,0.010986509251105059,0.00600816339371148
798,0.000617691980596187,0.0014582105219205007,0.0017411468918453739,0.0013564749041120937,0.002083157888457858,0.0005278590124599098,0.0036455263048012516,0.002083157888457858,0.002536018298992175,0.0015541215513109692,0.0018227631524006258,0.002121033486429819,0.0003289836330905634,0.0022434008029546164,0.0005951879681308168,0.08384395592514239,0.0011117627070807716,0.0008101169566225004,0.0014766688829574693,0.0018227631524006258,0.8862199980898356
799,0.0018501563910611257,0.05074714672624802,0.004586303166574057,0.0031614322798714377,0.046000913329257966,0.0009720224621694273,0.00614391556276902,0.2352670357360219,0.0042845726950889226,0.4808540318878106,0.042845726950889236,0.0037062174715910725,0.003256275248267581,0.0050879300754180954,0.001008134751785629,0.0015109673978359701,0.024301385472049398,0.05913805261738092,0.0036587362340085184,0.017444331687147756,0.004174711856753309
800,0.0010048456912881184,0.00252943915393216,0.002876617077020888,0.0016671303514552871,0.00341180164948989,0.0009720287603135085,0.10528536869191206,0.0024050405070174634,0.0019560996123742036,0.0007191542692552219,0.00505887830786432,0.8455743648083536,0.0011132128547876104,0.0055821002876750205,0.0007133705489198484,0.0008383284053032302,0.0013840327446043893,0.0011199043582295056,0.0017675598906995817,0.012231606530381084,0.001789115499122747
801,0.022242230055348575,0.03384687182335653,0.0022242230055348573,0.0009201558406936353,0.003370034856870996,0.07936164608558517,0.0016354580923050423,0.00247135889503873,0.001917433625461084,0.0008896892022139429,0.0023168989640988103,0.04339947327872894,0.0010903053948700281,0.0017376742230741076,0.0010541648034454718,0.11352804924084169,0.008194505809865265,0.2460762319719188,0.0017652563535990936,0.003587456460540093,0.428370882016609
802,0.027365890549254184,0.03896330844759857,0.004114452075587166,0.00032650903360178135,0.003146345704860774,0.05557958166910486,0.08837127501478523,0.004279030158610653,0.0767044445674129,0.0007428871803143495,0.009113298415098088,0.38950904489586535,0.0010487819016202582,0.02182981794881789,0.046019914048361046,0.07581946759379106,0.08180614975079589,0.016890908520831523,0.005557182024169679,0.05116231711382303,0.001649393385695661
803,0.07036207250923171,0.052262016514657506,0.002922546976148611,0.004359249644515671,0.03470524534176475,0.07939127142993113,0.0021357074056470617,0.0024679285576366047,0.0030015347322607353,0.0055134574159966705,0.007932627506689086,0.0199902213168565,0.001306550412866438,0.013668527396141196,0.002990305394960876,0.08112658769252243,0.003042651646401294,0.2793016806387771,0.004113214262727674,0.003266376032166094,0.32614022717210067
804,0.000533082790913919,0.000983045029377914,0.04468435977597345,0.04882287872924187,0.0016571809440101444,0.00013419914208272462,0.001330002098570119,0.0015774443494668852,0.0005417475273581386,0.0005605793969179842,0.0015774443494668852,0.0013566021405415217,0.0005898270176267486,0.004979935340708226,0.00041870436436466723,0.0004951102702706284,0.0008271964271594644,0.0006254610960818372,0.0013566021405415217,0.0011119689676569848,0.8858366281016684
805,0.0014210384226172597,0.3994314691498503,0.0039201059934269224,0.003667195929334863,0.002320062730803689,0.0006353584171024386,0.0030725155083616428,0.003393524591324799,0.003552596056543149,0.386507903933913,0.0027067398526043045,0.002914950610496943,0.001204382068004687,0.0024187888044549105,0.0005081550089286539,0.0010334824891761888,0.0017902846269193821,0.0010775646806576375,0.1626340721315686,0.002556759445084798,0.013233049548825716
806,0.0193775442541317,0.038883767427353805,0.004344966436011126,0.002240373318568237,0.02024243186659301,0.016276009406247075,0.004860470928419226,0.6336415351398623,0.008354747097166436,0.01881361792777846,0.10310890037300231,0.002926201885476881,0.000874292026758336,0.07862987647104004,0.005680426281011958,0.019471886620642448,0.01210997338435928,0.0030133708272730977,0.0016868693222160842,0.0027053564601578713,0.0027573825459301375
807,0.021886336751646886,0.12090554828536072,0.0027794378916174874,0.003749009249158472,0.00354301972997394,0.16383598046194287,0.0028787035306038268,0.00654504718275126,0.004298863939035048,0.0014203294952758966,0.004030184942845357,0.1236872732525146,0.0010095309296710797,0.0033238638703879234,0.0010044074623913662,0.23858094725157464,0.23288968710782315,0.054360919820087755,0.002442536328997186,0.0033238638703879234,0.003504508645952484
808,0.04191570437188391,0.07927730040667375,0.04378688103856981,0.06544116778852786,0.0020645130314237954,0.03603513654848807,0.057997410434304855,0.02925050331856837,0.033032208502780734,0.020055269448116874,0.09487974782713615,0.10862942154050265,0.010213128568871792,0.11371743910793365,0.05551486350467337,0.07121075190485575,0.07076009065359812,0.06114472637748774,0.001479054112064809,0.0016516104251390366,0.0019430710883988663
809,0.05302519303805522,0.0346412114848328,0.3727450367257136,0.06437832521736996,0.0014806324263678533,0.028271947535210912,0.02642704542820199,0.0017320605742416398,0.022555977973002777,0.007555490570766002,0.03509969810742618,0.04662817037958447,0.0005847083467185154,0.058607404393547426,0.014085593135499477,0.03753732896322065,0.03491704001149563,0.015677835982531873,0.0008918745629055263,0.0015559188209289308,0.14160150632237867
810,0.014107773281485138,0.04763267670762569,0.14788937451874548,0.19268299235774805,0.0018354696851622678,0.00383033476642697,0.016611927655610023,0.0021193052034863304,0.004894585827099381,0.0011112032688549945,0.0021193052034863304,0.06429685377300322,0.004420916230928473,0.031626554575103695,0.0012534914923059389,0.035497947286750486,0.012458945741707516,0.0009148113630355563,0.003370042700625803,0.40916156620566996,0.0021639221551386736
811,0.0034053707442167802,0.00763272753014106,0.01428058699187682,0.004811936921175885,0.011067454918704535,0.002459434426378786,0.010061322653367762,0.36183910923537793,0.0050924615955251756,0.13848681524003628,0.3200063171998379,0.009222879098920448,0.002893452266327983,0.013149451388559845,0.0018253755523751087,0.027496782406719347,0.041341881785770626,0.006607624948256607,0.004340178399491975,0.008513426860541951,0.005465409836397302
812,0.0024882501732319453,0.00507220227620358,0.00458703510195802,0.006762936368271439,0.0056167912089220414,0.0024773692146783273,0.0030089840769392537,0.434675461313365,0.005796802601375519,0.38441360053286167,0.10845980194349339,0.003996280581251305,0.0006867629390806678,0.004884342932640484,0.00140255884620963,0.001953737173056194,0.00269137263635292,0.002376166832095371,0.006677329578799649,0.005121446958496819,0.006850766710716523
813,0.06069682702718902,0.05882995641043131,0.05424741243740826,0.10189117744575289,0.04041964063963751,0.05565634828922671,0.03941352404362922,0.10227546356061035,0.01930296470915461,0.03374569706923336,0.04097465254706949,0.052387867566622386,0.001344158628469949,0.06553987914961305,0.02828833241849914,0.0534606382648893,0.036660076151455494,0.033761024561582136,0.05928213960480169,0.06107856807767448,0.0007436513970496079
814,0.01429224318361585,0.09315845186785343,0.00546953031799897,0.0054782980253184,0.0048131866798390936,0.0014890609348137778,0.005231724651999015,0.20869676619614816,0.004456654333184346,0.09609155373279032,0.06366485721595683,0.004749855276157001,0.0019408010805802795,0.00859497621399838,0.0013527441381778979,0.0016717994623865805,0.2048856492093668,0.2594939513193731,0.004102147738499227,0.006016483349798866,0.0043492650721437594
815,0.0010712391484611228,0.6640571729936982,0.0027062883750596793,0.0019044251528197744,0.002659628230662098,0.000491158950919208,0.002268506432035319,0.002659628230662098,0.0022356295272232133,0.1902491888507299,0.002142478296922246,0.002614549786074605,0.0009522125764098871,0.002970593871641478,0.00025594904016257005,0.0008118865125179036,0.001001678164794816,0.0008249114298310249,0.11044805641665136,0.0027546149531857446,0.004920203059537702
816,0.010015261216188518,0.015612024836999751,0.005374806161955188,0.013787242713194585,0.013610483191230552,0.006518335312815249,0.015400675257980797,0.01587670302349155,0.01042166874197939,0.004869805912458637,0.018013918321789932,0.7709059994211355,0.007321501302868848,0.018957458730642557,0.005079510473282215,0.0028735646700015416,0.009680467283165626,0.00870178433537691,0.018624871735368122,0.013811209290732204,0.014542708067342232
817,0.0027107388367943585,0.0022178772301044754,0.0021214477853173245,0.0020052040710533616,0.0031144658975935185,0.0005862094917235912,0.011710391774951631,0.6350866871403482,0.10911332809161137,0.0008818066095596106,0.010455706941921099,0.01485013449722127,0.001144190336736678,0.05974689681097771,0.10607225486297882,0.00295206893120099,0.027032314361303586,0.0013940942589228131,0.0022871858935452406,0.0024396649531149227,0.002077331223019505
818,0.008175283180539856,0.16393799162571981,0.004063694508661025,0.0033737647507279737,0.0334927079665449,0.0013105477832238137,0.0036623419645957396,0.07940266500586779,0.0036623419645957396,0.10911733464261651,0.13905967510229322,0.004362495575474337,0.0021341704973543516,0.0035740927606295776,0.00122114051984224,0.0015291221604755404,0.2109508971607146,0.21300271529436116,0.003189781711099515,0.007069114585509104,0.003708121239153186
819,0.0009130639341357566,0.657823403657841,0.0016526457207857194,0.0017228036329454868,0.0020919566085895185,0.00038918890394796504,0.001544528711014691,0.0022035276277142927,0.001462518336978513,0.1914525542908865,0.0018160941986656257,0.001991139422633397,0.000703253498206689,0.001739627074511284,0.00028227377506482004,0.0007480482523749882,0.0009284526521268086,0.0008101204513655486,0.11856846484160061,0.0020919566085895185,0.009064377800021227
820,0.010360995224933396,0.01329918790066078,0.014850759822404537,0.015362854988694347,0.020251036121460727,0.00848614846994545,0.011423661401849645,0.6412595507241046,0.010866409626149662,0.004670337770194518,0.01076294697567669,0.015120556403931312,0.003728224223197792,0.012206103963620166,0.0059431004334242294,0.006961293666752126,0.005117502600576268,0.14458241783143408,0.016200828897168583,0.015632378760425825,0.01291370419339525
821,0.026659919371045834,0.018059890122451183,0.22250868569114718,0.04949855927615952,0.04615305253515301,0.013009948874522583,0.030642600453667165,0.019293489174531178,0.01095742958617895,0.03643662042248923,0.03323019782531017,0.02351193242356852,0.0006922957880272951,0.04803685059781232,0.0067131712778404394,0.0243585555046641,0.035232910640674846,0.026880698271105806,0.028401878483171095,0.0474350817722406,0.25228623190823896
822,0.008907407701311952,0.005041910849995104,0.6332315762895347,0.03313682789101355,0.003662019459470129,0.015290879925948377,0.00639801100964896,0.0008283139253563387,0.004231823888648454,0.009867616931832066,0.014614634737794023,0.011392949429462621,0.000356812152461192,0.015461859939984984,0.0017955708317401921,0.01903885738878748,0.01593397780074789,0.0003187920081262824,0.0007730929969992495,0.01623495293698424,0.18348211190415217
823,0.00454553015531837,0.010445048016476253,0.0014286666715228747,0.010018719526007833,0.011157210381236,0.003723090869284666,0.004973081947539552,0.00756086413705552,0.5292204755008555,0.0029573328721348427,0.009818345135487678,0.3535710653788723,0.003776286590572184,0.00944071647643046,0.0032297187945683147,0.000842594787148288,0.003938567149652588,0.005222524008238126,0.006375548789277714,0.007936267676833147,0.009818345135487678
824,0.04570309368859314,0.03439494818622702,0.0453897202317827,0.06458432012222555,0.01853603321320772,0.019426710932799924,0.04172252405054443,0.03245781092918045,0.021010190689927183,0.021971441244368305,0.0195342682034447,0.04349274907268749,0.055090310020691466,0.044498611757747386,0.024221234326332396,0.037224800220423286,0.03487301332727369,0.028913690495653198,0.023787761686897245,0.3425486390124691,0.0006181285875236006
825,0.01433472260831663,0.006073231825594146,0.0029010748135878885,0.004641719701740621,0.055700636420887455,0.0035164543195004712,0.049689234356120625,0.0019340498757252592,0.035705536167235555,0.013035566109707762,0.03182893509764998,0.5734808412079834,0.0007306920991882862,0.03964541396355493,0.033797213080368135,0.014113336930968109,0.00955648173887775,0.001009069500378396,0.07265300402724452,0.03407038171159504,0.001582404443775212
826,0.0021896282630644295,0.03704121145017328,0.00430503183924532,0.004233281308591232,0.004884555356066805,0.0014110937695304103,0.005906904151522648,0.5727642720711228,0.0045580174565582965,0.08141520347242862,0.1831925646329676,0.00416388325435203,0.004703645898434701,0.0173179689896914,0.0027468383608482113,0.0018676241067314254,0.0013089786553473544,0.04959373126020809,0.004703645898434701,0.005644375078121642,0.006047544726558902
827,0.029435291104653035,0.052558194273740894,0.239282206336624,0.03123887581266035,0.01909165176610246,0.017802839683144576,0.04755265196195606,0.06650882608714129,0.021788635590435496,0.029954143288195248,0.017687853842124342,0.036498746023431186,0.049603115077626964,0.03679073599161863,0.027909694057842518,0.034413103393520834,0.026491025339587155,0.0355173222457045,0.02287981094006134,0.024706843462014953,0.13228843372181415
828,0.0006916207918794016,0.009542510919953538,0.047800784296392326,0.05537138867286502,0.0029042424538989024,0.00013332482597152058,0.0011544609205039113,0.010276550221488427,0.005343806115173981,0.004065939435458465,0.001484390587548328,0.03198739216151072,0.0006184960781451367,0.0029042424538989024,0.000710612515315689,0.0053676623924738655,0.00780750893450744,0.011143316305822262,0.001484390587548328,0.7974946009593958,0.0017127583702480707
829,0.0024399055269180964,0.003286403362787639,0.0053677921592198115,0.000679084583252174,0.005751205884878369,0.0013107410444694997,0.00555288844057222,0.004879811053836192,0.11561465106808479,0.0011105776881144439,0.003689829796034906,0.8298603779710854,0.0015336549026342316,0.0022124411100921722,0.0003049990167731585,0.0013532249140890283,0.005180805735025769,0.0016601419049133439,0.002300482353951348,0.0032206752955318864,0.0026903061877353853
830,0.060552541860486274,0.027209005754609775,0.005182667762782814,0.012092891446493233,0.009405582236161402,0.00438383218775714,0.021162560031363156,0.0032488046587541577,0.0282167467084842,0.002760333917134325,0.02987655533839504,0.3233652354597972,0.0035911488932567825,0.06601282915100946,0.09261732154902463,0.0928611743099422,0.18222859461639973,0.004030963815497744,0.0065115569327271255,0.01058128001568158,0.014108373354242103
831,0.03440418468491823,0.007939865243702946,0.004173518910151548,0.0025235230619520986,0.043404596665576105,0.0010047360339253727,0.24006191567420418,0.04603517828167164,0.028555655701036912,0.05545231180805612,0.03100328333255435,0.007234099444262684,0.0775077003527717,0.015191608832951637,0.03645986119908392,0.011275380375841934,0.2239470320340488,0.027381404438564357,0.06051602419719744,0.043404596665576105,0.0025235230619520986
832,0.0012287163392542503,0.01755591285298987,0.007436879750224876,0.004708374017745835,0.003569702280107941,0.001449879982479205,0.00569633342570416,0.46514717351326273,0.005051465490718784,0.23899111367210238,0.017460500283136664,0.007874343264943986,0.0016225919455036093,0.006693191775202389,0.0020594436231391963,0.0017848511400539704,0.00307732955181719,0.1929900120679278,0.004318188242066057,0.005820166761045555,0.005463830020573378
833,0.05141220317545466,0.043593927350732156,0.07871125771659972,0.08786372954411131,0.022851655466109594,0.03460581158229815,0.05083435394197065,0.051181696235429945,0.10973776005888118,0.0640184896095011,0.04031552224508766,0.03593340026192596,0.021158580735299477,0.08014237149326517,0.03085839080934875,0.03517670828766184,0.056297235988669,0.035836019773411255,0.013493358465702807,0.054492409188415164,0.0014851180701245226
834,0.11323744453159058,0.10308413321451539,0.02163186007729943,0.02083577252979827,0.00664729033625347,0.016047896196398913,0.06889009984844506,0.010988476796808767,0.11475795585178167,0.03920774639010523,0.03571678389628731,0.05512509991053826,0.0007897770696538778,0.11091999951037736,0.08625689373343877,0.05960647158662454,0.0580090444495476,0.06818833312672917,0.001945548391098577,0.005801271566184847,0.0023121009865229468
835,0.0008927960207147613,0.7000619912084272,0.0013604510791843981,0.0019046315108581576,0.0019932190229910948,0.0005529575354104328,0.0017491513875227975,0.0017141683597723415,0.002040676618776597,0.2160775816713922,0.0018235833614599379,0.00126041791159731,0.0007452905912053659,0.0018235833614599379,0.0004410725081410454,0.0005791109323555208,0.0008485981979070999,0.000714236816571809,0.06105900824196853,0.0017491513875227975,0.0006083222747606911
836,0.041422746891231974,0.010327234832135166,0.006231952053874669,0.004303014513389653,0.004518165239059135,0.0019023853638143724,0.019644196691561457,0.07604769528875989,0.14658817477887973,0.029708483763676498,0.07099973947092927,0.010327234832135166,0.02155542089694549,0.12048440637491026,0.039126051897531315,0.10256227237296985,0.12965976149418607,0.09753499563683213,0.05463827730955233,0.004202944408427102,0.008214845889198427
837,0.0025001093131666917,0.003445830204228335,0.06645461376739799,0.15612044264139158,0.004045105022355003,0.00018999886308977197,0.00226920525644305,0.0030012069520698407,0.004228973432462048,0.0011486100680761118,0.002325935387854126,0.0013661032729749467,0.0009032758787783015,0.003322764839791609,0.0009397718738804551,0.001979519479024788,0.0017554229342295292,0.001282071838327877,0.0030012069520698407,0.7359983354018214,0.003721496620566602
838,0.005442319554366331,0.01685363474900541,0.022715768574746418,0.01801595438686785,0.02020405713611012,0.0061517113523907475,0.00916601188103803,0.3760926280577642,0.029025704289953762,0.036340145338655316,0.013444985938722754,0.01549479595054122,0.004390442665707292,0.014512852144976881,0.004247664042432258,0.005292444668879009,0.0014280825324104287,0.3548408583821038,0.01801595438686785,0.014927505063404789,0.013396478903055582
839,0.001794200324302369,0.0037188879449176373,0.004988752121230977,0.003588400648604738,0.0043518901483078735,0.011442732138208116,0.29959382221996683,0.004648609931147047,0.005681634360290836,0.0008196093174957412,0.004648609931147047,0.0032466482058804776,0.1474403369285736,0.00401056543079353,0.0013368551435978435,0.00074227547907624,0.48201417570008054,0.0018594439724588187,0.005528076674877569,0.00475671713884814,0.0037877562401938893
840,0.004832192183936383,0.0034369728043471466,0.009527603779843949,0.00830533031614066,0.4940712235838483,0.005315411402330022,0.0028301387688514494,0.009664384367872767,0.010221945004480811,0.003260988590386517,0.00759344486047146,0.011644009473346513,0.004286622098653243,0.00885901900388337,0.0030737382577025784,0.0035002113077844664,0.0047459030377946625,0.005114421567753099,0.00770349478598554,0.3834105068917361,0.008602437912850956
841,0.0031136273744546733,0.0055982391177063825,0.0016794717353119152,0.0019243946967115694,0.002099339669139894,0.0038165672421591004,0.0014662054832088145,0.85908449589815,0.0028865920450673543,0.06620222687946123,0.006597924674439667,0.00565536400666257,0.00027981486355106326,0.00799796056417611,0.0006770241851029841,0.004893824924087699,0.0032628539075740394,0.015926025076233676,0.001489853958744441,0.002368485780568086,0.0029797079174888816
842,0.012385984934817967,0.00536913000136107,0.001595176304752202,0.0007748538155912488,0.0013588538892333572,0.053293878117418564,0.0010634508698348013,0.0018344527504650324,0.0018344527504650324,0.0006166227732655571,0.0020382808338500354,0.017034204111461018,0.0006857767291458065,0.007643553126937636,0.000336217037717621,0.002597455221897391,0.0006325699139534595,0.39014177364664215,0.0022235790914727663,0.0018344527504650324,0.4947052813292521
843,0.011539895527815374,0.020042976443047755,0.08462590053731278,0.016561472813283417,0.012089414362473249,0.008557675335233874,0.016557241409474233,0.01907302252192191,0.5522576723480174,0.0052915999281725815,0.05440236463112963,0.0834138454193057,0.005363613414336724,0.020660081376829047,0.0102917540449125,0.00865492164586153,0.00771430870677014,0.00989133902384175,0.01904082762089537,0.012693885080596913,0.021276187808768072
844,0.0023525416392226506,0.004955353665596648,0.0048521171308967175,0.00831791508153723,0.00408599337338671,0.0026082814398837293,0.0036968511473498803,0.00408599337338671,0.001405923751278258,0.0012193802213771856,0.657608137288369,0.004753094332306989,0.001713394358394731,0.004015545211776594,0.16764175938982184,0.11183153690948228,0.0019408468523586869,0.0024776768327983236,0.0032442127888977447,0.003818059381689221,0.003375385830189021
845,0.0028561800200402492,0.004556909250146113,0.5379414633477948,0.16671923941090838,0.004841716078280245,0.0022589533380650327,0.003688926535832568,0.015493491450496786,0.007559966596862686,0.002112748834158653,0.006281145182633831,0.004944731313988335,0.0019863450577559984,0.005059946772772588,0.002056658157145591,0.0017473862538154267,0.0023959007397675444,0.0018163944323749271,0.005164497150165595,0.005668350530669554,0.21484904954632494
846,0.0012198378838268401,0.0030369389612798087,0.11965478176634303,0.11421415774180328,0.003976943877866417,0.0003839385133150915,0.001835512559015269,0.0036311226710954237,0.004514368726226742,0.0010638958144610793,0.0047723326534397,0.0012780549492066237,0.0008147885018067779,0.0036311226710954237,0.0011762791751435877,0.0009279535715021635,0.0014155223972066905,0.001453341569979925,0.003212146978276721,0.7250030983026031,0.0027838607145064917
847,0.004701030600396449,0.012187857112138939,0.013711339251156305,0.013162885681110056,0.1747366997601373,0.062482052283750276,0.07742873930064736,0.07389823220318768,0.009971883091750042,0.23563605781807417,0.07742873930064736,0.047010306003964476,0.00353841012933066,0.11517524970971298,0.003964724602743993,0.020647773996460148,0.008026149805554912,0.02235904647271925,0.00783505100066075,0.009971883091750042,0.006125888784106795
848,0.003826360348543508,0.25768111229660695,0.010203627596116021,0.007652720697087016,0.007064049874234168,0.0015591257382203693,0.005739540522815263,0.012244353115339226,0.006559474883217443,0.506749091591285,0.005739540522815263,0.006559474883217443,0.0032797374416087214,0.006559474883217443,0.0018260655964393783,0.002623789953286977,0.004833297282370747,0.0030610882788348064,0.1312053804150838,0.006559474883217443,0.008473219196443041
849,0.009503957306943072,0.36544973233908945,0.127032098927492,0.04763703709780951,0.28458696971606123,0.029481664699316956,0.007156737967746031,0.007817359933999509,0.013371799887104421,0.0030066768976921192,0.013028933223332517,0.011046269471955828,0.0037089663920435627,0.011291742126888181,0.002822425749705457,0.004081057697461165,0.00430617284499973,0.004380417204396277,0.007394246780310172,0.03079743859970105,0.012098295135951622
850,0.001105825856482482,0.0027394322353770572,0.002511146215762303,0.0006352928110404069,0.004017833945219684,0.0865865209601017,0.0028745960898270083,0.0030906414963228343,0.004304822084163947,0.001105825856482482,0.00267855596347979,0.0029398784965022078,0.0009490946327290593,0.005022292431524605,0.0023545147753996952,0.0009720565996499238,0.0011702428966659276,0.21343692561226044,0.00267855596347979,0.0027394322353770572,0.6560865128421517
851,0.1215943016442358,0.00646197464200667,0.0060450730521997885,0.004259028741322577,0.007260552239484389,0.0019726027854546674,0.0037479452923638683,0.00476141720604865,0.005856164519318545,0.002059310600199928,0.005856164519318545,0.0036037935503498734,0.0003680015286303766,0.007207587100699747,0.0020369267893281897,0.13627041250929545,0.0017534822690008498,0.00347031971515173,0.0027558421267381383,0.6673048916083325,0.005354207560519812
852,0.0038334425225937338,0.007295906736549364,0.00869896572434732,0.01028059585604683,0.005714273766307831,0.0023316815343611373,0.01325660193968411,0.6601843927961351,0.01077014803966811,0.1665525531682745,0.05140297928023415,0.007799072718380356,0.0005884929999143695,0.0066521502597950075,0.0017703384157028248,0.0033290493554401046,0.009423879534709596,0.003967949277772461,0.011308655441651515,0.00837678180863075,0.006462088823800865
853,0.010209294339579778,0.08123047235404779,0.01779334156326761,0.0168315393166045,0.025948623113098604,0.009025608039338644,0.0778458693392958,0.4462683897810809,0.015968383454214523,0.05202095529717604,0.03311336559988516,0.02707682411801593,0.011323035540261208,0.029755667827354337,0.007607827496258592,0.008896670781633805,0.008030583142372556,0.0480263997739344,0.023952575181321788,0.023125950828159464,0.025948623113098604
854,0.0012188103240803134,0.004075821977739632,0.004160734935609207,0.0012839569603537554,0.004160734935609207,0.14337320008470347,0.003768212771872489,0.004644541323470743,0.003840678402100806,0.0011679255959604789,0.0029808250284961485,0.003840678402100806,0.0015986121013156721,0.007262373705790617,0.0005092763067036669,0.029897496543299693,0.06959774801382673,0.22214449825523536,0.48469507581005183,0.0036984310538748506,0.0020803674678046037
855,0.001236490475639319,0.011540577772633643,0.001576163775360832,0.002472980951278638,0.3210378907659905,0.0013577150320745464,0.049827840799573954,0.0023081155545267287,0.0031474303016273573,0.0004988904487069485,0.0036575516023210877,0.1373562153067441,0.000333998910082108,0.04768452530150798,0.00026506282808989444,0.0005539477330864149,0.000713850171503112,0.002472980951278638,0.23740617132274922,0.1707047407376806,0.003846859257544548
856,0.0029131439023669077,0.0035605092140039984,0.0035605092140039984,0.0042163924902678925,0.008011145731508998,0.0012371373016528359,0.003907875966589755,0.8089599168151032,0.0017634253060540834,0.0019556175674909776,0.005722246951077856,0.007629662601437141,0.001618413279092727,0.004855239837278181,0.11481399253225501,0.0010650527951725063,0.0018416426968986199,0.002288898780431142,0.003337977388128749,0.006408916585207198,0.010332283043978535
857,0.0015188618547545725,0.0039296235655907705,0.004110990807079576,0.006517424450248105,0.008097406135156736,0.0014601879915856412,0.6613520459039598,0.010688576098406894,0.008097406135156736,0.002514161642909741,0.008097406135156736,0.005344288049203446,0.19159421970965632,0.004110990807079576,0.0011322644172041202,0.0009769325425825746,0.06027354731632521,0.00351597897973911,0.005344288049203446,0.004961151731377554,0.006362247677623152
858,0.0023562709187388686,0.009513708748494694,0.006108003255371632,0.009532186898534516,0.008065696606452281,0.0020634769936879057,0.024854748040107094,0.008065696606452281,0.01463079849542507,0.1330519221234133,0.010313513693496363,0.008388324470710374,0.0016002483467239155,0.006167885640228216,0.4706408425466688,0.24864931789323516,0.0033111807121225163,0.0030101642837477415,0.00767224799150339,0.00861814157949696,0.013385624155388895
859,0.1397464101414704,0.062001476616709836,0.0018862883097676263,0.004062774821037965,0.0033712386812868225,0.015333698518111028,0.059858215696626006,0.023444090778300574,0.007369684559092123,0.015844821802048065,0.09808699210791659,0.05229882095185572,0.0006804315321980986,0.22566867415038153,0.002170523534527132,0.14988975594900567,0.11452705300135414,0.011683475811522466,0.0036848422795460615,0.0027318658279393217,0.005658864929302879
860,0.0018223402320341744,0.01860463522101968,0.0099667688684034,0.01800448569776098,0.01594683018944544,0.007343934955665664,0.009791913274220883,0.0480855145564303,0.016415854606782073,0.005637768248793843,0.0265780503157424,0.331438106630316,0.003686635671231889,0.01744184551970595,0.006001495232586994,0.004822718433716523,0.40115970148888086,0.007645740501788909,0.01800448569776098,0.01468786991133133,0.016913304746381527
861,0.00283832908140058,0.44160521693386107,0.004730548469000967,0.003405994897680696,0.005553252550566353,0.0010371323971538682,0.0065499901878474905,0.006722358350685584,0.003991400270719566,0.3018369305001766,0.003991400270719566,0.00481980410049155,0.0020600775590810657,0.003929994112708495,0.004352709506445713,0.0014035693259673199,0.0019352243736822138,0.002529204131941111,0.18373693031256483,0.005676658162801159,0.007293274504504472
862,0.19625838189666275,0.06827248564399964,0.3488792219850514,0.0105034593298461,0.015171663476444365,0.033717676861471584,0.009102998085866619,0.015171663476444365,0.013654497128799929,0.0033714807725431922,0.008534060705499955,0.010114442317629578,0.0029796211471244324,0.007802569787885673,0.0034568347161518806,0.1982321066918238,0.002161729325812489,0.0021268873722501583,0.012413179207999935,0.0210069186596922,0.01706812141099991
863,0.024482206394847317,0.01092244217065507,0.008434858374264201,0.02115653990503101,0.016826464965603753,0.01651004201891659,0.007580576760662695,0.0009882209582973635,0.01063726516793666,0.002151771441453937,0.02371730299913672,0.005336393174805763,0.00037058285936151126,0.04941104791486817,0.00584581411950553,0.01716383769674368,0.009461690026251354,0.008827643459363902,0.014507924706918737,0.01704681153062951,0.7286205633547466
864,0.003168580274975938,0.0119701921499091,0.0032800443112607717,0.005212825613670092,0.004752870412463908,0.0036726725914493826,0.1559271241483622,0.005411660661069981,0.5581832571371548,0.0022760224510390546,0.00557233082840596,0.11645603605382447,0.0015390247049883131,0.008977644112431826,0.06396571430107674,0.0014611496574806419,0.002920067807066954,0.00359105764497273,0.006733233084323868,0.023385806766660865,0.011542685287412346
865,0.00845475010871495,0.01721145557845544,0.011207459446436098,0.01721145557845544,0.011224983301433629,0.0075300118155742545,0.010709350137705607,0.34896696144367345,0.015060023631148509,0.25207158243789507,0.1285122016524673,0.014603659278689462,0.007301829639344733,0.014174139888139772,0.005539319036744279,0.0045985414038044615,0.0023818172404382774,0.07549333225911951,0.013024885302614928,0.01376916446276435,0.020953076356380534
866,0.026913436083308012,0.014839488567237503,0.004027861182535894,0.012768045907588373,0.060727753213618084,0.03729707533702026,0.1519079074556394,0.04359956652159781,0.12151292389796467,0.024311880670635812,0.005935795426895002,0.03004995002664351,0.059140791021624575,0.042466393969724014,0.10081144090255029,0.04088279100273932,0.043469615467436835,0.05833454126431293,0.03791745182180342,0.0780785398460804,0.005006750413043563
867,0.04025444245035514,0.06287550604023305,0.03733416870624774,0.044346802281494235,0.032602114243083805,0.03414521635615807,0.039432984240549335,0.038029539943689336,0.006871640004397055,0.032672144688924945,0.0516368890185489,0.06050522887746189,0.01970868308600577,0.028069422339389756,0.02801938771846393,0.04918832105188299,0.057227115426689644,0.035462344246271114,0.009824297818786415,0.29085810405005386,0.000935647411312992
868,0.004405963635314232,0.010184477394577292,0.011348417668243268,0.02336438931697143,0.0165497757661881,0.006406364812717973,0.015887784735540575,0.014021503647653534,0.4454981234839226,0.004903637264055734,0.02647964122590096,0.012812729625435946,0.0036651487885470953,0.014710911792167198,0.004427031946917935,0.023001185625703247,0.2856409056549623,0.036777279480417986,0.015276716091865938,0.010452489957592485,0.014185522085304086
869,0.049027986388516694,0.13332995333208117,0.007369812213348321,0.01805509784705266,0.15855885859927307,0.003472219557186778,0.00984823518930145,0.072848277212955,0.011732879424537837,0.012475783239811973,0.01604897586404681,0.00921962443253753,0.0025968497377474517,0.013541323385289497,0.005416529354115799,0.0029898257071329167,0.12693280910655208,0.31341410592205154,0.012380638523693255,0.009629385518428088,0.011110829444340099
870,0.06409585024370065,0.08476632769356619,0.021451208833248827,0.038948666086785155,0.047392083210493825,0.062061061347075244,0.07082489926822916,0.0074331182006420965,0.11701505392535934,0.04502247904996912,0.07481805729064069,0.06210499947531568,0.0007555259642252637,0.043442742942952674,0.08067937975119781,0.07349641770017913,0.03863846355327101,0.008814469582628078,0.02996051237445012,0.02615952531373067,0.002119158192339155
871,0.017012782444082,0.01242203162583765,0.0038362156491557452,0.0026086266414259065,0.0760849437082556,0.009206917557973789,0.025116700101198677,0.20875134944933937,0.18876779615647407,0.11258242884533544,0.09367741752497226,0.003525171137062036,0.000672326453975749,0.019762323041105354,0.1393571535587558,0.02646432824634978,0.028496388933535493,0.018787961235132173,0.00606657358471141,0.002964348456165803,0.0038362156491557452
872,0.0310122465739488,0.1207448084970767,0.0164826246519819,0.007094672215560169,0.018217637773243152,0.0034342877807873413,0.011935693713504135,0.069227023538324,0.01048894296035212,0.17162994011758262,0.17989254570998292,0.015049352943113908,0.0028371730958329506,0.011935693713504135,0.003360535123219611,0.0034963143201173735,0.04045735141850103,0.2479117066589848,0.00824131232599095,0.010816722427863124,0.01573341444052818
873,0.0037754486453954127,0.007463475515294938,0.007042663819295288,0.015259104941806458,0.008932158990325732,0.0033420491504079944,0.09387404274554671,0.0073243703720671,0.11190010290658069,0.1118880763530362,0.006103641976722583,0.00642488629128693,0.001974129387496943,0.20345473255741942,0.2630453273456198,0.11267394585232485,0.002953375150027057,0.0045777314825419385,0.010463386245810141,0.007629552470903229,0.009897797800090674
874,0.004408810109845185,0.005983385149075608,0.004927493652179912,0.002326872002418292,0.007615217462459867,0.00023931483295008764,0.00866559228486812,0.0028885307616227066,0.009893075382964803,0.0009628435872075693,0.32225221051051894,0.004203089553788646,0.001163436001209146,0.002538405820819955,0.059934415276752535,0.5511227814923697,0.0035362327351955536,0.001373235935853418,0.0018395762760448366,0.0022639835699205003,0.0018614976019346331
875,0.006326189213375101,0.012796559769676795,0.010707325521566297,0.018091687950232707,0.043901469469542646,0.0044842645346730645,0.014179971636668882,0.3831259870668567,0.01943181298358328,0.08770937853034136,0.01094534465103706,0.011174602527396625,0.005143715201536751,0.017488631685224954,0.006477270994527761,0.0036331219678305193,0.01491460960914009,0.2921419875404335,0.014990255730192815,0.009539253646486338,0.012796559769676795
876,0.0054440678500219655,0.03617670893885565,0.009345649809204373,0.009504050653428178,0.040781017349255454,0.00659692927708544,0.008246161596356803,0.4049930690891797,0.014141102414321058,0.13158792397195462,0.05487447257649545,0.01475628917242796,0.00344011649418566,0.010579980916080423,0.00461458941677501,0.0034843522435264586,0.04279404106575322,0.16461889927390289,0.01475628917242796,0.006520220797119331,0.012744067921642328
877,0.041770788930303206,0.47235030631101826,0.06438265885752777,0.002958069984787302,0.002525181694330624,0.14862945376550857,0.002590602355427998,0.004313852061148148,0.004706020430343435,0.0009285421476910815,0.003912107304621978,0.07215897993193267,0.0009813502319199578,0.004141297978702223,0.004760112619197957,0.08816495961529763,0.002671805147549821,0.06806861658280672,0.002958069984787302,0.0033945065399198547,0.0036327175251773883
878,0.041105783897244154,0.026696808854931902,0.034000279835644506,0.03223635702274007,0.01619067074394052,0.02758374277339724,0.04833826807667076,0.025837338940228962,0.01093580392353877,0.033802832608157134,0.028120638660528278,0.026481504382367727,0.02900102697955033,0.03599235626401773,0.013573714471839695,0.043485523701847835,0.03422577731709033,0.035410561516647024,0.021922003256863432,0.4345949698311607,0.00046403694159287575
879,0.0173132114864929,0.010625242828088088,0.04978205008673864,0.04762255041244459,0.0010142277244993179,0.026317598731936606,0.04161074826459362,0.0008693380495708435,0.0260547933225989,0.00029488559390729064,0.0009297087474577078,0.04761642327185456,0.004593854987438085,0.055782524847462475,0.021156895434374375,0.04257322296358336,0.038512866470028904,0.0004867676617557317,0.00308949368385946,0.015061281708814865,0.5486923137224998
