site,A,C,D,E,F,G,H,I,K,L,M,N,P,Q,R,S,T,V,W,Y,*
790,0.05082,0.02688,0.00991,0.02246,0.05793,0.00321,0.06700,0.03749,0.04096,0.08912,0.08475,0.05578,0.04854,0.06692,0.03748,0.02260,0.09930,0.04993,0.02110,0.06640,0.04141
791,0.12029,0.09300,0.00960,0.00532,0.00846,0.04012,0.00734,0.01034,0.00637,0.00533,0.00590,0.00977,0.44216,0.16082,0.00156,0.01327,0.03811,0.00259,0.00370,0.01078,0.00517
792,0.07616,0.04620,0.01435,0.03717,0.00980,0.06551,0.07222,0.00765,0.09614,0.02133,0.04512,0.10516,0.00049,0.06070,0.09578,0.12467,0.07233,0.01746,0.00693,0.02374,0.00108
793,0.05919,0.01055,0.00809,0.01528,0.00736,0.55475,0.06036,0.01062,0.00988,0.00216,0.00819,0.04809,0.00363,0.01649,0.01224,0.02916,0.00440,0.04376,0.07247,0.01681,0.00651
794,0.00533,0.00893,0.01356,0.00990,0.01105,0.02149,0.13050,0.22239,0.03770,0.00630,0.01335,0.01263,0.00826,0.01822,0.41046,0.00671,0.01185,0.00465,0.00795,0.02161,0.01715
795,0.01608,0.01088,0.01022,0.01305,0.01341,0.00281,0.01550,0.00928,0.01362,0.00485,0.01288,0.09729,0.01483,0.01536,0.00328,0.00769,0.66998,0.03197,0.00992,0.01285,0.01426
796,0.00490,0.00999,0.01053,0.01593,0.01294,0.00831,0.01318,0.02013,0.01764,0.00440,0.01263,0.05992,0.00836,0.03478,0.00399,0.02018,0.69814,0.00459,0.00826,0.01366,0.01754
797,0.00416,0.06042,0.01388,0.00717,0.01036,0.00742,0.01783,0.01435,0.00895,0.09417,0.00966,0.01539,0.00800,0.01312,0.00587,0.00411,0.00700,0.00340,0.66374,0.01753,0.01349
798,0.00954,0.00898,0.00922,0.00836,0.01249,0.00305,0.01979,0.01238,0.01255,0.00272,0.01084,0.01600,0.01170,0.01234,0.00318,0.57275,0.01588,0.00502,0.00969,0.01078,0.23273
799,0.00209,0.04779,0.00514,0.00345,0.03460,0.00112,0.00506,0.27034,0.00443,0.49135,0.03434,0.00405,0.00302,0.00454,0.00099,0.00286,0.01948,0.03418,0.00333,0.02316,0.00467
800,0.00493,0.00974,0.01716,0.00864,0.01091,0.00358,0.51220,0.00836,0.01005,0.00525,0.04328,0.25981,0.00896,0.02564,0.02015,0.00354,0.00556,0.00573,0.00713,0.02163,0.00776
801,0.04939,0.04987,0.00801,0.00418,0.00745,0.21955,0.00606,0.00806,0.00472,0.00203,0.00557,0.12564,0.00277,0.00509,0.00196,0.19107,0.01582,0.16517,0.00454,0.00817,0.11485
802,0.04369,0.05815,0.00608,0.00763,0.01148,0.09568,0.05767,0.01360,0.10748,0.00110,0.00733,0.10897,0.00127,0.06362,0.06399,0.14184,0.14234,0.01251,0.00938,0.04438,0.00179
803,0.15363,0.05916,0.00456,0.01078,0.03999,0.16408,0.01647,0.00463,0.00544,0.02125,0.02301,0.03868,0.00236,0.06515,0.00821,0.20661,0.01975,0.06818,0.00753,0.00558,0.07495
804,0.00816,0.00500,0.34213,0.24391,0.00645,0.01133,0.00618,0.00827,0.00588,0.00191,0.01508,0.00524,0.00223,0.07442,0.00212,0.00191,0.00305,0.00234,0.00673,0.00599,0.24168
805,0.00423,0.11051,0.01199,0.01046,0.00838,0.00390,0.01329,0.01064,0.00919,0.10006,0.00869,0.01015,0.00373,0.00849,0.01385,0.00390,0.00527,0.00403,0.63251,0.00885,0.01787
806,0.04715,0.06152,0.00677,0.00513,0.03417,0.04550,0.01857,0.14836,0.01567,0.04646,0.23787,0.00796,0.00160,0.18959,0.01907,0.05561,0.02401,0.01348,0.00377,0.01334,0.00439
807,0.03498,0.16495,0.02250,0.00337,0.00284,0.14855,0.00779,0.01157,0.00368,0.00191,0.00317,0.06366,0.00079,0.00453,0.00140,0.24205,0.22342,0.05019,0.00258,0.00303,0.00303
808,0.03509,0.08231,0.05992,0.04737,0.00182,0.03748,0.06293,0.03762,0.04452,0.03017,0.08220,0.11002,0.01098,0.09688,0.05295,0.06859,0.07267,0.05974,0.00157,0.00340,0.00178
809,0.07289,0.04133,0.17940,0.09838,0.00171,0.04045,0.04411,0.00731,0.03619,0.01522,0.04069,0.08676,0.00095,0.10680,0.02626,0.07831,0.06112,0.01897,0.00129,0.00590,0.03595
810,0.04390,0.10172,0.25525,0.16053,0.00338,0.01547,0.02351,0.00291,0.00635,0.00183,0.00410,0.11450,0.02332,0.02325,0.00218,0.09158,0.02269,0.00242,0.00514,0.09216,0.00380
811,0.00928,0.01916,0.01144,0.00520,0.01028,0.00245,0.00984,0.24427,0.00600,0.16326,0.35295,0.01046,0.00236,0.01852,0.00319,0.03757,0.04204,0.03204,0.00414,0.01038,0.00517
812,0.00311,0.00573,0.00491,0.00751,0.00923,0.00269,0.00590,0.28880,0.00637,0.47592,0.14316,0.00448,0.00232,0.00607,0.00351,0.00217,0.00260,0.00535,0.00736,0.00525,0.00758
813,0.05052,0.04344,0.06588,0.08608,0.05388,0.06070,0.05631,0.05211,0.02347,0.05048,0.04506,0.05924,0.00429,0.05446,0.03305,0.06113,0.05130,0.03133,0.05880,0.05779,0.00067
814,0.01966,0.15163,0.00517,0.00412,0.00501,0.00422,0.00518,0.16190,0.00497,0.05382,0.05730,0.00407,0.00188,0.00694,0.00138,0.00178,0.21166,0.28580,0.00353,0.00529,0.00467
815,0.00479,0.18515,0.01085,0.01060,0.01046,0.00708,0.01012,0.01093,0.01210,0.06375,0.00962,0.00971,0.00440,0.01364,0.01587,0.00366,0.00473,0.00403,0.57704,0.01181,0.01965
816,0.00782,0.01579,0.00961,0.01104,0.01478,0.00598,0.01415,0.02971,0.01813,0.00412,0.01352,0.71268,0.00686,0.01369,0.00446,0.02612,0.04028,0.00901,0.01195,0.01629,0.01400
817,0.01162,0.00586,0.00548,0.00594,0.00503,0.01306,0.04150,0.15282,0.22235,0.00411,0.03076,0.03917,0.00246,0.14019,0.22856,0.01891,0.04996,0.00559,0.00418,0.00421,0.00824
818,0.01582,0.18985,0.00307,0.01715,0.02568,0.00431,0.00748,0.09512,0.00323,0.08645,0.15802,0.00398,0.00168,0.00342,0.00117,0.00283,0.15716,0.20829,0.00289,0.00946,0.00292
819,0.00501,0.17620,0.00720,0.00765,0.00984,0.00239,0.00758,0.01109,0.00810,0.05763,0.00835,0.00662,0.00318,0.00890,0.01552,0.00351,0.00516,0.00380,0.62138,0.00869,0.02220
820,0.00939,0.01255,0.01250,0.01561,0.01758,0.00691,0.00890,0.62511,0.01074,0.00419,0.00828,0.01365,0.00326,0.01105,0.00501,0.01147,0.02150,0.16044,0.01463,0.01351,0.01369
821,0.05066,0.03956,0.11008,0.07181,0.05313,0.01288,0.05287,0.06764,0.01411,0.05479,0.04642,0.02207,0.00077,0.04883,0.00972,0.04890,0.05969,0.04910,0.05797,0.07644,0.05255
822,0.03584,0.05426,0.21027,0.11326,0.02713,0.04236,0.04117,0.00248,0.01554,0.04912,0.04875,0.06287,0.00115,0.06804,0.01343,0.05935,0.05296,0.00531,0.01432,0.03602,0.04636
823,0.00740,0.01494,0.00358,0.01623,0.01882,0.00542,0.01528,0.01975,0.15382,0.00466,0.01387,0.64213,0.00506,0.01593,0.00447,0.00346,0.00564,0.00770,0.01109,0.01262,0.01813
824,0.05979,0.03705,0.06272,0.06127,0.02467,0.02600,0.05674,0.04417,0.04874,0.03200,0.04276,0.05384,0.07791,0.04989,0.03142,0.05636,0.05633,0.04671,0.03324,0.09750,0.00086
825,0.02436,0.03650,0.01109,0.01697,0.09075,0.01219,0.08825,0.00385,0.06948,0.01717,0.09437,0.17507,0.00119,0.06733,0.04346,0.02125,0.01226,0.00372,0.15494,0.05306,0.00274
826,0.00382,0.11376,0.00658,0.00904,0.00826,0.00275,0.01130,0.20486,0.02740,0.13887,0.31824,0.00810,0.00480,0.01875,0.00488,0.00267,0.02068,0.07356,0.00708,0.00719,0.00741
827,0.04594,0.04554,0.08071,0.04357,0.05623,0.02386,0.07470,0.05421,0.04303,0.04501,0.03751,0.05813,0.06036,0.04608,0.04034,0.04256,0.04835,0.04217,0.03426,0.04858,0.02887
828,0.00760,0.11413,0.19987,0.07147,0.00861,0.00409,0.02556,0.08057,0.01033,0.01777,0.01235,0.12263,0.00267,0.01157,0.00340,0.02241,0.01935,0.06261,0.00585,0.19019,0.00697
829,0.00739,0.01308,0.01881,0.02581,0.01265,0.00578,0.01914,0.01581,0.47436,0.00370,0.02689,0.22919,0.00484,0.03814,0.02601,0.00549,0.01385,0.00548,0.00938,0.01365,0.03054
830,0.05137,0.01546,0.01605,0.03337,0.01301,0.00545,0.04156,0.02691,0.07008,0.00714,0.01835,0.13448,0.00427,0.05692,0.04406,0.17731,0.23752,0.00871,0.00985,0.01494,0.01322
831,0.05015,0.02746,0.00411,0.00991,0.05125,0.00129,0.11363,0.05511,0.04229,0.08129,0.04122,0.03430,0.10942,0.02735,0.05199,0.02034,0.07870,0.03139,0.07402,0.09145,0.00333
832,0.01020,0.05261,0.00776,0.00593,0.00455,0.00324,0.00653,0.34011,0.00554,0.23962,0.04858,0.00766,0.00198,0.00696,0.00193,0.00186,0.00330,0.23593,0.00440,0.00542,0.00591
833,0.04829,0.04422,0.07549,0.08757,0.02034,0.05810,0.05290,0.02937,0.06321,0.05361,0.03721,0.04745,0.02891,0.05837,0.03845,0.06898,0.06679,0.05024,0.02144,0.04759,0.00144
834,0.10947,0.08155,0.01627,0.02529,0.01134,0.01752,0.07550,0.00989,0.12362,0.04315,0.04460,0.05651,0.00071,0.11677,0.07273,0.06058,0.05916,0.05718,0.00471,0.01130,0.00215
835,0.00531,0.19422,0.01337,0.01733,0.01287,0.00948,0.01201,0.01449,0.01196,0.07087,0.01181,0.00896,0.00486,0.01269,0.01290,0.00593,0.00595,0.00618,0.51525,0.03712,0.01646
836,0.02750,0.01404,0.00489,0.00435,0.00471,0.00304,0.03854,0.09156,0.10991,0.02912,0.07532,0.01138,0.03101,0.13289,0.04873,0.08185,0.15241,0.07846,0.04604,0.00877,0.00549
837,0.01544,0.01295,0.33206,0.17992,0.01341,0.00176,0.01410,0.01793,0.01842,0.00507,0.01296,0.01699,0.00488,0.09065,0.00436,0.01171,0.00663,0.02229,0.01114,0.19409,0.01324
838,0.00586,0.01532,0.01853,0.01406,0.03165,0.00561,0.01162,0.37344,0.02023,0.09599,0.01886,0.03666,0.00402,0.01168,0.00385,0.01000,0.01109,0.27418,0.01326,0.01263,0.01147
839,0.00816,0.00997,0.01213,0.01152,0.01620,0.10009,0.12560,0.01400,0.01200,0.01348,0.01065,0.00917,0.47868,0.00998,0.00452,0.01662,0.10916,0.00500,0.01058,0.01104,0.01145
840,0.00438,0.02448,0.02753,0.00918,0.42272,0.00430,0.01435,0.00923,0.00903,0.00285,0.00875,0.02377,0.00496,0.01231,0.00279,0.00483,0.00387,0.00449,0.00647,0.38194,0.01775
841,0.01570,0.01264,0.00890,0.00651,0.00670,0.01725,0.01789,0.34129,0.00983,0.27420,0.10302,0.02460,0.00665,0.03296,0.00498,0.01981,0.01476,0.05836,0.00632,0.00823,0.00941
842,0.06316,0.03900,0.00744,0.01889,0.00941,0.34336,0.00807,0.01052,0.01220,0.00367,0.01604,0.14093,0.00400,0.03420,0.00273,0.00394,0.00456,0.11294,0.01163,0.00983,0.14347
843,0.00931,0.01840,0.04598,0.03958,0.01091,0.00994,0.01338,0.02065,0.54137,0.00426,0.11766,0.03617,0.00459,0.02743,0.02207,0.00641,0.00704,0.00916,0.01530,0.01235,0.02804
844,0.00834,0.01150,0.01323,0.01946,0.01052,0.02398,0.01013,0.00991,0.02131,0.00348,0.21696,0.01019,0.00492,0.01434,0.54415,0.03124,0.00523,0.00807,0.01197,0.00972,0.01136
845,0.00757,0.01684,0.14075,0.50718,0.01462,0.00604,0.01234,0.02667,0.05953,0.00542,0.01669,0.01472,0.00564,0.02070,0.00549,0.00506,0.00744,0.01823,0.01759,0.01326,0.07823
846,0.01811,0.01227,0.52975,0.09106,0.01315,0.01932,0.00717,0.01396,0.01376,0.00365,0.01349,0.00669,0.00328,0.01358,0.00461,0.00369,0.00585,0.00768,0.01544,0.19032,0.01315
847,0.00890,0.02661,0.01426,0.01125,0.11991,0.04077,0.06206,0.06660,0.01326,0.29155,0.07541,0.06402,0.00503,0.08797,0.01061,0.02035,0.01209,0.02833,0.01013,0.01271,0.01820
848,0.01005,0.09895,0.02228,0.01929,0.01860,0.01712,0.01872,0.02508,0.01832,0.14190,0.02013,0.02142,0.00825,0.02218,0.02153,0.00815,0.00992,0.00857,0.42510,0.02737,0.03706
849,0.00982,0.48111,0.09405,0.07246,0.10105,0.02019,0.00867,0.01134,0.01811,0.00547,0.01536,0.01878,0.00512,0.01772,0.01100,0.00802,0.00582,0.00617,0.02688,0.03181,0.03104
850,0.01730,0.01262,0.02377,0.00392,0.01637,0.44665,0.00941,0.01429,0.02489,0.00533,0.01593,0.01322,0.00486,0.05318,0.00548,0.00462,0.00576,0.07251,0.01247,0.01132,0.22609
851,0.16370,0.01944,0.01541,0.01299,0.01487,0.00568,0.01064,0.01185,0.01960,0.00697,0.01431,0.01008,0.01058,0.02001,0.00514,0.41768,0.01268,0.00916,0.01111,0.19208,0.01602
852,0.00576,0.01725,0.02026,0.01373,0.04927,0.00421,0.01093,0.20690,0.01652,0.29770,0.23773,0.01369,0.00493,0.01511,0.01142,0.00482,0.01481,0.00650,0.01742,0.01834,0.01269
853,0.00996,0.04486,0.01477,0.01986,0.02502,0.00791,0.03375,0.46364,0.02164,0.07936,0.03849,0.02348,0.00786,0.02561,0.01348,0.00771,0.02224,0.07920,0.01783,0.02485,0.01846
854,0.00293,0.00849,0.00848,0.00849,0.01361,0.38073,0.00870,0.01285,0.00761,0.00302,0.01788,0.00993,0.00338,0.01078,0.00122,0.11221,0.18955,0.05986,0.12293,0.01042,0.00693
855,0.00280,0.04362,0.00445,0.00524,0.35211,0.00251,0.09349,0.00322,0.00554,0.00094,0.00608,0.06234,0.00115,0.01395,0.00677,0.00265,0.00160,0.00379,0.18124,0.20090,0.00563
856,0.01091,0.01922,0.01865,0.01701,0.02936,0.01461,0.01650,0.19978,0.02219,0.00621,0.01964,0.01900,0.00639,0.02084,0.47479,0.00674,0.00847,0.01215,0.01495,0.02184,0.04075
857,0.00757,0.01114,0.01124,0.01599,0.01864,0.00374,0.16733,0.02009,0.02164,0.02567,0.03315,0.01531,0.54353,0.01132,0.00304,0.00581,0.02889,0.00886,0.01331,0.01431,0.01939
858,0.00296,0.00822,0.00840,0.01453,0.01045,0.00381,0.02050,0.01247,0.02116,0.03430,0.01535,0.01253,0.00446,0.00948,0.68696,0.09180,0.00445,0.00434,0.00856,0.01066,0.01462
859,0.12472,0.06429,0.00217,0.00389,0.00475,0.02020,0.06844,0.01220,0.00826,0.02188,0.06285,0.01469,0.00187,0.24467,0.00342,0.18109,0.14339,0.00612,0.00357,0.00301,0.00454
860,0.01471,0.03503,0.01400,0.02085,0.01946,0.00955,0.01178,0.05869,0.02090,0.00614,0.02921,0.12768,0.00859,0.02094,0.00618,0.01865,0.51566,0.00858,0.01865,0.01544,0.01934
861,0.00806,0.17211,0.01208,0.00811,0.01509,0.00296,0.01398,0.01664,0.00996,0.07721,0.01020,0.01325,0.00506,0.00969,0.01076,0.00545,0.00578,0.00548,0.53027,0.01665,0.05121
862,0.34026,0.12667,0.10542,0.01312,0.02173,0.03359,0.01305,0.01751,0.01896,0.00533,0.01404,0.01341,0.00652,0.01074,0.00452,0.17773,0.00406,0.00621,0.01937,0.02673,0.02103
863,0.08075,0.03642,0.02859,0.08165,0.06763,0.04000,0.04338,0.00463,0.03641,0.01411,0.03080,0.01274,0.00120,0.12485,0.01827,0.06670,0.04134,0.04134,0.02704,0.01843,0.18372
864,0.00745,0.03982,0.02292,0.01500,0.01082,0.00548,0.19237,0.01107,0.23321,0.00357,0.01276,0.24149,0.00393,0.01331,0.07474,0.01440,0.00884,0.00576,0.01566,0.05108,0.01631
865,0.04117,0.01581,0.01388,0.01528,0.00975,0.00602,0.00876,0.36943,0.01958,0.19413,0.09690,0.00972,0.00625,0.01445,0.00458,0.00444,0.00768,0.11911,0.01402,0.01350,0.01555
866,0.02618,0.03566,0.00458,0.01313,0.03698,0.02560,0.10070,0.05675,0.13172,0.03458,0.01888,0.01023,0.09817,0.04364,0.08814,0.03261,0.05787,0.06319,0.04020,0.07500,0.00620
867,0.05180,0.06990,0.04643,0.03571,0.03465,0.03904,0.05749,0.05008,0.01485,0.04265,0.07255,0.07870,0.03341,0.05408,0.03749,0.05804,0.06868,0.05102,0.01861,0.08384,0.00099
868,0.00794,0.01740,0.01747,0.02433,0.01946,0.00916,0.01645,0.02571,0.16345,0.00611,0.02496,0.01240,0.00449,0.01920,0.00633,0.04307,0.44500,0.07594,0.01826,0.01860,0.02426
869,0.05389,0.18334,0.00762,0.01488,0.04315,0.00651,0.00847,0.06354,0.01155,0.01020,0.04718,0.01001,0.00252,0.01127,0.01099,0.01299,0.11455,0.35343,0.01227,0.00904,0.01262
870,0.07845,0.09150,0.01759,0.03802,0.04681,0.08138,0.08213,0.01971,0.06080,0.03477,0.06395,0.06557,0.00127,0.03760,0.07726,0.05465,0.04358,0.02464,0.03571,0.04252,0.00210
871,0.03779,0.04100,0.00396,0.00302,0.07915,0.01323,0.05775,0.08540,0.14464,0.12070,0.11014,0.00956,0.00080,0.03478,0.15562,0.04098,0.02392,0.01876,0.01044,0.00498,0.00340
872,0.02648,0.16872,0.01419,0.00784,0.01419,0.00521,0.01047,0.06860,0.00970,0.13322,0.18454,0.01080,0.00243,0.00832,0.00266,0.00526,0.03872,0.25844,0.00806,0.00995,0.01220
873,0.00406,0.00365,0.01030,0.01430,0.00848,0.00608,0.10017,0.00830,0.13545,0.03122,0.01127,0.00607,0.00219,0.23801,0.33873,0.03877,0.00849,0.00516,0.00992,0.00928,0.01009
874,0.00890,0.02502,0.01773,0.01151,0.09407,0.01721,0.03325,0.01481,0.07765,0.00518,0.10618,0.02158,0.00494,0.01201,0.32947,0.13058,0.01214,0.02230,0.02841,0.01444,0.01264
875,0.00925,0.03946,0.00959,0.01976,0.02452,0.00461,0.01746,0.39773,0.01416,0.09787,0.02748,0.01066,0.00430,0.01472,0.00537,0.00403,0.00569,0.25480,0.01494,0.00930,0.01429
876,0.02022,0.08085,0.00748,0.00993,0.02527,0.00556,0.00701,0.43909,0.01272,0.07514,0.05640,0.01280,0.00283,0.01049,0.01404,0.00304,0.03442,0.14758,0.01526,0.00760,0.01229
877,0.05744,0.18367,0.09990,0.00483,0.00432,0.25546,0.00579,0.00574,0.00585,0.00136,0.00487,0.14788,0.00289,0.00516,0.00224,0.16567,0.00905,0.02337,0.00465,0.00434,0.00553
878,0.05657,0.05674,0.05071,0.05008,0.03783,0.03517,0.06124,0.05868,0.02599,0.04255,0.03658,0.04131,0.05739,0.04927,0.02164,0.06245,0.06100,0.04441,0.03382,0.11581,0.00072
879,0.05152,0.04171,0.08151,0.09421,0.00147,0.04953,0.07852,0.00159,0.03945,0.00060,0.00517,0.11727,0.01257,0.07838,0.06138,0.08332,0.06543,0.00213,0.00220,0.02795,0.10409
880,0.04650,0.04570,0.02602,0.06030,0.05884,0.02772,0.07997,0.00198,0.04171,0.06605,0.05084,0.07969,0.01403,0.05964,0.02564,0.03182,0.00415,0.00683,0.06460,0.09481,0.11316
881,0.04642,0.05348,0.05052,0.04142,0.04533,0.04105,0.05730,0.04662,0.05570,0.04378,0.04486,0.06578,0.04165,0.05103,0.04884,0.06571,0.05562,0.05493,0.02641,0.06043,0.00313
882,0.00375,0.04086,0.00747,0.00728,0.31584,0.00363,0.02294,0.00533,0.00631,0.00207,0.00621,0.00503,0.00209,0.00534,0.00233,0.00168,0.00268,0.00349,0.06224,0.35629,0.13715
883,0.04888,0.05776,0.06121,0.06707,0.05753,0.04536,0.05050,0.05566,0.03990,0.04638,0.04275,0.05306,0.01151,0.07698,0.04009,0.05982,0.04926,0.04643,0.03288,0.05594,0.00103
884,0.00402,0.10438,0.15393,0.09362,0.06688,0.01703,0.00972,0.00599,0.00533,0.02459,0.09266,0.08604,0.00155,0.02454,0.00167,0.07421,0.03932,0.00354,0.02158,0.16398,0.00544
885,0.07772,0.07941,0.01319,0.00830,0.14707,0.01306,0.09187,0.04420,0.00819,0.03854,0.05414,0.02344,0.00211,0.06871,0.01405,0.03197,0.04118,0.05158,0.04623,0.13832,0.00673
886,0.00854,0.06231,0.01809,0.02062,0.02447,0.01945,0.00914,0.23847,0.02788,0.21891,0.12718,0.01080,0.00123,0.03813,0.01242,0.00550,0.05631,0.01615,0.02320,0.02071,0.04050
887,0.08257,0.05647,0.02195,0.02342,0.01436,0.03208,0.05751,0.06769,0.04644,0.05093,0.04862,0.04187,0.01475,0.12051,0.02985,0.04970,0.05487,0.08581,0.02440,0.07411,0.00208
888,0.03404,0.07456,0.00557,0.00595,0.04932,0.00594,0.06273,0.00672,0.04833,0.05322,0.07833,0.08868,0.00118,0.08221,0.00429,0.13293,0.16287,0.02539,0.01365,0.05363,0.01046
889,0.01146,0.03109,0.01786,0.06617,0.02478,0.01287,0.00431,0.02168,0.23305,0.00915,0.09899,0.01283,0.00699,0.35387,0.01935,0.00622,0.00562,0.01232,0.02516,0.01539,0.01085
890,0.02806,0.07617,0.01064,0.08543,0.06957,0.01977,0.02811,0.10002,0.01898,0.06369,0.07356,0.01353,0.00179,0.03803,0.01302,0.02097,0.07655,0.11248,0.07601,0.04847,0.02514
891,0.09055,0.01620,0.05543,0.05543,0.05543,0.02837,0.00109,0.05543,0.05543,0.03069,0.05543,0.05543,0.00255,0.03091,0.05553,0.12889,0.02828,0.03260,0.05543,0.05543,0.05543
892,0.01952,0.00497,0.16712,0.04087,0.14148,0.01307,0.04380,0.01580,0.02036,0.00530,0.01940,0.06847,0.01177,0.02099,0.01140,0.01099,0.01544,0.01194,0.01428,0.27608,0.06694
893,0.01522,0.01958,0.01063,0.00565,0.18999,0.01129,0.01070,0.25441,0.01113,0.24251,0.04129,0.01320,0.00389,0.00861,0.00712,0.02404,0.00966,0.08873,0.01254,0.00813,0.01167
894,0.04450,0.19568,0.01408,0.00560,0.01579,0.30783,0.01981,0.00947,0.01274,0.02457,0.03210,0.04769,0.02673,0.01293,0.00770,0.04463,0.08165,0.03514,0.01363,0.04132,0.00641
895,0.10717,0.07501,0.16034,0.08725,0.00869,0.02663,0.06564,0.02784,0.02332,0.02081,0.04285,0.03767,0.02083,0.09370,0.01331,0.05495,0.04393,0.03983,0.00350,0.01654,0.03018
896,0.05955,0.07600,0.01261,0.04228,0.04105,0.02663,0.04730,0.02771,0.05127,0.04216,0.05190,0.05893,0.06172,0.04684,0.03764,0.05835,0.05455,0.04282,0.02273,0.04096,0.09700
897,0.04449,0.07683,0.05558,0.02391,0.09092,0.06113,0.04839,0.04034,0.02397,0.02333,0.03420,0.07126,0.07529,0.03658,0.02414,0.04540,0.03773,0.04686,0.05487,0.07986,0.00494
898,0.05624,0.05841,0.00317,0.01832,0.06506,0.01388,0.05354,0.08632,0.00445,0.02936,0.05923,0.03189,0.02466,0.03682,0.00932,0.05842,0.09898,0.08316,0.09084,0.11461,0.00332
899,0.00867,0.00944,0.00559,0.00880,0.00957,0.00385,0.00861,0.00538,0.12807,0.03971,0.03264,0.01570,0.00199,0.01084,0.18812,0.20525,0.28407,0.00634,0.00921,0.01038,0.00778
900,0.05217,0.00665,0.00446,0.00767,0.09886,0.00282,0.08356,0.00540,0.00718,0.00851,0.05788,0.00477,0.34335,0.00481,0.00141,0.00186,0.01591,0.00294,0.11702,0.16459,0.00817
901,0.00534,0.00764,0.00725,0.02630,0.00942,0.55700,0.00672,0.00909,0.02663,0.00396,0.02380,0.01304,0.00346,0.01446,0.03796,0.00287,0.00533,0.05324,0.01501,0.00639,0.16509
902,0.19827,0.02979,0.00860,0.00824,0.00873,0.00515,0.00727,0.00686,0.00975,0.01661,0.04907,0.00916,0.00306,0.00626,0.00286,0.00277,0.00362,0.60008,0.00807,0.00864,0.00715
903,0.00698,0.01924,0.01602,0.01387,0.09976,0.00519,0.01398,0.01230,0.01078,0.67026,0.00857,0.01056,0.00438,0.01843,0.00584,0.01673,0.00412,0.00579,0.03692,0.01134,0.00894
904,0.00558,0.01544,0.01734,0.01401,0.01204,0.00659,0.00863,0.01052,0.01245,0.00450,0.01188,0.00807,0.00263,0.02846,0.00405,0.00425,0.00467,0.00792,0.01900,0.00838,0.79359
