site,A,C,D,E,F,G,H,I,K,L,M,N,P,Q,R,S,T,V,W,Y,*
790,0.03933,0.02467,0.01056,0.03077,0.07401,0.00341,0.05411,0.03579,0.03753,0.13082,0.10788,0.03981,0.08930,0.05705,0.01852,0.00986,0.07777,0.05414,0.02201,0.03829,0.04438
791,0.17638,0.08614,0.01178,0.00663,0.01039,0.03695,0.00904,0.01243,0.00797,0.00460,0.00865,0.01190,0.54640,0.01656,0.00193,0.00536,0.01947,0.00317,0.00462,0.01323,0.00640
792,0.05511,0.05361,0.02007,0.04535,0.01085,0.05625,0.07501,0.00076,0.10499,0.02251,0.04798,0.08929,0.00060,0.06449,0.08948,0.12598,0.07995,0.02017,0.00619,0.03017,0.00119
793,0.09271,0.00761,0.00933,0.00661,0.00860,0.64615,0.05905,0.01228,0.01033,0.00249,0.00942,0.05797,0.00417,0.01942,0.00409,0.01482,0.00507,0.00588,0.00462,0.01182,0.00754
794,0.00836,0.01128,0.01735,0.01413,0.01420,0.00098,0.16967,0.07411,0.00680,0.00806,0.01686,0.01610,0.01061,0.02317,0.52503,0.00734,0.02341,0.00587,0.01012,0.02608,0.01048
795,0.00188,0.01207,0.01133,0.01447,0.01478,0.00310,0.01711,0.00612,0.01507,0.00539,0.01433,0.01485,0.02528,0.01689,0.00364,0.00994,0.74715,0.02542,0.01105,0.01427,0.01585
796,0.00179,0.01041,0.01099,0.01667,0.01350,0.00597,0.01375,0.02438,0.02173,0.00459,0.01318,0.01469,0.00394,0.03649,0.00415,0.02342,0.73430,0.00480,0.00864,0.01430,0.01832
797,0.00481,0.01852,0.01605,0.00827,0.01191,0.01366,0.01897,0.01676,0.01040,0.00647,0.01098,0.01785,0.00919,0.01525,0.00138,0.00554,0.00978,0.00394,0.77254,0.02424,0.00347
798,0.01037,0.01066,0.01134,0.00986,0.01543,0.00368,0.02397,0.01489,0.01513,0.00317,0.01310,0.02012,0.00174,0.01489,0.00389,0.69159,0.02193,0.00607,0.01140,0.01285,0.08392
799,0.00275,0.04000,0.00662,0.00381,0.02461,0.00145,0.00552,0.29961,0.00577,0.52059,0.03802,0.00466,0.00331,0.00498,0.00109,0.00589,0.00097,0.00100,0.00365,0.02054,0.00516
800,0.00545,0.01151,0.02816,0.01044,0.01311,0.00430,0.61778,0.01011,0.01189,0.00434,0.02883,0.10856,0.01669,0.05119,0.00201,0.00428,0.00692,0.00665,0.00864,0.03980,0.00932
801,0.08100,0.07065,0.00954,0.00808,0.00688,0.20333,0.00549,0.00753,0.00437,0.00188,0.00512,0.14692,0.00255,0.00463,0.00296,0.22985,0.02257,0.17007,0.00416,0.00752,0.00489
802,0.05149,0.08078,0.01005,0.00046,0.01307,0.09833,0.08397,0.01728,0.12116,0.00145,0.01253,0.02036,0.00142,0.07072,0.04693,0.14636,0.14047,0.01678,0.00719,0.05722,0.00199
803,0.16431,0.07043,0.00543,0.01351,0.04912,0.19641,0.02221,0.00550,0.00577,0.02219,0.04063,0.05648,0.00279,0.08596,0.00586,0.20083,0.01630,0.01045,0.00788,0.00661,0.01133
804,0.02136,0.00745,0.38609,0.37053,0.00994,0.00087,0.00799,0.01260,0.01396,0.00293,0.01033,0.00793,0.00339,0.08380,0.00320,0.00293,0.00464,0.00353,0.00928,0.00816,0.02907
805,0.00520,0.03894,0.01479,0.01278,0.01033,0.00683,0.01199,0.01313,0.01139,0.01000,0.01064,0.01252,0.00460,0.01036,0.00185,0.00591,0.00651,0.00493,0.77978,0.01083,0.01669
806,0.03200,0.07073,0.00834,0.00726,0.02557,0.05216,0.03526,0.00460,0.01752,0.04662,0.29108,0.01176,0.00196,0.30081,0.01758,0.05099,0.00164,0.00063,0.00335,0.01474,0.00540
807,0.00051,0.19298,0.00874,0.00380,0.00321,0.12545,0.00296,0.01389,0.00445,0.00179,0.00359,0.02503,0.00089,0.00312,0.00099,0.28903,0.25515,0.05468,0.00291,0.00343,0.00341
808,0.02714,0.07115,0.05633,0.04451,0.00168,0.04128,0.05686,0.03858,0.05543,0.03514,0.09326,0.09895,0.00826,0.09649,0.04524,0.08963,0.07384,0.06096,0.00158,0.00190,0.00179
809,0.07849,0.04725,0.14490,0.11618,0.00199,0.02516,0.05670,0.00573,0.03533,0.01348,0.05450,0.10156,0.00159,0.12240,0.01847,0.08790,0.06190,0.01372,0.00150,0.00687,0.00437
810,0.05185,0.07890,0.30107,0.14102,0.00393,0.00057,0.02932,0.00341,0.00427,0.00215,0.00476,0.17389,0.02607,0.03054,0.00255,0.10218,0.02314,0.00450,0.00597,0.00550,0.00442
811,0.00607,0.01478,0.01416,0.00647,0.01278,0.00305,0.01224,0.17460,0.00902,0.18984,0.44413,0.01303,0.00293,0.01686,0.00383,0.04145,0.00901,0.00120,0.00515,0.01295,0.00642
812,0.00341,0.00627,0.00537,0.00822,0.00320,0.00294,0.00332,0.25793,0.00697,0.52375,0.13026,0.00490,0.00079,0.00665,0.00549,0.00278,0.00283,0.00282,0.00807,0.00573,0.00829
813,0.05685,0.04452,0.08406,0.08833,0.03793,0.07053,0.06563,0.02436,0.02286,0.05452,0.04870,0.05258,0.00424,0.05256,0.03633,0.06311,0.04491,0.02242,0.07074,0.05412,0.00071
814,0.00074,0.14209,0.00548,0.00363,0.00534,0.00812,0.00551,0.17521,0.00533,0.04540,0.03054,0.00430,0.00200,0.00527,0.00147,0.00190,0.23832,0.30503,0.00373,0.00560,0.00499
815,0.00632,0.01744,0.01430,0.01398,0.01378,0.00849,0.01322,0.01443,0.01594,0.02330,0.01276,0.01296,0.00581,0.01811,0.00159,0.00482,0.00622,0.00536,0.76385,0.01570,0.01160
816,0.00751,0.01537,0.00414,0.01064,0.01457,0.00485,0.01384,0.03473,0.03203,0.00396,0.01289,0.68944,0.00666,0.01299,0.00432,0.00163,0.07055,0.01193,0.01130,0.02307,0.01357
817,0.00837,0.00904,0.00742,0.00724,0.00685,0.00155,0.02935,0.00571,0.31078,0.00211,0.03497,0.02958,0.00332,0.16149,0.31406,0.00190,0.04605,0.00324,0.00560,0.00570,0.00570
818,0.00166,0.18015,0.00334,0.02313,0.01565,0.00575,0.00671,0.11981,0.00353,0.09385,0.14600,0.00348,0.00182,0.00374,0.00153,0.00369,0.14700,0.22925,0.00316,0.00360,0.00318
819,0.00770,0.00827,0.00946,0.00989,0.01284,0.00319,0.00985,0.01436,0.01041,0.00330,0.01080,0.00868,0.00416,0.01205,0.00152,0.00526,0.00799,0.00494,0.80772,0.01132,0.03629
820,0.01080,0.01448,0.01433,0.01805,0.01854,0.00792,0.01015,0.72520,0.01240,0.00479,0.00914,0.01950,0.00375,0.01271,0.00575,0.01735,0.00500,0.04194,0.01683,0.01552,0.01585
821,0.05263,0.04973,0.06711,0.08297,0.04424,0.00198,0.06015,0.06230,0.00993,0.06583,0.05275,0.02881,0.00088,0.07003,0.01399,0.06566,0.06094,0.05169,0.07447,0.07945,0.00445
822,0.04409,0.05172,0.10780,0.12722,0.03069,0.02130,0.05449,0.00273,0.01854,0.05765,0.07823,0.08678,0.00127,0.07772,0.01595,0.09975,0.07469,0.00096,0.01202,0.03447,0.00192
823,0.00844,0.01709,0.00222,0.01863,0.02171,0.00663,0.02783,0.01742,0.02700,0.00532,0.01576,0.73882,0.00577,0.01810,0.00510,0.00157,0.00646,0.00879,0.01268,0.01392,0.02074
824,0.06505,0.04483,0.06912,0.06864,0.02289,0.01814,0.05660,0.04465,0.04955,0.03842,0.05052,0.05714,0.08546,0.04950,0.03949,0.06748,0.06310,0.04776,0.03441,0.02630,0.00094
825,0.02991,0.06189,0.01225,0.01878,0.13567,0.01073,0.11408,0.00498,0.08806,0.01962,0.09590,0.03064,0.00153,0.06401,0.03368,0.02217,0.01780,0.00332,0.17320,0.05824,0.00354
826,0.00500,0.17902,0.00881,0.01579,0.01077,0.00363,0.01452,0.05927,0.00737,0.17636,0.42275,0.01089,0.00635,0.01743,0.01004,0.00349,0.00227,0.01791,0.00938,0.00936,0.00959
827,0.04580,0.03856,0.04816,0.04897,0.06313,0.01032,0.08012,0.07168,0.04439,0.05052,0.05237,0.05749,0.06904,0.04433,0.04221,0.04427,0.04975,0.05220,0.03917,0.04633,0.00120
828,0.00368,0.14346,0.28561,0.03221,0.01220,0.00067,0.01923,0.09677,0.01699,0.01645,0.01182,0.14014,0.00285,0.01665,0.00681,0.03068,0.03748,0.07500,0.00815,0.03318,0.00997
829,0.00962,0.01678,0.02472,0.00308,0.01723,0.00883,0.02443,0.02044,0.62376,0.00481,0.01210,0.01795,0.00634,0.09088,0.00142,0.00708,0.00818,0.00722,0.01205,0.01797,0.06511
830,0.00768,0.01739,0.01361,0.01861,0.01738,0.00842,0.04427,0.00494,0.10425,0.00821,0.02320,0.04518,0.00566,0.04144,0.05454,0.20543,0.31605,0.01435,0.01321,0.01895,0.01724
831,0.04470,0.03069,0.00471,0.01537,0.07060,0.00137,0.07501,0.08524,0.03951,0.08572,0.05219,0.01426,0.12990,0.01550,0.06016,0.02258,0.01608,0.02823,0.10573,0.09852,0.00394
832,0.00115,0.05386,0.00851,0.00583,0.00499,0.00423,0.00713,0.33824,0.00606,0.23720,0.03059,0.00831,0.00218,0.00753,0.00209,0.00203,0.00430,0.25860,0.00480,0.00588,0.00647
833,0.02270,0.04868,0.07601,0.08103,0.02784,0.05319,0.05903,0.00623,0.05606,0.06753,0.03233,0.06021,0.02961,0.06594,0.03965,0.06846,0.06455,0.05546,0.03497,0.04913,0.00137
834,0.11715,0.09545,0.01877,0.00129,0.01068,0.01882,0.07351,0.00218,0.12211,0.04563,0.04135,0.05936,0.00069,0.14512,0.03382,0.07077,0.06793,0.06157,0.00186,0.00984,0.00211
835,0.00711,0.02613,0.01744,0.02276,0.01749,0.02009,0.01643,0.02298,0.01610,0.00793,0.01600,0.01194,0.00658,0.01719,0.00388,0.01018,0.00794,0.00825,0.69686,0.01344,0.03327
836,0.00867,0.00620,0.00528,0.00473,0.00513,0.00390,0.05592,0.03396,0.09419,0.03212,0.09470,0.01500,0.02951,0.16419,0.06820,0.09104,0.16723,0.05988,0.04071,0.01354,0.00590
837,0.03014,0.01688,0.43334,0.13826,0.01754,0.00099,0.02110,0.02356,0.02307,0.00552,0.01652,0.01605,0.00640,0.13413,0.00553,0.01572,0.00847,0.04059,0.01492,0.01422,0.01705
838,0.00610,0.01592,0.01919,0.01456,0.05679,0.00582,0.01210,0.39170,0.02093,0.12283,0.03504,0.04102,0.00417,0.01210,0.00400,0.01240,0.00128,0.18535,0.01370,0.01309,0.01189
839,0.00676,0.01322,0.01601,0.01476,0.02083,0.09582,0.04279,0.01822,0.01570,0.00371,0.01418,0.01229,0.63411,0.01312,0.00610,0.00294,0.01888,0.00657,0.01417,0.01497,0.01484
840,0.00433,0.00265,0.03897,0.00897,0.46560,0.00421,0.00207,0.00912,0.00894,0.00278,0.00768,0.00865,0.00495,0.01395,0.00273,0.00738,0.00385,0.00441,0.00643,0.38009,0.01222
841,0.02345,0.01001,0.01029,0.00769,0.00796,0.00694,0.00849,0.21553,0.01161,0.32446,0.16073,0.02240,0.00111,0.02257,0.00872,0.01876,0.02209,0.08901,0.00737,0.00973,0.01106
842,0.07353,0.08882,0.00953,0.00794,0.01221,0.43602,0.01063,0.01320,0.02075,0.00390,0.01395,0.19814,0.00507,0.05139,0.00240,0.00436,0.00593,0.00517,0.01483,0.01247,0.00976
843,0.00987,0.01966,0.04718,0.00613,0.01167,0.00899,0.01420,0.02194,0.58044,0.00452,0.12938,0.01741,0.00489,0.04644,0.00198,0.00792,0.00786,0.00980,0.01621,0.01325,0.02027
844,0.01070,0.01462,0.01715,0.02308,0.01354,0.00124,0.01303,0.01299,0.03754,0.00448,0.03782,0.01313,0.00637,0.01843,0.70708,0.00984,0.00677,0.01046,0.01430,0.01268,0.01476
845,0.00748,0.02029,0.03627,0.63864,0.01849,0.00128,0.01541,0.03459,0.04334,0.00685,0.02076,0.01835,0.00714,0.04101,0.00694,0.00648,0.00934,0.00645,0.02297,0.01680,0.02111
846,0.03406,0.01572,0.67483,0.06853,0.01663,0.00173,0.01050,0.01750,0.01762,0.00462,0.01716,0.01218,0.00416,0.01740,0.00589,0.00468,0.00742,0.01112,0.01959,0.02205,0.01661
847,0.01169,0.04390,0.01581,0.01261,0.19355,0.04731,0.04025,0.01324,0.01492,0.32585,0.05373,0.07167,0.00572,0.05724,0.01370,0.00267,0.00958,0.01783,0.01051,0.01851,0.01970
848,0.01358,0.02234,0.02959,0.02599,0.02456,0.02925,0.02536,0.03388,0.02477,0.02226,0.02664,0.02930,0.01109,0.02960,0.00276,0.01116,0.01347,0.01168,0.57436,0.03518,0.00318
849,0.00907,0.54771,0.07452,0.04298,0.01681,0.00908,0.00978,0.01288,0.02034,0.00986,0.01734,0.01248,0.00795,0.01207,0.00134,0.01491,0.00665,0.00632,0.06594,0.03219,0.06979
850,0.00670,0.01661,0.02322,0.00486,0.02102,0.57719,0.01232,0.01838,0.03275,0.00610,0.01989,0.01703,0.00617,0.02067,0.00284,0.00594,0.00656,0.03536,0.01568,0.01499,0.13571
851,0.14978,0.02449,0.02010,0.01703,0.00598,0.00742,0.01398,0.01562,0.02574,0.01076,0.01895,0.01312,0.00123,0.02648,0.00674,0.55311,0.02157,0.01197,0.01434,0.02103,0.02058
852,0.00759,0.02176,0.02554,0.01793,0.07450,0.00545,0.01357,0.04027,0.02132,0.38943,0.23288,0.01754,0.00115,0.01543,0.01938,0.00628,0.01915,0.00842,0.02247,0.02361,0.01635
853,0.01087,0.05420,0.01601,0.02184,0.02734,0.00860,0.03506,0.50991,0.02546,0.12922,0.00325,0.02551,0.00844,0.02780,0.01709,0.00838,0.00616,0.00413,0.01923,0.02165,0.01987
854,0.00375,0.01005,0.00998,0.01527,0.01512,0.45047,0.01007,0.01504,0.00899,0.00415,0.03684,0.01141,0.00398,0.00913,0.00142,0.09345,0.26239,0.00714,0.01156,0.01192,0.00786
855,0.00293,0.03260,0.00686,0.00503,0.40169,0.00241,0.08890,0.00297,0.00518,0.00113,0.00563,0.02108,0.00088,0.00460,0.00024,0.00248,0.00152,0.00357,0.21592,0.18906,0.00534
856,0.01300,0.02407,0.02221,0.01927,0.03510,0.00177,0.01997,0.02295,0.04636,0.00741,0.02373,0.02326,0.00775,0.02530,0.57296,0.00536,0.01198,0.01441,0.02281,0.02633,0.05401
857,0.00945,0.01366,0.01384,0.01951,0.02281,0.00460,0.01988,0.02524,0.02615,0.00283,0.04025,0.01915,0.67586,0.01394,0.00392,0.01326,0.00711,0.01083,0.01645,0.01766,0.02359
858,0.00334,0.00290,0.00955,0.01643,0.01166,0.00648,0.00332,0.01706,0.02392,0.00290,0.01756,0.01412,0.00751,0.01076,0.78308,0.02149,0.00503,0.00489,0.00960,0.01208,0.01633
859,0.10336,0.09373,0.00211,0.00373,0.00566,0.02073,0.07956,0.00095,0.00637,0.02637,0.05044,0.00843,0.00329,0.26406,0.00263,0.16727,0.14034,0.01053,0.00341,0.00274,0.00429
860,0.00231,0.04130,0.01647,0.02445,0.02284,0.01300,0.01382,0.00794,0.02458,0.00720,0.03427,0.03141,0.00409,0.02460,0.00724,0.04025,0.61149,0.01007,0.02189,0.01810,0.02268
861,0.01036,0.09215,0.01565,0.01049,0.01957,0.00326,0.01806,0.02157,0.01291,0.00479,0.01318,0.01712,0.00654,0.01252,0.00214,0.01000,0.00744,0.00710,0.69346,0.01724,0.00446
862,0.40392,0.13183,0.01934,0.01527,0.02561,0.01810,0.01533,0.02043,0.02257,0.00628,0.01605,0.01558,0.01030,0.01253,0.00532,0.16730,0.00289,0.01287,0.02257,0.03137,0.02456
863,0.11278,0.05146,0.03653,0.10082,0.07736,0.01278,0.04585,0.00562,0.03375,0.00818,0.05308,0.01691,0.00178,0.15220,0.03674,0.08606,0.06251,0.05509,0.02947,0.01093,0.01011
864,0.00841,0.03492,0.00163,0.01890,0.01354,0.00670,0.23501,0.01085,0.13990,0.00403,0.01590,0.29759,0.00490,0.01615,0.09031,0.00099,0.00413,0.00711,0.01481,0.05460,0.01963
865,0.01664,0.01533,0.01472,0.01612,0.01063,0.00633,0.00922,0.39357,0.02081,0.25880,0.09947,0.01016,0.00658,0.01528,0.00482,0.00469,0.00138,0.05006,0.01483,0.01426,0.01631
866,0.02661,0.03767,0.00457,0.00069,0.04599,0.02647,0.09873,0.07735,0.13232,0.04402,0.02206,0.00181,0.08480,0.04218,0.05665,0.03870,0.06028,0.07977,0.03904,0.07174,0.00853
867,0.06139,0.07532,0.04924,0.02371,0.03673,0.03009,0.05433,0.05116,0.01346,0.04286,0.07961,0.09184,0.03687,0.05567,0.04346,0.06765,0.07482,0.04767,0.02851,0.03453,0.00104
868,0.00157,0.02150,0.02148,0.02984,0.02394,0.01128,0.02021,0.00768,0.02258,0.00749,0.03063,0.01522,0.00552,0.02359,0.00780,0.05001,0.55097,0.07338,0.02243,0.02294,0.02991
869,0.00114,0.16962,0.00833,0.01896,0.00858,0.00983,0.01079,0.06809,0.01479,0.00426,0.03015,0.01279,0.00322,0.01444,0.00569,0.00650,0.11339,0.45608,0.01567,0.01156,0.01613
870,0.08123,0.07973,0.00029,0.04036,0.04782,0.08258,0.07372,0.02879,0.04334,0.03450,0.06202,0.07170,0.00066,0.03858,0.10503,0.03463,0.04575,0.03169,0.05019,0.04511,0.00227
871,0.04191,0.03818,0.00417,0.00321,0.09757,0.01330,0.05705,0.05491,0.17706,0.13746,0.11717,0.00386,0.00101,0.02629,0.17139,0.03570,0.00583,0.00036,0.00624,0.00375,0.00356
872,0.00126,0.15387,0.01653,0.01023,0.01643,0.00944,0.01225,0.10681,0.01132,0.09238,0.16486,0.01249,0.00283,0.00959,0.00308,0.00617,0.03049,0.30481,0.00943,0.01158,0.01413
873,0.00508,0.00168,0.01291,0.01785,0.01059,0.00550,0.06683,0.01034,0.12781,0.00335,0.01403,0.00757,0.00333,0.22672,0.42704,0.01122,0.00506,0.00653,0.01247,0.01155,0.01256
874,0.01089,0.03111,0.02341,0.01562,0.12264,0.00149,0.04008,0.01615,0.06411,0.00655,0.04044,0.01997,0.00656,0.01421,0.42793,0.03001,0.01833,0.02548,0.05148,0.01785,0.01569
875,0.00939,0.04030,0.01034,0.02089,0.03089,0.00501,0.01856,0.43056,0.01497,0.12515,0.01945,0.00931,0.00460,0.01573,0.00575,0.00440,0.00097,0.19082,0.01596,0.01157,0.01537
876,0.01110,0.09251,0.00940,0.01245,0.01425,0.00697,0.00881,0.55478,0.01876,0.06732,0.00263,0.01745,0.00354,0.01318,0.03351,0.00381,0.00208,0.08319,0.01933,0.00951,0.01543
877,0.04754,0.10666,0.07500,0.00614,0.00553,0.32891,0.00469,0.00736,0.00741,0.00174,0.00622,0.17019,0.00177,0.00659,0.00205,0.19356,0.00460,0.00559,0.00591,0.00551,0.00701
878,0.05792,0.05615,0.05357,0.05355,0.03952,0.02539,0.07221,0.07257,0.02430,0.04850,0.04747,0.03833,0.06543,0.05318,0.02507,0.07140,0.07389,0.04829,0.03611,0.03638,0.00076
879,0.06347,0.05618,0.08592,0.11388,0.00179,0.02169,0.09295,0.00191,0.03510,0.00087,0.00798,0.11630,0.00991,0.10170,0.06096,0.09234,0.08408,0.00363,0.00191,0.03878,0.00865
880,0.04742,0.06263,0.03061,0.07732,0.06860,0.00611,0.08181,0.00134,0.03963,0.08115,0.06137,0.10487,0.01151,0.07276,0.03095,0.03805,0.00310,0.00370,0.08541,0.08902,0.00265
881,0.05292,0.06793,0.04664,0.01140,0.05488,0.03739,0.05152,0.05184,0.05808,0.04548,0.04041,0.04437,0.03835,0.05465,0.04015,0.07318,0.06216,0.05646,0.03410,0.07218,0.00590
882,0.00478,0.00220,0.01289,0.00929,0.37938,0.00463,0.00274,0.00681,0.00807,0.00264,0.00793,0.00690,0.00266,0.00683,0.00298,0.00214,0.00342,0.00444,0.05711,0.45819,0.01398
883,0.05231,0.06280,0.05818,0.07264,0.06718,0.04575,0.05066,0.02835,0.04561,0.04517,0.04292,0.04882,0.01082,0.08772,0.04044,0.06082,0.03912,0.03228,0.04050,0.06670,0.00122
884,0.00626,0.11830,0.17043,0.06326,0.03748,0.00050,0.01509,0.00654,0.00584,0.03509,0.13972,0.10073,0.00200,0.03462,0.00179,0.09846,0.04874,0.00658,0.03657,0.06599,0.00601
885,0.09164,0.04657,0.01519,0.01154,0.18531,0.01314,0.06249,0.05852,0.00781,0.04521,0.04552,0.01390,0.00227,0.05115,0.01028,0.03321,0.03985,0.05669,0.04998,0.15049,0.00923
886,0.00972,0.10992,0.02108,0.02375,0.03608,0.02209,0.01112,0.03599,0.03341,0.25277,0.18501,0.01236,0.00118,0.01868,0.01305,0.00633,0.08181,0.01357,0.03188,0.03089,0.04932
887,0.07451,0.06095,0.03047,0.03541,0.02072,0.03453,0.06711,0.05130,0.06787,0.05188,0.03648,0.05098,0.01115,0.10981,0.03424,0.04896,0.05313,0.09812,0.03131,0.02905,0.00204
888,0.01134,0.07502,0.00493,0.00532,0.05003,0.00625,0.06088,0.00148,0.07191,0.06675,0.08771,0.07826,0.00105,0.07959,0.00430,0.13931,0.14676,0.02705,0.01468,0.05805,0.00932
889,0.01308,0.03673,0.01941,0.09959,0.02786,0.01487,0.00472,0.02369,0.09577,0.01115,0.13777,0.01489,0.01527,0.39864,0.00218,0.00688,0.00624,0.01373,0.02807,0.01703,0.01244
890,0.00169,0.07599,0.00671,0.08125,0.05149,0.02084,0.03778,0.08019,0.01458,0.07856,0.10466,0.01699,0.00162,0.04088,0.01808,0.02609,0.09059,0.10365,0.07905,0.04706,0.02226
891,0.24033,0.00058,0.05569,0.05569,0.05569,0.02755,0.00046,0.05569,0.05569,0.00664,0.05569,0.05569,0.00229,0.02885,0.05581,0.01759,0.02962,0.03335,0.05569,0.05569,0.05569
892,0.01625,0.00155,0.35480,0.02907,0.14229,0.01181,0.00355,0.01350,0.01559,0.00430,0.01777,0.06481,0.01064,0.01637,0.00999,0.00638,0.01298,0.00892,0.01254,0.23880,0.00809
893,0.02571,0.02550,0.00901,0.00493,0.07467,0.01179,0.00981,0.35313,0.01649,0.20854,0.07511,0.01424,0.00419,0.00957,0.01138,0.00109,0.01191,0.10174,0.00856,0.00678,0.01583
894,0.07408,0.12883,0.01205,0.00456,0.02437,0.22669,0.03152,0.00750,0.01959,0.03793,0.04227,0.06098,0.04354,0.02367,0.01113,0.04071,0.09931,0.03940,0.01921,0.04801,0.00468
895,0.10738,0.06828,0.12150,0.07067,0.01086,0.01755,0.07247,0.03996,0.02873,0.02804,0.04504,0.04713,0.03265,0.09522,0.01827,0.06484,0.05748,0.04966,0.00378,0.01875,0.00173
896,0.06506,0.08754,0.01414,0.03984,0.04739,0.00694,0.04340,0.03445,0.06178,0.05255,0.04880,0.05256,0.06786,0.06795,0.05321,0.06734,0.06549,0.04357,0.01655,0.04539,0.01820
897,0.05003,0.07911,0.04750,0.02641,0.07478,0.05211,0.08328,0.03042,0.02966,0.02603,0.03442,0.07251,0.09707,0.03786,0.02885,0.04540,0.05362,0.02323,0.03322,0.07066,0.00383
898,0.06468,0.04776,0.00442,0.02337,0.05198,0.01340,0.05472,0.10102,0.00543,0.02885,0.06450,0.03994,0.02950,0.03445,0.01024,0.05934,0.09245,0.08705,0.08814,0.09542,0.00331
899,0.00062,0.01403,0.00538,0.00856,0.01356,0.00456,0.01226,0.00223,0.09725,0.05944,0.02898,0.01670,0.00305,0.01471,0.18967,0.22056,0.27723,0.00502,0.00817,0.01057,0.00746
900,0.05695,0.00512,0.00425,0.00729,0.10607,0.00270,0.01460,0.00514,0.00683,0.00124,0.07478,0.00454,0.33012,0.00457,0.00157,0.00279,0.00188,0.00279,0.14685,0.21213,0.00778
901,0.00459,0.00933,0.00897,0.00835,0.01163,0.68765,0.00808,0.01087,0.03156,0.00567,0.02920,0.01629,0.00429,0.01784,0.08554,0.00354,0.00650,0.00437,0.01804,0.00799,0.01970
902,0.14361,0.02408,0.00947,0.01181,0.00961,0.00832,0.00802,0.00755,0.01538,0.00264,0.03838,0.01004,0.00336,0.00687,0.00314,0.00305,0.00398,0.66446,0.00887,0.00949,0.00785
903,0.00738,0.02040,0.01700,0.01480,0.04235,0.00547,0.01466,0.01294,0.01135,0.71189,0.00902,0.01109,0.00484,0.01940,0.00616,0.00269,0.00435,0.00655,0.05551,0.01200,0.01015
904,0.00566,0.01569,0.01751,0.01415,0.01447,0.00670,0.00865,0.01063,0.01158,0.00374,0.01204,0.00812,0.00266,0.00515,0.00412,0.00604,0.00472,0.00797,0.02101,0.00746,0.81193
