site,A,C,D,E,F,G,H,I,K,L,M,N,P,Q,R,S,T,V,W,Y,*
790,0.04803,0.02684,0.01010,0.02591,0.06306,0.00414,0.06033,0.03851,0.04445,0.07746,0.07835,0.06081,0.05817,0.08072,0.03934,0.01665,0.07910,0.05147,0.01791,0.07548,0.04318
791,0.13457,0.11548,0.01149,0.00643,0.01008,0.05142,0.00881,0.01205,0.00778,0.00701,0.00727,0.01149,0.52897,0.01556,0.00187,0.01877,0.02430,0.00308,0.00449,0.01286,0.00623
792,0.07948,0.04806,0.01442,0.03453,0.00939,0.06365,0.07494,0.00987,0.10120,0.02085,0.04086,0.09021,0.00051,0.05919,0.10560,0.12506,0.07414,0.01518,0.00750,0.02426,0.00110
793,0.05654,0.00734,0.00902,0.02155,0.00828,0.62137,0.07380,0.01187,0.01127,0.00241,0.00911,0.05943,0.00404,0.01552,0.01504,0.03238,0.00491,0.00471,0.00374,0.02035,0.00731
794,0.00674,0.01062,0.01640,0.01206,0.01343,0.03195,0.16709,0.04315,0.05062,0.00760,0.01586,0.01518,0.01000,0.02181,0.49005,0.00913,0.01556,0.00552,0.00953,0.02426,0.02345
795,0.02325,0.01170,0.01103,0.01408,0.01439,0.00302,0.01664,0.01036,0.01467,0.00523,0.01389,0.01292,0.01942,0.01650,0.00354,0.00883,0.72516,0.03539,0.01072,0.01385,0.01539
796,0.00621,0.01038,0.01095,0.01657,0.01346,0.00590,0.01370,0.02720,0.01911,0.00458,0.01313,0.01286,0.01079,0.03616,0.00414,0.02014,0.72892,0.00477,0.00858,0.01420,0.01824
797,0.00478,0.01357,0.01593,0.00822,0.01183,0.01025,0.02109,0.01660,0.01032,0.00501,0.01092,0.01771,0.00914,0.01514,0.00771,0.00488,0.00840,0.00392,0.76517,0.02096,0.01846
798,0.01273,0.01090,0.01155,0.01009,0.01571,0.00376,0.02445,0.01520,0.01543,0.00323,0.01337,0.02046,0.01714,0.01519,0.00396,0.70402,0.02178,0.00620,0.01167,0.01313,0.05003
799,0.00228,0.05392,0.00555,0.00357,0.03126,0.00121,0.00524,0.28166,0.00481,0.48470,0.03487,0.00423,0.00313,0.00471,0.00102,0.00364,0.01847,0.02433,0.00346,0.02308,0.00484
800,0.00574,0.01219,0.02239,0.01095,0.01395,0.00456,0.64848,0.01073,0.01249,0.00729,0.05295,0.06188,0.01227,0.03510,0.02875,0.00452,0.00712,0.00608,0.00912,0.02364,0.00982
801,0.05340,0.05603,0.01022,0.00571,0.00919,0.27223,0.00747,0.00836,0.00588,0.00252,0.00686,0.14365,0.00344,0.00625,0.00223,0.22186,0.01777,0.14442,0.00560,0.01006,0.00685
802,0.05187,0.06380,0.00728,0.01127,0.00871,0.10832,0.05918,0.01504,0.11677,0.00123,0.00718,0.01682,0.00139,0.06952,0.06595,0.16091,0.15862,0.01268,0.01023,0.05131,0.00193
803,0.17933,0.06462,0.00526,0.01364,0.03897,0.18993,0.01487,0.00535,0.00560,0.02507,0.03011,0.03839,0.00271,0.08055,0.00854,0.24308,0.02381,0.00860,0.00764,0.00641,0.00753
804,0.01168,0.00607,0.45137,0.30106,0.00814,0.01685,0.00791,0.01034,0.00815,0.00239,0.02059,0.00646,0.00276,0.10102,0.00261,0.00240,0.00377,0.00287,0.00842,0.00753,0.01762
805,0.00520,0.02287,0.01478,0.01276,0.01028,0.00480,0.01715,0.01311,0.01148,0.00656,0.01059,0.01246,0.00459,0.01028,0.02024,0.00496,0.00652,0.00488,0.77354,0.01076,0.02220
806,0.05431,0.06736,0.00787,0.00605,0.03484,0.05397,0.02464,0.02904,0.01552,0.04881,0.27284,0.00856,0.00185,0.22005,0.02364,0.06449,0.02752,0.01779,0.00470,0.01106,0.00509
807,0.04236,0.16798,0.03128,0.00325,0.00275,0.15165,0.01030,0.01510,0.00350,0.00224,0.00308,0.03519,0.00076,0.00488,0.00164,0.24298,0.21766,0.05511,0.00248,0.00293,0.00291
808,0.03268,0.09154,0.05893,0.04893,0.00189,0.03631,0.06503,0.04104,0.04324,0.03055,0.08589,0.09248,0.01151,0.09758,0.05422,0.06664,0.07281,0.06132,0.00156,0.00408,0.00177
809,0.07871,0.04422,0.11777,0.10720,0.00187,0.04206,0.04953,0.00834,0.04269,0.01803,0.04363,0.10357,0.00114,0.12461,0.03164,0.08705,0.06540,0.02139,0.00139,0.00699,0.00277
810,0.05239,0.12091,0.28299,0.14566,0.00372,0.01871,0.02724,0.00321,0.00623,0.00202,0.00451,0.13202,0.02942,0.02248,0.00241,0.10322,0.02622,0.00308,0.00564,0.00373,0.00418
811,0.01057,0.02274,0.01153,0.00523,0.01037,0.00247,0.00993,0.20274,0.00691,0.17679,0.35794,0.01050,0.00238,0.01907,0.00345,0.04318,0.04250,0.04190,0.00418,0.01041,0.00519
812,0.00327,0.00602,0.00517,0.00791,0.01068,0.00283,0.00749,0.24285,0.00671,0.50214,0.15296,0.00471,0.00316,0.00639,0.00448,0.00238,0.00273,0.00688,0.00776,0.00552,0.00797
813,0.04917,0.04086,0.06629,0.08904,0.05782,0.06220,0.06013,0.03526,0.02355,0.05398,0.04573,0.06364,0.00553,0.05286,0.03487,0.05886,0.05355,0.02767,0.05918,0.05912,0.00067
814,0.02067,0.16477,0.00524,0.00418,0.00509,0.00564,0.00526,0.15323,0.00507,0.03880,0.06244,0.00413,0.00191,0.00628,0.00141,0.00181,0.20952,0.29084,0.00358,0.00539,0.00475
815,0.00618,0.01270,0.01402,0.01361,0.01352,0.01005,0.01293,0.01414,0.01553,0.01348,0.01247,0.01271,0.00568,0.01769,0.02355,0.00471,0.00608,0.00523,0.74368,0.01536,0.02667
816,0.00741,0.01507,0.01202,0.01047,0.01419,0.00615,0.01348,0.03573,0.02191,0.00390,0.01276,0.67810,0.00654,0.01289,0.00424,0.03786,0.05583,0.00943,0.01121,0.01748,0.01333
817,0.01620,0.00691,0.00614,0.00746,0.00578,0.01917,0.05255,0.01078,0.24442,0.00550,0.03823,0.04980,0.00276,0.16136,0.26148,0.02329,0.06096,0.00754,0.00468,0.00479,0.01018
818,0.02041,0.20558,0.00296,0.02027,0.03048,0.00591,0.00677,0.08397,0.00313,0.07304,0.16237,0.00426,0.00162,0.00332,0.00121,0.00363,0.15125,0.20312,0.00281,0.01105,0.00282
819,0.00659,0.00819,0.00937,0.00979,0.01270,0.00316,0.00973,0.01418,0.01025,0.00326,0.01068,0.00865,0.00411,0.01142,0.02271,0.00462,0.00680,0.00489,0.79755,0.01122,0.03013
820,0.00944,0.01269,0.01256,0.01573,0.01832,0.00696,0.00890,0.63250,0.01082,0.00424,0.00861,0.01473,0.00329,0.01111,0.00504,0.01320,0.03009,0.13960,0.01473,0.01362,0.01382
821,0.05451,0.04352,0.07136,0.07912,0.05845,0.01252,0.06337,0.06973,0.01670,0.06151,0.04943,0.02314,0.00085,0.05144,0.01111,0.05845,0.06539,0.05459,0.06939,0.08254,0.00288
822,0.04403,0.06507,0.10749,0.13449,0.03505,0.04862,0.04989,0.00292,0.01767,0.05721,0.05816,0.07323,0.00135,0.08014,0.01767,0.06899,0.06262,0.00769,0.01978,0.04516,0.00275
823,0.00842,0.01706,0.00458,0.01855,0.02157,0.00629,0.01953,0.02419,0.02973,0.00531,0.01578,0.73238,0.00577,0.01809,0.00510,0.00463,0.00644,0.00878,0.01264,0.01450,0.02065
824,0.06521,0.04041,0.06813,0.05390,0.02646,0.02710,0.06104,0.04677,0.05695,0.03515,0.04926,0.05853,0.08552,0.05196,0.03472,0.06131,0.05924,0.05017,0.04021,0.02705,0.00093
825,0.02749,0.04295,0.01477,0.01954,0.10018,0.01561,0.10236,0.00446,0.07903,0.01780,0.10638,0.05673,0.00137,0.07428,0.04709,0.02619,0.01384,0.00422,0.18154,0.06100,0.00318
826,0.00420,0.13393,0.00736,0.01092,0.00907,0.00304,0.01226,0.09189,0.03876,0.16224,0.35443,0.00906,0.00538,0.02156,0.00630,0.00294,0.02991,0.07283,0.00787,0.00792,0.00814
827,0.04893,0.04440,0.03942,0.04623,0.05866,0.02516,0.08741,0.06008,0.04769,0.04668,0.03977,0.05611,0.06651,0.05216,0.04518,0.04662,0.05042,0.04273,0.03895,0.05537,0.00151
828,0.01068,0.15475,0.24404,0.03626,0.01053,0.00600,0.03676,0.10087,0.01284,0.02308,0.01677,0.15493,0.00320,0.01365,0.00453,0.02920,0.02657,0.08003,0.00700,0.01978,0.00853
829,0.00893,0.01559,0.02299,0.03795,0.01598,0.00719,0.02265,0.01897,0.57566,0.00447,0.03711,0.03159,0.00589,0.05418,0.03870,0.00658,0.01792,0.00671,0.01120,0.01675,0.04300
830,0.04680,0.01522,0.02008,0.03483,0.01425,0.00626,0.05091,0.03792,0.09509,0.00712,0.01921,0.05282,0.00468,0.04244,0.03620,0.20112,0.26088,0.01095,0.01085,0.01798,0.01438
831,0.04962,0.03418,0.00435,0.01267,0.05131,0.00142,0.07113,0.06792,0.04859,0.08938,0.05019,0.04620,0.11662,0.03269,0.05895,0.02362,0.03207,0.03219,0.07160,0.10178,0.00354
832,0.01483,0.05512,0.00823,0.00658,0.00485,0.00411,0.00693,0.31590,0.00588,0.22978,0.05493,0.00811,0.00211,0.00738,0.00204,0.00197,0.00366,0.25093,0.00467,0.00573,0.00627
833,0.04763,0.04456,0.07359,0.09201,0.02013,0.06369,0.05719,0.02535,0.04347,0.05085,0.03639,0.04380,0.03119,0.06293,0.03734,0.07538,0.07096,0.05392,0.02100,0.04710,0.00152
834,0.11434,0.07960,0.01177,0.02264,0.01289,0.01888,0.06834,0.01117,0.12784,0.04345,0.05159,0.05282,0.00073,0.12194,0.06481,0.05893,0.05881,0.05807,0.00617,0.01300,0.00221
835,0.00692,0.02173,0.01671,0.02185,0.01695,0.01315,0.01589,0.01933,0.01567,0.01206,0.01551,0.01154,0.00638,0.01662,0.01880,0.00789,0.00768,0.00792,0.66986,0.05398,0.02355
836,0.02289,0.00688,0.00526,0.00473,0.00513,0.00306,0.04400,0.10474,0.08073,0.03161,0.06914,0.01370,0.03293,0.13831,0.04763,0.07811,0.16643,0.07673,0.05194,0.01019,0.00587
837,0.02208,0.01695,0.43157,0.16334,0.01766,0.00246,0.01831,0.02335,0.02334,0.00681,0.01653,0.02267,0.00636,0.12164,0.00557,0.01422,0.00855,0.03231,0.01488,0.01418,0.01721
838,0.00581,0.01509,0.01833,0.01386,0.03885,0.00557,0.01163,0.37093,0.01977,0.10484,0.02263,0.04221,0.00398,0.01153,0.00380,0.01275,0.01542,0.24612,0.01307,0.01249,0.01134
839,0.01091,0.01234,0.01498,0.01386,0.01952,0.13092,0.02708,0.01706,0.01474,0.01944,0.01324,0.01144,0.59108,0.01228,0.00581,0.02430,0.01378,0.00614,0.01325,0.01392,0.01391
840,0.00430,0.03532,0.03552,0.00906,0.39350,0.00422,0.01902,0.00907,0.00886,0.00280,0.00754,0.03106,0.00489,0.01256,0.00274,0.00542,0.00379,0.00441,0.00634,0.37630,0.02327
841,0.01857,0.01623,0.01079,0.00796,0.00825,0.02277,0.02391,0.19868,0.01201,0.33506,0.12631,0.03090,0.00962,0.03185,0.00675,0.02511,0.01743,0.06846,0.00766,0.01012,0.01156
842,0.08103,0.05378,0.00987,0.02696,0.01231,0.44807,0.01041,0.01364,0.01664,0.00497,0.01798,0.18941,0.00521,0.04036,0.00374,0.00450,0.00596,0.01371,0.01529,0.01287,0.01328
843,0.00896,0.01773,0.04418,0.05242,0.01055,0.00889,0.01292,0.02288,0.52415,0.00412,0.11283,0.03055,0.00443,0.03385,0.03075,0.00651,0.00689,0.00884,0.01474,0.01193,0.03187
844,0.01053,0.01449,0.01690,0.02531,0.01337,0.03528,0.01285,0.01281,0.02741,0.00442,0.02630,0.01301,0.00628,0.01811,0.69504,0.00854,0.00668,0.01028,0.01540,0.01250,0.01450
845,0.00957,0.01915,0.02830,0.60476,0.01745,0.00746,0.01452,0.03333,0.08478,0.00650,0.01972,0.01736,0.00675,0.02747,0.00658,0.00612,0.00882,0.02575,0.02153,0.01601,0.01807
846,0.02625,0.01599,0.68658,0.04327,0.01701,0.02865,0.00954,0.01785,0.01804,0.00472,0.01762,0.00900,0.00423,0.01773,0.00600,0.00477,0.00755,0.00999,0.01987,0.01849,0.01686
847,0.01067,0.03293,0.01446,0.01131,0.10283,0.03327,0.06297,0.05460,0.01336,0.29676,0.06255,0.07717,0.00560,0.09115,0.01320,0.02398,0.01283,0.03682,0.01062,0.01412,0.01879
848,0.01260,0.02567,0.02769,0.02415,0.02284,0.02323,0.02338,0.03172,0.02294,0.01394,0.02457,0.02699,0.01031,0.02731,0.03072,0.01011,0.01260,0.01081,0.53074,0.03521,0.05247
849,0.00908,0.50250,0.10331,0.09217,0.01376,0.01814,0.00903,0.01184,0.01885,0.00660,0.01599,0.02033,0.00586,0.02034,0.01568,0.00964,0.00608,0.00670,0.03707,0.03620,0.04082
850,0.02457,0.01624,0.03302,0.00481,0.02049,0.56115,0.01196,0.01800,0.03224,0.00676,0.01966,0.01666,0.00607,0.07627,0.00689,0.00582,0.00738,0.02182,0.01538,0.01460,0.08023
851,0.16912,0.02349,0.01930,0.01640,0.01934,0.00713,0.01346,0.01504,0.02479,0.00900,0.01827,0.01260,0.01562,0.02554,0.00648,0.52481,0.01774,0.01151,0.01375,0.01694,0.01969
852,0.00693,0.01942,0.02276,0.01585,0.06611,0.00494,0.01206,0.03250,0.01885,0.34550,0.31444,0.01558,0.00710,0.01837,0.01294,0.00560,0.01706,0.00758,0.01986,0.02169,0.01488
853,0.00973,0.04225,0.01436,0.01955,0.02461,0.00773,0.03197,0.45332,0.02177,0.08700,0.04009,0.02288,0.00760,0.02488,0.01670,0.00751,0.02777,0.07833,0.01731,0.02672,0.01791
854,0.00364,0.01047,0.01040,0.01080,0.01580,0.46347,0.01050,0.01571,0.00936,0.00377,0.02390,0.01191,0.00415,0.01339,0.00148,0.13954,0.21295,0.00966,0.00841,0.01245,0.00822
855,0.00368,0.05824,0.00591,0.00628,0.30856,0.00301,0.11216,0.00385,0.00663,0.00116,0.00728,0.04138,0.00159,0.00399,0.01003,0.00357,0.00192,0.00453,0.18381,0.22570,0.00673
856,0.01319,0.02425,0.02252,0.01968,0.03561,0.01953,0.02022,0.01952,0.03125,0.00753,0.02405,0.02357,0.00784,0.02560,0.57697,0.00676,0.01052,0.01462,0.01913,0.02669,0.05095
857,0.00982,0.01342,0.01359,0.01923,0.02251,0.00453,0.01521,0.02496,0.02576,0.03602,0.03933,0.01875,0.65756,0.01369,0.00370,0.00804,0.00655,0.01067,0.01619,0.01732,0.02316
858,0.00333,0.00956,0.00950,0.01625,0.01159,0.00471,0.02192,0.01464,0.02372,0.00457,0.01744,0.01397,0.00595,0.01065,0.77153,0.01274,0.00500,0.00484,0.00962,0.01208,0.01637
859,0.13085,0.06625,0.00250,0.00445,0.00563,0.02430,0.06728,0.01057,0.01022,0.02294,0.05634,0.00533,0.00253,0.20266,0.00381,0.19992,0.16564,0.00631,0.00407,0.00326,0.00515
860,0.02124,0.03894,0.01538,0.02262,0.02116,0.01076,0.01280,0.07571,0.02291,0.00665,0.03168,0.02256,0.01145,0.02287,0.00668,0.02578,0.56363,0.00933,0.02024,0.01668,0.02095
861,0.00980,0.05506,0.01507,0.01006,0.01888,0.00375,0.01729,0.02081,0.01245,0.00561,0.01262,0.01639,0.00627,0.01198,0.01263,0.00720,0.00707,0.00685,0.65662,0.02104,0.07256
862,0.39811,0.12797,0.01978,0.01523,0.02539,0.03425,0.01522,0.02036,0.02226,0.00622,0.01616,0.01556,0.00836,0.01249,0.00528,0.16569,0.00529,0.00826,0.02250,0.03117,0.02446
863,0.10216,0.04133,0.03701,0.10349,0.08056,0.04729,0.05114,0.00467,0.04681,0.01986,0.03737,0.01561,0.00157,0.14561,0.02217,0.07812,0.05040,0.05523,0.03386,0.01895,0.00679
864,0.00859,0.05452,0.03294,0.01683,0.01217,0.00618,0.21705,0.01326,0.11405,0.00414,0.01431,0.27064,0.00440,0.01497,0.07548,0.02103,0.01128,0.00652,0.01903,0.06429,0.01831
865,0.05232,0.01639,0.01412,0.01525,0.00985,0.00603,0.00882,0.37194,0.01965,0.19125,0.07602,0.00963,0.00624,0.01455,0.00461,0.00443,0.01071,0.12475,0.01425,0.01360,0.01556
866,0.02682,0.03438,0.00493,0.01468,0.03468,0.02290,0.09425,0.06004,0.14158,0.03693,0.02320,0.00337,0.10797,0.04464,0.08340,0.03446,0.05935,0.06272,0.03569,0.06738,0.00664
867,0.05415,0.07910,0.04766,0.03259,0.04014,0.03915,0.06025,0.05369,0.01502,0.04422,0.07639,0.08393,0.03687,0.05780,0.04019,0.05836,0.07059,0.05438,0.02046,0.03404,0.00101
868,0.00940,0.01990,0.02040,0.02822,0.02240,0.01061,0.01891,0.02576,0.02595,0.00711,0.02872,0.01432,0.00521,0.02231,0.00732,0.04996,0.51539,0.09731,0.02118,0.02153,0.02808
869,0.05709,0.18060,0.00848,0.01549,0.00772,0.00830,0.00882,0.05968,0.01211,0.01174,0.04134,0.01048,0.00264,0.01181,0.01447,0.01815,0.12400,0.37159,0.01283,0.00946,0.01321
870,0.07592,0.09826,0.01637,0.04196,0.04575,0.08371,0.07872,0.02136,0.04232,0.03452,0.06974,0.06700,0.00160,0.03434,0.07626,0.05176,0.04678,0.02838,0.03774,0.04538,0.00213
871,0.03832,0.04796,0.00412,0.00316,0.07990,0.01398,0.07392,0.04516,0.14324,0.12206,0.11498,0.01263,0.00087,0.03851,0.15968,0.04364,0.02336,0.01557,0.01093,0.00448,0.00353
872,0.01940,0.17208,0.01430,0.00775,0.01430,0.00650,0.01055,0.08050,0.00978,0.11224,0.18661,0.01088,0.00245,0.00838,0.00268,0.00641,0.04303,0.26170,0.00813,0.01003,0.01229
873,0.00419,0.00138,0.01067,0.01471,0.00873,0.00712,0.10722,0.00855,0.14778,0.00307,0.01166,0.00624,0.00242,0.26404,0.34937,0.00649,0.01081,0.00536,0.01025,0.00956,0.01038
874,0.01039,0.02968,0.02236,0.01487,0.11760,0.02547,0.04345,0.01734,0.09627,0.00631,0.02613,0.02592,0.00626,0.01545,0.40744,0.01882,0.01591,0.02736,0.04059,0.01725,0.01515
875,0.00950,0.04524,0.00973,0.01998,0.02122,0.00469,0.01563,0.40417,0.01427,0.09886,0.02035,0.01173,0.00435,0.01489,0.00543,0.00388,0.00356,0.25308,0.01513,0.00982,0.01450
876,0.02662,0.08399,0.00781,0.01045,0.02265,0.00581,0.00733,0.46332,0.01402,0.06594,0.04237,0.01299,0.00296,0.01103,0.01937,0.00318,0.02978,0.13334,0.01609,0.00802,0.01292
877,0.06612,0.09526,0.11298,0.00537,0.00485,0.28709,0.00644,0.00650,0.00653,0.00153,0.00549,0.16763,0.00383,0.00582,0.00216,0.19081,0.01156,0.00385,0.00519,0.00485,0.00615
878,0.06064,0.06596,0.05373,0.05178,0.04363,0.03350,0.06874,0.06800,0.02866,0.04121,0.04028,0.04550,0.05772,0.05537,0.02260,0.06963,0.06782,0.04773,0.03452,0.04221,0.00076
879,0.05897,0.04573,0.09281,0.10450,0.00165,0.05182,0.08207,0.00176,0.04035,0.00066,0.00505,0.13563,0.01485,0.08853,0.07128,0.09405,0.07277,0.00220,0.00176,0.02840,0.00519
880,0.05425,0.05122,0.02962,0.06742,0.06158,0.02880,0.08560,0.00248,0.04906,0.07559,0.06019,0.09627,0.01646,0.06519,0.02898,0.03677,0.00499,0.00737,0.07185,0.10438,0.00192
881,0.04813,0.05384,0.05061,0.04368,0.04987,0.03818,0.05449,0.04054,0.05649,0.04621,0.04413,0.06040,0.04596,0.05172,0.04545,0.06898,0.05973,0.05039,0.02687,0.06055,0.00377
882,0.00413,0.05939,0.00903,0.00803,0.35267,0.00400,0.03355,0.00588,0.00695,0.00228,0.00684,0.00561,0.00230,0.00590,0.00257,0.00185,0.00296,0.00383,0.07500,0.39351,0.01372
883,0.05168,0.06247,0.06441,0.06907,0.06112,0.04604,0.04666,0.03234,0.03782,0.04697,0.04375,0.05443,0.01226,0.07777,0.04413,0.06079,0.04726,0.04481,0.03480,0.06035,0.00110
884,0.00561,0.11810,0.18521,0.07419,0.08769,0.02237,0.01087,0.00733,0.00648,0.02908,0.09855,0.10077,0.00202,0.02437,0.00203,0.08439,0.04432,0.00470,0.02676,0.05863,0.00652
885,0.07824,0.06329,0.01717,0.00865,0.15361,0.01324,0.09233,0.04143,0.00832,0.03518,0.04554,0.02698,0.00201,0.06758,0.01617,0.03361,0.04761,0.05238,0.05643,0.13207,0.00814
886,0.01065,0.08129,0.02392,0.02662,0.03071,0.02460,0.01197,0.03088,0.03680,0.27772,0.15360,0.01374,0.00155,0.05230,0.01767,0.00693,0.07149,0.01888,0.02866,0.02739,0.05263
887,0.08853,0.06210,0.02353,0.02367,0.01815,0.02963,0.06062,0.06438,0.05181,0.05310,0.05574,0.03928,0.01200,0.13812,0.02805,0.05435,0.05638,0.08865,0.02387,0.02577,0.00226
888,0.03221,0.07449,0.00586,0.00632,0.04355,0.00577,0.06411,0.00660,0.05452,0.05367,0.08798,0.07147,0.00124,0.07457,0.00448,0.13843,0.17410,0.01953,0.01209,0.05797,0.01105
889,0.01456,0.03970,0.02157,0.07731,0.03077,0.01662,0.00532,0.02640,0.05742,0.01165,0.10491,0.01657,0.00972,0.44459,0.02739,0.00771,0.00712,0.01548,0.03182,0.01921,0.01416
890,0.02038,0.08167,0.01285,0.09264,0.04569,0.02325,0.02637,0.10445,0.01708,0.06606,0.07213,0.01210,0.00191,0.03967,0.01200,0.01963,0.07842,0.12174,0.08437,0.04119,0.02639
891,0.13088,0.02347,0.06240,0.06240,0.06240,0.03307,0.00104,0.06240,0.06240,0.00622,0.06240,0.06240,0.00262,0.03540,0.06252,0.01103,0.03186,0.03791,0.06240,0.06240,0.06240
892,0.01919,0.00447,0.21481,0.03830,0.13477,0.01321,0.06359,0.01567,0.01951,0.00517,0.01968,0.06921,0.01189,0.02023,0.01140,0.01333,0.01523,0.01137,0.01430,0.27552,0.00916
893,0.01934,0.02475,0.01333,0.00721,0.04886,0.00942,0.01190,0.27277,0.01237,0.30746,0.04432,0.01660,0.00381,0.00846,0.00811,0.03262,0.00969,0.10488,0.01758,0.01010,0.01643
894,0.04498,0.12965,0.01165,0.00601,0.01659,0.37348,0.01840,0.00773,0.01447,0.02611,0.02954,0.04897,0.02498,0.01498,0.00683,0.04422,0.09206,0.02604,0.01337,0.04219,0.00776
895,0.11356,0.08474,0.14244,0.10048,0.00921,0.02401,0.06841,0.02916,0.02574,0.01962,0.04289,0.03489,0.02018,0.10382,0.01288,0.05705,0.04615,0.03996,0.00394,0.01813,0.00274
896,0.06132,0.08873,0.01631,0.04834,0.04800,0.02441,0.05311,0.02975,0.05738,0.04692,0.05097,0.06497,0.06877,0.05495,0.03929,0.06741,0.05827,0.04551,0.02268,0.04075,0.01216
897,0.04623,0.07484,0.05011,0.02650,0.09240,0.07008,0.05927,0.03756,0.02244,0.02447,0.03254,0.08353,0.08221,0.03678,0.02361,0.04822,0.03591,0.01778,0.02577,0.10415,0.00559
898,0.05792,0.05005,0.00279,0.02077,0.06751,0.01182,0.05664,0.09692,0.00459,0.02360,0.06007,0.03265,0.02214,0.03821,0.00820,0.06568,0.11089,0.08295,0.09362,0.08927,0.00369
899,0.00622,0.01172,0.00641,0.01010,0.01125,0.00455,0.00902,0.00265,0.08725,0.03975,0.02563,0.01341,0.00258,0.01073,0.18944,0.20893,0.32751,0.00593,0.00974,0.00827,0.00891
900,0.05397,0.00629,0.00525,0.00904,0.09481,0.00316,0.01510,0.00638,0.00841,0.01150,0.05864,0.00559,0.40584,0.00567,0.00170,0.00213,0.00268,0.00346,0.12233,0.16849,0.00955
901,0.00704,0.00933,0.00899,0.03631,0.01166,0.68472,0.00810,0.01088,0.03149,0.00498,0.02905,0.01624,0.00429,0.01795,0.05457,0.00356,0.00650,0.00839,0.01806,0.00801,0.01988
902,0.15833,0.01877,0.00908,0.00934,0.00921,0.00594,0.00769,0.00723,0.01135,0.00293,0.06994,0.00962,0.00323,0.00658,0.00301,0.00292,0.00382,0.63593,0.00848,0.00909,0.00752
903,0.00737,0.02038,0.01700,0.01470,0.03644,0.00548,0.01469,0.01297,0.01139,0.70911,0.00904,0.01111,0.00467,0.01947,0.00615,0.02202,0.00434,0.00620,0.04589,0.01199,0.00960
904,0.00553,0.01529,0.01710,0.01389,0.01250,0.00654,0.00849,0.01040,0.01128,0.00412,0.01176,0.00797,0.00261,0.03210,0.00401,0.00465,0.00462,0.00782,0.02096,0.00726,0.79109
