site,A,C,D,E,F,G,H,I,K,L,M,N,P,Q,R,S,T,V,W,Y,*
790,0.05641,0.02696,0.00953,0.01557,0.04767,0.00135,0.08035,0.03546,0.03398,0.11242,0.09753,0.04573,0.02927,0.03932,0.03377,0.03450,0.13971,0.04686,0.02749,0.04824,0.03788
791,0.09174,0.04804,0.00581,0.00309,0.00523,0.01752,0.00441,0.00692,0.00355,0.00196,0.00315,0.00633,0.26853,0.45135,0.00094,0.00229,0.06573,0.00162,0.00211,0.00663,0.00304
792,0.06952,0.04248,0.01421,0.04246,0.01061,0.06924,0.06678,0.00322,0.08602,0.02228,0.05364,0.13506,0.00044,0.06373,0.07614,0.12388,0.06872,0.02204,0.00581,0.02269,0.00104
793,0.06451,0.01696,0.00624,0.00274,0.00551,0.42150,0.03346,0.00814,0.00710,0.00164,0.00636,0.02542,0.00279,0.01843,0.00664,0.02273,0.00340,0.12185,0.20993,0.00974,0.00492
794,0.00251,0.00556,0.00788,0.00557,0.00628,0.00055,0.05731,0.58088,0.01187,0.00370,0.00833,0.00755,0.00477,0.01106,0.25128,0.00189,0.00442,0.00291,0.00481,0.01632,0.00455
795,0.00173,0.00922,0.00860,0.01098,0.01143,0.00238,0.01322,0.00711,0.01151,0.00407,0.01085,0.26603,0.00564,0.01308,0.00277,0.00543,0.55962,0.02514,0.00832,0.01087,0.01200
796,0.00228,0.00920,0.00970,0.01466,0.01189,0.01314,0.01215,0.00601,0.01469,0.00406,0.01164,0.15404,0.00348,0.03202,0.00367,0.02026,0.63657,0.00423,0.00760,0.01258,0.01615
797,0.00293,0.15412,0.00976,0.00505,0.00742,0.00175,0.01131,0.00985,0.00623,0.27248,0.00716,0.01076,0.00571,0.00908,0.00220,0.00256,0.00420,0.00235,0.46087,0.01066,0.00355
798,0.00316,0.00513,0.00457,0.00491,0.00604,0.00164,0.01048,0.00673,0.00679,0.00169,0.00578,0.00706,0.00082,0.00664,0.00161,0.31021,0.00410,0.00268,0.00574,0.00610,0.59812
799,0.00171,0.03554,0.00431,0.00321,0.04128,0.00093,0.00471,0.24769,0.00367,0.50465,0.03328,0.00367,0.00281,0.00419,0.00092,0.00131,0.02149,0.05389,0.00309,0.02333,0.00432
800,0.00330,0.00484,0.00671,0.00402,0.00483,0.00164,0.23962,0.00364,0.00516,0.00117,0.02394,0.65567,0.00234,0.00672,0.00294,0.00159,0.00243,0.00504,0.00314,0.01761,0.00364
801,0.04139,0.03754,0.00361,0.00112,0.00396,0.11420,0.00325,0.00745,0.00240,0.00107,0.00298,0.08962,0.00143,0.00276,0.00142,0.12951,0.01192,0.20668,0.00243,0.00441,0.33084
802,0.02733,0.04685,0.00369,0.00035,0.01704,0.07041,0.05466,0.01074,0.08890,0.00082,0.00762,0.29328,0.00104,0.05183,0.06007,0.10370,0.10978,0.01215,0.00768,0.03054,0.00151
803,0.10222,0.04824,0.00315,0.00506,0.04204,0.11238,0.01967,0.00319,0.00511,0.01361,0.00881,0.03925,0.00168,0.03437,0.00754,0.13367,0.01164,0.18735,0.00731,0.00392,0.20980
804,0.00112,0.00287,0.12365,0.12961,0.00307,0.00030,0.00272,0.00412,0.00135,0.00095,0.00406,0.00280,0.00117,0.02122,0.00113,0.00092,0.00161,0.00127,0.00334,0.00291,0.68981
805,0.00230,0.28579,0.00641,0.00586,0.00457,0.00212,0.00557,0.00570,0.00461,0.28706,0.00487,0.00554,0.00202,0.00492,0.00106,0.00179,0.00277,0.00233,0.35044,0.00504,0.00921
806,0.03284,0.04985,0.00459,0.00330,0.03282,0.02856,0.00642,0.38700,0.01598,0.04174,0.16793,0.00677,0.00111,0.12867,0.00991,0.03787,0.01699,0.00486,0.00191,0.01790,0.00299
807,0.02022,0.15890,0.00496,0.00360,0.00302,0.14237,0.00279,0.00452,0.00404,0.00126,0.00337,0.12060,0.00084,0.00383,0.00092,0.24018,0.23496,0.04035,0.00278,0.00323,0.00326
808,0.03991,0.06383,0.06189,0.04425,0.00168,0.03982,0.05874,0.03079,0.04709,0.02941,0.07481,0.14509,0.00993,0.09549,0.05042,0.07249,0.07238,0.05659,0.00158,0.00204,0.00179
809,0.06126,0.03555,0.30266,0.08073,0.00141,0.03721,0.03326,0.00525,0.02319,0.00961,0.03481,0.05315,0.00056,0.07119,0.01549,0.06085,0.05255,0.01414,0.00109,0.00372,0.10232
810,0.02691,0.06334,0.19977,0.19026,0.00271,0.00900,0.01606,0.00230,0.00658,0.00144,0.00327,0.07946,0.01110,0.02479,0.00173,0.06831,0.01565,0.00110,0.00414,0.26901,0.00305
811,0.00669,0.01200,0.01125,0.00513,0.01011,0.00242,0.00964,0.32735,0.00419,0.13619,0.34297,0.01037,0.00232,0.01742,0.00269,0.02635,0.04111,0.01231,0.00404,0.01031,0.00515
812,0.00278,0.00515,0.00440,0.00670,0.00631,0.00241,0.00272,0.38069,0.00569,0.42348,0.12355,0.00400,0.00065,0.00543,0.00156,0.00175,0.00233,0.00230,0.00656,0.00471,0.00679
813,0.05323,0.04861,0.06507,0.08015,0.04602,0.05771,0.04866,0.08582,0.02331,0.04348,0.04373,0.05044,0.00179,0.05765,0.02939,0.06567,0.04679,0.03865,0.05805,0.05512,0.00066
814,0.01763,0.12537,0.00503,0.00399,0.00484,0.00139,0.00504,0.17925,0.00478,0.08386,0.04701,0.00396,0.00182,0.00827,0.00133,0.00174,0.21594,0.27573,0.00345,0.00509,0.00450
815,0.00202,0.53005,0.00452,0.00458,0.00435,0.00114,0.00448,0.00450,0.00525,0.16429,0.00391,0.00371,0.00184,0.00553,0.00052,0.00155,0.00203,0.00164,0.24374,0.00473,0.00562
816,0.00866,0.01723,0.00478,0.01218,0.01595,0.00564,0.01550,0.01767,0.01058,0.00454,0.01506,0.78185,0.00752,0.01531,0.00488,0.00263,0.00917,0.00817,0.01343,0.01393,0.01533
817,0.00244,0.00376,0.00415,0.00290,0.00353,0.00084,0.01940,0.43690,0.17823,0.00134,0.01583,0.01789,0.00185,0.09785,0.16272,0.01015,0.02796,0.00167,0.00318,0.00303,0.00436
818,0.00664,0.15837,0.00327,0.01090,0.01607,0.00111,0.00892,0.11741,0.00343,0.11327,0.14931,0.00342,0.00178,0.00362,0.00111,0.00124,0.16899,0.21865,0.00306,0.00629,0.00311
819,0.00186,0.51221,0.00285,0.00336,0.00413,0.00087,0.00330,0.00491,0.00380,0.16639,0.00369,0.00257,0.00133,0.00386,0.00114,0.00128,0.00187,0.00162,0.26903,0.00363,0.00632
820,0.00929,0.01228,0.01238,0.01538,0.01608,0.00683,0.00889,0.61034,0.01059,0.00410,0.00761,0.01150,0.00322,0.01093,0.00495,0.00801,0.00432,0.20213,0.01444,0.01329,0.01344
821,0.04295,0.03164,0.18750,0.05719,0.04249,0.01362,0.03188,0.06346,0.00893,0.04133,0.04042,0.01992,0.00061,0.04362,0.00694,0.02981,0.04829,0.03813,0.03512,0.06425,0.15190
822,0.01946,0.03263,0.41582,0.07080,0.01129,0.02985,0.02373,0.00162,0.01129,0.03294,0.02992,0.04216,0.00074,0.04383,0.00494,0.04008,0.03365,0.00054,0.00341,0.01772,0.13358
823,0.00534,0.01071,0.00159,0.01159,0.01332,0.00369,0.00678,0.01087,0.40199,0.00335,0.01005,0.46163,0.00363,0.01163,0.00320,0.00113,0.00403,0.00554,0.00799,0.00885,0.01307
824,0.04895,0.03033,0.05190,0.07602,0.02109,0.02382,0.04814,0.03899,0.03232,0.02570,0.02978,0.04445,0.06269,0.04577,0.02482,0.04647,0.05051,0.03980,0.01931,0.23841,0.00072
825,0.01812,0.02360,0.00372,0.01183,0.07190,0.00535,0.06005,0.00263,0.05038,0.01591,0.07035,0.41177,0.00081,0.05343,0.03620,0.01136,0.00910,0.00271,0.10174,0.03719,0.00188
826,0.00305,0.07342,0.00501,0.00526,0.00665,0.00218,0.00939,0.43082,0.00470,0.09213,0.24585,0.00618,0.00365,0.01313,0.00204,0.00213,0.00222,0.07502,0.00550,0.00573,0.00595
827,0.03994,0.04782,0.16328,0.03826,0.05137,0.02125,0.04926,0.04246,0.03373,0.04167,0.03298,0.06216,0.04806,0.03391,0.03065,0.03445,0.04422,0.04105,0.02487,0.03501,0.08360
828,0.00144,0.03289,0.11152,0.14190,0.00477,0.00026,0.00317,0.03998,0.00532,0.00714,0.00351,0.05803,0.00159,0.00743,0.00113,0.00881,0.00491,0.02779,0.00357,0.53100,0.00385
829,0.00433,0.00805,0.01044,0.00152,0.00600,0.00295,0.01213,0.00950,0.27176,0.00217,0.00647,0.62441,0.00274,0.00605,0.00064,0.00331,0.00573,0.00303,0.00574,0.00743,0.00562
830,0.06053,0.01594,0.00800,0.03043,0.01052,0.00383,0.02285,0.00487,0.02005,0.00718,0.01663,0.29778,0.00346,0.08587,0.05977,0.12967,0.19079,0.00423,0.00785,0.00886,0.01089
831,0.05122,0.01402,0.00362,0.00437,0.05113,0.00103,0.19863,0.02950,0.02970,0.06511,0.02327,0.01051,0.09502,0.01667,0.03807,0.01378,0.17197,0.02979,0.07887,0.07081,0.00292
832,0.00095,0.04757,0.00682,0.00464,0.00397,0.00150,0.00571,0.38852,0.00486,0.25928,0.03588,0.00676,0.00173,0.00612,0.00170,0.00163,0.00258,0.20593,0.00387,0.00479,0.00518
833,0.04962,0.04356,0.07930,0.07869,0.02077,0.04692,0.04433,0.03740,0.10268,0.05912,0.03886,0.05477,0.02436,0.04927,0.04068,0.05617,0.05846,0.04289,0.02233,0.04856,0.00128
834,0.09973,0.08545,0.02525,0.03059,0.00824,0.01481,0.08983,0.00734,0.11518,0.04256,0.03064,0.06387,0.00067,0.10643,0.08857,0.06388,0.05988,0.05539,0.00177,0.00791,0.00203
835,0.00209,0.53920,0.00670,0.00829,0.00472,0.00213,0.00425,0.00479,0.00455,0.18847,0.00439,0.00380,0.00182,0.00482,0.00108,0.00201,0.00248,0.00268,0.20601,0.00342,0.00229
836,0.03672,0.02836,0.00414,0.00358,0.00388,0.00300,0.02761,0.06519,0.16827,0.02415,0.08769,0.00676,0.02716,0.12205,0.05092,0.08934,0.12436,0.08193,0.03425,0.00592,0.00473
837,0.00215,0.00494,0.13303,0.21306,0.00490,0.00036,0.00567,0.00710,0.00857,0.00161,0.00581,0.00563,0.00193,0.02866,0.00195,0.00671,0.00279,0.00226,0.00366,0.55391,0.00529
838,0.00596,0.01577,0.01895,0.01445,0.01726,0.00570,0.01161,0.37846,0.02113,0.07829,0.01132,0.02557,0.00410,0.01198,0.00395,0.00450,0.00242,0.33030,0.01364,0.01291,0.01172
839,0.00266,0.00523,0.00643,0.00685,0.00955,0.03843,0.32264,0.00789,0.00652,0.00155,0.00546,0.00463,0.25388,0.00539,0.00194,0.00127,0.29992,0.00270,0.00524,0.00528,0.00654
840,0.00454,0.00281,0.01156,0.00941,0.48117,0.00447,0.00502,0.00954,0.00937,0.00294,0.01116,0.00920,0.00511,0.01180,0.00288,0.00366,0.00404,0.00465,0.00674,0.39321,0.00671
841,0.00996,0.00544,0.00511,0.00360,0.00361,0.00621,0.00583,0.62649,0.00548,0.15247,0.05644,0.01200,0.00072,0.03517,0.00143,0.00921,0.00943,0.03816,0.00365,0.00446,0.00511
842,0.02744,0.00945,0.00256,0.00275,0.00363,0.13393,0.00339,0.00427,0.00331,0.00107,0.01216,0.04398,0.00158,0.02186,0.00070,0.00282,0.00176,0.31139,0.00431,0.00375,0.40386
843,0.01001,0.01973,0.04958,0.01389,0.01163,0.01205,0.01429,0.01620,0.57581,0.00456,0.12734,0.04740,0.00492,0.01458,0.00469,0.00621,0.00733,0.00979,0.01643,0.01319,0.02036
844,0.00397,0.00552,0.00590,0.00777,0.00483,0.00137,0.00469,0.00412,0.00910,0.00159,0.59828,0.00455,0.00222,0.00678,0.24235,0.07663,0.00233,0.00365,0.00509,0.00418,0.00507
845,0.00356,0.01224,0.36566,0.31201,0.00895,0.00319,0.00798,0.01335,0.00904,0.00325,0.01062,0.00943,0.00342,0.00717,0.00330,0.00295,0.00468,0.00319,0.00971,0.00776,0.19854
846,0.00183,0.00483,0.21610,0.18663,0.00544,0.00066,0.00244,0.00617,0.00520,0.00152,0.00523,0.00209,0.00138,0.00530,0.00185,0.00152,0.00246,0.00306,0.00658,0.53398,0.00573
847,0.00536,0.01396,0.01387,0.01114,0.15407,0.05576,0.06022,0.09059,0.01305,0.28115,0.10111,0.03771,0.00389,0.08159,0.00542,0.01309,0.01060,0.01134,0.00916,0.00988,0.01703
848,0.00494,0.24553,0.01146,0.00957,0.01012,0.00491,0.00941,0.01179,0.00907,0.39784,0.01125,0.01030,0.00412,0.01194,0.00317,0.00422,0.00456,0.00409,0.21380,0.01168,0.00623
849,0.01130,0.43834,0.07553,0.03304,0.27564,0.02429,0.00796,0.01035,0.01662,0.00322,0.01409,0.01569,0.00365,0.01246,0.00166,0.00479,0.00530,0.00510,0.00649,0.02303,0.01147
850,0.00275,0.00538,0.00527,0.00215,0.00812,0.21765,0.00432,0.00689,0.01018,0.00249,0.00847,0.00634,0.00244,0.00701,0.00267,0.00221,0.00253,0.17390,0.00666,0.00477,0.51780
851,0.15285,0.01133,0.00764,0.00619,0.00592,0.00278,0.00500,0.00547,0.00923,0.00291,0.00639,0.00505,0.00050,0.00896,0.00247,0.20341,0.00258,0.00446,0.00582,0.54236,0.00869
852,0.00344,0.01292,0.01526,0.00947,0.01560,0.00274,0.00868,0.55571,0.01185,0.20212,0.08431,0.00993,0.00060,0.00860,0.00839,0.00326,0.01030,0.00433,0.01253,0.01165,0.00832
853,0.01043,0.05008,0.01559,0.02049,0.02585,0.00825,0.03730,0.48429,0.02139,0.06409,0.03529,0.02470,0.00836,0.02708,0.00702,0.00812,0.01119,0.08096,0.01886,0.02112,0.01955
854,0.00150,0.00454,0.00466,0.00388,0.00924,0.21524,0.00509,0.00713,0.00409,0.00152,0.00583,0.00597,0.00185,0.00554,0.00069,0.05754,0.14274,0.16026,0.35197,0.00637,0.00433
855,0.00104,0.01438,0.00155,0.00315,0.43922,0.00151,0.05615,0.00196,0.00334,0.00049,0.00367,0.10426,0.00029,0.03387,0.00024,0.00080,0.00096,0.00230,0.17610,0.15129,0.00342
856,0.00634,0.00915,0.01093,0.01166,0.01685,0.00477,0.00905,0.56030,0.00408,0.00359,0.01082,0.00986,0.00347,0.01133,0.27042,0.00671,0.00437,0.00720,0.00660,0.01214,0.02034
857,0.00308,0.00660,0.00655,0.00951,0.01090,0.00217,0.47158,0.01036,0.01340,0.00498,0.02077,0.00842,0.31547,0.00658,0.00171,0.00136,0.07358,0.00526,0.00757,0.00828,0.01187
858,0.00221,0.00555,0.00620,0.01108,0.00817,0.00200,0.01766,0.00811,0.01604,0.09374,0.01117,0.00965,0.00147,0.00715,0.51783,0.24992,0.00334,0.00334,0.00644,0.00781,0.01113
859,0.11244,0.06038,0.00151,0.00277,0.00299,0.01200,0.07076,0.01545,0.00434,0.01977,0.07587,0.03339,0.00055,0.32871,0.00266,0.14341,0.09888,0.00573,0.00256,0.00251,0.00332
860,0.00163,0.02722,0.01122,0.01730,0.01607,0.00714,0.00974,0.02465,0.01690,0.00510,0.02427,0.33791,0.00289,0.01707,0.00517,0.00439,0.41972,0.00709,0.01547,0.01294,0.01611
861,0.00458,0.40623,0.00610,0.00422,0.00752,0.00136,0.00736,0.00830,0.00499,0.22039,0.00535,0.00697,0.00265,0.00509,0.00702,0.00196,0.00321,0.00273,0.27757,0.00787,0.00850
862,0.22456,0.12407,0.27670,0.00888,0.01442,0.03226,0.00872,0.01181,0.01236,0.00354,0.00979,0.00912,0.00285,0.00725,0.00301,0.20181,0.00161,0.00209,0.01310,0.01786,0.01417
863,0.03793,0.02660,0.01176,0.03796,0.04177,0.02544,0.02784,0.00456,0.01559,0.00262,0.01766,0.00700,0.00046,0.08333,0.01046,0.04387,0.02322,0.01356,0.01341,0.01738,0.53758
864,0.00515,0.01041,0.00287,0.01134,0.00813,0.00407,0.14301,0.00669,0.47153,0.00243,0.00964,0.18319,0.00300,0.00998,0.07328,0.00113,0.00397,0.00426,0.00893,0.02466,0.01231
865,0.01886,0.01467,0.01339,0.01534,0.00953,0.00600,0.00865,0.36440,0.01943,0.19988,0.13865,0.00989,0.00626,0.01426,0.00453,0.00446,0.00162,0.10784,0.01355,0.01329,0.01552
866,0.02490,0.03823,0.00387,0.01003,0.04159,0.03098,0.11360,0.05016,0.11200,0.02988,0.01023,0.02395,0.07858,0.04163,0.09763,0.02891,0.05493,0.06412,0.04921,0.09026,0.00532
867,0.04708,0.05148,0.04398,0.04194,0.02368,0.03882,0.05197,0.04284,0.01450,0.03953,0.06488,0.06823,0.02650,0.04662,0.03209,0.05739,0.06487,0.04430,0.01492,0.18344,0.00093
868,0.00504,0.01239,0.01163,0.01656,0.01358,0.00627,0.01153,0.02560,0.43844,0.00409,0.01744,0.00857,0.00306,0.01297,0.00435,0.02929,0.30420,0.03319,0.01243,0.01275,0.01662
869,0.04749,0.18881,0.00589,0.01367,0.11399,0.00291,0.00778,0.07126,0.01044,0.00711,0.05885,0.00908,0.00228,0.01021,0.00405,0.00266,0.09565,0.31710,0.01115,0.00820,0.01142
870,0.08352,0.07798,0.02003,0.03014,0.04894,0.07671,0.08895,0.01642,0.09776,0.03526,0.05236,0.06271,0.00060,0.04411,0.07926,0.06044,0.03718,0.01716,0.03166,0.03679,0.00204
871,0.03673,0.02706,0.00364,0.00274,0.07766,0.01173,0.02541,0.16588,0.14743,0.11799,0.10045,0.00342,0.00066,0.02731,0.14750,0.03567,0.02503,0.02514,0.00946,0.00597,0.00314
872,0.04065,0.16201,0.01396,0.00803,0.01396,0.00263,0.01030,0.04481,0.00954,0.17517,0.18041,0.01064,0.00239,0.00819,0.00262,0.00297,0.03010,0.25192,0.00792,0.00978,0.01200
873,0.00380,0.00818,0.00956,0.01346,0.00799,0.00401,0.08607,0.00779,0.11078,0.08752,0.01050,0.00573,0.00174,0.18596,0.31746,0.10335,0.00386,0.00476,0.00925,0.00871,0.00952
874,0.00594,0.01569,0.00848,0.00480,0.04700,0.00069,0.01285,0.00973,0.04043,0.00292,0.26627,0.01289,0.00229,0.00512,0.17353,0.35410,0.00459,0.01217,0.00407,0.00882,0.00763
875,0.00877,0.02791,0.00933,0.01933,0.03110,0.00446,0.02112,0.38485,0.01394,0.09588,0.04172,0.00852,0.00420,0.01439,0.00524,0.00434,0.00997,0.25825,0.01456,0.00826,0.01386
876,0.00741,0.07456,0.00681,0.00888,0.03051,0.00504,0.00635,0.39063,0.01012,0.09355,0.08445,0.01243,0.00257,0.00940,0.00337,0.00276,0.04369,0.17607,0.01360,0.00675,0.01104
877,0.04007,0.36049,0.07375,0.00374,0.00325,0.19219,0.00450,0.00421,0.00448,0.00104,0.00363,0.10837,0.00102,0.00384,0.00242,0.11538,0.00404,0.06240,0.00357,0.00334,0.00428
878,0.04843,0.03829,0.04468,0.04668,0.02622,0.03850,0.04625,0.04004,0.02067,0.04523,0.02917,0.03294,0.05673,0.03709,0.01972,0.04810,0.04736,0.03779,0.03242,0.26302,0.00065
879,0.03663,0.03367,0.05892,0.07363,0.00113,0.04496,0.07141,0.00124,0.03766,0.00047,0.00543,0.08055,0.00801,0.05809,0.04157,0.06185,0.05076,0.00199,0.00309,0.02707,0.30187
880,0.03101,0.03466,0.01880,0.04606,0.05336,0.02558,0.06870,0.00099,0.02701,0.04696,0.03214,0.04652,0.00916,0.04855,0.01897,0.02191,0.00247,0.00574,0.05010,0.07566,0.33565
881,0.04299,0.05275,0.05034,0.03690,0.03626,0.04677,0.06291,0.05879,0.05412,0.03891,0.04633,0.07654,0.03304,0.04965,0.05561,0.05917,0.04740,0.06400,0.02548,0.06020,0.00184
882,0.00301,0.00378,0.00433,0.00576,0.24218,0.00288,0.00171,0.00424,0.00505,0.00164,0.00495,0.00388,0.00167,0.00423,0.00186,0.00134,0.00213,0.00281,0.03671,0.28185,0.38401
883,0.04329,0.04834,0.05483,0.06308,0.05033,0.04402,0.05820,0.10231,0.04405,0.04520,0.04075,0.05032,0.01002,0.07540,0.03199,0.05789,0.05326,0.04966,0.02904,0.04712,0.00090
884,0.00085,0.07694,0.09136,0.13247,0.02526,0.00634,0.00741,0.00330,0.00304,0.01560,0.08087,0.05658,0.00062,0.02486,0.00095,0.05384,0.02930,0.00124,0.01121,0.37466,0.00330
885,0.07666,0.11164,0.00522,0.00758,0.13399,0.01269,0.09095,0.04973,0.00793,0.04525,0.07133,0.01637,0.00231,0.07095,0.00981,0.02867,0.02831,0.05000,0.02584,0.15084,0.00391
886,0.00433,0.02434,0.00645,0.00862,0.01198,0.00917,0.00346,0.65364,0.01004,0.10129,0.07435,0.00492,0.00058,0.00979,0.00191,0.00266,0.02595,0.01068,0.01226,0.00735,0.01623
887,0.07066,0.04520,0.01880,0.02293,0.00678,0.03698,0.05129,0.07431,0.03570,0.04660,0.03438,0.04705,0.02025,0.08529,0.03344,0.04040,0.05185,0.08014,0.02547,0.17077,0.00171
888,0.03770,0.07470,0.00501,0.00520,0.06087,0.00629,0.05997,0.00695,0.03593,0.05232,0.05903,0.12312,0.00105,0.09748,0.00390,0.12193,0.14041,0.03712,0.01679,0.04494,0.00928
889,0.00527,0.01386,0.01043,0.04390,0.01279,0.00536,0.00230,0.01224,0.58430,0.00415,0.08715,0.00535,0.00153,0.17242,0.00328,0.00325,0.00263,0.00599,0.01185,0.00774,0.00423
890,0.04344,0.06517,0.00622,0.07101,0.11734,0.01281,0.03159,0.09115,0.02280,0.05895,0.07644,0.01638,0.00155,0.03474,0.01504,0.02366,0.07283,0.09396,0.05928,0.06301,0.02265
891,0.00990,0.00164,0.04151,0.04151,0.04151,0.01897,0.00119,0.04151,0.04151,0.07963,0.04151,0.04151,0.00240,0.02193,0.04155,0.36460,0.02113,0.02199,0.04151,0.04151,0.04151
892,0.02019,0.00599,0.07173,0.04601,0.15490,0.01278,0.00422,0.01607,0.02204,0.00557,0.01883,0.06700,0.01154,0.02253,0.01139,0.00631,0.01585,0.01309,0.01425,0.27721,0.18252
893,0.00699,0.00925,0.00523,0.00255,0.47225,0.01503,0.00829,0.21771,0.00866,0.11259,0.03524,0.00639,0.00407,0.00890,0.00513,0.00687,0.00960,0.05645,0.00247,0.00421,0.00214
894,0.04355,0.32775,0.01893,0.00477,0.01419,0.17655,0.02264,0.01294,0.00927,0.02150,0.03721,0.04513,0.03022,0.00881,0.00944,0.04546,0.06085,0.05335,0.01416,0.03956,0.00371
895,0.09440,0.05554,0.19615,0.06078,0.00766,0.03186,0.06008,0.02519,0.01849,0.02321,0.04277,0.04324,0.02215,0.07345,0.01416,0.05074,0.03949,0.03959,0.00262,0.01336,0.08507
896,0.05600,0.05055,0.00519,0.03014,0.02713,0.03108,0.03569,0.02364,0.03906,0.03263,0.05377,0.04685,0.04762,0.03064,0.03434,0.04024,0.04709,0.03746,0.02284,0.04137,0.26668
897,0.04101,0.08081,0.06651,0.01872,0.08796,0.04322,0.02661,0.04589,0.02703,0.02104,0.03754,0.04671,0.06144,0.03618,0.02518,0.03974,0.04138,0.10502,0.11306,0.03130,0.00363
898,0.05287,0.07514,0.00391,0.01342,0.06016,0.01800,0.04733,0.06512,0.00418,0.04087,0.05756,0.03036,0.02971,0.03403,0.01156,0.04388,0.07516,0.08358,0.08529,0.16530,0.00257
899,0.01356,0.00486,0.00395,0.00620,0.00622,0.00243,0.00779,0.01084,0.20972,0.03962,0.04667,0.02029,0.00081,0.01105,0.18547,0.19791,0.19717,0.00716,0.00813,0.01462,0.00553
900,0.04857,0.00738,0.00289,0.00493,0.10696,0.00215,0.22048,0.00344,0.00472,0.00253,0.05637,0.00314,0.21836,0.00309,0.00082,0.00133,0.04237,0.00189,0.10639,0.15679,0.00541
901,0.00195,0.00425,0.00377,0.00628,0.00493,0.30157,0.00397,0.00550,0.01691,0.00194,0.01331,0.00663,0.00181,0.00748,0.00475,0.00148,0.00298,0.14295,0.00889,0.00316,0.45551
902,0.27816,0.05183,0.00765,0.00605,0.00776,0.00357,0.00643,0.00612,0.00655,0.04398,0.00733,0.00823,0.00271,0.00561,0.00255,0.00246,0.00324,0.52836,0.00724,0.00775,0.00641
903,0.00619,0.01698,0.01407,0.01221,0.22641,0.00460,0.01255,0.01097,0.00956,0.59256,0.00763,0.00946,0.00380,0.01635,0.00521,0.00615,0.00368,0.00495,0.01899,0.01006,0.00762
904,0.00568,0.01572,0.01781,0.01424,0.01113,0.00668,0.00891,0.01074,0.01478,0.00526,0.01213,0.00826,0.00269,0.02118,0.00413,0.00345,0.00477,0.00813,0.01508,0.01062,0.79859
