site,A,C,D,E,F,G,H,I,K,L,M,N,P,Q,R,S,T,V,W,Y,*
790,0.05672,0.02902,0.00964,0.02105,0.05210,0.00487,0.06655,0.04123,0.05137,0.02411,0.04883,0.08180,0.02705,0.10440,0.06015,0.02345,0.08042,0.04879,0.01381,0.11267,0.04197
791,0.09275,0.14482,0.01121,0.00624,0.00976,0.06589,0.00858,0.01167,0.00758,0.00942,0.00590,0.01108,0.51154,0.01455,0.00181,0.03217,0.02914,0.00299,0.00437,0.01248,0.00606
792,0.10385,0.04251,0.00878,0.02371,0.00793,0.07106,0.07487,0.01899,0.09740,0.01919,0.03373,0.09113,0.00043,0.05389,0.12172,0.12415,0.06833,0.01018,0.00881,0.01835,0.00102
793,0.02036,0.00707,0.00872,0.03650,0.00795,0.59659,0.08855,0.01145,0.01220,0.00234,0.00881,0.06089,0.00392,0.01163,0.02598,0.04994,0.00474,0.00354,0.00285,0.02888,0.00707
794,0.00512,0.00996,0.01544,0.00999,0.01266,0.06293,0.16451,0.01219,0.09445,0.00714,0.01486,0.01425,0.00940,0.02045,0.45507,0.01091,0.00771,0.00517,0.00893,0.02244,0.03643
795,0.04462,0.01134,0.01073,0.01369,0.01401,0.00294,0.01617,0.01460,0.01427,0.00508,0.01345,0.01098,0.01355,0.01612,0.00344,0.00771,0.70316,0.04536,0.01040,0.01343,0.01494
796,0.01064,0.01036,0.01090,0.01646,0.01342,0.00582,0.01365,0.03002,0.01650,0.00457,0.01307,0.01103,0.01765,0.03583,0.00414,0.01686,0.72354,0.00475,0.00853,0.01410,0.01816
797,0.00475,0.00861,0.01582,0.00817,0.01175,0.00684,0.02321,0.01644,0.01024,0.00355,0.01086,0.01756,0.00908,0.01502,0.01403,0.00422,0.00702,0.00390,0.75779,0.01768,0.03344
798,0.01509,0.01114,0.01176,0.01032,0.01599,0.00383,0.02492,0.01552,0.01573,0.00329,0.01364,0.02081,0.03254,0.01549,0.00404,0.71646,0.02163,0.00632,0.01194,0.01341,0.01613
799,0.00181,0.06784,0.00448,0.00334,0.03791,0.00097,0.00497,0.26371,0.00385,0.44881,0.03173,0.00380,0.00295,0.00445,0.00096,0.00139,0.03597,0.04766,0.00326,0.02562,0.00451
800,0.00603,0.01286,0.01662,0.01146,0.01479,0.00481,0.67918,0.01134,0.01309,0.01023,0.07706,0.01519,0.00785,0.01901,0.05549,0.00475,0.00732,0.00550,0.00960,0.00749,0.01033
801,0.02579,0.04141,0.01089,0.00333,0.01151,0.34113,0.00945,0.00920,0.00739,0.00316,0.00861,0.14039,0.00433,0.00787,0.00150,0.21386,0.01297,0.11876,0.00703,0.01260,0.00881
802,0.05224,0.04683,0.00451,0.02209,0.00435,0.11831,0.03439,0.01280,0.11238,0.00102,0.00184,0.01327,0.00135,0.06832,0.08496,0.17546,0.17677,0.00859,0.01327,0.04539,0.00186
803,0.19435,0.05880,0.00510,0.01377,0.02883,0.18344,0.00754,0.00520,0.00544,0.02794,0.01959,0.02030,0.00262,0.07513,0.01122,0.28533,0.03132,0.00675,0.00740,0.00621,0.00373
804,0.00199,0.00468,0.51665,0.23159,0.00633,0.03283,0.00782,0.00808,0.00234,0.00185,0.03085,0.00498,0.00213,0.11824,0.00203,0.00187,0.00291,0.00222,0.00755,0.00690,0.00617
805,0.00520,0.00679,0.01477,0.01275,0.01022,0.00277,0.02230,0.01309,0.01156,0.00313,0.01055,0.01240,0.00458,0.01019,0.03864,0.00400,0.00653,0.00484,0.76729,0.01068,0.02771
806,0.07661,0.06400,0.00739,0.00483,0.04412,0.05578,0.01402,0.05348,0.01351,0.05101,0.25461,0.00536,0.00174,0.13929,0.02971,0.07798,0.05340,0.03496,0.00604,0.00738,0.00478
807,0.08421,0.14298,0.05382,0.00269,0.00228,0.17784,0.01764,0.01630,0.00256,0.00268,0.00256,0.04536,0.00063,0.00663,0.00229,0.19694,0.18016,0.05554,0.00204,0.00243,0.00241
808,0.03822,0.11194,0.06154,0.05334,0.00210,0.03133,0.07319,0.04350,0.03105,0.02596,0.07852,0.08601,0.01475,0.09868,0.06320,0.04365,0.07179,0.06167,0.00155,0.00625,0.00175
809,0.07893,0.04120,0.09065,0.09822,0.00174,0.05897,0.04236,0.01096,0.05004,0.02258,0.03276,0.10558,0.00069,0.12682,0.04482,0.08620,0.06890,0.02907,0.00127,0.00711,0.00116
810,0.05293,0.16292,0.26492,0.15030,0.00351,0.03684,0.02516,0.00301,0.00820,0.00190,0.00425,0.09015,0.03278,0.01442,0.00227,0.10425,0.02929,0.00167,0.00532,0.00197,0.00394
811,0.01507,0.03071,0.00891,0.00399,0.00796,0.00189,0.00762,0.23088,0.00480,0.16374,0.27176,0.00797,0.00184,0.02127,0.00306,0.04491,0.07599,0.08260,0.00322,0.00788,0.00396
812,0.00313,0.00578,0.00496,0.00759,0.01817,0.00272,0.01167,0.22776,0.00645,0.48053,0.17566,0.00452,0.00552,0.00612,0.00347,0.00197,0.00263,0.01094,0.00746,0.00530,0.00766
813,0.04148,0.03719,0.04852,0.08976,0.07770,0.05387,0.05463,0.04616,0.02425,0.05345,0.04276,0.07470,0.00682,0.05317,0.03342,0.05461,0.06220,0.03292,0.04761,0.06412,0.00063
814,0.04060,0.18744,0.00500,0.00473,0.00484,0.00315,0.00500,0.13125,0.00482,0.03220,0.09434,0.00396,0.00183,0.00729,0.00134,0.00171,0.18072,0.27666,0.00343,0.00517,0.00451
815,0.00604,0.00797,0.01374,0.01325,0.01325,0.01160,0.01265,0.01384,0.01512,0.00365,0.01218,0.01246,0.00554,0.01727,0.04552,0.00461,0.00594,0.00510,0.72351,0.01501,0.04173
816,0.00730,0.01478,0.01990,0.01030,0.01381,0.00745,0.01312,0.03673,0.01179,0.00385,0.01263,0.66676,0.00642,0.01278,0.00416,0.07409,0.04112,0.00692,0.01113,0.01188,0.01310
817,0.02404,0.00477,0.00486,0.00768,0.00472,0.03680,0.07575,0.01585,0.17806,0.00889,0.04149,0.07002,0.00221,0.16124,0.20890,0.04467,0.07588,0.01185,0.00377,0.00389,0.01467
818,0.03916,0.23102,0.00259,0.01742,0.04531,0.00608,0.00683,0.04814,0.00273,0.05223,0.17875,0.00505,0.00142,0.00291,0.00089,0.00357,0.15550,0.17699,0.00246,0.01849,0.00247
819,0.00548,0.00812,0.00928,0.00969,0.01255,0.00313,0.00961,0.01400,0.01010,0.00321,0.01057,0.00862,0.00407,0.01078,0.04390,0.00398,0.00561,0.00483,0.78737,0.01112,0.02398
820,0.00808,0.01090,0.01079,0.01342,0.01811,0.00600,0.00765,0.53979,0.00924,0.00369,0.00808,0.00997,0.00282,0.00952,0.00434,0.00906,0.05518,0.23725,0.01263,0.01172,0.01178
821,0.05638,0.03731,0.07562,0.07528,0.07267,0.02305,0.06660,0.07715,0.02348,0.05720,0.04610,0.01748,0.00081,0.03284,0.00823,0.05124,0.06984,0.05750,0.06432,0.08562,0.00130
822,0.04397,0.07843,0.10719,0.14176,0.03940,0.07593,0.04529,0.00310,0.01680,0.05678,0.03809,0.05969,0.00143,0.08256,0.01939,0.03824,0.05056,0.01443,0.02754,0.05586,0.00357
823,0.00841,0.01704,0.00693,0.01848,0.02144,0.00596,0.01124,0.03095,0.03247,0.00530,0.01579,0.72593,0.00577,0.01808,0.00510,0.00769,0.00643,0.00877,0.01260,0.01509,0.02057
824,0.06538,0.03599,0.06714,0.03915,0.03004,0.03605,0.06548,0.04888,0.06434,0.03188,0.04799,0.05992,0.08558,0.05441,0.02994,0.05514,0.05538,0.05259,0.04601,0.02780,0.00092
825,0.02506,0.02400,0.01730,0.02029,0.06468,0.02048,0.09063,0.00395,0.07001,0.01598,0.11686,0.08282,0.00122,0.08455,0.06051,0.03021,0.00988,0.00512,0.18988,0.06375,0.00281
826,0.00340,0.08883,0.00592,0.00605,0.00736,0.00244,0.00999,0.12451,0.07015,0.14812,0.28611,0.00722,0.00440,0.02568,0.00257,0.00240,0.05754,0.12775,0.00636,0.00649,0.00670
827,0.05206,0.05024,0.03068,0.04348,0.05420,0.04001,0.09470,0.04848,0.05099,0.04284,0.02718,0.05473,0.06398,0.05999,0.04815,0.04897,0.05109,0.03326,0.03873,0.06441,0.00182
828,0.01768,0.16604,0.20247,0.04031,0.00886,0.01134,0.05429,0.10496,0.00869,0.02971,0.02173,0.16972,0.00355,0.01065,0.00226,0.02773,0.01565,0.08506,0.00584,0.00638,0.00709
829,0.00823,0.01441,0.02127,0.07282,0.01472,0.00555,0.02088,0.01749,0.52757,0.00412,0.06212,0.04522,0.00544,0.01749,0.07598,0.00608,0.02765,0.00620,0.01035,0.01553,0.02089
830,0.08592,0.01305,0.02655,0.05106,0.01112,0.00410,0.05755,0.07091,0.08594,0.00602,0.01523,0.06046,0.00370,0.04345,0.01786,0.19682,0.20570,0.00756,0.00849,0.01701,0.01151
831,0.05453,0.03767,0.00399,0.00998,0.03202,0.00147,0.06725,0.05059,0.05768,0.09305,0.04820,0.07813,0.10333,0.04988,0.05773,0.02466,0.04807,0.03615,0.03746,0.10503,0.00313
832,0.02850,0.05638,0.00796,0.00732,0.00471,0.00399,0.00673,0.29356,0.00570,0.22236,0.07928,0.00791,0.00204,0.00722,0.00198,0.00191,0.00301,0.24326,0.00453,0.00558,0.00607
833,0.07257,0.04043,0.07116,0.10298,0.01242,0.07418,0.05535,0.04447,0.03088,0.03418,0.04045,0.02739,0.03277,0.05991,0.03504,0.08230,0.07737,0.05238,0.00703,0.04507,0.00167
834,0.11154,0.06374,0.00478,0.04399,0.01510,0.01893,0.06317,0.02016,0.13358,0.04126,0.06183,0.04629,0.00076,0.09877,0.09579,0.04709,0.04968,0.05457,0.01049,0.01615,0.00232
835,0.00673,0.01733,0.01597,0.02093,0.01641,0.00622,0.01535,0.01568,0.01524,0.01620,0.01502,0.01114,0.00617,0.01605,0.03373,0.00559,0.00742,0.00760,0.64286,0.09452,0.01383
836,0.03712,0.00755,0.00524,0.00473,0.00512,0.00222,0.03208,0.17552,0.06727,0.03110,0.04358,0.01239,0.03635,0.11242,0.02706,0.06517,0.16564,0.09359,0.06316,0.00684,0.00583
837,0.01402,0.01703,0.42980,0.18843,0.01779,0.00394,0.01552,0.02314,0.02360,0.00809,0.01655,0.02929,0.00632,0.10916,0.00560,0.01272,0.00864,0.02403,0.01483,0.01415,0.01737
838,0.00552,0.01425,0.01746,0.01317,0.02091,0.00532,0.01115,0.35015,0.01862,0.08684,0.01021,0.04340,0.00378,0.01096,0.00360,0.01310,0.02956,0.30688,0.01243,0.01189,0.01079
839,0.01505,0.01146,0.01394,0.01296,0.01821,0.16603,0.01136,0.01590,0.01378,0.03517,0.01231,0.01058,0.54805,0.01144,0.00552,0.04566,0.00868,0.00572,0.01233,0.01288,0.01298
840,0.00426,0.06799,0.03206,0.00915,0.32140,0.00423,0.03597,0.00902,0.00878,0.00282,0.00741,0.05347,0.00483,0.01117,0.00275,0.00346,0.00373,0.00441,0.00625,0.37252,0.03432
841,0.01370,0.02246,0.01129,0.00823,0.00855,0.03860,0.03933,0.18184,0.01240,0.34565,0.09188,0.03939,0.01813,0.04113,0.00478,0.03146,0.01277,0.04791,0.00794,0.01052,0.01206
842,0.08853,0.01874,0.01021,0.04598,0.01240,0.46013,0.01019,0.01408,0.01254,0.00604,0.02201,0.18068,0.00535,0.02934,0.00508,0.00465,0.00599,0.02225,0.01575,0.01327,0.01679
843,0.00806,0.01580,0.04119,0.09872,0.00944,0.00880,0.01164,0.02382,0.46787,0.00371,0.09627,0.04369,0.00397,0.02126,0.05953,0.00509,0.00592,0.00788,0.01326,0.01060,0.04348
844,0.01035,0.01436,0.01665,0.02754,0.01320,0.06931,0.01268,0.01263,0.01728,0.00436,0.01478,0.01288,0.00618,0.01780,0.68301,0.00723,0.00658,0.01011,0.01651,0.01232,0.01424
845,0.01167,0.01801,0.02032,0.57089,0.01642,0.01364,0.01363,0.03206,0.12621,0.00616,0.01869,0.01637,0.00636,0.01394,0.00622,0.00575,0.00829,0.04504,0.02008,0.01521,0.01504
846,0.01845,0.01626,0.69832,0.01801,0.01739,0.05556,0.00858,0.01820,0.01847,0.00482,0.01807,0.00581,0.00431,0.01806,0.00610,0.00485,0.00768,0.00886,0.02016,0.01492,0.01712
847,0.00964,0.02196,0.01310,0.01000,0.01212,0.01923,0.08570,0.09596,0.01180,0.26766,0.07137,0.08267,0.00549,0.12507,0.01270,0.04530,0.01608,0.05581,0.01073,0.00972,0.01789
848,0.01162,0.02899,0.02579,0.02232,0.02113,0.01722,0.02140,0.02957,0.02111,0.00561,0.02250,0.02467,0.00953,0.02501,0.05867,0.00906,0.01174,0.00994,0.48712,0.03523,0.10176
849,0.00909,0.45728,0.13210,0.14137,0.01071,0.02721,0.00828,0.01080,0.01736,0.00334,0.01464,0.02818,0.00377,0.02862,0.03002,0.00438,0.00551,0.00709,0.00821,0.04020,0.01185
850,0.04244,0.01588,0.04282,0.00476,0.01996,0.54510,0.01159,0.01762,0.03174,0.00741,0.01943,0.01628,0.00596,0.13187,0.01094,0.00570,0.00820,0.00827,0.01508,0.01421,0.02475
851,0.18845,0.02250,0.01850,0.01576,0.03270,0.00684,0.01294,0.01446,0.02384,0.00724,0.01759,0.01208,0.03001,0.02460,0.00622,0.49651,0.01391,0.01104,0.01317,0.01284,0.01880
852,0.00627,0.01708,0.01997,0.01378,0.05772,0.00444,0.01054,0.02473,0.01638,0.30156,0.39601,0.01362,0.01305,0.02131,0.00650,0.00492,0.01497,0.00674,0.01725,0.01976,0.01340
853,0.00859,0.03031,0.01272,0.01726,0.02188,0.00687,0.02889,0.39673,0.01808,0.04477,0.07693,0.02025,0.00677,0.02197,0.01632,0.00664,0.04938,0.15253,0.01539,0.03179,0.01595
854,0.00354,0.01089,0.01081,0.00633,0.01648,0.47648,0.01093,0.01638,0.00974,0.00339,0.01095,0.01240,0.00431,0.01765,0.00155,0.18563,0.16351,0.01219,0.00526,0.01298,0.00858
855,0.00444,0.08389,0.00495,0.00754,0.21542,0.00360,0.13541,0.00473,0.00809,0.00119,0.00893,0.06167,0.00229,0.00338,0.01983,0.00466,0.00233,0.00549,0.15170,0.26233,0.00813
856,0.01338,0.02443,0.02283,0.02010,0.03612,0.03728,0.02047,0.01610,0.01614,0.00764,0.02437,0.02388,0.00794,0.02591,0.58098,0.00815,0.00907,0.01482,0.01545,0.02705,0.04790
857,0.01018,0.01317,0.01335,0.01895,0.02221,0.00445,0.01054,0.02468,0.02537,0.06920,0.03841,0.01836,0.63927,0.01344,0.00348,0.00282,0.00599,0.01050,0.01592,0.01698,0.02272
858,0.00332,0.01623,0.00946,0.01608,0.01152,0.00294,0.04052,0.01222,0.02352,0.00625,0.01732,0.01383,0.00439,0.01054,0.75997,0.00398,0.00497,0.00480,0.00965,0.01207,0.01642
859,0.15835,0.03877,0.00288,0.00516,0.00559,0.02787,0.05501,0.02020,0.01406,0.01951,0.06224,0.00223,0.00177,0.14125,0.00498,0.23258,0.19094,0.00209,0.00472,0.00377,0.00602
860,0.04017,0.03657,0.01430,0.02078,0.01948,0.00852,0.01177,0.14348,0.02123,0.00611,0.02909,0.01371,0.01881,0.02113,0.00612,0.01132,0.51577,0.00858,0.01858,0.01527,0.01923
861,0.00924,0.01796,0.01449,0.00962,0.01819,0.00424,0.01651,0.02004,0.01198,0.00644,0.01206,0.01567,0.00599,0.01145,0.02313,0.00439,0.00670,0.00660,0.61979,0.02484,0.14067
862,0.39231,0.12412,0.02022,0.01520,0.02516,0.05040,0.01512,0.02028,0.02195,0.00617,0.01627,0.01554,0.00643,0.01244,0.00524,0.16408,0.00769,0.00366,0.02243,0.03096,0.02436
863,0.09155,0.03119,0.03748,0.10616,0.08376,0.08179,0.05644,0.00371,0.05988,0.03154,0.02167,0.01432,0.00137,0.13902,0.00760,0.07018,0.03829,0.05536,0.03826,0.02697,0.00346
864,0.00877,0.07413,0.06426,0.01475,0.01080,0.00567,0.19908,0.01568,0.08820,0.00425,0.01273,0.24368,0.00390,0.01379,0.06064,0.04107,0.01843,0.00592,0.02325,0.07399,0.01700
865,0.08800,0.01745,0.01352,0.01439,0.00908,0.00573,0.00843,0.35032,0.01850,0.12370,0.05258,0.00910,0.00590,0.01382,0.00440,0.00417,0.02003,0.19945,0.01367,0.01295,0.01482
866,0.02702,0.03108,0.00529,0.02866,0.02336,0.01934,0.08978,0.04273,0.15084,0.02983,0.02434,0.00493,0.13113,0.04710,0.11014,0.03022,0.05841,0.04567,0.03235,0.06301,0.00475
867,0.04691,0.08288,0.04608,0.04146,0.04355,0.04820,0.06618,0.05622,0.01658,0.04557,0.07318,0.07602,0.03688,0.05993,0.03692,0.04906,0.06635,0.06110,0.01240,0.03355,0.00098
868,0.01722,0.01830,0.01932,0.02659,0.02086,0.00994,0.01761,0.04383,0.02933,0.00673,0.02681,0.01343,0.00490,0.02103,0.00685,0.04991,0.47981,0.12125,0.01992,0.02012,0.02625
869,0.11303,0.19159,0.00864,0.01202,0.00687,0.00678,0.00685,0.05127,0.00943,0.01921,0.05254,0.00816,0.00205,0.00917,0.02325,0.02980,0.13460,0.28710,0.00998,0.00736,0.01030
870,0.07061,0.11679,0.03245,0.04356,0.04367,0.08484,0.08372,0.01393,0.04130,0.03454,0.07746,0.06229,0.00255,0.03010,0.04749,0.06888,0.04781,0.02508,0.02528,0.04566,0.00199
871,0.03473,0.05774,0.00406,0.00312,0.06222,0.01466,0.09078,0.03540,0.10942,0.10666,0.11280,0.02141,0.00072,0.05074,0.14797,0.05158,0.04089,0.03078,0.01561,0.00521,0.00349
872,0.03753,0.19029,0.01207,0.00527,0.01217,0.00356,0.00886,0.05420,0.00825,0.13211,0.20836,0.00927,0.00207,0.00717,0.00227,0.00664,0.05556,0.21859,0.00683,0.00849,0.01045
873,0.00330,0.00109,0.00844,0.01158,0.00687,0.00874,0.14760,0.00676,0.16774,0.00278,0.00928,0.00492,0.00150,0.30136,0.27171,0.00176,0.01656,0.00420,0.00802,0.00757,0.00820
874,0.00988,0.02826,0.02131,0.01411,0.11257,0.04944,0.04682,0.01853,0.12842,0.00606,0.01183,0.03186,0.00596,0.01669,0.38694,0.00763,0.01349,0.02924,0.02970,0.01665,0.01462
875,0.00960,0.05018,0.00911,0.01908,0.01156,0.00437,0.01269,0.37779,0.01356,0.07257,0.02126,0.01415,0.00410,0.01405,0.00511,0.00336,0.00614,0.31534,0.01430,0.00806,0.01364
876,0.04213,0.07547,0.00623,0.00846,0.03105,0.00465,0.00586,0.37187,0.00928,0.06455,0.08212,0.00853,0.00237,0.00888,0.00523,0.00256,0.05749,0.18349,0.01285,0.00653,0.01040
877,0.08471,0.08386,0.15095,0.00461,0.00417,0.24528,0.00819,0.00564,0.00564,0.00131,0.00477,0.16506,0.00589,0.00505,0.00227,0.18805,0.01851,0.00211,0.00446,0.00418,0.00528
878,0.06336,0.07577,0.05388,0.05002,0.04774,0.04161,0.06527,0.06344,0.03302,0.03392,0.03308,0.05268,0.05002,0.05755,0.02013,0.06785,0.06175,0.04716,0.03294,0.04804,0.00076
879,0.05446,0.03528,0.09970,0.09512,0.00150,0.08195,0.07119,0.00160,0.04559,0.00046,0.00211,0.15495,0.01978,0.07536,0.08159,0.09576,0.06145,0.00077,0.00160,0.01802,0.00174
880,0.06108,0.03980,0.02864,0.05752,0.05456,0.05148,0.08940,0.00361,0.05849,0.07004,0.05902,0.08767,0.02142,0.05761,0.02700,0.03549,0.00688,0.01105,0.05830,0.11975,0.00119
881,0.04334,0.03975,0.05459,0.07596,0.04485,0.03898,0.05746,0.02924,0.05490,0.04694,0.04786,0.07643,0.05356,0.04879,0.05076,0.06479,0.05730,0.04431,0.01964,0.04892,0.00163
882,0.00347,0.11659,0.00518,0.00678,0.32597,0.00336,0.06437,0.00494,0.00582,0.00192,0.00575,0.00431,0.00193,0.00496,0.00217,0.00156,0.00249,0.00322,0.09288,0.32884,0.01347
883,0.05104,0.06214,0.07064,0.06550,0.05507,0.04633,0.04265,0.03633,0.03003,0.04878,0.04457,0.06004,0.01369,0.06782,0.04783,0.06076,0.05540,0.05733,0.02911,0.05399,0.00097
884,0.00496,0.11790,0.20000,0.08512,0.13789,0.04423,0.00666,0.00813,0.00711,0.02308,0.05738,0.10080,0.00203,0.01413,0.00227,0.07033,0.03990,0.00282,0.01695,0.05128,0.00702
885,0.06485,0.08002,0.01914,0.00576,0.12192,0.01334,0.12217,0.02433,0.00884,0.02515,0.04555,0.04006,0.00175,0.08402,0.02206,0.03402,0.05536,0.04806,0.06289,0.11364,0.00706
886,0.01158,0.05266,0.02676,0.02950,0.02534,0.02710,0.01282,0.02578,0.04019,0.30267,0.12219,0.01512,0.00193,0.08592,0.02229,0.00753,0.06118,0.02420,0.02544,0.02389,0.05594
887,0.10255,0.06324,0.01659,0.01193,0.01558,0.02474,0.05413,0.07747,0.03575,0.05432,0.07499,0.02758,0.01285,0.16644,0.02186,0.05974,0.05964,0.07919,0.01643,0.02250,0.00249
888,0.05308,0.07396,0.00678,0.00732,0.03707,0.00528,0.06734,0.01171,0.03714,0.04060,0.08825,0.06467,0.00144,0.06955,0.00467,0.13754,0.20143,0.01201,0.00950,0.05789,0.01278
889,0.01603,0.04267,0.02373,0.05503,0.03369,0.01837,0.00593,0.02911,0.01908,0.01214,0.07204,0.01826,0.00417,0.49054,0.05259,0.00854,0.00800,0.01723,0.03557,0.02140,0.01588
890,0.03906,0.08736,0.01900,0.10403,0.03988,0.02567,0.01496,0.12871,0.01957,0.05356,0.03960,0.00721,0.00221,0.03846,0.00593,0.01316,0.06625,0.13982,0.08969,0.03533,0.03053
891,0.02143,0.04637,0.06911,0.06911,0.06911,0.03858,0.00162,0.06911,0.06911,0.00580,0.06911,0.06911,0.00295,0.04194,0.06922,0.00447,0.03410,0.04247,0.06911,0.06911,0.06911
892,0.02213,0.00739,0.07482,0.04752,0.12726,0.01461,0.12362,0.01783,0.02343,0.00604,0.02160,0.07360,0.01314,0.02408,0.01281,0.02028,0.01749,0.01383,0.01606,0.31224,0.01022
893,0.01297,0.02400,0.01766,0.00948,0.02305,0.00705,0.01399,0.19241,0.00824,0.40639,0.01352,0.01896,0.00343,0.00735,0.00484,0.06415,0.00747,0.10802,0.02659,0.01341,0.01702
894,0.01587,0.13046,0.01126,0.00746,0.00882,0.52026,0.00527,0.00797,0.00936,0.01428,0.01681,0.03695,0.00643,0.00630,0.00252,0.04774,0.08481,0.01267,0.00754,0.03638,0.01084
895,0.11974,0.10120,0.16337,0.13029,0.00756,0.03047,0.06436,0.01836,0.02275,0.01119,0.04074,0.02265,0.00771,0.11242,0.00749,0.04927,0.03481,0.03026,0.00409,0.01752,0.00375
896,0.05757,0.08992,0.01849,0.05684,0.04862,0.04189,0.06282,0.02504,0.05298,0.04129,0.05313,0.07738,0.06968,0.04194,0.02536,0.06748,0.05106,0.04745,0.02881,0.03612,0.00612
897,0.04243,0.07057,0.05273,0.02659,0.11003,0.08805,0.03527,0.04471,0.01522,0.02291,0.03065,0.09455,0.06736,0.03570,0.01838,0.05105,0.01820,0.01232,0.01832,0.13763,0.00735
898,0.05116,0.05234,0.00116,0.01817,0.08304,0.01024,0.05855,0.09281,0.00375,0.01834,0.05564,0.02536,0.01478,0.04197,0.00616,0.07203,0.12934,0.07885,0.09911,0.08312,0.00408
899,0.01182,0.00942,0.00744,0.01165,0.00894,0.00455,0.00578,0.00306,0.07726,0.02005,0.02229,0.01012,0.00211,0.00676,0.18920,0.19729,0.37780,0.00684,0.01132,0.00596,0.01036
900,0.05099,0.00746,0.00625,0.01078,0.08355,0.00362,0.01560,0.00762,0.00999,0.02177,0.04250,0.00664,0.48156,0.00677,0.00182,0.00147,0.00348,0.00412,0.09781,0.12486,0.01132
901,0.00949,0.00934,0.00900,0.06426,0.01170,0.68179,0.00811,0.01089,0.03142,0.00429,0.02889,0.01620,0.00429,0.01807,0.02359,0.00359,0.00649,0.01242,0.01808,0.00803,0.02005
902,0.17304,0.01346,0.00868,0.00687,0.00882,0.00357,0.00736,0.00692,0.00731,0.00322,0.10150,0.00920,0.00309,0.00628,0.00288,0.00280,0.00365,0.60741,0.00809,0.00868,0.00719
903,0.00736,0.02035,0.01700,0.01460,0.03053,0.00549,0.01472,0.01301,0.01142,0.70633,0.00905,0.01112,0.00450,0.01955,0.00614,0.04135,0.00433,0.00586,0.03626,0.01198,0.00905
904,0.00540,0.01489,0.01670,0.01363,0.01054,0.00639,0.00833,0.01018,0.01098,0.00450,0.01148,0.00782,0.00255,0.05905,0.00390,0.00327,0.00453,0.00767,0.02092,0.00705,0.77024
