site,A,C,D,E,F,G,H,I,K,L,M,N,P,Q,R,S,T,V,W,Y,*
790,0.05082205986907722,0.026882883996859595,0.009912643853686435,0.02246056842445227,0.05792748121591629,0.0032092109638012945,0.06700308106906315,0.03749246531853729,0.040958355846813455,0.08911678742290698,0.08474586739476549,0.05578073526295543,0.04853658513363309,0.06692210903751765,0.03747971391463095,0.022603398191282962,0.09930125962257957,0.04993243552818751,0.021102831935340953,0.06639824361238662,0.0414112823856058
791,0.1202907030342363,0.09300095815650507,0.009600468881885392,0.005318651511942533,0.00846146951594617,0.040118457357277724,0.007339774436992015,0.010340042800393072,0.006367906847055333,0.005325263207800461,0.005899209351629221,0.009770553357095375,0.4421595544594559,0.16082187666324707,0.0015592879716414278,0.013273351840555538,0.038113481965915866,0.002592004344639161,0.0036974287284210223,0.01078345829451237,0.0051660972728529405
792,0.07615861072305508,0.04619898335984607,0.014351296237713581,0.03717217996513676,0.009797016401217098,0.06551444470105092,0.07222331807506525,0.007653629730405469,0.09613680671574765,0.021326507319271305,0.04511813667932509,0.10516011665522135,0.0004882461076431983,0.060700344675306744,0.09577939905585989,0.12467043244228843,0.07233293898203093,0.017463856658154035,0.006933937757923989,0.02373970464100356,0.0010800931167336547
793,0.05919409413817221,0.010545718850218686,0.008094333516163168,0.015281513998050741,0.007357722360132375,0.5547476122038656,0.060355247722631296,0.010624572820862743,0.00987728191193141,0.0021565939659178735,0.00819433424427248,0.04809480413439551,0.0036255941661185037,0.016493324248225624,0.01223879384110236,0.029162513228263853,0.004403354759198754,0.0437566383030407,0.07246815148710511,0.01681476332875574,0.006513036771575216
794,0.005332225817968485,0.008932956581629285,0.013557807344231452,0.00989574882921132,0.011046799477778783,0.02148594833043287,0.1304952393118807,0.22239307570628902,0.03770424115277351,0.006302838371474471,0.013350671287481155,0.012633659532932663,0.00825831375870719,0.01822423200247672,0.41045953795367707,0.006712872726972597,0.011845257313219375,0.004647814732904233,0.00795468355825596,0.021613092454875207,0.017152983754827943
795,0.016078533447675302,0.010876366397315772,0.010219066552796701,0.013050040985692908,0.013405599126886337,0.002806325182715134,0.015502059917017327,0.009276672065014637,0.013618936794773055,0.004846036193332178,0.012878672756531269,0.09728846871612776,0.014825584995601458,0.01536261535900398,0.0032813304728608003,0.007694587640749179,0.6699760276854603,0.03197279490833013,0.009922759494693938,0.012854983322242589,0.014262537985179295
796,0.004902535879151405,0.009990236415198077,0.010530217985687144,0.015929692663949363,0.012937215420855838,0.008309579164626737,0.013183156111398506,0.02013473884134184,0.01763806407540254,0.004404799101255482,0.012630104135404517,0.05991656587791108,0.008356436078714337,0.03478256411365174,0.003985667661723407,0.020180818696651018,0.6981353000579121,0.004590644825425104,0.008255161370195333,0.013662296751845963,0.017544204771698328
797,0.004162878644068119,0.06041706752841501,0.013877379216726278,0.007166559619099309,0.010360610057676951,0.007418263440212045,0.017827400908078446,0.014352938424061743,0.008954027064772017,0.09416857585410682,0.00966399891918838,0.015390865972948111,0.00799558789775254,0.013115285330672709,0.0058713350167159915,0.0041081956981893365,0.007000708116732039,0.0033975624281366175,0.6637356492473291,0.017526469063364723,0.013488641551753734
798,0.009542096482409081,0.008977746534383156,0.009222701020666683,0.008364334215627007,0.01248927981646251,0.003052459669290025,0.01978913449161943,0.01237985826251923,0.012550545957877648,0.0027166027058853895,0.010840784800317766,0.01599788439172904,0.011698068038900455,0.012337816171122899,0.0031787544315346667,0.5727499027077337,0.015884043289173613,0.00502498468821877,0.009693342437036791,0.010784487554250582,0.2327251723332415
799,0.002088679629277767,0.047792311019046324,0.005137405713232957,0.0034524472204814495,0.034601407427354076,0.0011163601379300444,0.0050648647717257,0.27033657328247646,0.004428838505515303,0.4913539116248691,0.034340634314113334,0.004045953998153671,0.0030220209853529705,0.00453858434481979,0.0009896078469010957,0.0028649942011874496,0.01947742362386036,0.03418458492701809,0.003334421444527166,0.023163522140997362,0.004665452841159572
800,0.0049254288970502595,0.00973957349590248,0.01716320488870489,0.0086413843759955,0.010909102630436566,0.0035848564153562698,0.5121962466990628,0.008364677815665862,0.010045456649903688,0.0052468305184872315,0.04327762870854262,0.25980880647150983,0.00896011921327352,0.025639868585693008,0.020146402005425768,0.0035427483684690453,0.0055571949689076396,0.005733385750076094,0.007125469086963434,0.02163104525832661,0.007760569196246859
801,0.04939433603256048,0.04986888375400449,0.008013988341650277,0.004178516648875976,0.007450392201748077,0.21955285055008736,0.006064254791505353,0.008059161283789992,0.004721254884220986,0.0020341005236842627,0.0055699588360686916,0.12564242921489055,0.0027702865294438966,0.005090149214421042,0.001960317280212297,0.19107346160455094,0.015822803579589054,0.1651713162640543,0.004541485769242595,0.008174805693658745,0.11484524700174063
802,0.043688573247456904,0.05815461129381553,0.00608431694964142,0.007629635299146243,0.011482927678584498,0.0956835649251615,0.057673076078564006,0.013603912421303342,0.10748119280042744,0.0010970382595119938,0.007330126748408177,0.10897188423671102,0.0012713029866383181,0.06362238023288457,0.0639891454484188,0.14183958362263188,0.14233937354156964,0.01250546744591178,0.009379406604477251,0.04438333440378846,0.001789145774947216
803,0.15362597290644556,0.05915882321144286,0.004559612660723707,0.010781423572782932,0.03999321992874388,0.16407571071395627,0.01647391487373983,0.00463037356859162,0.005437455756742171,0.021247615119008804,0.023009240083561738,0.03867605348384829,0.0023644569121896216,0.0651532803851279,0.00820563185896386,0.2066100167934452,0.019751664144280083,0.06818425653156747,0.007530177820586663,0.0055781745632261575,0.07495292511102544
804,0.008157785857777685,0.004999946986717439,0.3421285579437712,0.24390847715376893,0.006448222212138091,0.011334109610646072,0.006178570647097541,0.008266925572894717,0.005884856501611443,0.0019091079411872008,0.015081012250525605,0.005236483163011696,0.0022318317661029104,0.0744189698183695,0.0021197869405220732,0.001906552295932577,0.0030515402833457255,0.0023370155729529438,0.0067252415567092515,0.005992744717494599,0.24168226120742275
805,0.004233291316482614,0.11050571985082142,0.011991152008708277,0.010460778170728465,0.00837553816689737,0.0039043317150763476,0.013286897323083796,0.01064171862417594,0.009188875965991017,0.10006464030733486,0.008685939949097547,0.010154914797290918,0.0037346098821374194,0.008492032987333762,0.013851510824431174,0.003899234299365199,0.005269110807617112,0.0040346068802884095,0.6325058723746586,0.008852584275293991,0.017866639473185827
806,0.04715271044686801,0.06152454541779573,0.006774702168846495,0.0051311209327257684,0.034170124744549356,0.04549773598197636,0.01856571911111445,0.1483593438376789,0.01567146591727508,0.04645522037326469,0.23787098905515636,0.007964079170454656,0.001604903419987297,0.18959105576908064,0.01906634632616324,0.05561365323419823,0.024009446578413675,0.013482333918549198,0.003765804594794913,0.013340502206464915,0.0043881967946419916
807,0.03498176159303493,0.1649531344675474,0.0225041699415183,0.0033661886386807823,0.00283611914360867,0.14855354117128697,0.0077939329058054185,0.011572209258795827,0.003682477698034568,0.001912295977908231,0.003173411122975842,0.06366117702064163,0.0007880800753494374,0.004528507850623762,0.0013979549924736702,0.24204926067291962,0.22342346403987134,0.050190274405692806,0.0025753511849948138,0.0030291579042251767,0.003027529934010781
808,0.03508929988961565,0.08230769016170386,0.059921048294837034,0.047367206895202865,0.0018190011793609807,0.0374765606350891,0.06292981399322904,0.03762352489414496,0.044524293685123714,0.030170614416571664,0.08219513880515902,0.1100167992164975,0.010979700617769825,0.09688489651541744,0.05295364851775883,0.06859052204019118,0.07266667487244634,0.059739847978896296,0.0015681599576039167,0.0033989237677336318,0.0017766336656470664
809,0.07289427695535614,0.04133260215869836,0.17940265302417688,0.09837604142481557,0.0017132189954133345,0.04044607530974898,0.044105874794712306,0.007312000841092616,0.036187508343378874,0.015224869103536542,0.04068796704906974,0.08676220714737709,0.0009484835951352011,0.10680156646990642,0.026258306383648605,0.07831490410840922,0.06111939724200518,0.018974617211693166,0.001285637784399744,0.005899505849000942,0.03595228620842504
810,0.043899648488536044,0.10172253373231167,0.25525441798864756,0.16052784255372884,0.003383183881565381,0.015471463750846095,0.02351192541058375,0.002906975645114775,0.0063496157806984905,0.0018290209567655752,0.0040957874216988,0.114501121996363,0.023316238076805416,0.02324958043863469,0.002182400965347952,0.09158244710435566,0.022693306224082926,0.0024199943513808298,0.005140413275548994,0.09215869585992108,0.0038033860970624156
811,0.009278359727593243,0.01916222689883327,0.011439855334398404,0.0051962230189031905,0.01028097176336244,0.002454139989941933,0.009835978020988855,0.244274932287179,0.006000757078101821,0.16325676919288362,0.3529515771275165,0.010457268964307601,0.0023641172675094497,0.018515935308246887,0.0031947032602181067,0.037571958354515184,0.04203700213352905,0.032037067595721634,0.004135489997857999,0.010380779352922155,0.005173887325469686
812,0.0031088282623303685,0.005730375578532701,0.00491087057153357,0.007505296197334986,0.00922616967928661,0.00268854897511381,0.0059030638141525475,0.28879514934190254,0.006371476075544132,0.4759240240546451,0.14315819558841836,0.004475079156754497,0.002321355211012544,0.006068545695856936,0.003505881212551999,0.002168108396806378,0.002598068465743801,0.005350428877662119,0.007363355342522591,0.005248820494892196,0.007578359007402278
813,0.050521662933676444,0.04344030064170871,0.06588345243828506,0.08607863560885723,0.05388326808632578,0.06070374618176769,0.056307691935520654,0.05211329478239909,0.023471569748500454,0.05048156840170392,0.04506282042724374,0.05924330600421936,0.004287439573757235,0.054459130323780656,0.03304612553673079,0.061130189253131434,0.05129920474186963,0.031328998551370967,0.05880216657999668,0.057788555427843974,0.0006668728213106545
814,0.01965617843917888,0.15163317036939855,0.00517399353189898,0.004115844381503897,0.005006960929852821,0.004220390685811904,0.005184431023365045,0.16190218562228997,0.0049745631490904895,0.05382138441088639,0.05729773417521054,0.0040731613681642305,0.0018831979756131945,0.00694284819207112,0.0013806213904686833,0.0017831025972019354,0.21165937836318507,0.2858036644603866,0.003534012598900087,0.005287010012476816,0.004666166323044791
815,0.004792785352391213,0.1851518079187185,0.010850880644794742,0.010601974023888754,0.01046327798874034,0.00707943136458108,0.010115044582621696,0.010925756666405115,0.012104820934485451,0.06374868217364409,0.009618978643682377,0.009710670645676754,0.004397555072120542,0.01363762347876093,0.015873998018044847,0.0036604905677666446,0.004728672084400923,0.00403478297051714,0.5770357792092993,0.011813741837410817,0.019653245822048727
816,0.007822762588847745,0.015791288694394393,0.009606849794740671,0.011042762912093789,0.01477677176625206,0.005980711961866885,0.014152300874306356,0.029706329386606736,0.01813342071991894,0.004115237709758801,0.013524652575705988,0.7126849553114292,0.0068642877737217015,0.013694711847386047,0.004455364453503518,0.026117579278380744,0.0402791073016513,0.009006315390765653,0.011949650053026147,0.016293850191277028,0.014001089414366131
817,0.011616158193684188,0.005859017953472562,0.005477565011446097,0.00594278703305752,0.005030790136825668,0.013061722831128912,0.04149898917500881,0.1528193672206775,0.22235347259933735,0.004113699001477016,0.030762356450524515,0.039166204773311696,0.0024594441946042805,0.14019375774260928,0.22856080599756026,0.018905642371174848,0.04996145026093368,0.0055861438134965635,0.004181321710785019,0.00420757196647459,0.008241731562409664
818,0.015819934887266338,0.18984822573113463,0.0030651339218918383,0.017150777196362973,0.02567657539517664,0.004313600812412313,0.007484851029797281,0.0951191945275533,0.003229268263455562,0.0864506869371125,0.15801928263720175,0.003983298944856779,0.0016764257519451722,0.0034197716763098938,0.0011749408984079945,0.0028341201659525584,0.1571634861193072,0.20829393598909873,0.0028946124695196015,0.009462534579635825,0.00291934206560108
819,0.005013094720120585,0.1761979484575122,0.0071989491340688095,0.0076477282723260665,0.00983975646521658,0.0023935186573732113,0.007583334125695675,0.011088204239024478,0.008101378920142684,0.057632723835280536,0.008351671877355487,0.006622612688482879,0.0031841306807921096,0.008897130078848587,0.015521381068390516,0.003507971217337696,0.00515524935656693,0.0037970938370451837,0.6213762196704099,0.008691854748381151,0.02219804794962875
820,0.009392180770240205,0.012554142753096055,0.012499262349376114,0.015614640663504221,0.01757665480905831,0.006914886760598076,0.008898349570218778,0.6251097889085705,0.010742100455468317,0.004192727191468447,0.00827743207873815,0.013653666921460608,0.0032648206496580174,0.011052143949607891,0.005011430420054053,0.011472795458848504,0.0215004697700982,0.16044067532074444,0.014630606685730966,0.013508376243018077,0.013692848270442096
821,0.050655790051914534,0.03956098414726136,0.11007521809292518,0.07181317914004454,0.05313354286338539,0.012882770925154656,0.05287412633058873,0.06763547139599431,0.014112050786287272,0.05478806339909173,0.04642390740024296,0.022068995347944494,0.0007669403188064979,0.0488319160244693,0.009719928058999629,0.04890447702633706,0.0596893196489051,0.04910463335341439,0.05796766540220967,0.07644152328826395,0.05254949699775921
822,0.03584128983139448,0.05425948125055194,0.21027026013869962,0.11326233974872389,0.027128463028030545,0.04236127184980855,0.0411686934664227,0.0024826122798837233,0.015544478530274186,0.049122697538354715,0.04874574130301593,0.06287463827372052,0.0011493097054510746,0.06803526794644765,0.01342570701033912,0.05935436156173679,0.05296486862810787,0.005310335522002163,0.01432332919534037,0.03601526741282032,0.046359585778873856
823,0.007396963108494535,0.014944278483646437,0.0035814377601457717,0.016233060511507733,0.01882197438834516,0.005424647098458951,0.01528184938893764,0.019746531085592173,0.15381735967530005,0.004657075214798145,0.01386903672517726,0.6421259160832026,0.005056020747320829,0.015934828061854138,0.0044675953144389,0.003464810312914464,0.00563982528699281,0.007700349705059947,0.011092396870287645,0.012618645770620543,0.018125398406904487
824,0.0597912866594911,0.037050474403306596,0.06271895883425976,0.06127271968851257,0.024673259561176122,0.026003965847964737,0.056742260494970345,0.04417424775996959,0.048739435750979214,0.032000449458085806,0.04276304722695247,0.05383509013312804,0.07791273116148101,0.0498943564321781,0.03141502461545306,0.056361192615729486,0.05633004996867736,0.04671436565291251,0.03324408470983318,0.09750410489495873,0.0008588941299802029
825,0.024362892020059194,0.03649753006153321,0.011088301590362266,0.01696831409837353,0.0907505266578211,0.01218704259384628,0.08825421663192687,0.003852083799043624,0.06948267806338518,0.01716916949708074,0.09436634720582107,0.1750732365524698,0.0011869000813489652,0.06733200152652757,0.04346208024454484,0.021246873550149068,0.012262259864013199,0.003716066710396207,0.15493825416528076,0.05305964439966403,0.0027435806863524734
826,0.003816376501884565,0.1137566917220728,0.006579427076017623,0.009036962271714213,0.008261144367715014,0.0027507215229778986,0.011299978517636346,0.2048645585380454,0.027404084527393794,0.1388677384727501,0.3182396042424761,0.008096348469919423,0.004802461453383901,0.018745605980879584,0.004883253781029731,0.0026716158289048306,0.020677519072022213,0.07356281763642275,0.007079398517672236,0.0071914602177784925,0.007412231281302801
827,0.04593540835512649,0.045540325347287185,0.08070695664664004,0.043569797888258904,0.0562327993540339,0.02385877177839999,0.07469502741119749,0.054208453728126514,0.04303272415333711,0.04501219408429572,0.03751018645179397,0.05812720659497198,0.060358464867092225,0.046075945319325434,0.04033555862470478,0.04256100066029755,0.048353204253776275,0.0421714435552408,0.03425797763953972,0.04858427735867357,0.0288722759278803
828,0.007598001004493256,0.11412863227071873,0.1998675648753373,0.07147478886394472,0.008609517705533674,0.0040876194674382745,0.02556305688680212,0.08057176631334108,0.010333119423509939,0.017767213089401487,0.012350382100629703,0.12263037220678427,0.0026650481040066685,0.011573979100558273,0.003398687910239917,0.022407125391906178,0.01934587752825021,0.06261472324494996,0.005854711613301189,0.19018517108759414,0.006972641811259028
829,0.007393883845749436,0.013079249787479421,0.018808065579111126,0.025805980933642215,0.012653326542046615,0.005775050865996077,0.019144589880224997,0.015809828156792934,0.47436387391491436,0.0036988843528896705,0.026894970635815436,0.2291932681329975,0.0048393626038681185,0.03813557118726916,0.026011057175545152,0.005488486671754461,0.013854748105271859,0.0054829427619274675,0.009381507149849746,0.013645662358870759,0.030539689357983464
830,0.051373438200753,0.015458996608375762,0.016050829012828175,0.03336540719210996,0.013007328456543388,0.005449621699112187,0.041559690747906775,0.026905172578617256,0.07007886482976317,0.0071397990084137615,0.018350558839303845,0.13447564383140664,0.00426912381799947,0.05691979037839142,0.04405597657694974,0.17730604584087045,0.2375159859982531,0.008714878748602823,0.009849038702039173,0.014937287609890236,0.013216521321869588
831,0.05014885331250079,0.027460065170283307,0.004108418823618131,0.009905330856077855,0.05124919401973838,0.0012891707242720255,0.11363227911664886,0.05511019802582537,0.04229413656100647,0.08129202953647512,0.04121928276844582,0.034301193686256476,0.10941886934953332,0.027351087776143687,0.051987802848560916,0.020338838680308523,0.07870428233149876,0.03138657156064573,0.07401904209317854,0.09145191756502387,0.0033314351939580504
832,0.010200458010337395,0.052606606854980746,0.00776332793059048,0.00593084562371994,0.004553963473974467,0.003237443782278912,0.006525827911761725,0.34010700379409964,0.005539459959751965,0.23961692577447882,0.048581174500751646,0.007655775227042878,0.001983942566742646,0.006957732345448168,0.0019263672125852899,0.0018576557342029215,0.0032983351247656383,0.23592924819860897,0.004401696302690037,0.00541846816727439,0.005907741503913388
833,0.048294110355986346,0.04422385363229538,0.07548933445387541,0.08756954245016285,0.020344184275912405,0.05809925686544658,0.05290067744764737,0.02936932069883334,0.06320841887643042,0.05360879683902813,0.03721107250134136,0.047454149650129264,0.028911867919136944,0.058373334179725934,0.038452874403505824,0.06897869424645516,0.06679407948265983,0.050244748895710956,0.021443712133752606,0.04758841308629293,0.0014395576056709426
834,0.10947312360847766,0.08154839533038445,0.01626655394394298,0.025287730194565962,0.01134137638242775,0.017519110254293795,0.07550321506471666,0.009890966447486608,0.12362084265693601,0.043150048169572235,0.04460390932016581,0.05650652767136888,0.0007065594488783198,0.11677147718698652,0.07272643139316914,0.06058026183824935,0.059164668623460495,0.057175693952813016,0.00470721739947006,0.011302961466715963,0.0021529296459184
835,0.005311511690515318,0.19422221547112686,0.013368827235756707,0.017330582190951502,0.012872942032176886,0.00947891693416734,0.012011137771632298,0.014485256312617089,0.011960945829147692,0.07086668786150574,0.01180537315251174,0.008962410353591313,0.004857226548419107,0.012686313253151832,0.012895740173550775,0.005928680282541268,0.005945293507096919,0.0061758858934605546,0.5152452574515235,0.03712416284533374,0.016464633209221754
836,0.02750176144613675,0.014038541519382615,0.004887531508320021,0.004346854608009454,0.004709884531353915,0.0030400514731203903,0.038537739528465446,0.09155574865223276,0.10991294319064249,0.029121103173106882,0.07532300614724775,0.011383840953384457,0.031006080574704078,0.13288901468903197,0.04872762407193785,0.08185072702008951,0.15240888558022675,0.07846339391067429,0.046041841174514854,0.008765915668749805,0.005487510578668005
837,0.015436293488598651,0.01294995769149377,0.33205737120409506,0.17991659404761196,0.013408310863669469,0.0017637743604730488,0.01409636553904582,0.017933090090898135,0.018416226622970187,0.005072102332687291,0.012960650437632138,0.016989389437687196,0.004882734257435909,0.09064751051284534,0.004361551081242388,0.01171437667011879,0.006629300188679526,0.022293646343455795,0.011137782868473296,0.1940941661713723,0.013238805789513978
838,0.005859510617333898,0.015315979920337001,0.018534566812021827,0.01406124141381119,0.03165491961420589,0.0056114109990175656,0.011622485937818986,0.37343744298799475,0.02022720880562076,0.0959880185797066,0.018859242262589802,0.036660884366011504,0.004017754963304173,0.01167882451227111,0.0038477894052448814,0.010004249438782836,0.0110861319814226,0.27417602852974665,0.013256251230291437,0.012632208421124114,0.011467849201342403
839,0.00815966112915173,0.009970113821709543,0.012127540290824145,0.011523841827770368,0.016196647881184537,0.10009295850306867,0.12559765528953432,0.014002836894290901,0.01200106176088525,0.013476807379599727,0.010649572069251162,0.009169065159667263,0.4786783809118175,0.009979914709444506,0.0045205057585980726,0.016624504478681138,0.10915725546213438,0.004996173517035917,0.010581260521900856,0.01104167008530773,0.011452572548142213
840,0.004378726775912801,0.024484137442747602,0.027533432600746706,0.009176995470080513,0.42272222644383917,0.004303942660620678,0.014352575096898261,0.009226433010330954,0.009029720959600647,0.002848273266436199,0.00874825274911312,0.023774423748158288,0.004964197742909213,0.012305411737663079,0.0027890039971859206,0.004834753847110391,0.003871552812615227,0.0044901560808717315,0.006474752244447606,0.38194019767691306,0.01775083363579888
841,0.01570134337708465,0.012637438429417763,0.0088979731328425,0.0065067707447329405,0.006703266323462071,0.017249988225604324,0.017886545990282283,0.34128529540336977,0.009832890266618065,0.2741961744890349,0.1030158050858975,0.02459875515094136,0.006651900080823682,0.03295770070403351,0.004978609186861204,0.019807622541106677,0.014763632498017092,0.0583618950393893,0.006320927279804106,0.008234953572840164,0.009410512477836126
842,0.06316367540434237,0.03900126717207528,0.007436461930802978,0.018885764095624095,0.009414689245027388,0.3433593939867103,0.00807159530714143,0.010518927869874193,0.012201203393543773,0.0036740313183668905,0.016042356001801587,0.14093212887516166,0.004000405558945025,0.034195755646621424,0.002729811394644352,0.003942864223991194,0.004559709335542998,0.11293853461191009,0.011630735343647178,0.009829487290519232,0.14347120199370655
843,0.009312282101169255,0.018398654182573176,0.04598481423296797,0.039579762638052955,0.010912215675695116,0.009943807402610324,0.013377695976350806,0.02065447806292238,0.5413722361541263,0.00426393600317429,0.11766265116872288,0.03616669441295339,0.004589082775938847,0.02742777258009084,0.02206625243590396,0.006407429987608794,0.0070385174054408296,0.00915715209158146,0.015301678475544629,0.01234694279009569,0.028035943446476128
844,0.008341724400671612,0.011496679531819917,0.013233113799303843,0.019462652882689845,0.01052083883991124,0.02397516582139512,0.010131876806675138,0.009914343161669467,0.02130578442891916,0.0034769866534434812,0.21695815299768556,0.01018820195137235,0.004924823603102931,0.014335697071339113,0.5441454704367249,0.0312362563143244,0.005230010157595416,0.008072613322183043,0.011966753285217954,0.009723726398375333,0.01135912813558017
845,0.007570973924532782,0.016843120183116234,0.140750133856175,0.5071789646038734,0.014618465874728044,0.006037361668932653,0.012339964988162254,0.02666649035797726,0.05953147999027983,0.005417731261514299,0.01669104081331495,0.014717772260188305,0.00564079842522102,0.020704953063591273,0.005488084345096765,0.005060542629752016,0.00743948763819569,0.018225838535725576,0.017588430634284707,0.01325818805143779,0.0782301768939003
846,0.018112749309111754,0.01227141709721348,0.5297508821495998,0.09105735183686457,0.013153862548849532,0.019318706115634868,0.0071716618934240745,0.013955168542897276,0.013762368520488642,0.0036531735500209776,0.013487407580907808,0.006693526571083661,0.003282191137764197,0.013584475526485291,0.004614593183939041,0.0036851309923101516,0.005854167473910458,0.007679833569656583,0.015441483324368597,0.1903181415231479,0.01315170755232133
847,0.008900130370189337,0.026606136310674874,0.014261741053304735,0.011250922144307,0.11991247248676157,0.04076783447320377,0.0620552662964368,0.0665959127816833,0.01325609007123975,0.29155351889708947,0.0754053301456663,0.06401662018057228,0.005029559457450726,0.08796744193164419,0.010608652261387942,0.02035103500418102,0.012090007812314724,0.0283280572305889,0.01013209694838852,0.012706219438924785,0.018204954703990014
848,0.010046886732231126,0.09895341393327366,0.022281365476897255,0.01929137790438674,0.018601517310202306,0.017124940339612635,0.0187206570165991,0.02507825746101571,0.01831776362595869,0.1419035800728191,0.020130410803025953,0.02142420071512938,0.008248847660172717,0.022183824140318217,0.021533799860936495,0.008147545554668971,0.009922073553253273,0.008569689048587287,0.42509623101842425,0.02736592777805498,0.037057689994432125
849,0.009817615547446134,0.4811111990906901,0.0940490592393294,0.07246168681341676,0.10105232102374491,0.02019307364424358,0.008670951857113368,0.011342489492954966,0.0181094244095969,0.005474145815118902,0.015357122379865735,0.01878151888921429,0.005122419517362318,0.017716258424301485,0.011004057193185958,0.00802440926273503,0.005820387537006899,0.006168030762658062,0.02687842627467096,0.03180954586887849,0.031035856956465737
850,0.017300365012333965,0.012622025675117785,0.02376935309124546,0.0039237886614011995,0.01636722017338339,0.44664683287090196,0.009410503486440645,0.014294596903365034,0.02488728032970636,0.005334859224258356,0.015930048622948067,0.013216845200666882,0.0048574964706285416,0.053183964527488206,0.005483462493634184,0.004616061100635461,0.005762221120857985,0.07251083949041204,0.012474487310032326,0.011321436916132877,0.22608631131840928
851,0.16369529296518287,0.019438560369451227,0.015412950916223328,0.012992539914602974,0.014865583562951014,0.00568045534205284,0.01063659618360332,0.011851379503059235,0.01960336110808368,0.006969589151545366,0.01430883890881547,0.010081371154839074,0.010582516662170098,0.020013097792620546,0.005138914294021964,0.41767551313378426,0.012684953363942037,0.009159545683485003,0.01110920173458552,0.19207632106569406,0.016023417189286068
852,0.0057630388659036845,0.01725121664499595,0.02025597391231039,0.01372645308741749,0.04927205804106741,0.004209043678378648,0.010928731733531028,0.2069042052330421,0.01651617714777579,0.2977039350390266,0.23773132511035724,0.013694163855717832,0.004933619423880808,0.015113564920487805,0.011422798477637948,0.0048200583445305745,0.01480762049133842,0.006496665132877538,0.0174179062140263,0.018339607794967086,0.012691836850729481
853,0.009964014657532362,0.04486280391758625,0.01477118918586156,0.019862082899986488,0.025022597339950714,0.007905993648551149,0.03374683933373752,0.46363953189517765,0.02164346224412555,0.07936306937124347,0.038488156394264436,0.0234842883862829,0.007856360396951218,0.02561415369970264,0.01347547934282768,0.007714685203678294,0.022244528572794256,0.07920448675400407,0.017825554392502115,0.024853328999373064,0.018457393363866457
854,0.002929827830038022,0.00849487458020704,0.008484820262299436,0.00849342123124739,0.013613584413119321,0.3807281579699318,0.00869922409434365,0.012851025573105938,0.0076067611644054615,0.003017707047624028,0.017875913020156356,0.009927815392269987,0.0033823913719824195,0.010775086975458752,0.0012214788421942091,0.11220845030478029,0.18954664336939764,0.05986267514643648,0.12293139110488853,0.01042189885474271,0.006926851451370613
855,0.0028021258528951078,0.04362065738967031,0.004453704829480816,0.005240507971557429,0.3521123948893056,0.002508606050385394,0.0934877863814214,0.003218864167637742,0.005535547963945269,0.000937158979325005,0.006077356019967299,0.06233739119580184,0.0011541506495088263,0.013947545318701206,0.006768979400686038,0.0026453149558197243,0.0016007954129706953,0.0037879876315354754,0.18123824568582558,0.20089555694930203,0.005629322304257178
856,0.010907093142865832,0.019215429905237225,0.018654237017803454,0.01701043679536229,0.02935735315480858,0.014609368640082693,0.016497998805146373,0.19978094109672068,0.022194125309305576,0.006212623656908753,0.019639106590285203,0.0189990955081165,0.0063852130551477464,0.020844445168483418,0.4747892072941253,0.006741773213169686,0.008474169631492886,0.012145422854384403,0.014953622700192543,0.02183919374354523,0.04074914271681568
857,0.007571619387507213,0.011144556627106264,0.011244393512892,0.015989739608698282,0.018637216823207937,0.003743940973627979,0.16733351284334752,0.020093585546705803,0.021642152579252515,0.02567030001530673,0.03314503425056284,0.015310657259878112,0.5435333593168007,0.01132042203808596,0.0030354212726530247,0.005812476186574855,0.028893175409068488,0.008863823628631438,0.013314167933330495,0.014305449127696959,0.019394995659064905
858,0.0029556710102899,0.008224421738540388,0.008401189931679813,0.01452745763547751,0.010451643640639267,0.003808117888021221,0.020499371240414496,0.012465376423405207,0.021158544163784973,0.03429569683820317,0.01535045165348463,0.012533291605220908,0.004456595449429697,0.009483934716382321,0.686960736409829,0.09179863999648165,0.004446273406120519,0.004342638828421803,0.008559639920750926,0.01065591652344287,0.01462439097997977
859,0.1247161235773769,0.06429222118196418,0.0021692893510239022,0.003887896726878337,0.004746408266115333,0.020200921180390023,0.06844220221152017,0.012197545664410456,0.00825826291583081,0.021884886773953116,0.06284939959053976,0.014685675199246483,0.0018687944685902337,0.24467370735306307,0.0034235815945905254,0.18108576222931555,0.14338574191165418,0.006116054891981937,0.0035661755987915745,0.003007679928614944,0.004541669384148528
860,0.01470550922340398,0.03503038606564725,0.013995625584915468,0.020845401542347857,0.019461983041111987,0.009550909735312878,0.011777311550479699,0.05869064922125687,0.02090283156247473,0.006135213686170863,0.029209302184469488,0.12767689141221977,0.008594656551220756,0.020935513932026466,0.006175154598219669,0.018651060236334196,0.5156604268303463,0.00857976665285317,0.01864748756351362,0.015435362913917887,0.01933855591175708
861,0.008060560589043747,0.17211338109579966,0.012079634811199357,0.008112085231634751,0.015091452249778668,0.0029567382975178645,0.013977599492941152,0.01664033205585598,0.009961411243196255,0.07720543054241762,0.01019625426485355,0.013250314108432512,0.0050625760804881405,0.009686072631105071,0.010763184910446243,0.005451975081616653,0.0057838465639834255,0.005476845419445491,0.5302712108891572,0.016649800067346097,0.051209294373740534
862,0.3402613115318116,0.12667285873366568,0.1054222120637624,0.0131161845784542,0.021732336424756128,0.033588512436155175,0.013054536061312442,0.01750825219255973,0.018960919884824554,0.005326189563136297,0.01403522079864591,0.013410782087499048,0.006524371060867916,0.0107406004365815,0.004521361113700988,0.17772860203463703,0.0040606985930010196,0.006207095728113177,0.019367611974186693,0.026730268625699164,0.021030074076629338
863,0.08075270964391972,0.03641777654062774,0.02859065525109381,0.08164870872647051,0.0676306407191095,0.040004317519995114,0.04337599499611094,0.0046317714887348805,0.0364053572927993,0.014110944881270484,0.030801217983970244,0.012741028884772661,0.0012032738616392883,0.1248491376370584,0.01826605345251799,0.06670137929681945,0.04134093019049018,0.04133676309030909,0.027044892473011048,0.018430204630218074,0.18371624143906168
864,0.007445782865949415,0.0398193014651885,0.022920389274714712,0.014998792065983821,0.010824642768815226,0.005479653915660464,0.19236964299974138,0.011073253695722908,0.23320989693401512,0.003569519163928729,0.012756868625836706,0.24148789227174447,0.0039306446790653244,0.013306295178980417,0.0747440380844629,0.014399249702234542,0.008840925905601626,0.005764032735401047,0.01566316763992826,0.05108223618721691,0.01631377383980749
865,0.041165446787474504,0.01581365113644985,0.01387767068966743,0.015283022444577663,0.009745741917204877,0.006019566723085471,0.008762784533540026,0.3694285168986213,0.019578802615543848,0.19412700316876652,0.09689985571031941,0.009717552273157752,0.006246278527731206,0.014452654560030732,0.004582184820134098,0.004439266484347418,0.007677133394726473,0.11911453373445761,0.014019131379077822,0.013497959521691626,0.015551242679394462
866,0.02617704142857741,0.03566002557552502,0.004578226722475865,0.013128910365031403,0.036980558335371345,0.025596655676236903,0.10070312016513334,0.056746583950465085,0.13172123184888995,0.034577432157297715,0.01887595916595091,0.010228871902379566,0.09817025484928371,0.04363539867894017,0.08813996803283408,0.032613965339030306,0.057872917751569934,0.06318740268703268,0.04020074479097283,0.07500464302113,0.006200087555871734
867,0.05179702680863093,0.06989571367352054,0.04643027100784695,0.03570537919493685,0.03465457829880785,0.03903745400692965,0.05749109895426311,0.05007572391658731,0.014847603993934318,0.0426540502291095,0.07255287876485302,0.07869692924782591,0.033414597372993515,0.054076481745621935,0.03749191695874235,0.05803616645399559,0.06868229900160654,0.051021761157306646,0.018611507649591935,0.08384020982148253,0.0009863517414129424
868,0.00794475886342623,0.0173954714637321,0.01747482999116345,0.024329492327227083,0.01945840999502153,0.009163133509675698,0.016449484317173777,0.025706337214564928,0.16344931989784553,0.0061056305709983666,0.024958003344013432,0.012404365298765423,0.004494382353161299,0.019199165730268235,0.0063325999542476275,0.043072973906687406,0.44499664756226043,0.07593772929432896,0.018262292656242178,0.018603058484675,0.0242619132645213
869,0.053888308966016936,0.1833363829957815,0.007620812157123402,0.014882804785554125,0.043146529110627614,0.006505948606310911,0.008471863302195463,0.06353809938420148,0.011553556775383673,0.010196087768624146,0.04717957663549308,0.01001068398082813,0.0025184340591828994,0.011271933274883204,0.010994332522892346,0.012987169551916316,0.11454589672600274,0.3534289636792323,0.012266508588188067,0.009040047135098163,0.012616059994463448
870,0.07845243568485637,0.09149766705260323,0.017589922741124447,0.03801783745477946,0.04680951556006108,0.08137610645684056,0.08213329724607998,0.01971190218466711,0.060802222264423125,0.03476547008464873,0.06394576846833205,0.06556793691069476,0.0012680322827688965,0.03759558887637024,0.07726188897395332,0.054648973605231486,0.04358276168977524,0.024641450834190073,0.03571095033267671,0.04251897378672978,0.002101297509193318
871,0.03778909496487523,0.04099556418672449,0.003957955173513245,0.003023139593435054,0.07915021445689557,0.013232456525965119,0.05774739330756054,0.08539652303821477,0.14463518750121712,0.12070434439397015,0.11013651157383765,0.009563256950639793,0.0007967545333312234,0.03478104139556431,0.1556186333558759,0.04098292726698077,0.023917161789527765,0.01876072514633305,0.01043932245963485,0.004975013505867732,0.003396778880035681
872,0.02648169181458279,0.16872489575696237,0.014186475946739337,0.007843540218814976,0.01418894631232114,0.005210888165767232,0.010468586261894482,0.06860391372830398,0.00970167180891477,0.13321911812899612,0.18454343382305904,0.010799804373019087,0.002429467911525461,0.008316590676385923,0.0026576058693336814,0.005262522688336972,0.03871549863564706,0.25843944344319,0.008062433662502247,0.009947753574101832,0.01219571719960162
873,0.0040623035913132915,0.0036486707619970546,0.010300818142223445,0.014295060258331847,0.00848369906525336,0.006083508913026041,0.10016878662490243,0.008297638528436173,0.13544804269993893,0.03121774757803016,0.011270555664895975,0.006072217591395256,0.0021899775673030666,0.23801244068943583,0.33873414220299947,0.03877376194618941,0.008490822928064842,0.005163192442930493,0.009916136195648179,0.00927564264079394,0.01009483396689077
874,0.008902929301655493,0.025018546614680063,0.017732467127846926,0.011511065974587342,0.0940692966354966,0.017206094784344914,0.03324886984987994,0.014805322937046818,0.07765256209458365,0.005177420195813867,0.10617925406337009,0.02157624086007075,0.00493506865910868,0.012005723013598764,0.3294686443115654,0.13058058055090827,0.012137187106565094,0.022296361391234733,0.028413648679051304,0.01443848468776892,0.012644231160822427
875,0.009253740932879416,0.0394618542176914,0.009591987962003397,0.019764972243866714,0.02451536047352566,0.004614491514144485,0.0174572869565101,0.3977319405361744,0.014158228454720395,0.09786630535239535,0.027475840536038573,0.010661708315794575,0.004300152454503989,0.014722537343266263,0.00536555674650839,0.004034045539121601,0.005693693939396792,0.25480251877351184,0.014940981847750686,0.00929904534674343,0.014287750513452638
876,0.020215438237666028,0.08084679678106048,0.007480599689280748,0.009925953632082742,0.025265989510626044,0.005555351553090219,0.0070068334837441355,0.4390932789036792,0.012717129968875952,0.07514130610221903,0.05639951012255023,0.01280296800559254,0.002829014429340802,0.010490617985094777,0.014036914378560608,0.0030419542934906145,0.03441998706919655,0.1475830989241528,0.015259514788747347,0.007596730366066403,0.012291011774882668
877,0.057438413372262506,0.18366895483805923,0.09990214986470186,0.004828357621439504,0.004320813398821503,0.25546087731846806,0.005791154533710115,0.005737396692164669,0.005845685524529064,0.0013645462605466796,0.004872326059269126,0.14787600389609518,0.00289118306815925,0.005161663070458589,0.002244715139025912,0.16566567910122942,0.009048953366883212,0.023366042888569312,0.004646031687805718,0.004343897391095442,0.005525154906705712
878,0.05656912296634384,0.056737066360865764,0.050712384034238105,0.050082224924185105,0.03782791992461301,0.03516678154185363,0.061243944515054966,0.05868255227848719,0.025994817301155413,0.04255225841474737,0.03657573565334442,0.04131487456111266,0.05739496191154056,0.04927397112561782,0.02164138510289601,0.06245187342771059,0.061002527241451686,0.04441488095120547,0.033822338906087906,0.1158136549230492,0.0007247239344393337
879,0.0515204315367982,0.04170731702998003,0.08151295584770582,0.09420930581619875,0.0014724820023283925,0.04953362646015672,0.07851720611681348,0.001585239659691668,0.039452372854827694,0.0005999987407903557,0.005172918224963838,0.11726895710420163,0.012570915223789317,0.07838138487323813,0.061375423174137765,0.08331788158023351,0.06543064226728519,0.002129386566774969,0.0022006220691377777,0.027954991873108712,0.10408594097783813
880,0.04650365301535439,0.0456983810316923,0.02601797469282649,0.060298584644190974,0.05884375761019764,0.02772358906314583,0.07997037485817211,0.001979286841391339,0.041708078070627805,0.06605004214334304,0.05084061737906765,0.07968579095706131,0.014029856937415779,0.05964077116245803,0.025643231365457524,0.03181551701339698,0.004150215499090557,0.0068274255382008795,0.06460239978692733,0.09480880243052553,0.11316164995945652
