site,A,C,D,E,F,G,H,I,K,L,M,N,P,Q,R,S,T,V,W,Y,*
790,0.04802822470669151,0.02684390120224579,0.010103488099094183,0.025907118768730846,0.06305675238584883,0.004139721828581797,0.06033041056666713,0.03851001726337259,0.04444975516882909,0.07746337326854445,0.07835390609310924,0.060806251022061,0.05817126595749888,0.08072084417559634,0.03933566719551592,0.01665349471202956,0.07909538380992868,0.0514669121845934,0.017909233371168027,0.0754792369386889,0.043175041281203815
791,0.13456502067108175,0.11548217692592079,0.01149347668459848,0.006432411266746651,0.010075396314006849,0.05141679628740434,0.008807090372970934,0.012051225227376672,0.007775780673415943,0.007006508623719752,0.007274894654360893,0.011491043776532935,0.5289733169396805,0.015555391674568946,0.0018708020406620568,0.018765547614128884,0.024304122187851784,0.0030797936754352264,0.004493524652862416,0.012858666323274731,0.006227013413399328
792,0.0794801891044299,0.048060294221459854,0.014422915606465312,0.03452887311332215,0.009388410408982108,0.06365262671724387,0.07494271966745616,0.00987148366573353,0.10119611594246576,0.02084979535515907,0.04085500035549844,0.09021168444171412,0.00051462811793194,0.05918620760210227,0.1055984117747048,0.12506355692442883,0.07414024031124018,0.015175538727357682,0.007496650320451523,0.024262581357763487,0.0011020762640890393
793,0.05653569391364554,0.007339868696230754,0.009023023515121785,0.021551691641170188,0.008279249153271983,0.6213739014017509,0.07380427893516116,0.011868970301592341,0.011266168923031082,0.0024141370909698603,0.009113633279644671,0.059430547318736475,0.004042738599962475,0.01552403570911176,0.01503852838891441,0.03237693628285161,0.004907502029686939,0.0047123774345565325,0.003738393827790788,0.020349675161306625,0.007308648395492026
794,0.006741723814293042,0.010619428941152103,0.01639578577337819,0.012058037179025703,0.013429259278842297,0.031953560863565766,0.16708921728352155,0.04314859924141993,0.05062280221070856,0.007602555135046051,0.01585873251750725,0.015177534388192304,0.010002910652332333,0.021806496597558872,0.49004797099727054,0.00912642594247321,0.015560029823448328,0.0055191891690056635,0.009525902999590363,0.024259136372043365,0.0234547008196246
795,0.023253993953307118,0.011703596586205121,0.011027054722979124,0.014084573009625949,0.014394282094939778,0.003018821130194681,0.016643668759778348,0.010361860716886793,0.014672848330946254,0.005234712838090713,0.013891146361199027,0.01291625071079743,0.019416598307599262,0.01650350261356218,0.0035369839508798853,0.008828075799314376,0.7251557116789673,0.03539107412102319,0.010723113884851093,0.013848763061978547,0.015393367366873736
796,0.006214702781807392,0.010383882230724251,0.010947641338012027,0.016565477149652865,0.013459709962060857,0.005895886372984829,0.013701705455009192,0.027196582176640352,0.01911342980069639,0.0045787493354827865,0.013127635138715225,0.012855916613416602,0.010793751304033315,0.03616147167863087,0.0041437635702235515,0.020140323632090514,0.7289187659186874,0.004773350167725583,0.008584161314119813,0.014201752212665794,0.018241341846620192
797,0.004777984650656362,0.013567748101116661,0.015934104148659298,0.008222778797016382,0.011832848356274468,0.010252148962450138,0.02108830808820133,0.01660214366196261,0.010318496841851979,0.0050113873254803085,0.01091760293929229,0.017708224506558415,0.009137822434051862,0.015135231822304173,0.007709004525548654,0.004880697726681811,0.008400320525146998,0.003919476493795972,0.7651680451537392,0.020958869719050848,0.018456755220160187
798,0.012734454443241847,0.01089952052374389,0.011549223162388931,0.010089203663266579,0.01571218718703387,0.0037589647395609104,0.02444566370227898,0.015204829514932662,0.015428809188971118,0.003229230706412047,0.01337110255622835,0.020464771809206476,0.01713774242787235,0.015188347200558153,0.003962229247230734,0.7040221710353611,0.021778208565299616,0.006195335314623705,0.01167103656891058,0.013129208555488452,0.05002775988738951
799,0.0022781592045832103,0.05391870194959106,0.005550910499829766,0.0035744503340044143,0.03125961171500761,0.0012116540473301831,0.005243830488294236,0.2816615185163888,0.0048104344694388105,0.48470436266738925,0.03487228050409075,0.004231525855005334,0.003128193685397778,0.004714379681984303,0.0010245750313573612,0.0036424947948395224,0.018471055713830082,0.02432959507341702,0.0034555955532549355,0.02307972918837227,0.004836941026593269
800,0.005739631293131167,0.01218735031211489,0.022390109316448633,0.010950108339467928,0.013946582404877417,0.004558116137603869,0.6484839991949577,0.0107266754372961,0.012486206243751317,0.007286867984529662,0.05294732765666741,0.06187578642149908,0.012270662748129352,0.03510161452925055,0.028750034927073925,0.004517280301629023,0.007122207415607766,0.006078439230051137,0.009118248279152691,0.023640375729002402,0.009822376097758012
801,0.05339600520152679,0.05603198671250861,0.010216746816119683,0.005705673464083536,0.00919453001581579,0.2722291844383798,0.007470208103658258,0.008364397664150435,0.005880837031325359,0.0025185215816536663,0.00686342150886225,0.1436521176185914,0.0034397948096863942,0.006252739663839757,0.0022309379791905534,0.22185594165469588,0.017773201359852223,0.14441752583935485,0.005599266884261312,0.010058248854388328,0.006848712798055055
802,0.051867780745340465,0.0638048431542886,0.007279568941296101,0.011270724580428222,0.00870677464718581,0.10832034101125644,0.059177391754528956,0.01503642931465502,0.11677218131825416,0.0012336967143787801,0.007183221748319125,0.0168160004151396,0.00138612990509105,0.06951914312668385,0.06594700418750284,0.16091121580061563,0.1586205648383964,0.01268297171316433,0.010230557547609443,0.05130714646996191,0.0019263120659033038
803,0.17932968773414446,0.06461821314139195,0.005262931260255618,0.013640931884486984,0.0389711684281343,0.18992586167424577,0.014874197742231364,0.005349038710898074,0.005603636350394957,0.025067083866330126,0.030109986106188254,0.03838931523455086,0.0027069378625074005,0.0805460931082271,0.008539695960314874,0.24307977468074182,0.023805699180903275,0.00860211907256976,0.007642106493582452,0.006407089353322878,0.0075284321545778425
804,0.011676279979651006,0.006066934889860415,0.45136926768434543,0.30105880579314703,0.00813619541628711,0.016849153347056164,0.007908095628933796,0.010339813698211898,0.008152108353862009,0.0023878251037329798,0.020589416802049957,0.006456216311244288,0.002762258762576485,0.10101986894354435,0.002613235793156733,0.002399908093070858,0.0037726922249898625,0.0028724789225808046,0.008417588146941591,0.00753272055998807,0.01761913554476917
805,0.005201558942846729,0.022865131500793914,0.01478122136460381,0.012763657173393403,0.010277054500433052,0.004797602616813095,0.017145590801089877,0.013110765697046589,0.011476762786754366,0.006564703595478931,0.01059262012771825,0.012460322286857032,0.004590511756033116,0.010277707023636881,0.020244841643271293,0.00495517368012394,0.006520277209996289,0.00488488568925867,0.7735375237240683,0.010756588033708367,0.0221954998460742
806,0.054306860500103964,0.06736222801101793,0.007867380090123643,0.006046455867298934,0.034844354896568654,0.05396892531168013,0.024638854681136257,0.02904020669975696,0.015519280581152477,0.048813655963219627,0.27284383628432957,0.00856341979020724,0.001851183252355804,0.22005047603769498,0.023642026803499906,0.06448587819318934,0.02751978266564282,0.017791601305942848,0.004695685157527955,0.011058653683187205,0.005089254224363706
807,0.04236070553729939,0.16797826134367524,0.03127715605357131,0.003246915671864784,0.0027464268328897413,0.15164610973324108,0.01029731826745493,0.015097841638887397,0.0035014571182990805,0.0022366855563772207,0.0030766147345618142,0.035193408836999784,0.0007616879393073239,0.00487692762668954,0.0016380983400827137,0.2429841723281593,0.217655031725019,0.05511088632576988,0.002475516811560007,0.0029289285914837044,0.002909848986806791
808,0.03267974143283566,0.09154414047262055,0.05893454611230912,0.048927150723146386,0.0018865430545279662,0.03630534759623445,0.06502660909809388,0.041041799360765935,0.04324210108219906,0.030552807735123793,0.08588802824455731,0.0924804577279054,0.011506169865391908,0.09758433544739926,0.05421980147153438,0.06664072751800133,0.07281006813135182,0.06131615500581683,0.001564652860661564,0.004078697372330177,0.0017701196871932154
809,0.07871012187078476,0.04422419853939003,0.1177749380400247,0.10720111864578917,0.0018662193420875455,0.04206356807036266,0.04952771362816538,0.008343367671796312,0.042687704250485035,0.01803069081254601,0.0436279284722847,0.10356673686309359,0.0011425391695945902,0.12460714585664508,0.03164126487144264,0.08704752961165084,0.0654018923211565,0.021392728574370523,0.0013856760583779448,0.006990284896704102,0.0027666324332477677
810,0.05239342149477053,0.12091259522450225,0.28299475160756654,0.1456600130195548,0.003721215902129638,0.018705116768591292,0.02723637096869208,0.0032108907361145466,0.006232089645133341,0.0020242669521751628,0.004506524860797933,0.13202059201016558,0.02942413638056918,0.02247945710332439,0.002408255668659619,0.10321765536860399,0.026216516109222984,0.003080900181539224,0.005642024436581052,0.0037312306536098697,0.00418197490769595
811,0.010573599464529898,0.022743419632847775,0.011533570181980216,0.005230030257949916,0.010365597736603142,0.002473360401787242,0.009933003309402616,0.20273873037333381,0.006907963288295253,0.17679108308059657,0.3579431280727326,0.010498634713510707,0.0023846115206884403,0.019065244175308336,0.0034486971585630673,0.04318244087981202,0.04250086433405836,0.041899913322025334,0.0041836748644035774,0.010414748358043778,0.005187684873527327
812,0.00327095160168238,0.006020495387679208,0.005165102499719267,0.007905727894931412,0.010683965092851412,0.002827501489504713,0.007493800157797103,0.24284929949976264,0.0067103024739823885,0.5021443610254609,0.1529605327506596,0.004710321511485764,0.003155219991102257,0.006385641702589341,0.004478649978915043,0.002376641805545873,0.002731157087309005,0.006876768199840889,0.007762792244370385,0.0055165874702041255,0.007974180134606332
813,0.04916500381811282,0.04085644722779914,0.06629010945676982,0.08904394825614921,0.057816294904532606,0.06219874132885339,0.06012978499806989,0.03526191680438644,0.02355368670975295,0.05398326394042563,0.04573103188131115,0.06364339580622941,0.005533787976932021,0.0528634425797577,0.034874296027287,0.0588593388689323,0.05355448771849474,0.027668898793482027,0.05917683750126191,0.059122517340915975,0.0006727680605440094
814,0.020670930350538425,0.16476688286455057,0.005243964856194057,0.00417793944533031,0.005092155960836458,0.005637207115199352,0.005255845340228681,0.15322960946310127,0.005072996311375926,0.03880105332621792,0.062439890346019544,0.004128890762469025,0.0019140718555474947,0.006281320733793549,0.0014063945889490484,0.0018070905761057964,0.2095197545606126,0.2908415673265979,0.003576523493316651,0.005386457031141313,0.0047494536918740934
815,0.0061786541630936215,0.01270479842439378,0.014018717835164417,0.013613938361061695,0.013518114862406866,0.010047531738621683,0.012932941968829895,0.0141367529270733,0.015531505094644184,0.013475825905894493,0.01247119545951903,0.012710758644832176,0.005677370562861034,0.017693500231027764,0.023552719391782,0.004713999775254484,0.00607935037930826,0.0052333738445962535,0.7436843235683042,0.01535568369833437,0.026668943162996384
816,0.0074064715154442155,0.015072821360104613,0.012019838582839634,0.0104730465330381,0.014189843175953532,0.006149359167748556,0.013478960132511765,0.03572510629949848,0.02191198401734833,0.0039016330111375183,0.012757953506611333,0.6781034256975399,0.006537090661495534,0.012888600451088373,0.004240793849179267,0.037861766992374986,0.055833256837468814,0.00942542603993479,0.011210950188640252,0.017477340226009812,0.013334331754032166
817,0.016201745344236188,0.0069072109269213205,0.00613973536441596,0.007464454066806406,0.005782598496239705,0.019173617403639,0.05255028517649706,0.010777801302364123,0.24441632579322078,0.005499037455568453,0.038227144883306884,0.04980337962598997,0.002763580858182499,0.16136470923606502,0.26148033160844314,0.02328534034117699,0.06096164347796205,0.0075435718347939855,0.004681172112189886,0.004794645111493059,0.010181669580487622
818,0.020410299702689958,0.20558492660250424,0.0029608304924310085,0.0202746303034893,0.03047950587923176,0.005914797775574069,0.0067680928271818255,0.08397281886978386,0.003129968114241454,0.07304028335092534,0.16237468625706294,0.004262723709012594,0.0016221428649672517,0.0033212783707545824,0.0012071248832845848,0.0036289256204997864,0.15124889854303247,0.2031176945846944,0.0028096554993650574,0.011046529376764211,0.002824186372509235
819,0.006589472119274292,0.008194385700320666,0.009373625438764702,0.009789762169225716,0.012696153155239176,0.003157220270500914,0.009727393097299726,0.014176976776962365,0.010254016356931113,0.0032558801723686485,0.010684951202093352,0.008647738038052006,0.004113268666249839,0.011416139997517429,0.022711882400498637,0.0046206883947015,0.006799102619781504,0.004885588802067873,0.7975470093902804,0.011224043752337575,0.03013470147953251
820,0.00944126211826985,0.012689554659166576,0.01255952202593489,0.01573243074347865,0.018323064535343648,0.006959315388656975,0.008902865249579462,0.6324959494360275,0.010818504556829624,0.004237414674560306,0.008611481949129729,0.014732041415480965,0.0032868990971579373,0.011113349980957823,0.0050418336193415935,0.013203528988642257,0.030089457542452704,0.13959680718578102,0.014728391008275369,0.01361896529907735,0.013817360525855886
821,0.054506257925757466,0.043521530133629104,0.0713632507543591,0.07912298542506004,0.05845417069168604,0.012515186652449639,0.06337305426600985,0.06972528054888409,0.016704385830917542,0.06151494371999618,0.04942627073981693,0.023141852134419074,0.0008453619866817156,0.05143544189412874,0.011108929853727951,0.05845207928442233,0.06539056812542297,0.05459378103066722,0.06939388521724309,0.08253566045065897,0.0028751233340618926
822,0.04403319255301643,0.06507440297411961,0.10749446551157793,0.13449188944332252,0.03504678248223555,0.04861529502814351,0.04988968965773368,0.002916098151556607,0.01767129933856112,0.05721474328955786,0.05815870767690712,0.07323255845481945,0.0013533525777137381,0.08014037864148783,0.017668536440251428,0.06899192288421037,0.06262342884039274,0.007693590095575548,0.019780416057092395,0.045161039873196605,0.0027482100285280233
823,0.00842394477341786,0.01706088683710844,0.004576825276757308,0.018554134869692852,0.021572061643706092,0.006291996084926821,0.019533385617198314,0.02418667177868337,0.029733219194395682,0.0053091843191130595,0.015776917806096618,0.7323754342652645,0.005767241781361457,0.018088023676428807,0.005099001277797521,0.0046314529504327484,0.006443438596758857,0.00877913457504363,0.01264171000354742,0.014503404230245731,0.020651930442023087
824,0.06521326135749109,0.04041071847073857,0.06812671001161706,0.05389710770243839,0.02646278544107639,0.027096999256574134,0.06104155446023448,0.046766145272190814,0.0569477407027037,0.035149265647269445,0.049255423175545314,0.05852992670591426,0.08552421661697651,0.05195507417329859,0.03471500624368973,0.06130774808294261,0.05923899415290271,0.050172491459050526,0.04021082053435566,0.02704922365135447,0.0009287868816355038
825,0.02748609861543316,0.04294725757021356,0.014771453999949558,0.019535816726842282,0.10017720321427193,0.015606333056740779,0.10235831574278996,0.004464902416499109,0.0790319779779881,0.01780010860304138,0.10637672757981735,0.05672668492923985,0.0013748860876196855,0.07428380425742716,0.04709460901031078,0.026191264840703967,0.013842494471340928,0.004218648642801568,0.18153903754166634,0.060996034169730484,0.003176340545572105
826,0.004201358653956224,0.13392539098674353,0.0073627870061209605,0.010923217436375773,0.009067401340979995,0.0030366504378658635,0.012256331957106792,0.0918891257560755,0.03875794751140436,0.16223860480982547,0.3544323632264342,0.009055247660173583,0.005379602550265422,0.021555315540771194,0.006303655278706434,0.0029438895866131013,0.029905039065832157,0.07283293710924177,0.007867283326948483,0.007924093506846142,0.008141757251712844
827,0.0489338793751261,0.044398055095077944,0.03942186331399515,0.046226318663934285,0.058664052318776604,0.025163202043090836,0.087413749148252,0.06008387552704383,0.04768613416025314,0.046682666493670165,0.03977470923543217,0.05610994159316685,0.06650863023374577,0.05215838351761026,0.045177901771874696,0.046616686994922836,0.05041961778084742,0.04273195484307258,0.038949630535456296,0.05536899828388083,0.001509749070770154
828,0.01067568487267511,0.15474832294226962,0.24403992759912385,0.03626275474236252,0.010529318800452799,0.006003031882515566,0.0367594878332459,0.10086642824906954,0.012838278276867912,0.023081175196107823,0.016771873070598107,0.15493211786681294,0.0032030830143644075,0.013648126780788602,0.004534210761512981,0.02920415500791257,0.026565400330875257,0.08002620484239088,0.006997691535868673,0.019779730192122355,0.00853299620206272
829,0.008925842014469571,0.015594363113109697,0.02299318177751701,0.03794756309781926,0.015977597517626934,0.007188791755178875,0.02265233025014925,0.018966227582469374,0.5756637344838081,0.004465544809292927,0.03710973979555949,0.03158682462742954,0.00588892412252311,0.05418015583935961,0.03869746728149882,0.006579381977553432,0.017917220836710084,0.006710850849619261,0.01120255576496161,0.016753079194312733,0.04299862330903134
830,0.04679525630836744,0.015218544998520244,0.020075957602649463,0.03483447573452977,0.014249532968665149,0.006259285690602249,0.050914088791910304,0.03792263635707495,0.0950939871029699,0.0071190057529661455,0.01921185212019794,0.05282177603749508,0.004675891066272559,0.04244459376131731,0.036200652960934276,0.2011245170932917,0.2608776402174889,0.01095491590500263,0.010849592479548557,0.017978203357628366,0.014377593692567033
831,0.04961575926035095,0.034179256332590634,0.004351255531742558,0.012673191536815183,0.051309487243923514,0.0014201477642839272,0.07113187344157774,0.06791734014088553,0.04859152720160483,0.08938283249841798,0.05019490196028003,0.04619520153852764,0.11661854701601378,0.032691426195563734,0.058945157232877125,0.0236159373229938,0.03207390226901109,0.0321858999893321,0.07159507885159956,0.10177513284835904,0.003536143823249267
832,0.01482609275219863,0.05512261174339773,0.008233058193436562,0.006576683326458729,0.004848194654725243,0.004107626359206936,0.006933720180465001,0.3158995127250816,0.005880619339071184,0.2297830737848405,0.054932859942679914,0.008106033650267718,0.002110547548161393,0.0073778120270432054,0.002037830491996496,0.0019699088167816643,0.0036572338510623085,0.2509298910445059,0.004665575177738568,0.005731331995599921,0.006269782395280772
833,0.04763027872175371,0.04455749936566422,0.07358647309285064,0.09200734005703966,0.020133105347204656,0.06368783573709365,0.05718843453770203,0.025352560350659914,0.04347447719098222,0.050853566498624735,0.036386073282865285,0.04379716868189143,0.031190130969042426,0.0629266804358458,0.037341714106892125,0.07538385811434942,0.07095951114003032,0.05392045884669177,0.020999729403868347,0.047102577179442585,0.0015205269395050748
834,0.11434422341694156,0.0795964778627731,0.011774290362039938,0.02263624364663772,0.012892910840695835,0.018875956604003655,0.0683416028026472,0.011167398927392762,0.1278432201256922,0.0434472072674802,0.051587065111944636,0.05282476782691242,0.0007260756901903031,0.12194088094326744,0.06480686267133408,0.05893107037862125,0.058806962575748974,0.05807071021638451,0.006174456161381507,0.012997668839802448,0.002213947728108382
835,0.006919886464755228,0.021731251525165002,0.016705395422618372,0.02184902042094386,0.01695061395272723,0.013152839277011406,0.015892708392151553,0.019334472261438026,0.01566884223492138,0.012063023177691826,0.015511999189319827,0.011544007219684842,0.006376992869402093,0.01661782183862554,0.018801368795919596,0.007887055409248866,0.007679911514638901,0.007923541014558914,0.6698604462741112,0.053977477964656816,0.02355132478040957
836,0.022890441109537266,0.00687839998077661,0.005263310820428893,0.00473085543819401,0.005126507239968906,0.003060913622151197,0.04400247627637017,0.1047391758277334,0.08073224664632575,0.03160836157860151,0.06914046026174371,0.013695171238791173,0.03292814388042736,0.13830630526125412,0.04763348205245974,0.07810540773354309,0.1664328483139802,0.07673165728364706,0.05193633286362532,0.010191251602451651,0.005866250967988912
837,0.022080898258493537,0.016954032178259127,0.4315708579068307,0.16334493568868627,0.017663392500984903,0.002463607240126229,0.01830836486100652,0.02335154547443405,0.02333709113429316,0.006805476208144666,0.016534234221897984,0.02266844556560969,0.006357382687833778,0.12164204278540826,0.005565429372617079,0.014216769542409774,0.00855127172731056,0.032309297229017445,0.014876557580029684,0.014184696689370968,0.017213671147235637
838,0.005808308551218136,0.015086600346798831,0.018327542303146187,0.013864524329977665,0.03885263023754471,0.005568197788342318,0.011628029405722926,0.3709262409560881,0.019774101842544193,0.10483697622186061,0.02262939632358321,0.0422081502339332,0.0039752903748005095,0.01152748644040022,0.003796624753706558,0.01275447977260343,0.015421355759412147,0.24611521442519244,0.013066216833030553,0.012490901807907183,0.011341731292186847
839,0.010907512642921282,0.012341957628523595,0.0149771066088115,0.013862587894049214,0.019518267209766307,0.13092314959557821,0.027075167467363628,0.017058839008511517,0.014742539067933777,0.019439113713512566,0.013244421156172961,0.01143868322776788,0.5910778714092298,0.01227696538775863,0.0058104307411378925,0.02430112058098191,0.013777445573828873,0.006144694740476281,0.013251343794221451,0.013921623885883014,0.013909158665569651
840,0.004297919045643796,0.03532023886384835,0.03551799903719759,0.00906122233575776,0.3935001231923454,0.004220004448203167,0.019017136890041777,0.00906802373766117,0.008857271759371028,0.0028026808059475913,0.007544458208424692,0.03106392923696083,0.004890525938387769,0.012559482971825619,0.002741867565822257,0.0054231986640718224,0.0037876031066670555,0.004409188288432166,0.0063401257489332915,0.3763044704715368,0.02327252968292014
841,0.018571675263424202,0.01623496491295598,0.01078969159990884,0.007957787019419968,0.008251805298098392,0.022770134842216284,0.023913514293754348,0.19868120235175804,0.012007330273544344,0.33505784932696825,0.12630572032362894,0.030895911360534864,0.009620150818933379,0.031851626323571317,0.00675254680500677,0.025108899007268662,0.017428165555570533,0.06846202577373629,0.0076583383027460225,0.01012200799069682,0.011558652556257641
842,0.0810268746732241,0.05377838592178389,0.009872383940400962,0.02695579715913211,0.012305163441940608,0.4480728033448485,0.010413977122249956,0.013642963955108908,0.016644434616187094,0.00497441921446778,0.017982042823182855,0.18940814027960948,0.005212575724879262,0.04036202104421,0.0037423930382745416,0.004501832908816175,0.00595866664011424,0.01371160175968314,0.015291415249661315,0.012867021954891622,0.013275085187333469
843,0.008964484976270637,0.01773112409837692,0.044184776925821144,0.05242456512695525,0.010554019788632706,0.008891173103032895,0.012922795361522257,0.022881609130336395,0.5241529554239107,0.004115678168724234,0.11282501185258038,0.030549236296033483,0.0044257524071855325,0.03385103607583504,0.03075442636695433,0.006505786244029772,0.006890365582383832,0.008839899142579865,0.014736480773052155,0.011926186014215882,0.031872637141566566
844,0.010525595599627418,0.014487439168754052,0.01689926889076795,0.025310979326056565,0.013368357356540612,0.035277918662799994,0.012853648759076684,0.012809129584084908,0.02740915287181721,0.004419643565913217,0.02629838201378457,0.013005093166259023,0.006277138319514308,0.01811495112431666,0.6950423217765472,0.008538168736742744,0.006677752401598802,0.010282399985701105,0.015403486600589518,0.012497269815949034,0.014501902273558362
845,0.009574845518226105,0.019147086680663568,0.028295270481183684,0.604763950721862,0.017454922001238254,0.007459067966964428,0.014521607837142307,0.03332713608350845,0.08477537216931229,0.0065038919050326984,0.019724601671301797,0.01736373623057982,0.0067496594096304345,0.027473838822612895,0.006579671264080679,0.006116941746250027,0.008817998822569437,0.02574550482604378,0.02152527223247912,0.016006053606298188,0.01807357000302004
846,0.026253183558188314,0.01599138662307274,0.6865757201273134,0.043270337141669356,0.017009154402600746,0.028646299318123947,0.009537049327273278,0.017850177080949676,0.018043052831743494,0.004720105621438681,0.017615145856260752,0.008996264595670449,0.0042322204857405165,0.017728218729595426,0.0059972136675145804,0.004766595608846457,0.007552754902652412,0.009991557811330936,0.019872662225428564,0.018486415493864882,0.016864484590721263
847,0.010668278744753486,0.032927532691375896,0.014456879304908138,0.011305881955044743,0.10283498305968147,0.033272140552756985,0.06297416413184355,0.05459728090835109,0.013360387190651982,0.2967574002720073,0.06255072006624864,0.07717138356858998,0.005601140377251477,0.09115396906065056,0.013200853787290384,0.023982994558804056,0.01283253878740203,0.03682158344005595,0.010619040142691306,0.014117611819457447,0.018793235580183507
848,0.012599808100966668,0.025665273171478608,0.027690695283269378,0.024154184840674317,0.022840789602156516,0.023234696028769236,0.02337809718656178,0.03172469358151258,0.02294032752861644,0.013937619374318089,0.024571086270737886,0.026985966302956448,0.010314450232003133,0.02730543080743197,0.03071643394619081,0.010110179569450609,0.012601019624328415,0.010807962370796847,0.5307442026100271,0.03520651894536434,0.052470564622388825
849,0.00907776133898933,0.5024959065162281,0.10330727293832154,0.09217421227295498,0.013760808831184182,0.018144617093210868,0.009027779177973936,0.01183913306121361,0.018853530265103762,0.006602288412560592,0.015990194305154765,0.020328869676465498,0.005861121238225186,0.020343220942995736,0.0156751960452066,0.00964385867061141,0.006080727558857865,0.006701607246340289,0.03707336939573161,0.03619778348965249,0.040820741523017644
850,0.02457305464689671,0.01624304119252419,0.03302098926923488,0.0048122138363330255,0.020492628846479215,0.5611469973507345,0.011955221211259104,0.01799763083023135,0.032241618865810985,0.00675709899799759,0.019659985444702384,0.016656279857699692,0.006065302752463798,0.07626947570635105,0.00688970159715577,0.0058195928539895615,0.007377162304627076,0.021816666359098416,0.015380480802354215,0.014596319245431947,0.08022853802862459
851,0.16911847060543808,0.023492885449169124,0.019297139230215286,0.016395910546423458,0.019340399208360018,0.007131105307847605,0.013455984456925259,0.01504204747415707,0.02478946208716809,0.009000178841128055,0.018268177067538787,0.012598449575030098,0.015622275066225535,0.025537823925108644,0.0064757626634441845,0.5248061590944821,0.017737618357207986,0.01150842886470562,0.013754408641021218,0.016935185389083722,0.019692128149319994
852,0.006926520565417468,0.01941794825443449,0.02275513280835793,0.015852257821790883,0.06610657708551711,0.004943394198028051,0.012055232403295327,0.03250159005169861,0.018847295640353177,0.3454980919725128,0.3144419266818992,0.015578058721895542,0.007099267506559953,0.018371571713811288,0.012941566998978011,0.005598950647455359,0.01705975255706641,0.00757985707200758,0.01985971846283521,0.02168614458014252,0.01487914425594316
853,0.009729884677029762,0.042253494136614826,0.014363350772047055,0.019547222200914795,0.02460710577078663,0.007733664671345431,0.03197132227495115,0.4533153264314746,0.0217707299377838,0.08699817204011336,0.040088461133437246,0.02287740612801076,0.007603569096902748,0.024883610312181673,0.016703666974879124,0.0075105896700229935,0.027772475428450277,0.0783292190231202,0.017310634646315576,0.02672029817535221,0.017909796498265625
854,0.003643809640427853,0.010471495421591299,0.010396175870342373,0.010801897468930911,0.01579971520658039,0.4634744751321546,0.010504302082979554,0.015710247968930665,0.009364183209353928,0.0037683867044437888,0.023896602839036177,0.011906039019620097,0.004147324516748521,0.01339051433474765,0.001484764960386763,0.13954054094246493,0.21295084051689836,0.009663494125309889,0.008411960196364433,0.012450209756040232,0.008223020086647622
855,0.0036844029623324497,0.05824198838918323,0.005905009063417584,0.006284237578575064,0.30855688815135235,0.003005413116829164,0.11215544529904174,0.0038497909368642503,0.0066321686350554855,0.0011592071214086177,0.007279085272168226,0.041377415085238636,0.0015854598768397386,0.003988592370407724,0.010032909472718341,0.0035692621345308905,0.001920628220862022,0.004532881643443659,0.18380831495962888,0.22569767976399216,0.006733219946109806
856,0.013189875945187267,0.02424797661489717,0.022518405768643335,0.019684070035538556,0.035608547402328716,0.019526892189738302,0.02022038023975117,0.019523297543601402,0.031251422931279006,0.007525013528416953,0.024046693194011537,0.023568742412688293,0.007844073710329885,0.025601445724769984,0.5769726373895748,0.00675525444066903,0.01052464614798766,0.014616797525889407,0.019128857495186783,0.02669061807615399,0.05095435168335674
857,0.009815744414338183,0.01341768266997864,0.013592902351694663,0.019230344550562047,0.02250656138214355,0.0045286691250748905,0.015210104372826551,0.024959073140197855,0.025762596097923193,0.03601641342885304,0.03933151803140285,0.018753525012581495,0.6575640943429714,0.013692785355710807,0.003699259392887052,0.008039504344195753,0.006548259672842209,0.010666491220417287,0.016187611607539867,0.01731823581178661,0.02315862367407222
858,0.0033282527418556653,0.009564032115322136,0.009504108016923333,0.01625367840196924,0.011590853633638298,0.004710963470836248,0.02191876227420229,0.014642856862668955,0.023719397182736454,0.004574244805562813,0.017440815372251055,0.01397421448819826,0.005949768352352922,0.010649529099840023,0.7715257871746303,0.012738322774403921,0.005000141733742965,0.004843301896010315,0.009621638170188363,0.012078378995667194,0.016370952436999448
859,0.1308542095769468,0.06625009024310019,0.002496462557752862,0.004446972373006587,0.005625867239169337,0.02430200341451978,0.06728445026261905,0.010572743229861285,0.010215867887618852,0.02294298989623236,0.056340436516057836,0.005331067951657796,0.0025282365439900415,0.20265505034871414,0.0038055012971742134,0.19992251143097803,0.16563771520104437,0.006309946671291918,0.004067710563817611,0.003255899233325399,0.005154267561121566
860,0.021243267699616278,0.03893708357816387,0.015382741335876153,0.022618382297920656,0.02115810169119323,0.010757357507919995,0.012795603408457453,0.07571097558522616,0.022905148279997293,0.006652012047277109,0.03167852101733604,0.022561357152071537,0.011446387943550624,0.022867254399728018,0.006679731179696952,0.02578200148164568,0.563628201039247,0.009325133463433201,0.02023566578470605,0.01668073148394888,0.02095434162298779
861,0.009798680154838426,0.055055382980640964,0.015067197196246268,0.010057050661544623,0.01887545650333466,0.003752713237779613,0.017285836935070877,0.020808763594727626,0.012445855351843288,0.005614395576068882,0.012619274792415938,0.016392449215276505,0.006267442213332238,0.011983473767433727,0.012634687112124664,0.0071958329247254205,0.007070081701065496,0.006850556363227532,0.6566212053892501,0.021038895673655567,0.07256476865539747
862,0.39811100284261175,0.1279743249197731,0.019783292615504322,0.015232257685471517,0.025386040626430285,0.034250907828598354,0.015222744843403304,0.020355562551788716,0.0222594982288514,0.006220923786673903,0.01615703021580969,0.015557019021717182,0.008360486246788099,0.012486442134805,0.005277337778427608,0.16568975963746382,0.005285344920401002,0.008264833661861384,0.02249932412678096,0.031165142091237833,0.024460724235600747
863,0.10216361546437708,0.041327609827943104,0.03700643240662666,0.10349297554187832,0.08055928853332994,0.04728559015383297,0.051143110060415435,0.0046672298793616375,0.04681216315091138,0.019858031685798746,0.037372713378585096,0.015610731131175967,0.0015735187115904685,0.1456105770834144,0.022168094489751423,0.07811638169488816,0.05039964480016912,0.05522762220900792,0.03386369930937807,0.01895455227905587,0.006786418208508356
864,0.008592567558391185,0.05452376968252362,0.0329433026924727,0.01682835737446697,0.012170273292015253,0.006184175677668629,0.2170486322122608,0.013262554242567797,0.11405133687138076,0.004140322834962846,0.014314412244121838,0.27063585289027675,0.004396563636323876,0.014968356269059888,0.075476061374981,0.021032627497153178,0.011278697457105238,0.006516340515580931,0.019028238576003054,0.06429394535751627,0.01831361174316738
865,0.052320478335331655,0.01638790211972075,0.01412009136728723,0.015253683988125696,0.00985453694581882,0.006028685282720413,0.008820572423642732,0.3719437643081638,0.019654789361293678,0.191250675125459,0.0760236287699352,0.00963020445819394,0.006239834764845402,0.01455070874211163,0.004608881167342718,0.004430185336360298,0.010706288029455627,0.12475321448293832,0.014252898643947706,0.01360426924408861,0.015564707103216868
866,0.026817913065221067,0.03437544521104684,0.004932023530725545,0.014678739939912326,0.0346758231856858,0.022904951706610128,0.09425238245519751,0.06004057456420373,0.14158195080266125,0.03692821312428639,0.023200480739680465,0.003369194572748535,0.10796725506065884,0.044637884428520284,0.0833964399718073,0.034463891852036604,0.05934654850376569,0.06271895866061654,0.035694189346898136,0.06737580892085179,0.00664133035686517
867,0.0541530419690552,0.0791011569272899,0.047657204138376104,0.032588638381260006,0.04014104125825505,0.039145038752668844,0.0602533309050452,0.05369273649262383,0.0150190926592641,0.04421629063597283,0.0763904391748559,0.08392999973554967,0.036873885708004456,0.05780253208356922,0.04019209887385837,0.05835854594511139,0.07058954467186514,0.054384788598477486,0.020457948852609438,0.034038903006656025,0.0010137412296317887
868,0.009395493019164683,0.019899490569316777,0.02039898251924369,0.028216215722272637,0.022398261877131845,0.010607921972163025,0.01891009363859647,0.025757810164388755,0.025954448373520705,0.007114509814167551,0.02871887147374257,0.014322849305935402,0.005210596067203278,0.02231212756917578,0.007324746226227215,0.04996244512365567,0.5153928385811016,0.09731400173531374,0.021177290407639517,0.021529913186989772,0.028081092653049363
869,0.057089488053938924,0.18060163026149015,0.00848417964273795,0.015490389447304789,0.007724909846382036,0.00830281384877059,0.00881722180932626,0.05967851808034799,0.012110257195789712,0.011737001376266654,0.04134234080782636,0.010475612968889228,0.0026369868416307543,0.011805071315404958,0.014468151128793004,0.01814877952107442,0.12399595803812091,0.371592581320719,0.012826523051517538,0.009459283384307854,0.01321230205936095
870,0.0759167314878291,0.09825878297869066,0.016367412173690674,0.041957477066824934,0.04574564436430092,0.08370934817475907,0.0787239361541779,0.021359381514320624,0.04232092079224417,0.034519765949531524,0.0697404684779512,0.06699848397209505,0.0016037360225595425,0.034336414308765724,0.07626318945172422,0.051755579040959565,0.046783331716323096,0.02838442603441942,0.03773646714798785,0.04538420651108189,0.0021342966597627895
871,0.03831970202488536,0.04796126601520966,0.004115413888186277,0.0031629363249483697,0.07989746169472946,0.013983321480008519,0.07391825893796049,0.04515668902178369,0.1432399389625932,0.12206093343066855,0.11498200802340645,0.012632689667609534,0.0008671562997237518,0.03851433577165572,0.1596789702155459,0.04364136640263183,0.0233618054363573,0.01557356585682138,0.010927777227878578,0.004477048925363206,0.0035273543920327235
872,0.019397841487572273,0.17208311974838997,0.014302077453130368,0.0077493864374562115,0.014301363434278699,0.006501177685736677,0.010552175819605686,0.0805030230587451,0.009784691493125594,0.11224172579911795,0.186610572256774,0.01087935681021126,0.0024490722274081995,0.00837798953722685,0.0026785277980642497,0.006408401234848535,0.04302523238402877,0.2616969568478402,0.008132151299390265,0.010033945510509158,0.01229121167654003
873,0.004192109467223182,0.0013838591300493624,0.010673590592152442,0.01471232579895952,0.008732736791320863,0.00711851367133689,0.10721710905319554,0.008550864230771555,0.1477796736315339,0.0030661206360122245,0.011655709373488329,0.00624316755491136,0.0024170290258048134,0.2640399604916344,0.3493719085291833,0.006486082905124756,0.01080721280922267,0.005364313575906524,0.010247376153442829,0.009560327434806053,0.010380009143919358
874,0.010385682433774567,0.029681976957836132,0.022360001241933516,0.014865641978343211,0.11760368519730181,0.025465069959052188,0.04344593205792446,0.017342796811441828,0.09626528796129674,0.006305652406058936,0.0261325203949358,0.0259176231779714,0.006259502033481047,0.015449555626395826,0.4074371232297125,0.018821798536706378,0.015912631552883184,0.02735981699699062,0.04058693227179128,0.017248912654218847,0.015151856519949795
875,0.009496901371284653,0.04523563234151745,0.00972530764063736,0.01998402864872854,0.02122258584537892,0.0046902861466933095,0.01562535734214993,0.4041717287725776,0.014267401957974315,0.0988602292742728,0.020352270533943995,0.011731988008780671,0.004349157044895627,0.014888959230290788,0.005429658157852071,0.0038805909960525384,0.003557460497279681,0.25307669078340395,0.015132078462372493,0.009818668312778904,0.014503018631134505
876,0.02661844592228844,0.08398860716533667,0.007813690821082159,0.010450758437167673,0.022646144968558175,0.005812108811721305,0.007334456609102899,0.46332440763290933,0.01401688176011819,0.06593784454515368,0.04237401396232735,0.012990293574721668,0.0029563528784340523,0.011033594990826802,0.019367963842317853,0.0031848631012561216,0.029783964363622507,0.13334118093582947,0.01609077837434048,0.008018598449169873,0.0129150488537152
877,0.06612386485398344,0.09526011003818806,0.11297705280460102,0.005372074326155874,0.004854472836183627,0.2870946929896571,0.006438881919893401,0.0065022368673823315,0.00652770609633706,0.001526050418990649,0.005494440449883183,0.16762873589870894,0.003827670044991994,0.005822015638923807,0.0021579206245197578,0.19080728484992812,0.011555707630735651,0.0038504877063925656,0.00518513128707557,0.004845716276372955,0.006147746441094952
878,0.06064014440617093,0.06595872890267052,0.05372677385615019,0.051784571446551776,0.04363285004425402,0.0334993083864707,0.06874033253112986,0.06800397324491801,0.02865841642899133,0.041212793360600644,0.04027752274773995,0.04550400387623619,0.057724986838533776,0.05536573296125038,0.022600953264300463,0.06962698560704425,0.0678228846450382,0.047726972494594434,0.03452195570940659,0.04220935918151278,0.0007607500664351102
879,0.05896543370700885,0.0457278984580472,0.09280891791607242,0.10450071456913866,0.0016454552837014017,0.05182071769499413,0.08207137696534725,0.0017578385630494266,0.0403468636111543,0.0006647231831889418,0.005046187535473847,0.1356263261457401,0.014848956713265379,0.08852738239174963,0.07127617665060251,0.09405003968157498,0.07276722878038111,0.0022002186909999143,0.0017567446267037637,0.028396957682637936,0.005193841149168255
880,0.05425008027191636,0.051217550531539306,0.029624594372771876,0.06741875872537033,0.061584335202860975,0.028796500741245804,0.08560480800631225,0.0024760039732422117,0.049057576712285354,0.07559491958189095,0.06019093773146402,0.096269778814864,0.016464757345948718,0.06518655036382918,0.028978089263164083,0.036765988063373646,0.0049907097194418215,0.007373268526333587,0.07185339964904149,0.10438265570991091,0.001918736693193132
