site,A,C,D,E,F,G,H,I,K,L,M,N,P,Q,R,S,T,V,W,Y,*
564,0.08231841122937943,0.033713878025613944,0.03800663889222939,0.05255676777765766,0.0238362447898486,0.019172935851088285,0.052529686631213525,0.032355242989993385,0.058476367332653795,0.07126393892508354,0.06796947242782093,0.09462127162604336,0.008427652009089938,0.08459618198057585,0.12108185128989238,0.06321032685137372,0.026321421860826238,0.04053777186828255,0.014108525043327576,0.014550426897243871,0.00034498570076199473
565,0.005322426635974504,0.007636525173354723,0.009494058323630197,0.01170933859914391,0.009848976391803288,0.0031457924594714987,0.008855802301873546,0.009409289945740642,0.009409289945740642,0.741514566780703,0.1206551828884943,0.00893085147392332,0.0030621834995002897,0.007905792466682743,0.0023235377694378776,0.003633932668699834,0.006627927508949383,0.003697685873413866,0.0076922662330142465,0.012851713096621366,0.006272859963827095
566,0.5121896845264959,0.16498702183941288,0.011177267466930086,0.016627296202286628,0.029507986112695426,0.003399537570587031,0.016393325618164128,0.03207389794858199,0.011177267466930086,0.0053071917468876665,0.012942099172234838,0.018915375713266302,0.0053071917468876665,0.010390135955174446,0.003944917929504737,0.04149601800102035,0.003909790505210376,0.05934333185344396,0.013918861373912938,0.017155805879474084,0.009835995370898475
567,0.02710155883324506,0.0626070464925497,0.014545071407360027,0.15042665955506557,0.01846352327528699,0.0021420923345384776,0.032726410666560075,0.011383099362281764,0.056607845477293105,0.08421569392549538,0.07702187371129104,0.10244789426053587,0.001267452548920138,0.11111758040273882,0.11690178321822386,0.02927127396434995,0.0335876319998906,0.0222364413145095,0.026281758777455352,0.018181339259200034,0.0014659692132088342
568,0.4421936515484773,0.013046023519446755,0.01191969414776343,0.016391157755202335,0.015591589084216852,0.008240607267613517,0.017277166282510564,0.027793702280560474,0.01997672351415284,0.005974347219185897,0.02130850508176303,0.016391157755202335,0.007990689405661135,0.017277166282510564,0.005811410476844464,0.29518162127706654,0.0042531482074681885,0.00354807836446711,0.01598137881132227,0.022830541159031822,0.011021640559532603
569,0.00172258219267172,0.005422024760832058,0.005747346246481982,0.006600507784571185,0.011973638013504128,0.0010580088033556722,0.009578910410803302,0.4661454771546707,0.011973638013504128,0.07959527854032927,0.13067775498874318,0.011052588935542274,0.0031578825530120787,0.013062150560186322,0.00241485136406806,0.0034622567749891457,0.016452193311341318,0.19785059192826154,0.0038315641643213217,0.011973638013504128,0.006247115485306503
570,0.007397374981502186,0.015482877868260383,0.021476249946296665,0.011478685316124079,0.01232895830250364,0.0034856740750533856,0.015482877868260383,0.44014351404904106,0.018493437453755465,0.005160959289420129,0.17947999242691598,0.023550810435125885,0.008646282445911644,0.021476249946296665,0.003216249991957472,0.0048783736239257445,0.08835957275139403,0.087501405782534,0.00853543267096406,0.01232895830250364,0.011096062472253277
571,0.005700632811994161,0.004695701429270089,0.006260935239026784,0.02805841160886164,0.03040337499730219,0.033611771353801397,0.15333876085595877,0.007287464069896854,0.16483990898967885,0.011864731706264264,0.02861494117393146,0.17271482471095562,0.0025702786770741533,0.08272399806714402,0.11512994605335933,0.0097290799991367,0.053125567559168335,0.0032647919460190257,0.0448049736802348,0.03800421874662774,0.003255686324293928
572,0.0012443777489398729,0.03011728432871195,0.002356493279657467,0.0020645358107411528,0.1515479112751051,0.0005190832895577755,0.02106568900182538,0.00567747347953817,0.0033644287286152116,0.3633808116465014,0.17643923802489078,0.008846425001296428,0.0014193683698845425,0.15743808931451791,0.000994506880995497,0.004335482095259627,0.001355814562277772,0.0009562060597116917,0.0013358761128325104,0.06272086988519603,0.002820035103943825
573,0.18816734764291626,0.01170408298506819,0.014711015787420761,0.010046547367019057,0.013962998035518011,0.0038496116079231907,0.01176881262993661,0.06752529222996473,0.017182648365992103,0.00305117364479838,0.007921316193226566,0.014978488801737504,0.006741405222341816,0.011603054705571306,0.002558437528247089,0.004588214777522703,0.5766304688587164,0.0041190844204778134,0.006102347289596761,0.014711015787420761,0.008076636118583948
574,0.007169456795777779,0.10390564228573732,0.014338913591555558,0.013677117579637608,0.010391547491786439,0.0036434944371985427,0.09446424888912328,0.017431620444636167,0.012178255379129378,0.004467400214454495,0.016163866230480807,0.019954711315173408,0.008386911723362686,0.012178255379129378,0.0056266622954205345,0.004154264685403947,0.007286988874397088,0.0055218176563754315,0.009358027817646787,0.6213572962754544,0.00834350063811902
575,0.012219625447723093,0.03893508108343142,0.009430762346596042,0.01690332763124776,0.006900557814582469,0.0020957249659102318,0.18322774206436446,0.005144052189052387,0.00696003954546493,0.012238485030710785,0.20799362464209512,0.00505219411424788,0.005468607350896403,0.19653180438155002,0.03977648888521844,0.00252609705712394,0.003984829160533539,0.0024389902620507013,0.20066541789153114,0.0076465640648076035,0.03385998407086173
576,0.012121743081050391,0.02284482349890266,0.15613989994777008,0.02474855879047788,0.017998951847620275,0.011855487133446375,0.04696411948810121,0.0204815658955679,0.025824583085716054,0.007243480621603283,0.021213050391838184,0.4120666629734829,0.01237427939523894,0.032103285435220744,0.007614941166300886,0.0838946259370343,0.009503093523180675,0.009580087273733372,0.01605311921544511,0.03617440994334716,0.01319923135492154
577,0.014344039316598414,0.01882655160303542,0.015853938192029828,0.09360464378964936,0.02231295004804198,0.008485206356297655,0.01882655160303542,0.03442840228036576,0.4170598791137217,0.006846018764740155,0.02151605897489762,0.0846655404085331,0.013387770028825189,0.025000792789379382,0.10753604994720228,0.009268456173802054,0.010845449436856164,0.009268456173802054,0.028688078633196827,0.017719107391092156,0.02151605897489762
578,0.0753932228905967,0.009443912047488085,0.013668820068732754,0.012079422386321969,0.010600309441058053,0.003992405294033342,0.009112546712488503,0.23778208319347974,0.011291633969822709,0.13366519899750803,0.04684952166795477,0.01573985341248014,0.004637635380462898,0.010821149221080097,0.003965001241311791,0.003791351551911275,0.007420216608740638,0.3612314887180065,0.0075277559798818065,0.011542559169152103,0.009443912047488085
579,0.11571774347021396,0.07222991231517818,0.02129082433096403,0.023207970120851542,0.014067151790101233,0.015091929235678847,0.02129082433096403,0.03118218165801594,0.016076744902972836,0.008752804387066162,0.008432665205575954,0.020198987185786388,0.008038372451486418,0.018320011633620216,0.0056673417283861095,0.006352907260045719,0.01050347333660892,0.54822710561329,0.00997165190184391,0.010791239729392726,0.014588157411956836
580,0.010960301027870748,0.033319315124727064,0.017496447325271235,0.13724780609004567,0.017496447325271235,0.021726884976730216,0.01202880753612398,0.014256364487258045,0.2662355359209939,0.03203780300454525,0.06398799810766297,0.030680935204738264,0.006524099002643512,0.03991356951395304,0.19018130362197125,0.036095924718454325,0.021438891151863967,0.007547487081489554,0.013747208612713117,0.015396873646238691,0.011679996519434068
581,0.07181340792019925,0.012953728935246364,0.013909092662439924,0.00712064664704689,0.00839871142985018,0.002356472991109043,0.01559760694115033,0.049414922210729614,0.010235929555129903,0.1639638145921399,0.09343476704219367,0.00839871142985018,0.003994509094684842,0.014241293294093783,0.0031495167861938177,0.0036394416196017447,0.26260087158174433,0.2270428423899521,0.006422544034591313,0.01488862480746168,0.006422544034591313
582,0.00982141037967227,0.017924073942901894,0.0210871458151787,0.014339259154321514,0.0772741739069038,0.00724205007794016,0.02159558115636589,0.01586218031221714,0.017486901407709164,0.4978820419992805,0.024722860610899167,0.01707054661228752,0.10531455801910823,0.02389876525720253,0.0051953837515657676,0.0059253137001328594,0.05257847082568404,0.011912884298966173,0.01378774918684761,0.022405092428627375,0.01667355715618781
583,0.011965775644091124,0.02141244062626833,0.023931551288182248,0.01984567667800479,0.01808161652884881,0.04117169789487834,0.07397024943619969,0.015784093180192443,0.027432478746689824,0.007075415163462578,0.019373160566623727,0.020863403687133245,0.008941458723057105,0.02805768082062747,0.5653461053327697,0.02765958235749795,0.010101439975594964,0.011146201969838308,0.01564755276534993,0.017688537908656446,0.014503880706033163
584,0.01222048639805705,0.029611178579907468,0.03207877679489976,0.030795625723103768,0.03849453215387971,0.01509589496230577,0.016380651980374347,0.048118165192349634,0.03666145919417115,0.004573418484650474,0.02749609439562837,0.029611178579907468,0.5344445630060363,0.02215018636019775,0.009745451178197395,0.006031281239006789,0.014934383983747416,0.011157835406921654,0.03499502923079974,0.02566302143591981,0.019740785719938314
585,0.16574973440933577,0.15175480501202682,0.005087021408373458,0.006304429339760918,0.1848441985860778,0.0791181163096576,0.02053824428734198,0.06968332883205314,0.00748650984096609,0.013007554715316588,0.027873331532821254,0.010416013691778908,0.003281757738505683,0.00665467541419208,0.007169518347024891,0.062324717681816084,0.045402815454834766,0.019629187603854233,0.005571356160718951,0.10179825429378199,0.006304429339760918
586,0.03139302475388355,0.04063862491833221,0.13800110132417723,0.053662883523614834,0.07234568392054744,0.0440330895919634,0.017697465690241443,0.07155931779097627,0.01654929665321184,0.10686546589876562,0.023738427536429626,0.04823045594703163,0.05157979316557548,0.03682258898891863,0.009929799753800629,0.04403650325598539,0.04126383453246039,0.08186648125939695,0.028461577201300645,0.03882551703736046,0.0024990672560266194
587,0.051159972340707856,0.020338460507196763,0.02209103688204033,0.13062429357123664,0.016270768405757415,0.26036023870727426,0.03968480098965222,0.020863757055260314,0.0144441394997956,0.014791607641597647,0.04067692101439353,0.023927600596702084,0.008164078847710556,0.15980218969940316,0.00321335440167101,0.045196578904881705,0.03447196696135044,0.005085452299414615,0.007990375042440118,0.07395803820798826,0.006884368423525532
588,0.011057278318993079,0.033724698872928886,0.018735943818293823,0.07225692830345445,0.020439211438138715,0.46800466788967354,0.02594207605609914,0.024981258424391764,0.03549968302413567,0.005814603253953257,0.023258413015813023,0.023258413015813023,0.018735943818293823,0.030658817157208078,0.005030742936818731,0.00864735868536638,0.014988755054635062,0.05220059748074909,0.013765183213440361,0.017749841512067835,0.07524958470973239
589,0.030604178633252977,0.006253421592576987,0.006469056819907228,0.0018188309802645217,0.006469056819907228,0.06374988954032619,0.1119712691940707,0.07115502964579669,0.12897333278819365,0.08930348886606106,0.06967413985049023,0.025853689542464246,0.0028000395190643217,0.046053943268376314,0.20201931242443658,0.017050338288615904,0.022588994123152923,0.06740973030534933,0.004810324301982297,0.015768357966163583,0.00920357552954702
590,0.05414469504986588,0.49325886645028916,0.014672443090375804,0.014672443090375804,0.006395680321445865,0.003513120176568855,0.0071266152153253905,0.10236396928294934,0.00887653261266194,0.002494315325363887,0.013064241624150277,0.03214218177370306,0.00235755651954037,0.011337796933472213,0.0028670291096136633,0.004316921714534405,0.17294206548383237,0.036267894658088835,0.006395680321445865,0.006083695915521676,0.004706255330875258
591,0.09260803881399395,0.042407137453142514,0.02834072776069367,0.033342032659639614,0.013824745249118866,0.007174867787517386,0.01531931230307766,0.1279161069910386,0.025764297964266977,0.048227724946711084,0.019545329490133573,0.020993131674587905,0.006747792323974685,0.043601119631836424,0.006029942076743335,0.007764582948135254,0.008856477425216773,0.3931239252108151,0.020243376971924052,0.020993131674587905,0.01717619864284465
592,0.0346515226108787,0.01998268930304893,0.025903486133581947,0.029141421900279685,0.10647308442055685,0.00803901293800819,0.018902543935316558,0.08231432728069255,0.022167426137950034,0.02139108740715701,0.48574281529543567,0.017484853140167813,0.01028520772951048,0.017933182707864422,0.006320686899093022,0.008132489832636194,0.030647107483068963,0.005798466794404645,0.011854137722147672,0.02256110082602298,0.01427334950217781
593,0.010254953712933591,0.021877234587591658,0.685941761258997,0.027269293961192417,0.017899555571665907,0.00415611720734364,0.021401642531339676,0.024611888911040623,0.025907251485305916,0.0060770096076643515,0.021401642531339676,0.009582791563440461,0.008635750495101973,0.02524296298568269,0.006982096144976064,0.007399929157692386,0.010254953712933591,0.010254953712933591,0.020091337886563775,0.01834894703356722,0.01640792594069375
594,0.007393072570626208,0.03362591472693999,0.018865081731942738,0.02279530709276414,0.01139765354638207,0.010131247596784063,0.018865081731942738,0.3795031540250841,0.032181610013314085,0.006427313611552944,0.017340172645805427,0.044093991499372674,0.0070139406439274285,0.012157497116140874,0.006011949123366367,0.005161201605908862,0.19134545469210149,0.1286410822951458,0.017647979684720625,0.018236245674211313,0.011165048371966108
595,0.010053851423282212,0.02171631907428958,0.02714539884286197,0.017513160543781915,0.013066578120413135,0.010858159537144791,0.02088107603297075,0.375951150341117,0.02171631907428958,0.00550899538089794,0.015271947375703414,0.027771136108904432,0.009871054124677084,0.016451756874461803,0.006312883451828366,0.015345076065766084,0.09306434446346423,0.19061039413150874,0.045242331404769943,0.033931748553577466,0.02171631907428958
596,0.008768089598574067,0.021689484796472692,0.018731827778771873,0.018731827778771873,0.021689484796472692,0.007925004060249636,0.014459656530981796,0.01831556493924361,0.024241188890175364,0.057385439636083516,0.015550951363508723,0.021689484796472692,0.09155888494361529,0.02060501055664906,0.0053869308644834135,0.572679294065143,0.010566672080332849,0.008496911569752187,0.013293555197838104,0.015850008120499276,0.012384727635908586
597,0.009227540134126118,0.024948534436711356,0.0306186558996003,0.024948534436711356,0.01530932794980015,0.044717570551051,0.016429522677834308,0.018156484566927592,0.10488247883436154,0.005708562964332258,0.028067101241300272,0.018205687291654234,0.013747151628391971,0.024948534436711356,0.4675412577273115,0.03428283095638416,0.011124838038367899,0.008863295128831666,0.01224746235984012,0.025908093453507943,0.06011653528624301
598,0.036759343161967314,0.010058413806114634,0.015975127809711474,0.007987563904855737,0.015087620709171948,0.23771041911405533,0.009189457238441138,0.008486786648909221,0.10398633399186245,0.002920184653388119,0.022974589476229577,0.012932246322147385,0.003014088900903723,0.1882754020321998,0.1846540641643224,0.08168742924881627,0.00460300292822195,0.00352697626967656,0.007759347793288431,0.01044527587558058,0.031966325950135974
599,0.016315103889950177,0.04392062301968409,0.5495041889665053,0.020255542163909127,0.03294046726476307,0.022872539878226704,0.022587748981551817,0.025502297237235926,0.029280415346456062,0.01082974266238786,0.03593505519792335,0.02253838025971758,0.010402252820451496,0.0247053504485723,0.008784124603936818,0.010402252820451496,0.014117343113469887,0.011978351732641116,0.031622848574172545,0.02388252244382091,0.031622848574172545
600,0.015043261894057245,0.0249288339958663,0.0249288339958663,0.02566203499574472,0.021280711947690743,0.01896759108381131,0.030701377471969295,0.022960768154087378,0.02627279255873501,0.0096161604876521,0.028145457737268405,0.021812729746383014,0.01300218652004554,0.606783638898767,0.003592928203679902,0.011044420124750891,0.011633455864737605,0.011331288179939225,0.03231515517982668,0.03231515517982668,0.007661217779294807
601,0.010414769049964922,0.02354643437383374,0.028503578452535577,0.022565332941590667,0.03185694062342211,0.08968290388391846,0.016923999706193002,0.024094550992532753,0.1872311406516649,0.008083104337286208,0.020829538099929844,0.018674758296488826,0.01641115123024776,0.024616726845371632,0.374861982010291,0.01849568114071317,0.008658299865160934,0.01641115123024776,0.018052266353272534,0.018674758296488826,0.02141093161884551
602,0.012709324825305289,0.025418649650610577,0.01759752668119194,0.007825517394638375,0.052792580043575815,0.47630035106629226,0.03431517702832428,0.03812797447591587,0.04902168146903469,0.011832819664939409,0.04037079650391091,0.03612123897718345,0.010092699125977728,0.027452141622659427,0.029576063745514043,0.00879876334059597,0.014006194705438482,0.011811556668482765,0.0377291723804416,0.025418649650610577,0.03268112097935646
603,0.016720310191463885,0.06695558580853064,0.028424527325488606,0.02584047938680782,0.028424527325488606,0.07476095384851271,0.024716980283033575,0.05403971366784178,0.04060646760784086,0.01052760271314393,0.03553065915686075,0.03373162760395508,0.009319517155897905,0.02992055507946169,0.005119793165989066,0.39362335829067513,0.015364609365128977,0.01960312229344042,0.02992055507946169,0.028424527325488606,0.028424527325488606
604,0.011485012509309203,0.022177955190390185,0.022177955190390185,0.07031783996175166,0.03215803502606577,0.4458696756656567,0.017382721635711227,0.02923457729642343,0.042877380034754366,0.014957225593518962,0.03783298238360679,0.022177955190390185,0.01398175435915903,0.018376020014894728,0.004327340067314553,0.011283521061777463,0.011485012509309203,0.01281993762085918,0.05359672504344295,0.05359672504344295,0.051883648601831166
605,0.014379063956684169,0.03329888495232123,0.042178587606273556,0.02040899400303559,0.03163394070470516,0.009733520216832357,0.013532135136245162,0.017099427407948738,0.02382902741410352,0.007854411373174731,0.027507774525830583,0.014379063956684169,0.02071976374252049,0.4386656700198212,0.14809321871466297,0.00790848517617629,0.01072336973040853,0.017574411502613983,0.03329888495232123,0.026361617253920968,0.04081974765371541
606,0.1456042946817325,0.020042711942892012,0.01737035035050641,0.02895058391751068,0.05246404367772766,0.00591508393419146,0.014888871729005493,0.13325576728052516,0.02171293793813301,0.006355006225795027,0.030653559442070134,0.040085423885784024,0.006059424540874329,0.03474070070101282,0.005989775982933245,0.010856468969066507,0.011843420693527097,0.36081646490654007,0.016810016468232006,0.019300389278340453,0.01628470345359976
607,0.02588820441786997,0.010428781742488822,0.011244573459412202,0.020456456494881918,0.021664684937618136,0.005153759768680672,0.013637637663254612,0.3578713638668578,0.026593393443346488,0.007187403633336889,0.016117208147482725,0.010428781742488822,0.006648348360836623,0.023124689950736074,0.005909642987410331,0.005844701855680547,0.008182582597952766,0.3693512662791065,0.013996522864919207,0.021274714754677192,0.018995281030961774
608,0.050324496383853605,0.021805566220152856,0.024422234166571202,0.03591505024495765,0.03591505024495765,0.011101015530259639,0.03213451864022527,0.06289042472177424,0.0381597408852675,0.011101015530259639,0.04070372361095201,0.02208197925534651,0.028727934059282784,0.05087965451369001,0.011101015530259639,0.014855492221760053,0.4226579207163114,0.014891606199128781,0.03213451864022527,0.019695350134331612,0.018501692550432727
609,0.016271539034991848,0.06589019777863218,0.0682885113611408,0.025146923963169216,0.05243561196643911,0.004534691206473138,0.11656295912280816,0.030735129288317932,0.032543078069983696,0.011290455656933119,0.030735129288317932,0.02766161635948614,0.013830808179743071,0.02766161635948614,0.008644255112339417,0.008511266572149581,0.02049008619221195,0.014952225059181697,0.02127816643037395,0.3831585423080793,0.019377190689741492
610,0.3419314836187025,0.037996427109393514,0.028500810062256125,0.023521597734386467,0.04939535524221157,0.006200591494566154,0.04490486840201052,0.07056479320315938,0.04490486840201052,0.012998777695318833,0.03528239660157969,0.03528239660157969,0.014112958640631878,0.03528239660157969,0.009685363772982658,0.06381010215891285,0.014353386246642204,0.005883216951077059,0.037996427109393514,0.04939535524221157,0.037996427109393514
611,0.01171821597568902,0.027042036866974664,0.02929553993922255,0.020679204662980625,0.10623306874408758,0.004951358862967191,0.03066352762835993,0.017796763923685115,0.0167403085366986,0.24347076049466876,0.3697111761252292,0.01850244627740372,0.0025197359573651966,0.014647769969611276,0.022239307455235266,0.0060611461943219066,0.008788661981766767,0.006167482092467905,0.014061859170826823,0.014647769969611276,0.014061859170826823
612,0.016357733062759085,0.02028358899782127,0.030035387235002913,0.028171651385862865,0.04609906590413923,0.012073564879655517,0.04759673301514933,0.044187900336646706,0.07565617605364293,0.011792784301058875,0.04609906590413923,0.3514132236838869,0.008451495415758861,0.03900690191888705,0.009751725479721763,0.10113281553812893,0.01987136849729088,0.021128738539397156,0.02535448624727658,0.022486060651704318,0.023049532952069622
613,0.005349661276331658,0.047385581038157744,0.07897596839692958,0.02787387119891632,0.036450446952429036,0.01579519367938591,0.02632532279897652,0.0536954998179423,0.08540021016624642,0.011282281199561366,0.02369279051907887,0.02787387119891632,0.012587166466979313,0.039487984198464776,0.00884907121272487,0.050252638938805175,0.32750714502383205,0.01633985553039922,0.029615988148848586,0.047385581038157744,0.02787387119891632
614,0.021077786799531716,0.019384512440549048,0.028103715732708957,0.029756875481691838,0.3495941848578367,0.009544658173372854,0.03372445887925075,0.028103715732708957,0.026624572799408486,0.10600145194550242,0.022993949235852778,0.03372445887925075,0.014051857866354477,0.03372445887925075,0.01076312517422896,0.04596537111060754,0.01945641858418312,0.028094743999958628,0.021077786799531716,0.09715410982868772,0.021077786799531716
615,0.026735504166971708,0.0468516535082056,0.022558203540987885,0.017402042731619223,0.027685067982121492,0.007427701165935035,0.01791386751784332,0.17656213939926205,0.03383730531148183,0.009228355994040498,0.03205639450561436,0.01930482413807231,0.005438138353631006,0.03205639450561436,0.00937033070164112,0.013614803980310893,0.42228178734400373,0.012688989491805684,0.0234258267541028,0.022558203540987885,0.02100246536574734
616,0.014319519222978892,0.019862558922196523,0.029909676874345103,0.03848370791175578,0.047364563583699414,0.008672384881522426,0.04409676960153084,0.03240733297832065,0.0236686329027836,0.013100836735916856,0.03848370791175578,0.42632218023664503,0.014319519222978892,0.04398138047057803,0.010094087321116267,0.06480474783328621,0.028572520482625905,0.017103870183002565,0.019862558922196523,0.038913638526260896,0.025655805274503847
617,0.0205316096456246,0.05572865475240962,0.0205316096456246,0.027864327376204815,0.01857621825080321,0.00886592234697426,0.03546368938789704,0.05265876491306762,0.04334450925187416,0.269752339886306,0.09670088459771634,0.09752514581671684,0.015003868587187212,0.030007737174374417,0.012583889782802175,0.08686221739988194,0.01857621825080321,0.010485697109531017,0.016185700556798167,0.04334450925187416,0.019406486015528485
618,0.12990003643543763,0.06338301589595004,0.010667290455758486,0.018734586771982056,0.017601029252001497,0.020522301690127327,0.0140808234016012,0.0554601389089563,0.016000935683637727,0.010360590822307144,0.046604328796016094,0.010667290455758486,0.005254038582687016,0.011734019501334335,0.00463184980315829,0.0713058928829438,0.19447061695348314,0.2441418374506642,0.011734019501334335,0.017601029252001497,0.025144327502859286
619,0.09271976024759199,0.478822112271219,0.011564483271549056,0.01175998034077538,0.01419277492417384,0.003230521105761964,0.012009271089685556,0.024085619329538174,0.01419277492417384,0.008125044952753822,0.024030348779643773,0.016433739385885496,0.004660314154206335,0.01419277492417384,0.0037171553372836244,0.004660314154206335,0.013340670915925553,0.2165649632911887,0.0089211728094807,0.012009271089685556,0.010766932701097394
620,0.009810218350630166,0.021850031780949013,0.06867152845441118,0.021850031780949013,0.08011678319681304,0.007283343926983002,0.010280154292267593,0.03433576422720559,0.017599826047852703,0.0077402501132935045,0.01780372959929179,0.17304012682622313,0.020300204642111998,0.33369681877946367,0.06517294968933478,0.01045001519958431,0.006966676799722873,0.011724407297094593,0.014566687853966007,0.03433576422720559,0.03240468691464651
621,0.006030931179973987,0.02223905872615408,0.01694404474373644,0.017791246980923263,0.006606999888528317,0.00827499859577826,0.010605327645331732,0.34139643156986904,0.010166426846241864,0.24669642570289896,0.09604737148784308,0.01270803355780233,0.07014176917788233,0.018727628400971856,0.004154184542084879,0.006713678106008779,0.008086930445874212,0.056045792022821644,0.00827499859577826,0.016173860891748423,0.016173860891748423
622,0.009047914835109786,0.015659852599228478,0.017702442068693057,0.025447260473746278,0.0214292719778916,0.006674691271802302,0.015079858058516313,0.2818779081836975,0.031319705198456955,0.017986940985997093,0.06275576342605786,0.012508480698340459,0.005654946771943616,0.017702442068693057,0.005816516679713435,0.005153875538986588,0.09823892368439775,0.2597871969431694,0.027143744505329363,0.02908258339856717,0.0339296806316617
623,0.011235780662407236,0.0661662639008426,0.05413603410068941,0.024812348962815974,0.0330831319504213,0.025964171196855346,0.02205542130028087,0.05954963751075834,0.03969975834050556,0.015539437342555903,0.04580741346981411,0.0330831319504213,0.016698725984458557,0.006717164770598287,0.4127747219055292,0.015269137823271372,0.021267727682413695,0.018045344700229803,0.008036249373650528,0.0350291985357402,0.0350291985357402
624,0.02347392366515743,0.08184151764338675,0.008014634262809498,0.008852679512958298,0.094925898207063,0.0024147816210568656,0.07785114981267494,0.13674789270218612,0.0060960513442821,0.10755674859690986,0.029196905054596645,0.05993880651861412,0.0014278515343481126,0.1015933124858924,0.0018066692883588363,0.06394499308486262,0.05422612497477101,0.11817794903051022,0.008852679512958298,0.0042067516336447,0.008852679512958298
625,0.02552799179218506,0.06825963022692962,0.023114995222819512,0.030338431229950606,0.024270744983960483,0.030338431229950606,0.024270744983960483,0.006350817829723043,0.020225620819967073,0.1923636005567875,0.3337480307522171,0.02554815261469525,0.010552497819113252,0.013119321612951613,0.014154245304399531,0.009708297993584192,0.006659222547104584,0.08431757223793342,0.01673844481652447,0.02855381762818881,0.011839387797053895
626,0.017064739643814567,0.030251129368580362,0.06502493279547707,0.45740821677177385,0.030251129368580362,0.06971487243196633,0.028935862874294265,0.03327624230543841,0.015284437457976788,0.00864317981959439,0.028935862874294265,0.019014995603107657,0.013582139716505473,0.026620993844350727,0.008018371639864677,0.009507497801553829,0.015125564684290181,0.023320150991584063,0.03169165933851277,0.022184161536958937,0.04614385913148087
627,0.2537571458502124,0.04140266377585772,0.020408026649598128,0.026443322386678625,0.024680434227566717,0.23114090563722198,0.012765741841844855,0.020567028522972264,0.016827568791522758,0.005141757130743066,0.02177685373020593,0.014238712054365414,0.007119356027182707,0.01948455333755267,0.00468615839763925,0.2295270092976442,0.0028869097122332624,0.004291644106546663,0.016827568791522758,0.011218379194348508,0.01480826053654003
628,0.03747034714797692,0.023068149241108112,0.02011263593235552,0.4111205047607824,0.023990875210752438,0.0031752837641121964,0.02998859401344055,0.02726235819403686,0.1803246080468601,0.008951819108489717,0.04284084859062936,0.02726235819403686,0.016660330007466972,0.023496199655244365,0.008820174709835456,0.009520188575695414,0.011534074620554056,0.020072752417956932,0.02726235819403686,0.022213773343289295,0.0248517662713398
629,0.13684155766747824,0.060699480881057595,0.05636894816251726,0.12211573958184051,0.004549111100947677,0.03448398137328429,0.029638418398953904,0.007295610682819423,0.0027177277531787803,0.04521581969700873,0.013947491011272423,0.055070093541282096,0.0030070395413043967,0.1235634503206812,0.0333954010129058,0.045232786233480406,0.07660391216960391,0.11808800782739451,0.014784611078079955,0.006570938256924422,0.009809873707984439
630,0.12904028132553033,0.2431004743544667,0.010952209404577038,0.014804652468653838,0.01210507355242725,0.005720242399087289,0.013529199852712812,0.013529199852712812,0.008846015288312224,0.24860052785710243,0.013812576100058366,0.006571325642746222,0.004423007644156112,0.008846015288312224,0.004423007644156112,0.003770432745837996,0.06341751504899132,0.15748689358231893,0.01210507355242725,0.009583183229004907,0.015333093166407854
631,0.007945282525553212,0.018418609491055175,0.01558497726166207,0.02894352920022956,0.08544345986273723,0.0055508138192221085,0.022511633822400772,0.17296983829535512,0.018418609491055175,0.27878432282376836,0.018418609491055175,0.01558497726166207,0.0065356356258582885,0.01447176460011478,0.006139536497018393,0.055404439349373925,0.008808900191374217,0.1557164136408535,0.025325588050200864,0.022511633822400772,0.016511424877049236
632,0.06708510558339774,0.048554158864489404,0.06146387012036231,0.04528290630742005,0.025611608944894417,0.04987720764978908,0.04567105091572081,0.0486454260804001,0.02879101083044294,0.07603446405515529,0.059178338849945424,0.06705584887390537,0.0007937482111020994,0.08690272900767816,0.019402734049162432,0.07407153635911022,0.073342334705834,0.05009377364872292,0.039480345804382685,0.03081610701925798,0.0018456941188266065
633,0.043691320117753805,0.02998191465200594,0.07462165424499258,0.06556045337238632,0.021163704460239484,0.045867069432542415,0.07479359354048795,0.059289680330255175,0.011390089071564044,0.052832594406025044,0.050988395145811057,0.08123269692462748,0.0444176513363051,0.07995177240534916,0.009538071671542253,0.03352816262159804,0.05157984158453176,0.05387466337503831,0.010660236320713225,0.10193850981682018,0.0030979251694106136
634,0.044131862751498704,0.12458463909493882,0.07637372511567132,0.05316933143647257,0.017184088151026046,0.07370239642756583,0.07569343038420065,0.02148011018878256,0.028364208624054813,0.005312145767653152,0.03007215426429558,0.07160036729594185,0.048114551910345464,0.054886194940776394,0.05989264437187016,0.06917323620116417,0.05207299439704863,0.025162414792573855,0.014320073459188374,0.05395004419508178,0.0007593862298492464
635,0.010495245512853465,0.026054401298932328,0.46823540110417305,0.028120415073701454,0.02822560140717669,0.00383842406832372,0.030791565171465477,0.02822560140717669,0.037634135209568924,0.009408533802392231,0.037634135209568924,0.11477257718121003,0.009408533802392231,0.030791565171465477,0.007526827041913785,0.006272355868261486,0.013027200649466168,0.0478785842322027,0.017826695625585285,0.023908247227692095,0.01992395393447767
636,0.025491958642371863,0.016222155499691186,0.010521516934691269,0.018120390276412737,0.007667114414682184,0.005528254660600496,0.011247138792256181,0.165149211852267,0.00959314779339498,0.22442909174218809,0.15785405159314883,0.009883849241679675,0.005436117082923821,0.05490575707587786,0.00397764664604182,0.06290473468787347,0.07600380261892352,0.06854645693685145,0.011648822320551045,0.011648822320551045,0.04321995886702161
637,0.04041748703062267,0.04775580405326965,0.012024134072666653,0.07185331027666253,0.05177665005230094,0.036615203577969095,0.0457888741959124,0.08501360908401918,0.0509956358101633,0.07380186851988052,0.07323790753351507,0.046493318414311056,0.03374515046199996,0.036123244222535544,0.04579912865609612,0.059548579022577666,0.05535669865475976,0.03795069204753303,0.040428118662033344,0.05486536700989503,0.0004092186412764847
638,0.06497359880607995,0.07857272413758505,0.02042890827577211,0.05376028493624241,0.028215709155748576,0.07942677548690662,0.09394564842537344,0.05892954310318879,0.06313879618198799,0.0502132379816323,0.03859238640892102,0.07071545172382654,0.001076338686816234,0.01611748187437642,0.06418616901380188,0.07908166606944457,0.04321499827567178,0.029095343799875113,0.029072194000455916,0.023809916405328806,0.013432827250964202
639,0.007651197310745292,0.02544098725585106,0.027126972283551484,0.024866391259922196,0.16813865013997364,0.005057571103712989,0.016577594173281463,0.16813174186475485,0.017552746771709784,0.20568240521918585,0.11831847113963662,0.014919834755953314,0.0066310376693125865,0.015705089216792964,0.005057571103712989,0.0271523212157371,0.0069394580260247985,0.06639009377893335,0.020892341150962657,0.010657024825680941,0.04111049973456408
640,0.050931804186739184,0.03683460838505244,0.03819885314005439,0.01708860542267879,0.010601351080332033,0.04219843544294251,0.13966455679332382,0.006139101397508739,0.13672311574696774,0.03437896782604895,0.009879842264853958,0.0756337292173077,0.03478824125254953,0.029894754631346897,0.10976905278997079,0.06839769720424595,0.04523548398164335,0.012278202795017481,0.004057586433080526,0.08594741956512235,0.011358590443212893
641,0.02626979504587168,0.0797736823973634,0.09194428266055088,0.07429495337597654,0.00741486150488314,0.049256300596444876,0.05225711917727164,0.004943241003255427,0.07539416744265587,0.015081074247219942,0.0991837198037824,0.0754617836784504,0.001519992366161498,0.0703328622909646,0.06150689831399756,0.05272790403472452,0.05950584733678202,0.0418721590863989,0.01660928977093823,0.04152322442734557,0.0031268414389607965
642,0.046963927279897344,0.021936619818589895,0.010419894413830198,0.04670987151027331,0.007150003576740014,0.08335915531064159,0.1138918691744231,0.007425003714306938,0.11191738444484288,0.022004954553194244,0.007425003714306938,0.048091820371524,0.13320390627876846,0.052370312518223355,0.10537996711331138,0.07649827746631771,0.05982537966538657,0.024917138815680907,0.007722003862879214,0.007425003714306938,0.005362502682555009
643,0.05341714260755045,0.029310907704880314,0.04075083456309452,0.0831420304977481,0.07336829692588051,0.07042725979420882,0.09134457480515612,0.026551114446953267,0.0018661293524086288,0.0705464393518082,0.058070858498014764,0.04867704315274765,0.03349818023414893,0.05912583843241109,0.01957383745824774,0.060575875923419314,0.05769131040325649,0.06506404752091631,0.005563090646028304,0.044133852458491205,0.00730133522262924
644,0.05434534448653068,0.02150732745123318,0.01632351006555134,0.06577598836715134,0.016210152356762788,0.022839705512740668,0.05305140771304185,0.035541848859188686,0.06765019200948948,0.06289599883504962,0.047156806856037195,0.09973196536166092,0.0013117452406035113,0.06719522972507859,0.13043404550222182,0.054800355220065204,0.04860026106062585,0.07763620640932953,0.0048228552466401675,0.04627888757946203,0.005890166141535671
645,0.09612482074552788,0.21944721639003203,0.006958445347457613,0.006571865050376635,0.006759632623244539,0.0015209889137931711,0.0063942470760421305,0.29430737792659273,0.008762486733835515,0.07741191846292572,0.03519257944352176,0.009463485672542356,0.002783378138983046,0.009463485672542356,0.002231954168052442,0.003479222673728807,0.025169573206025177,0.16380807601942074,0.007169307327683601,0.010753960991525405,0.0062259774161462856
646,0.060063502883715085,0.020017465362992305,0.025495929567600724,0.04051534989469643,0.026185008745103447,0.07033914912273687,0.08807684759716615,0.041738880978609214,0.05928249357501568,0.03531383040452416,0.03835604653424977,0.04030981369142529,0.014638569008028401,0.07622034888216303,0.0491084303151023,0.08795924801566922,0.05615720065386888,0.07727497006166463,0.020446411049342143,0.07046147807773293,0.0020390255785934534
647,0.06728649964262395,0.047285632401914975,0.04028035352755719,0.021147185601967527,0.042294371203935054,0.08918392313614892,0.03844942836721369,0.03396668944094847,0.07703666035579544,0.039145695681710495,0.03625231817480147,0.0906307954370037,0.002726718218699791,0.027189238631101103,0.07708390880603719,0.07421954552378472,0.06219580180620023,0.06196977465778029,0.03554148840666811,0.014216595362667249,0.021897375615440518
648,0.01693975596624423,0.036613379247799095,0.02280351764686724,0.01976304862728494,0.10684005604474427,0.032811873358221534,0.025777889513849916,0.03952609725456988,0.029644572940927413,0.008275408772782692,0.03705571617615926,0.031204813622028853,0.00971953211177948,0.02280351764686724,0.07979263598832603,0.009263929044039816,0.01378817346089647,0.013175365751523293,0.4103191774052124,0.029644572940927413,0.004236966478948638
649,0.009603586475694911,0.1260827049100045,0.02678895174799107,0.023135912873265014,0.044386332653926996,0.0052473204454827884,0.01542394191551001,0.08023444857909379,0.018178217257565372,0.35156896737323073,0.02678895174799107,0.01641903494231711,0.013099501808831635,0.021207920133826268,0.0064429124457193706,0.0904467191040714,0.009980197710035887,0.06758373418475551,0.01641903494231711,0.01641903494231711,0.014542573806052296
650,0.056060748239201035,0.03418812089431525,0.06126141662954328,0.05745352276758841,0.05057484090917671,0.06837624178863053,0.05462499140967404,0.057657803886628965,0.05693432866336292,0.038855005245223125,0.05259272597575497,0.05308655438867285,0.0004974809583497476,0.05676746523537818,0.048456424431225796,0.06523314035157249,0.06593823644616702,0.06187379526559407,0.021587356336124776,0.03687952615620817,0.001100274021607414
651,0.052088153759900564,0.05562850631639607,0.039187128202397926,0.0189937611185092,0.0531999167255269,0.038915120330405666,0.062216851763751795,0.07187452830974438,0.09803676337756834,0.039730949573369985,0.05114109641881146,0.09143630771118326,0.002056467369222049,0.047984238615181134,0.05421028395138091,0.045825905508228175,0.045123524541109086,0.05158305651131971,0.03714908796014023,0.04252598718336634,0.0010923647524866504
652,0.06712384919250393,0.05569543521360779,0.10089317475563407,0.07274505823818161,0.09429914956801319,0.0017165735029022946,0.07750791358348594,0.005231158761034849,0.0411800411465994,0.010608654326401486,0.0272793968393181,0.08160475973717037,0.0017418172308861517,0.06365192595840892,0.0278477176068039,0.09907820055557628,0.008614082417994304,0.04875466669154724,0.05940846422784832,0.052056871153575324,0.0029610892925064584
653,0.10699636136507043,0.023352298457323457,0.01668021318380247,0.09171646895102406,0.02432531089304527,0.40387038589448443,0.020131291773554705,0.034341615378416845,0.021622498571595792,0.011447205126138948,0.09046917336048468,0.01621687392869684,0.01122706656602089,0.02653670279241302,0.02218414869608706,0.007784099485774485,0.008713544200493827,0.010560600104312614,0.01824398316978395,0.01668021318380247,0.016899944917673854
654,0.06771514473762431,0.06746178984905239,0.010303234195073861,0.029299822242241303,0.05479447276471099,0.033169446963095456,0.04821913603294568,0.03627597039515589,0.05501191114869793,0.062280325537140385,0.033485511133990044,0.04261792326144188,0.04487058491954667,0.0616133404865417,0.03411914110735667,0.050857115485777135,0.07107128893744827,0.05724942226133784,0.04238996434602226,0.0965170615038537,0.000677392690945502
