site,A,C,D,E,F,G,H,I,K,L,M,N,P,Q,R,S,T,V,W,Y,*
564,0.0764852772042177,0.050318095305622645,0.05056596769629073,0.051717374930361874,0.011357062263338026,0.02234817474263516,0.07211734537219645,0.024084665452642463,0.07930802468162453,0.06305685361084357,0.06155856936939741,0.08793768904850768,0.005241391472907268,0.0917437685960275,0.08352444833133083,0.065576631069405,0.03251250039224157,0.03426414658575041,0.012434931598515941,0.023423940918134677,0.0004231413580085639
565,0.0054557044914084,0.00782774992245553,0.009731797200890659,0.01200254988109848,0.010095602703727691,0.0032245656396980996,0.009077558733603894,0.009644906154454135,0.009644906154454135,0.7600393201737676,0.06877949123702705,0.009154487197447993,0.030863660697770693,0.008103759885969116,0.004556481007039816,0.003724929273444356,0.006793896159112347,0.0037902789098205724,0.00788488678320338,0.01317353035730321,0.006429937436302758
566,0.6456137107161095,0.048924870028487395,0.014084432280928188,0.009861239951513636,0.03718290122165042,0.004283744380374473,0.020657167345361348,0.04041619698005481,0.014084432280928188,0.0066875721621673405,0.0163082900094958,0.02383519309080155,0.0066875721621673405,0.01309257085269381,0.004970976099151127,0.014333587639479645,0.004926712165220838,0.022497460049821758,0.017539104349835105,0.02161796582654094,0.012394300407216808
567,0.035201769869877136,0.03202301473112568,0.025674225318200978,0.11857438271958612,0.01708898143032078,0.0004714334903128021,0.04332525522446416,0.05274378896891288,0.06791526494645735,0.08977759885923894,0.12622625004444377,0.06781344296003085,0.0013504605191252141,0.08060512599900309,0.09592009993881367,0.022698144357796317,0.03306401056603844,0.03636656285477339,0.02271470528674292,0.0288835034829761,0.0015619784317592838
568,0.4821958873847041,0.01422605547493698,0.012997847960154161,0.0178737620069721,0.01700187117736371,0.01908665239372086,0.01883991130464627,0.030307683403126607,0.021783647445997253,0.006514735684784226,0.023235890609063732,0.0178737620069721,0.008713458978398899,0.01883991130464627,0.006337061075199201,0.1817594539037772,0.02665061898916394,0.021420709750298295,0.017426917956797797,0.02489559708113972,0.012018564108136415
569,0.0019452821126318997,0.00612299826758044,0.006490378163635266,0.009835980836968464,0.013521621174240137,0.0011947909417214645,0.010817296939392108,0.5060907034149265,0.013521621174240137,0.04339898633903371,0.08954732442570418,0.012481496468529358,0.003566141848151246,0.014750859462807424,0.0027270496485862464,0.003909866363635702,0.01167901623265215,0.22349528736205018,0.004326918775756843,0.013521621174240137,0.007054758873516593
570,0.008436805715537904,0.01765843056740491,0.024493952077368104,0.013091595075834675,0.014061342859229838,0.0039754581905675985,0.01765843056740491,0.5020543405558316,0.021092014288844763,0.007533483521498646,0.14384421721798554,0.02343287324541806,0.009861201485693654,0.024493952077368104,0.003668176398059958,0.010543933869966316,0.10562836024054219,0.012020104787285723,0.00973477582562066,0.014061342859229838,0.012655208573306855
571,0.006793641381810839,0.006535221519291982,0.008713628692389308,0.04697143338447112,0.008495787975079576,0.014201782989112104,0.21267051282190452,0.010142295613982432,0.22956687702067827,0.02386059412148197,0.019182046254524722,0.07650172826690965,0.003577173884244031,0.04587393098321658,0.1634888904581175,0.010145171130170853,0.04588597703792591,0.0029180741505764676,0.02860480581815091,0.027174565527243354,0.008695860968717873
572,0.002047258774202042,0.003591182830420122,0.0038769188433632174,0.0033965884208352064,0.16287880014693817,0.0008539993743814232,0.002407773389023888,0.009340618157296816,0.0055351811302499655,0.5245005649605851,0.14124481552304752,0.004395585015198502,0.002335154539324204,0.019212474906981136,0.00152499888282397,0.0014099046275165006,0.0022305953808470012,0.0015731567422815691,0.002197792507599251,0.10337374276645558,0.002072893080628756
573,0.10480659243447285,0.0491513162220981,0.016594692132633492,0.011332960480822872,0.01575089422758433,0.004342536259006896,0.013275753706106796,0.0062699525422036375,0.011967545451731057,0.003441862071953613,0.008935603456033421,0.01689641380777229,0.014127540242743914,0.013088771259541911,0.0038669772597095813,0.018230706357699283,0.6506841406472718,0.004646513797137378,0.006883724143907228,0.016594692132633492,0.009110811366936037
574,0.007889664672803953,0.013585980618006241,0.031764217289500817,0.015051052606579848,0.011435430532198046,0.004009501718965942,0.08816542883379094,0.019182714106425296,0.013401622183940958,0.004916172961948191,0.017787607625957998,0.021959262103656414,0.009229419051204623,0.013401622183940958,0.006191888730554999,0.004571581399194813,0.008019003437931885,0.0060765119219111175,0.010298088625554633,0.6838815822911123,0.009181647104819965
575,0.0041001420158352,0.00803949414869647,0.013667140052783997,0.009988090300579034,0.010000346380085852,0.0030371422339519993,0.17707708062570052,0.007454803665154908,0.01008654780439022,0.022405122470117375,0.2162315293795568,0.007321682171134283,0.004763769162134833,0.284977701117069,0.0029376724908566068,0.0036608410855671417,0.005774847909627041,0.007103598705153195,0.17234351891195196,0.011081464907662701,0.017947464461991004
576,0.013905404824855248,0.026206339862227195,0.0777190888668652,0.028390201517412797,0.02064741928539112,0.013599970473235705,0.01529430494155697,0.023495339186824383,0.029624558105126396,0.008309327273389112,0.02433445844349668,0.47277130866792955,0.014195100758706398,0.017034120910447675,0.0087354466207424,0.13240634226600453,0.01090143238020488,0.010989755426095276,0.018415265849132625,0.017883373531069103,0.015141440809286826
577,0.018490952216163613,0.024269374783714742,0.020437368238917678,0.023013603560715194,0.028763703447365622,0.010938309761674252,0.024269374783714742,0.02588733310262906,0.5377360617242686,0.008825227194078092,0.02773642832424542,0.023655601115974506,0.017258222068419374,0.032228611106752764,0.0455003796499011,0.011947999893521107,0.01953335187553063,0.011947999893521107,0.036981904432327226,0.02284176450231976,0.02773642832424542
578,0.005220936391103631,0.016222762849250158,0.023480314650230493,0.03139865652516987,0.0182092236063012,0.02535326772468523,0.015653543100153662,0.0575188659640528,0.01939678166758171,0.028906245494377623,0.009039520795037798,0.02703793808208359,0.007966535327756775,0.018588582431432472,0.006811083638998159,0.006512788005173421,0.012746456524410837,0.6209547253343682,0.012931187778387808,0.019827821260194636,0.016222762849250158
579,0.15402536978146755,0.1378125317654568,0.01927483968935178,0.011320143944539932,0.012735161937607422,0.0055912624589902074,0.01927483968935178,0.01739436752453697,0.014554470785837053,0.009560884451749706,0.007634193371980707,0.018286386371949123,0.007277235392918527,0.016585327174558507,0.005130712723064862,0.005751363455693675,0.009508920913413543,0.49627825810759824,0.009027456563367287,0.009769439294602953,0.013206834601963254
580,0.04911013673460187,0.024882469278864942,0.01409498575102196,0.0038703706982881974,0.01409498575102196,0.07286873002767853,0.009690302703827598,0.011484803204536412,0.21449061230595035,0.10101857185863973,0.0743075854680056,0.019302498058115694,0.005255757398686154,0.18459513343976822,0.08517313625038883,0.06082381379278098,0.01356558445041026,0.006080189931813394,0.011074631661517254,0.012403587460899325,0.011812113773182854
581,0.08013114493406429,0.011894274526892023,0.020708247575049358,0.010601418600055933,0.012504237323142898,0.0035083831338314597,0.023222155028693944,0.07559777310349998,0.015239539237580403,0.15404443817850105,0.08164355223460555,0.012504237323142898,0.005947137263446012,0.02120283720011187,0.004689088996178587,0.005418502840028589,0.08164355223460554,0.33820875006849066,0.009562063835344569,0.02216660252738968,0.009562063835344569
582,0.009361071733475688,0.017083955913593133,0.020098771663050744,0.013667164730874504,0.027362533909085135,0.00690260844993662,0.11620514637346438,0.031250153919632075,0.016667274062042083,0.47454727868999874,0.02356407712219743,0.016270434203422033,0.08732724883000621,0.022778607884790848,0.010802591548095044,0.005647588731766327,0.03956178714188078,0.010513203639134237,0.013141504548917793,0.021354944891991422,0.015892052012644778
583,0.010954472164207401,0.01960273966226588,0.021908944328414802,0.01816839285770984,0.016553424603691184,0.07615836343670342,0.06771855519691851,0.03957402730422382,0.06466550962552757,0.006477427018835681,0.01773581207538341,0.01910010531195137,0.00818575941940773,0.025686348522969086,0.5175114454230388,0.0067500914627222465,0.009247703310040788,0.010204165851590456,0.014325078983963523,0.016193567547089203,0.013278065893345034
584,0.011692886019035878,0.028332762276894626,0.03069382579996918,0.029466072767970416,0.036832590959963024,0.014444153317632557,0.015673442961686393,0.04604073869995377,0.03507865805710764,0.026499647266304403,0.026308993542830728,0.028332762276894626,0.5112530579150122,0.03210201810346675,0.009324706572142537,0.016030212394009133,0.014289615322859613,0.01067611332172841,0.03348417359996638,0.024555060639975347,0.01888850818459642
585,0.1874859272646371,0.13062411449518385,0.0057523619958376754,0.007128996878171253,0.17610457541253527,0.050343631756272274,0.019038332477030843,0.012918868466556646,0.008465683792828364,0.007234566341271721,0.03229717116639161,0.011778342668282938,0.0037109846763083237,0.007525052260291878,0.007120636162669018,0.044628857245749574,0.033921370597883777,0.028172690912932428,0.006300043752802503,0.2123187947981917,0.007128996878171253
586,0.046041089697970924,0.0268774210693953,0.07838750662370786,0.05342118703787916,0.07405003764017071,0.043987926023538175,0.020065171489594646,0.08113308471879574,0.026336757046311467,0.11621078487723562,0.04211595890784709,0.06417669928814794,0.03570857370648231,0.031398758683629686,0.014229222919091629,0.06761090393232978,0.05183502634811949,0.07184948088109512,0.03134210895467691,0.020734010539247803,0.002488289614732511
587,0.03470784347914124,0.027430507117575144,0.024074374137139684,0.2382146570353067,0.016370574413254985,0.28374458395221236,0.04014220553791485,0.02273690890729859,0.015740936935822097,0.003720585093921587,0.016370574413254985,0.03227118484420606,0.00889705131155162,0.1371525355878757,0.03198355926778175,0.012191336496700065,0.013947715483512785,0.005489739912583094,0.008707752347476054,0.01860292546960794,0.007502448255862795
588,0.01258319339062197,0.038378739841397,0.021321522134109445,0.008185744460661882,0.023259842328119392,0.532631401712674,0.029522107570305385,0.028428696178812593,0.04039867351726,0.006617024110585691,0.02646809644234276,0.02646809644234276,0.021321522134109445,0.034889763492179086,0.03394810847056495,0.00984070252343513,0.017057217707287558,0.028153765893653405,0.015664791771998778,0.02019933675863,0.02466165311890878
589,0.02231124773335574,0.008696671910332073,0.008996557148619385,0.0027015100919927965,0.008996557148619385,0.04715786452732009,0.06811691542835126,0.1581602400283153,0.1795329061547211,0.0748177658366136,0.056296985559746465,0.017663102121164856,0.003894032198656151,0.00947359672640589,0.21843408334002506,0.012652109995134655,0.017143624980343865,0.06628299847451104,0.0066897476233323625,0.006865793613420056,0.005115689359018865
590,0.024103262062878054,0.4926094005548871,0.020438681423848883,0.020438681423848883,0.008909168825780283,0.004893768791625789,0.009927359548726599,0.030618652171164797,0.012364990690446463,0.0034745758420543097,0.01120830916791713,0.016545599247877667,0.003284071121953108,0.015793526554792315,0.003993765335694609,0.004260666490990235,0.24106092132916004,0.05213505189047653,0.008909168825780283,0.008474575224522708,0.00655580347557417
591,0.00690190460533419,0.023856548146477353,0.034591994812392154,0.04069646448516724,0.016874143810923004,0.013755110677338355,0.01869837557426603,0.09145593874498793,0.03144726801126561,0.03184549955878155,0.023856548146477353,0.02562369986103123,0.008236189241045752,0.053218453557526406,0.007359998896253651,0.00947725885271018,0.01080999837887255,0.47999749171413736,0.024708567723137256,0.02562369986103123,0.02096484534084373
592,0.05342306186900607,0.02131883333485919,0.02763552469333599,0.031089965280002983,0.06253411103359277,0.00857654214620772,0.020166463965407343,0.00965668325786573,0.08741168067240365,0.019570137672220267,0.5182510763558608,0.01865397916800179,0.010972928922353999,0.01913228632615568,0.006743320106720179,0.00867626938046595,0.008011751430845877,0.016231230211380503,0.012646765537628335,0.024069650539357147,0.015227738096327994
593,0.008226873839912472,0.01755066419181327,0.5500003984969531,0.0218763582364372,0.014359634338756313,0.05605244129355639,0.01716912801373038,0.019744497215789934,0.020783681279778875,0.004875184497725909,0.01716912801373038,0.08533205167749983,0.006927893759926293,0.020250766375169163,0.005601275805897854,0.005484582559941649,0.008226873839912472,0.04003768481059374,0.016117956910848927,0.051049926698165875,0.013162998143859957
594,0.008363241076609379,0.014065450901570319,0.021340684126520484,0.02578665998621225,0.012893329993106125,0.011460737771649888,0.021340684126520484,0.42942479420066354,0.03640469645112318,0.0058633649922555904,0.01961566625533811,0.022102851416753357,0.007934356918834538,0.013752885325979864,0.006800877359001033,0.005838489053482019,0.006852175392107298,0.2769356600579522,0.019963865795777226,0.0206293279889698,0.012630200809573344
595,0.00962821363524425,0.020796941452127578,0.025996176815159467,0.016771726977522237,0.01251339415396635,0.01039847072606379,0.01999705908858421,0.3600063596646399,0.020796941452127578,0.04683713797738235,0.02042615865891325,0.02659542299688031,0.009453155205512537,0.015755258675854224,0.006045622515153366,0.010794193298866125,0.1328854113472827,0.13768323152904358,0.043326961358599106,0.03249522101894934,0.020796941452127578
596,0.009858366757629317,0.024386486189925154,0.02106105625493536,0.02106105625493536,0.024386486189925154,0.008910446877088035,0.0162576574599501,0.020593032782603465,0.027255484565210465,0.0356932204362149,0.017484650475795394,0.024386486189925154,0.007280228253138092,0.0231671618804289,0.006056774347824548,0.6440351712377129,0.011880595836117381,0.009553468816671708,0.01494655605188961,0.017820893754176077,0.01392471938790293
597,0.010296261636549502,0.02783804072104125,0.034164868157641526,0.02783804072104125,0.017082434078820763,0.017836766052693503,0.01833236827971009,0.020259344612296715,0.09767274566106467,0.006369721181933165,0.0313177958111714,0.020314245931570638,0.015339328560573748,0.02783804072104125,0.5217834695747396,0.006234975249382615,0.012413302076428387,0.009889830256159391,0.013665947263056614,0.028908734594927446,0.034603738858156326
598,0.009941594294443275,0.050076178668306874,0.0296530331517989,0.014826516575899453,0.02800564242114341,0.15210639270498208,0.007574632747371584,0.01575317386189317,0.07964867748193173,0.011835831578476445,0.01575317386189317,0.024004836360980067,0.005594751989817192,0.34993274368118715,0.08125454409246287,0.06974896314514172,0.008544094297975955,0.006546773552994564,0.01440290181658804,0.01938852167617621,0.0054070220385363235
599,0.01122695789799565,0.04122944397654278,0.5157891636539538,0.016827390304354203,0.030922082982407086,0.03614013377843751,0.021203714045079144,0.02393967714767,0.02748629598436186,0.010166164268188633,0.033733181435353185,0.07408234050919209,0.009764868310233817,0.02319156223680531,0.008245888795308557,0.009764868310233817,0.013252321278174469,0.011244393811784395,0.029685199663110805,0.02241915194770209,0.029685199663110805
600,0.014095351806554295,0.02335801156514712,0.02335801156514712,0.024045011905298508,0.019939765970247547,0.017772400103916286,0.02876681397032527,0.021513958020530244,0.024617284247526548,0.03764145406364989,0.02637194854129514,0.020438260119503733,0.04648486539422227,0.5686278887552849,0.0033665296398626044,0.010348486136457585,0.010900405397068656,0.010617277984157783,0.030278903880746267,0.030278903880746267,0.007178467052311893
601,0.011026169430125939,0.02492873088550213,0.03017688475613415,0.023890033765272874,0.033727106492149925,0.033855699974946696,0.01791752532395465,0.08704275411131146,0.0170506187785562,0.008557624035321624,0.022052338860251878,0.019771062426432718,0.017374570011107544,0.026061855016661306,0.3969492180497045,0.038787338100274495,0.009166586491941707,0.017374570011107544,0.019112027012218296,0.019771062426432718,0.12540622404059165
602,0.012916400501321377,0.025832801002642753,0.017884246847983443,0.00795302017916426,0.05365274054395033,0.48407750171072905,0.03487428135356772,0.03874920150396413,0.049820401933668164,0.012025614259850938,0.04102856629831496,0.03670976984586075,0.01025714157457874,0.027899425082854177,0.019594229510513764,0.008942123423991722,0.014234400552476621,0.01200400482096514,0.03249772676184709,0.025832801002642753,0.03321360128911211
603,0.019630459247509297,0.03745316929311257,0.033371780720765805,0.03033798247342346,0.033371780720765805,0.002146492421927822,0.029018939757187664,0.03761376208185245,0.04767397245823686,0.012359918785468821,0.041714725900957254,0.01379884896389518,0.010941567449431415,0.03512819023238505,0.010202925500906021,0.4623099107419197,0.018038800389603142,0.02301502118673504,0.03512819023238505,0.033371780720765805,0.033371780720765805
604,0.011622202016439777,0.022442872859331983,0.022442872859331983,0.10064492553115684,0.03254216564603137,0.45125366315223,0.01759035980866561,0.029583786950937618,0.04338955419470851,0.01513589099815413,0.03828490076003692,0.022442872859331983,0.014148767672187555,0.01859552322630364,0.004379030533523455,0.011418303735449605,0.011622202016439777,0.008322441859641138,0.05423694274338563,0.05423694274338563,0.01566377783332685
605,0.014483986548673165,0.033541863586401016,0.04248636054277462,0.020557916391665137,0.03186477040708097,0.009804544740640294,0.044410128485971145,0.017224200220043763,0.024002905444578684,0.007911724227634791,0.02770849600615736,0.014483986548673165,0.008497272108554924,0.44185132891933043,0.08219932992872282,0.00796619260177024,0.01080161708714609,0.01770265022615609,0.033541863586401016,0.02655397533923413,0.08240488705238998
606,0.02671916001518465,0.02774763881859728,0.02404795364278431,0.040079922737973846,0.03279266405834223,0.008188992240934707,0.02061253169381512,0.014580780060407809,0.030059942053480383,0.008798031820530842,0.04243756525197231,0.05549527763719456,0.008388821038180571,0.04809590728556862,0.008292397807856657,0.015029971026740195,0.016396332029171116,0.4996989925464774,0.02327221320269449,0.026719948491982563,0.02254495654011029
607,0.0017171793519599856,0.012259272369318678,0.013218254262059978,0.02404703426289433,0.02546733453665633,0.006058362931585814,0.016031356175262888,0.2737451931865256,0.031261144541762625,0.00844895798426017,0.018946148207128866,0.012259272369318678,0.007815286135440656,0.027183603949358804,0.006946921009280583,0.006870581217969809,0.009618813705157731,0.43431374524289745,0.01645323396934875,0.025008915633410102,0.02232938895840187
608,0.005882972349606377,0.02427635246722716,0.027189514763294426,0.039984580534256506,0.039984580534256506,0.012358870346952011,0.035775677320124245,0.01643471271093676,0.04248361681764754,0.012358870346952011,0.04531585793882404,0.03433922713274869,0.01258773831634001,0.056644822423530056,0.012358870346952011,0.016538766368574973,0.47060517426517445,0.016578972416642943,0.035775677320124245,0.021927028034914857,0.020598117244920017
609,0.013010943390617013,0.14416587328488384,0.05460442024805399,0.020107821603680836,0.041928226794069885,0.0036260006170572,0.17474528214289764,0.024576226404498795,0.026021886781234023,0.009028001536346498,0.024576226404498795,0.0495274865729521,0.01105930188202446,0.02211860376404892,0.006912063676265286,0.006805724235091975,0.01638415093633253,0.011956002034621039,0.017014310587729935,0.3063371825107143,0.015494264592380881
610,0.35385466580144165,0.03932076968189492,0.02725995086289685,0.02434142885069685,0.051117000586463394,0.005151696204748626,0.046470000533148544,0.07302428655209055,0.046470000533148544,0.013451842259595627,0.036512143276045274,0.036512143276045274,0.01460485731041811,0.036512143276045274,0.010022941291463406,0.01300367830047846,0.036523638520096754,0.0060882729330287684,0.03932076968189492,0.051117000586463394,0.03932076968189492
611,0.012223707415880934,0.02820855557510985,0.030559268539702332,0.021571248380966357,0.22995852181541593,0.005164946795442648,0.014936907741577646,0.018564467117174865,0.017462439165544193,0.2539301970003687,0.20237705403776168,0.01930059065665411,0.056400253447157794,0.01527963426985117,0.007521757908554824,0.006322607284076344,0.0091677805619107,0.006433530218884702,0.01466844889905712,0.01527963426985117,0.01466844889905712
612,0.01996976251163644,0.02476250551442919,0.017659617770093526,0.03439236877004053,0.056278421623702696,0.01473958661573166,0.05810679578860763,0.023315725366865128,0.05359250076320859,0.014396805531644876,0.056278421623702696,0.4291661050035273,0.01031771063101216,0.04762020291236382,0.011905050728090954,0.003622405633586157,0.011538078437517705,0.025794276577530407,0.030953131893036483,0.027451315491820824,0.028139210811851348
613,0.019793551491993796,0.042606204115786236,0.07101034019297707,0.02506247300928602,0.03277400316598941,0.01420206803859541,0.02367011339765902,0.012148805312647254,0.209894675078044,0.010144334313282436,0.021303102057893115,0.02506247300928602,0.03287941867537666,0.03550517009648852,0.007956541337350706,0.012531236504643007,0.2944661409825777,0.014691794522684909,0.026628877572366396,0.042606204115786236,0.02506247300928602
614,0.023052633658273296,0.08884168318154181,0.030736844877697733,0.03254489457638583,0.38238508479318906,0.010438928449029418,0.03688421385323728,0.030736844877697733,0.029119116199924164,0.0898288418637529,0.02514832762720723,0.03688421385323728,0.015368422438848863,0.03688421385323728,0.011771557612735297,0.007114882647319889,0.021279354146098425,0.012294737951079089,0.023052633658273296,0.03257993622296072,0.023052633658273296
615,0.04767722108368325,0.05557541885376662,0.02675853500366541,0.02064229843139903,0.03284002023177118,0.008810737135353243,0.021249424855851948,0.012348684479601378,0.04013780250549812,0.010946673410590396,0.038025286584156104,0.022899377226542696,0.0064507182598121954,0.038025286584156104,0.011115083770753322,0.011026570624989069,0.5009598217917833,0.015051675939561793,0.02778770942688331,0.02675853500366541,0.02491311879651607
616,0.014509613168711102,0.020126237621115397,0.04753384061196244,0.03899458539091109,0.04799333586573673,0.008787512200768696,0.03747191739167585,0.03283754559234618,0.022203239116387084,0.013274752473501643,0.03899458539091109,0.432011724430293,0.014509613168711102,0.04456524044675553,0.010228087971386511,0.021775861581607884,0.0289518253373127,0.01733092684040493,0.020126237621115397,0.06177692751777816,0.02599639026060739
617,0.01808356556624667,0.04908396367981238,0.01808356556624667,0.024541981839906194,0.01636132122660413,0.007808812403606517,0.03123524961442607,0.2591964019025561,0.03817641619540963,0.23761248033249407,0.028155743709255873,0.08589693643967165,0.013214913298411032,0.026429826596822057,0.011083475669635055,0.005806231418301152,0.01636132122660413,0.027419510490315043,0.022388461290602374,0.03817641619540963,0.024883405337663447
618,0.06917765989712382,0.14996911643238714,0.009558708924082258,0.008985678012193049,0.015771869724735724,0.11573353462101424,0.01261749577978858,0.013143224770613105,0.014338063386123385,0.005419055536494951,0.095477128691567,0.009558708924082258,0.004708020813353949,0.010514579816490484,0.004150492032825191,0.04410856365658446,0.14916714254772195,0.21878326442768406,0.010514579816490484,0.015771869724735724,0.02253124246390818
619,0.0015848763133171288,0.5326352306856568,0.011313037369389772,0.032839631945283096,0.013884182226069262,0.003160280069062871,0.011748154191289377,0.06911976337941558,0.013884182226069262,0.002799684213120114,0.010849548196917027,0.016076421524922304,0.004558985208560056,0.013884182226069262,0.0036363334401609973,0.004558985208560056,0.010505625851788101,0.21195271338103439,0.008727200256386394,0.011748154191289377,0.01053282789563875
620,0.010219508875601536,0.02276163340474888,0.07153656212921077,0.02276163340474888,0.08345932248407922,0.007587211134916291,0.02587313060462517,0.03576828106460538,0.025596677781313058,0.01082331351512587,0.018546516107573165,0.2240571169330107,0.004877997779301952,0.3477454778714981,0.0021805243688716963,0.010885998584879899,0.0072573323899199306,0.012213559387914033,0.015174422269832587,0.03576828106460538,0.004905498843617307
621,0.006037983194475088,0.02226506302962689,0.016963857546382393,0.017812050423701514,0.07842124643827186,0.00828467461567512,0.02033188082957931,0.2542596047628979,0.010178314527829435,0.2469751721786684,0.08534581295217389,0.012722893159786792,0.049701117899421964,0.018749526761791067,0.004159042062218471,0.006721528461774155,0.00809638655622796,0.09230362375891078,0.00828467461567512,0.016192773112455924,0.016192773112455924
622,0.013944912614090869,0.0241354256782342,0.02728352467974301,0.039220066727130576,0.033027424612320486,0.01028723061695228,0.023241521023484785,0.4345885823775217,0.0482708513564684,0.024957956591693333,0.04482293340243494,0.01927843856316355,0.008715570383806794,0.02728352467974301,0.00896458668048699,0.022207607471526364,0.011034454704748314,0.03978429428890197,0.04183473784227262,0.04482293340243494,0.052293422302840765
623,0.011123291929294864,0.06550383025029197,0.05359404293205707,0.024563936343859488,0.03275191512514598,0.007309339097049596,0.021834610083430656,0.058953447225262766,0.039302298150175184,0.009686479972214236,0.04534880555789444,0.03275191512514598,0.00893234048867618,0.006649914850200697,0.40859289627025747,0.015116268519298148,0.021054802580450994,0.01786468097735236,0.049708187786338835,0.03467849836780163,0.03467849836780163
624,0.014717744375572876,0.042761014064164445,0.001920122364282403,0.0069501587286899995,0.1013204323392271,0.0018289891391289473,0.08547159223644632,0.1679340236102847,0.004785954851182268,0.15858628073070447,0.03287600042335761,0.047001323686582594,0.0011209933433370969,0.05812007217700719,0.0014183997405489792,0.04687588764469395,0.06706593803144742,0.13835316844829662,0.0069501587286899995,0.006991586607665,0.0069501587286899995
625,0.04400743159651313,0.019723410772322272,0.021601830845876777,0.028352402985213267,0.022681922388170614,0.028352402985213267,0.022681922388170614,0.1027537976387177,0.025059787436903305,0.13940422732944313,0.3118501073975349,0.023875707777021696,0.009861705386161134,0.012260498588200332,0.008723816303142545,0.009072768955268243,0.03091263051027713,0.08543195666176825,0.015642705095290078,0.02668461457431837,0.01106435238447347
626,0.018948467667872497,0.033590465411228516,0.03487255398137818,0.5079417046999889,0.033590465411228516,0.020488627931256685,0.032130010393349014,0.036949511952351376,0.016971642992459568,0.009597275831779576,0.032130010393349014,0.02111400682991507,0.015081433449939336,0.029559609561881098,0.008903496855988282,0.010557003414957534,0.016795232705614258,0.025894396064466387,0.035190011383191784,0.024633007968234248,0.03506106509957026
627,0.3082918078184712,0.02367173583490167,0.040962328046566174,0.03212592720450941,0.02998419872420878,0.15500246969069148,0.015509068305625233,0.024986832270173988,0.020443771857415076,0.006246708067543497,0.026456645933125397,0.017298576187043526,0.008649288093521763,0.02367173583490167,0.005693202289406731,0.19424212288969703,0.009486200772638346,0.0052139078493418185,0.020443771857415076,0.01362918123827672,0.01799051923452527
628,0.014984579681152643,0.023922929795913768,0.01554990436734395,0.42620422683594805,0.02487984698775032,0.08489251377891564,0.0310998087346879,0.028272553395170815,0.05576259553851261,0.009283524995429226,0.04442829819241129,0.028272553395170815,0.017277671519271058,0.023036895359028076,0.009147002569025856,0.009872955153869179,0.011961464897956884,0.06406858804422609,0.028272553395170815,0.023036895359028076,0.025772638004017037
629,0.11248841005900394,0.10376747364416002,0.05646070234038619,0.10335923042343048,0.00385157692901733,0.010702838076459432,0.024944104241384622,0.0057773653935259935,0.00230100722563423,0.048728017587821124,0.026411404490877834,0.07402766420023825,0.002545957631045353,0.09639648559337795,0.03934844612725461,0.059865850179323096,0.09402008521752662,0.08381275869052925,0.016629402827589755,0.005563388897469475,0.028997830223944535
630,0.08490905501202817,0.282696261114892,0.009111381396870203,0.012316312636758834,0.010070474175488118,0.00533400088706583,0.011255235843192605,0.011255235843192605,0.007359192666702857,0.2674767792835421,0.03081102133763929,0.005466828838122121,0.0036795963333514283,0.007359192666702857,0.0036795963333514283,0.003136705071053676,0.08230675304199106,0.13097751066468705,0.010070474175488118,0.007972458722261426,0.012755933955618285
631,0.008483820697947515,0.019667038890696518,0.01664134059982013,0.03090534682823738,0.11197731587472971,0.005927052816374293,0.024037491977517964,0.14649261895533539,0.019667038890696518,0.29771962029601046,0.019667038890696518,0.01664134059982013,0.006978626703150377,0.01545267341411869,0.006555679630232173,0.0056904701435933226,0.009405975121637464,0.16937925557535755,0.027042178474707707,0.024037491977517964,0.017630583641802262
632,0.0702632523628751,0.05360912504822275,0.06406549184855724,0.03501768554098498,0.023670490598215285,0.06837836608321438,0.04075139407018746,0.06883765122950361,0.03717476551024531,0.05952846593896401,0.04790456430591186,0.05004618012194086,0.0005873822471270735,0.07149454303134409,0.025361239926659233,0.08360848327470076,0.0693207224662019,0.07558869590561934,0.023523468917481027,0.029836752854893206,0.0014312787171504595
633,0.03527689282901793,0.03991328445797458,0.12121812316866354,0.06386125513275932,0.04956551664715798,0.0326775428310903,0.07439035096109957,0.048590321661380845,0.03426898160533171,0.04900214552344943,0.045798930780047965,0.033913248232265984,0.04223627984970854,0.03777800586557265,0.021610394058467545,0.03290342446356327,0.06058509336276574,0.04501772519366231,0.026608856305316383,0.10200061583704614,0.002783011233658368
634,0.04028885564805677,0.10427703814791169,0.0492419346809583,0.08055565845710402,0.025026489155498793,0.060748549746719185,0.056192815081561834,0.029136231247210608,0.04319859211049859,0.009863583952995313,0.0312831114443735,0.07762846173233426,0.0692464706450976,0.05387932113368262,0.05750531002046514,0.08660296388555376,0.05740503615213319,0.026069259536977918,0.014219596111078866,0.025462997687280758,0.0021677234225071377
635,0.026085061917715667,0.029091706558754146,0.5227595760841234,0.04362225957258051,0.031516015438650326,0.010241509987585742,0.0343811077512549,0.031516015438650326,0.04202135391820044,0.01050533847955011,0.04202135391820044,0.012532703523684284,0.01050533847955011,0.0343811077512549,0.008404270783640087,0.007003558986366739,0.014545853279377076,0.01625064367343652,0.019904851855989687,0.03046377346826974,0.022246599133164943
636,0.0072370924607186434,0.01381626742500832,0.009805093011296229,0.016886549075010165,0.028871303573345462,0.005151828531359035,0.010481306322420102,0.25607330606429723,0.008939937745593618,0.20915562265555832,0.1785247551088503,0.009210844950005547,0.0050659647225030505,0.07761945874297842,0.0037068034554900366,0.026012297793931036,0.041109565186095966,0.058719962270091214,0.010855638691077966,0.010855638691077966,0.01190076352329132
637,0.0593360470227147,0.03475061763255317,0.01915470336756748,0.05386534765182613,0.053865347651826115,0.05446478877856524,0.04114714056736717,0.08722513682255933,0.046107566604144654,0.05661232325180014,0.05572277343292357,0.05554863976594569,0.035837832107061734,0.03523169541180488,0.04025258181501772,0.05521827402392221,0.04823762476282935,0.03129500831884264,0.05208297635024796,0.08351718566208617,0.0005263889983939506
638,0.048847774747984754,0.05195626950467471,0.0424886826171562,0.03159913466950977,0.030985486245655797,0.06726705423793633,0.10843047548801676,0.06696585847269183,0.07092443138733373,0.04765597041733164,0.03674552453628455,0.06280935691231786,0.0009520730502851223,0.03434146588343171,0.0897648224306117,0.07634567779951913,0.041565015603739756,0.026429068385561104,0.02530138281945987,0.03218839592208804,0.006436078868409721
639,0.011282326540058101,0.09249264170153508,0.040000975914751435,0.03666756125518882,0.01508037757493634,0.007457809068851964,0.024445040836792546,0.10187595317850243,0.025882984415427406,0.30338543272363516,0.04985076954159343,0.02200053675311329,0.009778016334717022,0.023158459740119257,0.007457809068851964,0.021229571719013584,0.010232807792145717,0.13175037610576676,0.029302988479810815,0.015714669109366638,0.02095289214582218
640,0.06587495615180002,0.024198963484334698,0.028232124065057155,0.030248704355418366,0.03387854887806858,0.03899990237776995,0.1508654129726491,0.013611916959938268,0.10564039068341428,0.04234818609758571,0.011811726369844885,0.03557247632197201,0.004526541978631783,0.049713088027600626,0.13127209268082102,0.06629263868653998,0.09026850194485378,0.03629844522650205,0.010922859876091004,0.015842896925211236,0.013579625935895349
641,0.04613447958862282,0.027839772165548265,0.0627941527734033,0.04673167697170881,0.018688735944465275,0.04704091584070283,0.04698882180322698,0.007475494377786111,0.09278514059869093,0.01824527441357966,0.027464927339040775,0.07188068888551231,0.0049836629185240735,0.10173859343582282,0.09860063340372384,0.05850175811076485,0.06501885895816141,0.052768195607901955,0.064588271424072,0.035882373013373325,0.0038475724253676513
642,0.04678870834681787,0.03690885111115517,0.03506340855559742,0.09189031207673808,0.007786289177474121,0.03740096912597058,0.07175767332308308,0.008085761838146204,0.11947531804129491,0.005924662537228977,0.008085761838146204,0.007192494062686649,0.1450933887945768,0.03736224252817838,0.11992563310918089,0.09274891543885178,0.09092997882038494,0.01524496024156409,0.00840919231167205,0.008085761838146204,0.0058397168831055895
643,0.059876427778601915,0.034239586776473735,0.07410522873417831,0.07835693103550828,0.03955629279766531,0.06330417993482924,0.04492813502944702,0.0413543061066501,0.027321327096659805,0.056038081463359195,0.06384524451552998,0.06002118039090187,0.040761412829135396,0.04512870706082848,0.03128923689550774,0.06469651444240371,0.047174541780919364,0.056963240560198664,0.02166177938919767,0.04245708760282743,0.006920557779176808
644,0.06840126734383174,0.036873729218223385,0.02332184583032932,0.03198678651945646,0.021054444152380634,0.03505357563690029,0.06175970284698319,0.03648635653441895,0.07833567631098602,0.057823751775197954,0.035792555059047076,0.09618941167152648,0.0015175703249115616,0.07497104674423255,0.12058496747097502,0.0599704607065611,0.04655953850263945,0.042519706727246746,0.027562181435843745,0.040317020717324625,0.0029184044709837727
645,0.039747330642447065,0.1507415385860885,0.008841214545983194,0.00835003596009524,0.008588608416097961,0.004319046839105142,0.008124359312525099,0.37024237547460337,0.011133381280126989,0.07390279372468089,0.02605924898067469,0.012024051782537149,0.0035364858183932783,0.012024051782537149,0.002835861269466308,0.004420607272991598,0.016208767589901987,0.20821685499278206,0.009109130138285716,0.013663695207428576,0.007910560383248123
646,0.05915723005999163,0.021428176294520995,0.04785088992084765,0.03636667633984421,0.03958834886844903,0.0512107903705368,0.1356817717472401,0.06326411865782013,0.04856660835983469,0.04097922124248693,0.03910395305359593,0.05336163118589199,0.00958079527657514,0.05633726569740824,0.05483863892516192,0.06152902069847552,0.05211331321838261,0.041932226387661045,0.030666344135781322,0.05455001450976632,0.0018929650497277396
647,0.04095851980931697,0.052236952800288325,0.02781134061126461,0.030036247860165784,0.08343402183379382,0.05670233346505293,0.05764532417607575,0.0474624966610432,0.07340159226666992,0.030083252942889042,0.03337360873351753,0.04004833048022104,0.0024361993107766436,0.04672305222692456,0.06887277680803519,0.08327720396209976,0.06313925976611426,0.03251787517624785,0.09030505892598863,0.027484148368779156,0.012050403814735135
648,0.017283200807965516,0.03735569668529343,0.023265847241492044,0.02016373427595977,0.04032746855191954,0.00765711428201004,0.026300522968643176,0.04032746855191954,0.03024560141393966,0.024041716975657202,0.037807001767424575,0.03183747517256806,0.0099165906275212,0.023265847241492044,0.05661891257054692,0.009451750441856142,0.014067721587878909,0.013442489517306514,0.41854855383579426,0.03024560141393966,0.08782968406887155
649,0.013927833268921923,0.03075729846886925,0.03885132438172958,0.03355341651149373,0.022617043987131,0.00761005322941095,0.022368944340995817,0.03075729846886925,0.026363398687602214,0.510056262323758,0.03885132438172958,0.023812102040414902,0.01171706608337876,0.03075729846886925,0.009343989408264076,0.007812694804136206,0.014474022808879645,0.021254679972461898,0.023812102040414902,0.023812102040414902,0.05748974428225418
650,0.06430532969735714,0.044535399699007425,0.05148556233730066,0.05432958111302561,0.052164378067914165,0.1003585735152748,0.05588627389750295,0.040885593620797585,0.054390082589445415,0.0528014076299687,0.04575653162623828,0.05447206145980747,0.0005071905227172014,0.057881580091192146,0.033647236180875346,0.04021393661687169,0.07531687373740124,0.049436828887892505,0.024012174031262063,0.04649165610308189,0.0011217485750658477
651,0.05417662536777382,0.05609330684985271,0.018299660124225823,0.03659932024845164,0.06892208948961139,0.03017368323965374,0.04675718243605157,0.06343106383635636,0.07382966325980761,0.05929089880249167,0.05851075539719571,0.08342049021026594,0.0005883416916518246,0.0583301666459698,0.049284956667331556,0.04246374731568586,0.04710926018466241,0.05421274311801899,0.04383063755560539,0.05366268825403379,0.0010127193053023208
652,0.05938704383810417,0.06970735328557957,0.10678829742893178,0.05311036440806065,0.07081381921074753,0.0017325921296468662,0.043472815546221705,0.004340135496322624,0.048162883330156614,0.018588627542821225,0.045523169492623396,0.08239107231837231,0.0017580714256710847,0.16331437055478648,0.014937289989767056,0.07048606174304077,0.013561334609800493,0.030510209340800787,0.042488291526448514,0.05593747535845554,0.0029887214236408444
653,0.13849678875400895,0.02463505812748029,0.017596470091057352,0.02503678850486428,0.025661518882791973,0.4260832682984531,0.021237119075414042,0.03622802665805925,0.022810239006926195,0.01207600888601975,0.05877322241553429,0.017107679255194644,0.011843777945903985,0.027994384235773058,0.011219104889514707,0.00821168604249343,0.009192185868462793,0.011140701970140643,0.019246139162093976,0.017596470091057352,0.05781336183875572
654,0.0409638021327722,0.060933543428831644,0.021815042555914186,0.01772472207668028,0.03867212089457515,0.025285514538023267,0.07940675490352765,0.10634833246008166,0.040513650460983486,0.055824480718956494,0.050642063076229364,0.045117474377004335,0.03403146638722613,0.031195510854957285,0.04508426533846,0.0466595324410822,0.06800505613093656,0.08462125378544134,0.07331730770975022,0.03336418273257464,0.0004739229959920245
