site,A,C,D,E,F,G,H,I,K,L,M,N,P,Q,R,S,T,V,W,Y,*
564,0.09452471044467717,0.025858505238369182,0.03736418857962264,0.04068627927251617,0.012803113569241326,0.023126503219165304,0.04724958579124776,0.03423697805196488,0.12692264101109366,0.05150124631236171,0.05445480121982513,0.09517841727826544,0.00565648092053963,0.08701683248358824,0.0826362751887349,0.06702555619186508,0.03027497889948988,0.048479948110724466,0.011431351401108325,0.023121525852807787,0.0004500809627912372
565,0.006591320582590811,0.010268583644457263,0.009471023749742135,0.011085402797993636,0.012835729555571579,0.003116662767487029,0.009471023749742135,0.013421082228884025,0.009563876923759214,0.7590182313677613,0.08408632562162652,0.010489413400252043,0.0032073709916724926,0.008622305894208268,0.0024045848191002364,0.003626451472949591,0.006096971538896499,0.004116098929212828,0.009290623297366097,0.013363225290732054,0.009853691375994345
566,0.5901388199573144,0.06978908376604186,0.012185395578197785,0.010037605474788361,0.03489454188302093,0.0036907688530118292,0.01968410054939642,0.04040420639086633,0.014763075412047317,0.005522877132564463,0.017059553809476897,0.01968410054939642,0.006793627623243012,0.01566693717196858,0.004569523341824169,0.014459242136666875,0.004950729621378369,0.06077533015549896,0.020202103195433165,0.021933712040756007,0.012794665357107675
567,0.045669962703125254,0.04867071345765752,0.03828217461879616,0.06061344314642727,0.004283441354241128,0.0006923372005526965,0.014688126025614501,0.08134962106494181,0.030129489283311793,0.08552086085071021,0.10472880100863184,0.04609811860346705,0.0014132483284881685,0.1552188172043718,0.08832244572765116,0.04571903400272249,0.04971365731746446,0.04466317001163438,0.0286155041723299,0.02386255551238294,0.0017444784054775825
568,0.415675966550007,0.016964713916146717,0.010232562085669621,0.012925496317064165,0.011801540115580324,0.024266723773783545,0.022619618554862286,0.015966789568138084,0.019388244475596245,0.005775221758688244,0.016450631676263483,0.016964713916146717,0.006871782852110062,0.021714833812667797,0.005428708453166949,0.23338794949918154,0.07053321569836059,0.03237710768201697,0.01467218500855932,0.01467218500855932,0.011309809277431145
569,0.018359552940426807,0.005486999440799744,0.00561764228462831,0.004478705457760947,0.008135895722565139,0.0009953557521860195,0.01072458981610859,0.531182372011217,0.013107831997466055,0.03869810270741105,0.12011490686803716,0.009830873998099541,0.0032769579993665145,0.01387888093849347,0.002106615856735617,0.0036865777492873283,0.006553915998733027,0.18007099000139237,0.0034697202346233684,0.01179704879771945,0.008426463426942466
570,0.005982823233369128,0.010819999464603743,0.011826511042706416,0.009417406941414368,0.04442033908459566,0.002182574999297751,0.014529713566753597,0.3776574016199428,0.014529713566753597,0.004101128829325613,0.24180743832897006,0.06346129158973023,0.007162534856850364,0.01210809463896133,0.002956627760676604,0.004215364899854749,0.11532749861179892,0.02423296790312721,0.007063055206060777,0.016951332494545866,0.00924618136066138
571,0.01225475390542669,0.01334087757931902,0.0059080495681148445,0.028605925925058822,0.01026134924988368,0.024886577161789575,0.25589760545967905,0.0051768044445205195,0.1467096144795042,0.02222584836152142,0.03013608953185457,0.10621844903908166,0.0025653373124709202,0.10189360829782368,0.12064825571172443,0.014611437348777973,0.024366128230370637,0.01318908504048985,0.030684018432433742,0.028179200601214663,0.002240984318940114
572,0.0013944957052310842,0.04177524851604971,0.0017583252346369312,0.0038219511921148224,0.11183482694828238,0.001162931198662255,0.04909413156049531,0.00469057646305001,0.0035583683512793174,0.42959735688764317,0.11751419762482086,0.004252849530641118,0.002112931332780717,0.1403395359417902,0.0008895920878198296,0.0010018707008456332,0.0013401647037285744,0.001109598733194626,0.0022931707152688942,0.07894868436549765,0.0015091922061668973
573,0.1856945205873142,0.011419596957396343,0.016444219618650734,0.0093433066015061,0.011263164122363514,0.004282348859023629,0.01227180568556025,0.006655587902402001,0.012445086268916156,0.004173659801688003,0.0093433066015061,0.012091337954890244,0.006486556548420432,0.010277637261656708,0.0031382098508875448,0.015197075490487408,0.6362766459165577,0.004619162814227734,0.007830580770786064,0.012091337954890244,0.008654852430868805
574,0.006006957035677388,0.06239444295694775,0.013786458770407121,0.013348793412616418,0.01727191641742885,0.004082397985411816,0.03424189465062457,0.014499551465428178,0.01681947969989668,0.006570109257772143,0.01557359231471915,0.04864459450904028,0.006837186869876702,0.015867433679147815,0.006727791879958675,0.004595486256802373,0.0075763422071606695,0.006006957035677388,0.011065447170984661,0.6497154140141514,0.038367752410269886
575,0.01721229911596096,0.015982849179106605,0.008454808456948671,0.02514047122633625,0.00764958860390594,0.002311386484633449,0.06584020326202993,0.007836163935708523,0.008907908580851652,0.0026026339301323466,0.26955260987646773,0.009735840041334832,0.0055993974309824605,0.24701289637974227,0.061978711941435435,0.002974840012630088,0.004724745902412493,0.0036929048432649365,0.2209628899011489,0.009179506324687127,0.002647344570279125
576,0.012627015119471719,0.0268324071288774,0.005554971880933571,0.022999206110466346,0.022206130037691646,0.01594823809802466,0.05626644428002116,0.08034508960578597,0.03066560814728846,0.008702402312068347,0.027999033525785113,0.4944885787059468,0.00990735032450858,0.037881045358415154,0.008702402312068347,0.04355350104713334,0.014670463486108608,0.011925514279501068,0.03389356689963461,0.018731587062942784,0.01609944427732644
577,0.012026983551462497,0.025978284471158984,0.024979119683806717,0.01587625123749606,0.028237265729520632,0.011808311123254088,0.036080950654387475,0.01968051853875681,0.49782044199640024,0.008326373227935575,0.022395072819964643,0.019977156502941483,0.014432380261754994,0.02288634242877833,0.1487105334450276,0.01030884304411071,0.012812648398540153,0.011808311123254088,0.021648570392632488,0.017552894912945264,0.016652746455871146
578,0.036795588210614634,0.01089555032157545,0.011692785710959022,0.009783759472435097,0.012615900372350521,0.0033670844655062423,0.013697263261409137,0.351085811664671,0.015464652069332896,0.08078505680461538,0.006253857978690338,0.012292415747418456,0.007490690846083123,0.017121579076761425,0.004565754420469713,0.0048424668095890895,0.0060684077740420245,0.3687848800683766,0.008125495155073218,0.01089555032157545,0.007375449448451075
579,0.12685263459535095,0.13945510258320257,0.012041272470663555,0.014449526964796268,0.015121597986414702,0.004315023943171043,0.014449526964796268,0.015481636033710286,0.01711128193199558,0.005283472482770798,0.006355759235252384,0.018061908705995333,0.00833626555661323,0.03422256386399116,0.005201829707326657,0.004925975101635092,0.00866971617887776,0.5003393318750736,0.012268466290864756,0.02322245405056543,0.013834653476932598
580,0.025557381724891283,0.031236799885978238,0.03201063069092013,0.05542935487740668,0.0256085045527361,0.005733247287925992,0.011297869655618867,0.016701198621349632,0.2941625671208967,0.036869665439187425,0.07311827335557178,0.013687757858049366,0.007682551365820829,0.0397354945403484,0.24899696040041167,0.022490495917904328,0.017023350605056685,0.010108620218185304,0.010381826170028148,0.014226946973742279,0.00794050273797012
581,0.0029195275950819255,0.037723639603159644,0.011339203060436393,0.006105030178217197,0.007249723336632922,0.0030259714796380894,0.01242809714851358,0.03498486693196782,0.012888397042902972,0.18128610754566712,0.09430909900789913,0.013384104621476161,0.007733038225741783,0.015817578189017283,0.003954394547254322,0.005523598732672703,0.2524582034980684,0.2669524468008623,0.006692052310738081,0.011225378069625168,0.011999542074426904
582,0.00900918786932804,0.022703153430706665,0.015339968534261257,0.022703153430706665,0.10127040897749146,0.005564498389879083,0.017327346069270392,0.012681555490180591,0.021829955221833328,0.4357946427916208,0.01830899470218279,0.01830899470218279,0.13862661373537227,0.02579903798943939,0.0045406306861413325,0.005113322844753753,0.07377718290916487,0.007276651740611109,0.014936285151780698,0.01773683861773958,0.011351576715353329
583,0.010686246591813556,0.01275455238377747,0.020276467892159054,0.021372493183627113,0.02081005915247903,0.004102047185124055,0.0494238904871377,0.02155346306654625,0.0566842167942727,0.007322057849946327,0.018390284832423328,0.02824222313550726,0.011296889254202903,0.02325830140571186,0.6081909431697182,0.0063262579823536265,0.010178774704497568,0.007254883007286267,0.013179704129903385,0.02824222313550726,0.02045402065600506
584,0.012676042155073423,0.028658877915818174,0.0329577096031909,0.023541221145136355,0.024413118224585854,0.012206559112292929,0.025352084310146846,0.04708244229027272,0.031388294860181805,0.005405257570711462,0.025352084310146846,0.028658877915818174,0.5057873603530019,0.037771023394176984,0.009416488458054543,0.040848175328656644,0.017036694146652508,0.009838122269609225,0.02197180640212727,0.043943612804254545,0.015694147430090902
585,0.20822282252085467,0.07588427098378012,0.0070846109033132175,0.008495854077630234,0.14564884269467468,0.06434516792181355,0.07847123476731808,0.025537975811849082,0.011820318716702936,0.005824450623755055,0.042684902428376324,0.011327805436840312,0.005034580194151249,0.011820318716702936,0.014463091251859083,0.07336424230818273,0.0403566119587773,0.05321135466967165,0.006630910499613841,0.10261623008033902,0.007154403433793881
586,0.05556673846632007,0.03979133792512281,0.07314576072560115,0.06704299782270373,0.029996547051246426,0.05199197536001326,0.03311307142020709,0.11427256019522446,0.03878461554522677,0.07446449619278972,0.052374923422811206,0.01928349453294413,0.05078780453121088,0.049252900309411346,0.004917466729712528,0.03901469872336956,0.06931975158901485,0.08532813903811853,0.02142610503660459,0.02608395395760559,0.004040661424741305
587,0.033595282896020096,0.02724059856268952,0.0499410973649308,0.22810060883250458,0.01096267990937505,0.23503172694564228,0.09274775224915718,0.013937595200844477,0.017034838578809917,0.004034567031823401,0.009582096700580576,0.0499410973649308,0.008287218768069687,0.08878417309321028,0.003017505583967105,0.08427560180332075,0.0080691340636468,0.0031387932482876313,0.008813134829105432,0.017034838578809917,0.0064296583942738995
588,0.010867815993784863,0.01381118282543493,0.02071677423815239,0.15371996976534072,0.01506674490047447,0.5090129403245176,0.02882333807047289,0.024553213911884315,0.023676313415031302,0.007708567158382285,0.02071677423815239,0.026517471024835055,0.015784208943354205,0.044195785041391766,0.004933440212990783,0.007799256183775018,0.014105037779167587,0.007980588186714124,0.01274878414655532,0.02071677423815239,0.016545019401435712
589,0.03695436971358456,0.08155668724615446,0.007862939567898405,0.0022166845621579886,0.013554055335305824,0.06393431268176836,0.07551545115384672,0.11703255437632494,0.11999120248563765,0.05142862621684389,0.05909904872909744,0.019002673035779377,0.002859250751963056,0.043057084986317225,0.1375194338269634,0.016121276089023456,0.06888242345135293,0.06458558322368467,0.005422716943378211,0.009153388018648085,0.0042502376042694075
590,0.043851713508991697,0.4531208137537852,0.014528641423534926,0.014528641423534926,0.015255073494711672,0.004068019598589778,0.007823114612672651,0.0409344081733234,0.008162249594055114,0.0031781403113982643,0.036114236712630456,0.009534420934194794,0.01557335944840016,0.009534420934194794,0.0032115944199392985,0.0031884432841794742,0.23431181500830944,0.06003318080401816,0.007441499265713011,0.008973572643948042,0.00663264064987464
591,0.053741612499719225,0.16678030749198736,0.022721546923438706,0.021038469373554358,0.0172132931238172,0.006682807918658442,0.01775120853393649,0.011576060256064148,0.02184764127253722,0.03728828013032237,0.024697333612433377,0.033414039593292214,0.009467311218099461,0.01622967637388479,0.009312109394851928,0.008000544691351657,0.012085929214595056,0.4357904020825656,0.025819939685725806,0.025819939685725806,0.022721546923438706
592,0.02081708635807113,0.02176350289387663,0.030971138733593674,0.02236804464092876,0.03355206696139314,0.009150563716743585,0.025164050221044856,0.008376466317566039,0.03399184144003197,0.010457326259139529,0.6188292670166716,0.02776722783011847,0.015485569366796837,0.02776722783011847,0.01005701011289373,0.009701802494860669,0.009176761304419707,0.006820456550624889,0.015485569366796837,0.025164050221044856,0.017132970363264582
593,0.010621529398676124,0.01931187163395659,0.6547320526919427,0.026241862791840147,0.01931187163395659,0.026137855911607666,0.016032497205548866,0.02360339866372472,0.03540509799558708,0.005983960224606267,0.018079198976469996,0.008212494770602598,0.009039599488235,0.029300770754968616,0.007262584204222991,0.0062023529335335035,0.014402073760916777,0.008413092593010792,0.01976098492776953,0.026495352131658247,0.01544949730716527
594,0.010340026647853884,0.02326505995767123,0.028322681687599768,0.02714256995061644,0.018095046633744293,0.011844030523905357,0.021013602542412732,0.5001974758715103,0.013028433576295892,0.0060490542895773325,0.03003349620734277,0.02246281651085499,0.010857027980246578,0.021714055960493157,0.008685622384197263,0.0065800169577252,0.016087975739816084,0.1472198620336582,0.02326505995767123,0.017605991319318774,0.036190093267488586
595,0.012134102391133687,0.014156452789655967,0.028312905579311935,0.026822752654084986,0.030537083396702327,0.008637835600468047,0.02123467918448395,0.3904968188370893,0.018875270386207954,0.00787819536836907,0.014691482087291352,0.030537083396702327,0.008354627875862537,0.0424693583689679,0.009266041825956632,0.007529030829019504,0.005757352251963504,0.23935276172192116,0.03397548669517432,0.02215792610554847,0.026822752654084986
596,0.010613811126482969,0.018228066934612052,0.020962276974803865,0.018633135088714545,0.018633135088714545,0.009016033107442522,0.018228066934612052,0.019499792534701268,0.023291418860893177,0.030216802262756418,0.017468564145669885,0.027048099322327563,0.008324999701214659,0.026202846218504824,0.009316567544357272,0.644733213401105,0.016907827273724883,0.010481138487401932,0.016441001548865773,0.020962276974803865,0.014790926468290862
597,0.011646163695226735,0.017760399635220768,0.04440099908805193,0.022916644690607443,0.01821579449766233,0.004016577983067256,0.019200432038076507,0.02007985945984939,0.06752294447076793,0.0064583271400802805,0.019733777372467523,0.018695157510758707,0.01268599973944341,0.024497102945132097,0.5459547393781908,0.05915800114346652,0.013743842461525798,0.009226181628686115,0.015787021897974016,0.017327219156312947,0.03097281406743132
598,0.03088132641882595,0.0828403835679617,0.013806018341874242,0.009388092472474487,0.019558525984321846,0.13034326085868098,0.005497858091362822,0.013806018341874242,0.17393509283613798,0.002897559405084718,0.020854921737388957,0.015646820787457473,0.0033828747508602365,0.17980684332157343,0.1729638849932646,0.03891677359923476,0.004694046236237244,0.0036108047971055717,0.007823410393728738,0.01676445084370444,0.05258103222084583
599,0.012427186643253554,0.02364863570623915,0.490571048611368,0.0158124733646022,0.02660471516951904,0.04983146991140328,0.02455819861801758,0.02364863570623915,0.07981414550855712,0.007786745903273865,0.025540526562738277,0.010258057148246753,0.013302357584759521,0.02364863570623915,0.009389899471594956,0.011824317853119578,0.015573491806547737,0.0492535408492191,0.033605956003603,0.032946425494319705,0.019953536377139282
600,0.015567475673496877,0.05508491392160434,0.031134951346993754,0.01935415894542855,0.029837661707535684,0.011550062596465422,0.03326966228254913,0.04774025873205709,0.026940667294824524,0.008457846252904877,0.023100125192930848,0.02754245696080217,0.011479508493890322,0.55026937928272,0.0033532686103488253,0.010530939426189063,0.014918830853767835,0.015567475673496877,0.034100184808612204,0.023100125192930848,0.007100046750450682
601,0.01475864515021771,0.024856665516156146,0.024856665516156146,0.02361383224034834,0.02361383224034834,0.0027208836598446675,0.03935638706724723,0.04138259813722206,0.15115612392235175,0.008285555172052048,0.024856665516156146,0.018891065792278672,0.012428332758078073,0.027780979106292163,0.3615690913818183,0.03331275834594811,0.027403870828306347,0.021467120218498496,0.02951729030043542,0.027780979106292163,0.060390658023951486
602,0.014761799790942623,0.05166629926829917,0.026956330053025657,0.006897527638505796,0.02952359958188524,0.4757013246831667,0.030999779560979497,0.03444419951219945,0.026956330053025657,0.011272647113083458,0.022142699686413934,0.04428539937282786,0.012156776298423336,0.06199955912195901,0.03273309806949945,0.011071349843206967,0.014418502121385816,0.01462893870694892,0.021789692943127797,0.03263134690629421,0.022962799674799632
603,0.020122980497525898,0.03682494484942308,0.04939277031210903,0.041793882571784555,0.03196002784901172,0.04835573304373459,0.036221364895546615,0.05202884598659279,0.036221364895546615,0.013251718864224377,0.02859581439122101,0.00685327141050736,0.010866409468663988,0.02716602367165996,0.008040390520953095,0.4161304524338975,0.013251718864224377,0.030184470746288848,0.02859581439122101,0.030184470746288848,0.03395752958957495
604,0.010595276510461308,0.03926484824465073,0.029021844354741845,0.009835973878794785,0.02472231185774305,0.511928289078698,0.029021844354741845,0.023839372148537943,0.03926484824465073,0.0089000322687875,0.02781260083996093,0.03926484824465073,0.01854173389330729,0.03337512100795312,0.005171599490527488,0.012594385286020048,0.014833387114645833,0.012651952033368288,0.06675024201590625,0.020859450629970706,0.021750038501881407
605,0.020095152431810714,0.03490210685525019,0.04144625189060961,0.0315780966785597,0.027630834593739738,0.013262800604995073,0.01724724879099326,0.05101077155767335,0.03548137482638909,0.010095021822581103,0.04736714501783955,0.026525601209990146,0.009210278197913245,0.5086104002039983,0.007450644165386531,0.01300274569117164,0.011634035618416732,0.016174147079262284,0.020723125945304805,0.030142728647716076,0.02640948817039892
606,0.06456869275123306,0.03273071018733083,0.020141975499895888,0.02276918969553448,0.045024630708231074,0.007235414756779228,0.021820473458220548,0.15469591698422927,0.021820473458220548,0.010070987749947946,0.020947654519891726,0.02909396461096073,0.009351631482094521,0.02276918969553448,0.007481305185675616,0.00952166114540533,0.01114236942547432,0.40136561362610973,0.020947654519891726,0.03740652592837807,0.02909396461096073
607,0.0017146331643079962,0.015198902766461865,0.02056068692529631,0.025838134702985165,0.020116168838078152,0.004388430837027067,0.025838134702985165,0.3244502271972783,0.022467943219987106,0.006079561106584745,0.012919067351492584,0.015198902766461865,0.00833488216225328,0.01565947557756677,0.0067112038189571874,0.006541299924806373,0.007278347803657795,0.39692304720715504,0.028709038558872406,0.012603968147797646,0.022467943219987106
608,0.00944394413899435,0.029351726329917557,0.025682760538677855,0.04402758949487633,0.02679940230122907,0.014675863164958778,0.05603511390256987,0.019623704214250047,0.04402758949487633,0.010447224625902857,0.04109241686188457,0.036112752871092335,0.015033811047030943,0.030819312646413424,0.014675863164958778,0.008884344732069865,0.47213741357607464,0.018129007439066723,0.029351726329917557,0.030819312646413424,0.022829120478824762
609,0.011185563237113465,0.008476778160007838,0.086192164504363,0.03169242917182148,0.03883562293745769,0.005381733255592327,0.02221811937280617,0.04753864375773223,0.0518603386447988,0.01584621458591074,0.0518603386447988,0.027164939290132695,0.013266598257971782,0.03565398281829917,0.009507728751546445,0.012401385328104057,0.021128286114547656,0.02281854900371147,0.0335566897113404,0.4369688931277516,0.016445001324192257
610,0.31964325891491846,0.032117923506471156,0.08213350005408766,0.029823786113151795,0.04175330055841251,0.013460392099615127,0.03479441713201042,0.02783553370560834,0.04175330055841251,0.01439768984772845,0.029823786113151795,0.0463925561760139,0.011284675826597977,0.05219162569801564,0.01043832513960313,0.013248130792991832,0.04292694062752589,0.00818742817495333,0.05964757222630359,0.0463925561760139,0.04175330055841251
611,0.013437759211437894,0.041992997535743426,0.025841844637380564,0.019761410605055728,0.19983826137484875,0.007812650704324357,0.010601230725082083,0.018212545933587093,0.019761410605055728,0.2572669174748904,0.2592331576024734,0.015997332394568922,0.002599667415239307,0.019761410605055728,0.008375042462034533,0.005998999647963345,0.010180120614725677,0.006460461159345139,0.02238831815657724,0.016797199014297368,0.01768126212031302
612,0.012903350553839107,0.04516172693843686,0.006836140812939402,0.028226079336523047,0.018064690775374752,0.012903350553839107,0.0374213954572223,0.12331447252703018,0.027060005053577817,0.011015055350838262,0.056452158673046086,0.3458455501958112,0.016129188192298884,0.02150558425639851,0.012544924149565798,0.09729818277448485,0.011559649006141011,0.012903350553839107,0.041056115398578966,0.02416425699151735,0.037634772448697396
613,0.05916314633450658,0.032154701120660746,0.04180111145685898,0.032154701120660746,0.08360222291371797,0.016077350560330377,0.026125694660536863,0.0094696041332241,0.023632080102512668,0.016077350560330377,0.023222839698254987,0.03800101041532635,0.03983231942402604,0.0348342595473825,0.0093539292580372,0.09730302485322125,0.3196034346322692,0.017417129773691243,0.0348342595473825,0.02985793675489927,0.015481893132169994
614,0.018903241471387507,0.03876361445560709,0.02717340961511954,0.0334441964493779,0.332721842532264,0.008051380626702086,0.031055325274422334,0.017390982153676505,0.0334441964493779,0.044853864873780666,0.01317498648005796,0.028984970256127503,0.014492485128063755,0.019762479720086934,0.009881239860043467,0.2317362126808854,0.0228828712548375,0.008051380626702086,0.02717340961511954,0.021335812251671363,0.01672209822468895
615,0.0046522053168405785,0.06719513758228728,0.022398379194095756,0.031829275696872925,0.026293749488721103,0.01832594661335107,0.02419024952962341,0.09778172671122785,0.026293749488721103,0.00863937483200836,0.030237811912029268,0.01743360956321001,0.01752647913813304,0.020853663387606393,0.0073750760761046984,0.041948410002574175,0.46372847429646014,0.011629927658472795,0.019508265749696305,0.023259855316945598,0.01889863244501829
616,0.020876711003098982,0.04335932285259019,0.010339127499780047,0.040262228363119476,0.05636711970836726,0.008807362454432383,0.02808698760371377,0.033157129240216035,0.039200516820639825,0.01252602660185939,0.04697259975697272,0.4318897719407868,0.01252602660185939,0.03522944981772953,0.009240511427601189,0.03030837280636595,0.021941620024917008,0.026841485575412976,0.04697259975697272,0.020587586792100373,0.02450744335146402
617,0.013917059230465862,0.025303744055392475,0.0397630263727596,0.025303744055392475,0.026613664336132388,0.006050895317593854,0.025303744055392475,0.4072480076717604,0.021410860354562865,0.21295098206282417,0.04235528239274044,0.027834118460931725,0.01159754935872155,0.03479264807616465,0.00927803948697724,0.00582747435936108,0.01939276227008383,0.010893785177774912,0.011416965111170874,0.014649536032069331,0.008096111761727646
618,0.08440509682366121,0.11633750203013318,0.02021047288171163,0.013882923444991728,0.014891927386524359,0.044380032797331805,0.02021047288171163,0.05023664860392113,0.012861210015634676,0.004984805195877774,0.09144750544612092,0.015719256685775715,0.005052618220427908,0.018863108022930855,0.005894721257165892,0.10525773993202522,0.07786680533607773,0.21686452710900905,0.018863108022930855,0.046050261220261034,0.015719256685775715
619,0.06177067899852907,0.14410954866560247,0.022723340840427535,0.021884503339854467,0.02726800900851304,0.007765283248246567,0.02556375844548098,0.02726800900851304,0.03718364864797233,0.04089440413438839,0.14446319479135897,0.024060007948687977,0.00681700225212826,0.02045100675638478,0.00670524811684747,0.007052071295305098,0.015288904388578167,0.3136584375908859,0.010763687766518306,0.021527375533036613,0.01278187922274049
620,0.011822521846895086,0.03546756554068527,0.026009548063169192,0.01345321451543234,0.09753580523688449,0.006192749538849808,0.013712499583430758,0.02786737292482414,0.01663606793438292,0.005790136575662247,0.01857824861654942,0.19904289235530592,0.004331508117385513,0.2992656837559907,0.09869820716165784,0.008300919594628463,0.00866984935438973,0.016255967539480744,0.014449748923982883,0.04334924677194865,0.03457024604846387
621,0.0063976706918158635,0.016732369501672263,0.008056326056360717,0.011448463343249442,0.02821232732254715,0.005878940635722686,0.005480466016600067,0.5279866231106985,0.02175208035217394,0.16666714822368783,0.053057630840879055,0.012795341383631727,0.0029164321608352653,0.007768600125776405,0.0030606296373986747,0.005058623337714869,0.015720779508408604,0.06838142722256585,0.009063366813405808,0.014501386901449292,0.009063366813405808
622,0.008617115685638116,0.014361859476063527,0.010399967206804623,0.04308557842819058,0.023199926845948775,0.006417001042496469,0.01311300213031887,0.23089659809012103,0.02513325408311117,0.007539976224933351,0.1392439073436915,0.012215512348563268,0.005199983603402312,0.027418095363394002,0.006417001042496469,0.004944246704874329,0.025133607852795378,0.3171188220255201,0.030159904899733404,0.015873634157754425,0.03351100544414823
623,0.012243476067078827,0.03591419646343121,0.03591419646343121,0.03168899687949813,0.08978549115857802,0.010219306586259535,0.02693564734757341,0.07695899242163833,0.029928497052859347,0.009824946671258107,0.038479496210819156,0.016834779592233385,0.009130727914431664,0.03520418035655627,0.413203354137848,0.010164395225499402,0.016834779592233385,0.013467823673786706,0.00645977414226552,0.05387129469514682,0.02693564734757341
624,0.02495241227659795,0.03888687627521759,0.0036892393882429213,0.004853932370491312,0.15285533674335533,0.005917568128837458,0.02866232531649884,0.15102023004907117,0.0025686110216664743,0.0975000043336819,0.08166244017795694,0.044019843716330484,0.001420663132826725,0.10260152740307409,0.002426966185245655,0.03936710983740481,0.05615417383565334,0.1497144736595877,0.004853932370491312,0.002391780820391439,0.004480552957376595
625,0.11133863500725566,0.026764883566609606,0.033456104458262005,0.02867666096422457,0.023616073735243766,0.022304069638841337,0.036497568499922174,0.009867989242789194,0.016124410034933107,0.21077581509480126,0.30661284660445437,0.019117773976149714,0.008727679423894434,0.019117773976149714,0.008921627855536532,0.008921627855536532,0.005018495627802323,0.005944125378279298,0.019117773976149714,0.066912208916524,0.012165856166640728
626,0.033447226085926415,0.03644163515043834,0.1403056381494055,0.44590931006243745,0.023322646496280533,0.013693997534015121,0.024294423433625555,0.04164758302907238,0.008635052336447941,0.008329516605814477,0.02776505535271492,0.019435538746900443,0.011661323248140268,0.03429800955335373,0.006407320466011138,0.011432669851117908,0.012405663029936452,0.02184910478933301,0.03644163515043834,0.022425621631038974,0.0198510292975511
627,0.252813388800877,0.07926642601850506,0.01770028137877384,0.02550977536277985,0.02072669248225863,0.12269947308876646,0.02763558997634484,0.019507475277419885,0.01579176570076848,0.007209284341655176,0.030147916337830732,0.019507475277419885,0.007536979084457683,0.014418568683310352,0.00614124221696552,0.23569527592577996,0.004126644762402483,0.005131857359380714,0.0165813539858069,0.0165813539858069,0.05527117995268968
628,0.030882230874010128,0.04087657780900576,0.045099230473035004,0.4678648431690159,0.024525946685403453,0.003751603086929737,0.029197555577861255,0.029197555577861255,0.04104506383871087,0.012022522885001694,0.027870393960685746,0.038321791695942894,0.0127739305653143,0.038321791695942894,0.013329318850762748,0.009580447923985722,0.014598777788930628,0.04186600989801091,0.027870393960685746,0.03227098248079402,0.018733031202109344
629,0.09212438653723541,0.11044562227113999,0.1236221327695576,0.127114594531732,0.029208759608896517,0.028386327307458704,0.014604379804448262,0.01938857318866407,0.01680241389923706,0.0685117229061617,0.029593085393224108,0.04381313941334478,0.003265827953322457,0.045816573921822715,0.00906884874953642,0.059943349943630944,0.12494858277139065,0.032192686859236194,0.006662289024777812,0.0048987419299836845,0.009587961215199071
630,0.16735470321399437,0.21220023298470306,0.014275131268991747,0.008282541135373125,0.006344502786218553,0.003418510165981032,0.021412696903487623,0.01070634845174381,0.015572870475263722,0.2721471173300583,0.011809029351633941,0.013602579037480965,0.00489433072079717,0.006852063009116037,0.0028082225447196873,0.0026765871129359525,0.06919572814718579,0.13030662991969383,0.012235826801992927,0.006117913400996463,0.007786435237631861
631,0.010428084033654299,0.040669527731251764,0.018486148968750803,0.0508369096640647,0.06593718832260456,0.006354613708008087,0.01768240336141381,0.06357192614674406,0.019366441776786557,0.31045815307039687,0.018486148968750803,0.019366441776786557,0.010428084033654299,0.036972297937501605,0.007011987539870994,0.006676793621970255,0.009919397007622382,0.21756955170058087,0.02541845483203235,0.02259418207291765,0.02176526372463667
632,0.06302506849675014,0.06677062241613915,0.062115278758532996,0.04436702091272744,0.03161384571539649,0.05969108263760576,0.030805537160173285,0.04647235320163284,0.041280255339548225,0.060922515180712,0.06915528750242982,0.10669672928946317,0.0008030317412774004,0.06623552286596801,0.027938736150981653,0.05339431500187605,0.07358122590258534,0.047559875433892514,0.013229707174377877,0.03214786337950793,0.0021941257384222035
633,0.049870916027286404,0.02709137173737798,0.059971498119494836,0.09238852413003258,0.06807575462212927,0.05276388276183271,0.051056815966596954,0.06353255293889891,0.00724976927385519,0.045846932046640164,0.04580550358528684,0.024993432262568546,0.019313242256982346,0.0875259702284519,0.00995514107014643,0.11295018062814507,0.07211919429877155,0.05813639467931851,0.012503710032635984,0.0359828988716969,0.00286631446185087
634,0.07220839461667061,0.0831685973709867,0.03747366686141009,0.042317362623141445,0.013383452450503605,0.0394184497956239,0.07389548782516923,0.03881201210646046,0.05888676216321457,0.014337314643434323,0.03630801132539848,0.07227064323271948,0.049796091048809096,0.06105479610133185,0.061811094731084905,0.070997583121574,0.0765750509127463,0.0341278037487842,0.023884315142437204,0.03212028588120865,0.007152824297290843
635,0.013387695985867249,0.03899179530505323,0.448046370429561,0.030186739888056206,0.02785128236075231,0.06201861316518718,0.026585314980718117,0.026585314980718117,0.03899179530505323,0.010634125992287247,0.018866997728251563,0.09206815306497801,0.01244418999097444,0.02339507718303194,0.00622209499548722,0.011707385275005415,0.012714715860343447,0.01153884565671523,0.016710769416451388,0.036648197166342815,0.03440452526916461
636,0.006499358771970003,0.01911576109402942,0.012998717543940006,0.023211995614178582,0.009369235101570146,0.007737331871392861,0.00955788054701471,0.11992793614151358,0.013540330774937508,0.24795389050527275,0.2594025007819286,0.012035849577722229,0.006914211459542557,0.01911576109402942,0.007221509746633337,0.051902758881703016,0.04788969245204836,0.06896204289183915,0.023211995614178582,0.010482836728983877,0.022948402805571266
637,0.07003751800901856,0.015919437646132042,0.02316521388692876,0.04321463877152208,0.07731300486101922,0.07211416290250121,0.03413820993863187,0.03218745508499575,0.06330199500049166,0.05759944205758302,0.04119227882901242,0.04291660677999434,0.05308694849087843,0.06169262224624187,0.04727475547931898,0.06524484138850492,0.048281182627493646,0.02840069566323155,0.041964623226233164,0.08046863771248941,0.00048572939777709193
638,0.0668133296048267,0.0895716200014708,0.04885724727352952,0.026823586738408366,0.051537467922228575,0.04694127679221464,0.04956532332097198,0.011231551097363105,0.06514299636470601,0.05126569046187051,0.03527561852800855,0.09306142337815146,0.0009351916403663169,0.03965225865677758,0.03782496563111962,0.08091341681593645,0.05168955146329935,0.023695730857940127,0.032383509546554216,0.08587031338983978,0.010947930514416223
639,0.007590159752008704,0.0187223940549548,0.03510448885304026,0.020059707916023004,0.028281113351697588,0.005975232145198342,0.020059707916023004,0.18638375375683205,0.02553053734766564,0.21476538867549985,0.08173106565629455,0.015601995045795668,0.00684965636156883,0.015601995045795668,0.00452961146490842,0.014269556803356108,0.007390418705903213,0.17158996784721245,0.01616220060260853,0.0187223940549548,0.08507865464265854
640,0.08896791652119987,0.039076104511272094,0.027911503222337205,0.03436837723843378,0.027911503222337198,0.0652982626000492,0.03663384797931759,0.017172005205400475,0.09888523159294194,0.024627796960885767,0.05056911443177657,0.07326769595863519,0.027911503222337212,0.044070794561585074,0.13126530046429527,0.04384132187264786,0.09071238547259595,0.0433109532760405,0.008440373877810681,0.011448003470266985,0.014310004337833733
641,0.061855541858862106,0.07859292377361303,0.03760816945018817,0.06418859679599492,0.023286792229218672,0.04890968037337099,0.05566998767297591,0.034639103440962785,0.07745276908836571,0.01099654077490882,0.0676035652577451,0.0882173284184301,0.002639169785978117,0.0784163341812197,0.049400439864353975,0.07967832510633087,0.07649636141558898,0.015463885464715527,0.020243631881082146,0.024742216743544838,0.0038986364225496685
642,0.03879488168615707,0.005133137372799971,0.016662567434247478,0.0862287864722307,0.009624632573999944,0.07610068111760789,0.12705207668613702,0.010266274745599942,0.1349667962174046,0.018382542167246635,0.01399946556218174,0.016300337707416016,0.11760833517612969,0.041397569483747454,0.09449951328982112,0.11089336679620548,0.04121277344868562,0.02142330098688962,0.0064164217159999645,0.007333053389714246,0.005703485969777745
643,0.05948109888407076,0.08571729873450934,0.036711777604342404,0.075697225833096,0.08265596663684828,0.08439655665708859,0.06943101197495256,0.046206981349071446,0.00243007815585216,0.03770736939522887,0.026299625748088095,0.06750237275342612,0.02877405290180606,0.05653147951233385,0.011826561264077351,0.04653402772869076,0.028668961401068997,0.0731225847903058,0.027121489052715844,0.048215980538161486,0.004967499084265167
644,0.02652597555179104,0.014635020994091608,0.03994499847799121,0.0771527365331727,0.028294373921910445,0.031108487189639916,0.07012083971951717,0.06994094782366392,0.06658637160214041,0.05641622117356533,0.055844159056402186,0.07445391486410713,0.0017117448869138374,0.07995035438068926,0.088614926753674,0.052294066087816615,0.06800767877472337,0.06018984997933675,0.011936688998305968,0.023454546803688917,0.002816096426858249
645,0.031152429743954674,0.3318016228326691,0.0068314224640268215,0.008009253923341791,0.009677848490704664,0.0025058943287109624,0.012903797987606219,0.14018504778115512,0.012224650725100629,0.12906808887352209,0.04578744109563188,0.011060398275091046,0.004074883575033542,0.009290734551076478,0.003629193184014249,0.0034157112320134103,0.026067467562611486,0.17791791179992714,0.004941880080359827,0.010098624512039649,0.019355696981409327
646,0.05688409275141917,0.024487243408481796,0.10234606378158027,0.06535266487013115,0.03411535459386009,0.04284811765445437,0.06699656199311027,0.0687470463180603,0.04561349262364256,0.04006185042931764,0.046680474907236535,0.04417173192643156,0.014638667937792851,0.05496362684566347,0.048696536881356105,0.045187320060116436,0.05640825890681271,0.04001183563477417,0.05041491289981545,0.04801420276172901,0.003359942814214207
647,0.04787891226380162,0.06187559962790762,0.054698030071070325,0.01202154507056491,0.035062839789147655,0.07583126229420901,0.05049048929637262,0.0177595825773558,0.04978078852011027,0.06574282460465183,0.014850143910697828,0.06451562521203168,0.0018756737984338744,0.030053862676412278,0.06585434709299784,0.04344442398021757,0.029782886455385838,0.03534334250746084,0.10939606014214064,0.12923160950857276,0.004510150600457307
648,0.015319305737612103,0.030220817078047857,0.04360110094551138,0.04360110094551138,0.037787620819443195,0.02006676741113043,0.03542589451822799,0.0298323322258762,0.07085178903645599,0.013161276787228013,0.037787620819443195,0.02464410053441947,0.012595873606481064,0.026991157728173704,0.0072687846934549015,0.01069460966588015,0.0188938104097216,0.011808631506076,0.4341865856109813,0.07085178903645599,0.004409030883868025
649,0.019529163185067408,0.09402697246591675,0.04206281301399134,0.018855743764892668,0.034276692630785144,0.00520777684935131,0.03216568054011102,0.039058326370134816,0.03216568054011102,0.4184730830284776,0.04725251729136054,0.0248552985991767,0.008964206052162088,0.027340828459094375,0.010317293758148818,0.007375463114162184,0.015623330548053926,0.07319543146195749,0.016082840270055514,0.01708801778693398,0.016082840270055514
650,0.04546944579094546,0.18252697570791293,0.022933914168769557,0.052865730821804034,0.05556261932706441,0.05346749793464116,0.03996287027259032,0.027954581865175857,0.05143163653611495,0.033330291173191716,0.06790986806641204,0.05572091738782528,0.0005519071110059023,0.049148205677336305,0.03726602000566829,0.04218125521882101,0.05705133255017505,0.06211615904256431,0.024178898080788467,0.037611619236782065,0.0007582540244110059
651,0.06073478537911321,0.051446632092679655,0.01602723503059932,0.033259525326657234,0.05813186600572265,0.0516713936346797,0.036227766717365766,0.041412921591560965,0.05769804611015756,0.07212255763769693,0.06832663355150237,0.08840156311687308,0.0008542353977041381,0.08138461240801172,0.0447681017785605,0.047474617238517154,0.0607269121147101,0.052769567624475405,0.019855602912402397,0.05528817014845562,0.0014172541825545927
652,0.06824719728766832,0.055437723335213636,0.047198372730405794,0.06381112946396988,0.06906616365512033,0.0017952303408834249,0.08853356481340392,0.006937143567157072,0.0474885680154863,0.016780781450732567,0.039511535271807965,0.09463983813599021,0.0029493069885941983,0.07807479369709253,0.030418750791075026,0.08898338374849947,0.034368441877304104,0.04469397850280791,0.024398373030341418,0.09371641630785188,0.0029493069885941983
653,0.18190340753552414,0.01501793280756684,0.014562843934610267,0.09140312658988245,0.032038256656142586,0.36799659860486506,0.024028692492106943,0.03003586561513368,0.022884469040101846,0.012646680259003654,0.03003586561513368,0.017163351780076386,0.014562843934610267,0.01501793280756684,0.003896632733035796,0.005523837354507343,0.00906743112909696,0.009586840133483461,0.020894515210527775,0.020023910410089118,0.06170896535693472
654,0.04196715203982843,0.1534855403788172,0.04713701859545946,0.05656442231455136,0.01028444042082752,0.04608811727423939,0.05656442231455137,0.0128555505260344,0.04242331673591351,0.0571057890681705,0.061030034602542256,0.020426041391365765,0.03197119522126816,0.09898773905046489,0.03418547862422089,0.037702479648299994,0.03501607095662704,0.07179330524539211,0.044105341811106154,0.03599554147289632,0.004311002307423383
