site,A,C,D,E,F,G,H,I,K,L,M,N,P,Q,R,S,T,V,W,Y,*
564,0.0869878128715146,0.037120083536605966,0.027590515872376445,0.03618428311131338,0.008865149362271774,0.02085380258638794,0.0514495275488987,0.03859666027309281,0.1424756147507964,0.040618048064920025,0.039936346558935354,0.11210607325090906,0.004041353302118775,0.0935445955434522,0.08506576195295207,0.06837794124799455,0.03444551386531369,0.04539383709596994,0.0079153119305998,0.01792146097494295,0.000510306298633607
565,0.006997696506466909,0.010901674557443185,0.010054942552981576,0.011768853215421619,0.013627093196803981,0.003308814961524289,0.010054942552981576,0.009770368707142476,0.010153520421148062,0.805845365626841,0.03206425321484846,0.011136119171581747,0.003405115636864972,0.009153898536349786,0.002552835137857485,0.0038500337656397865,0.00647286926848189,0.004369869548342205,0.00986341983768669,0.01418711072543976,0.01046120285815255
566,0.6333409646941196,0.07487535381174092,0.013073474475065872,0.007479690688911784,0.03743767690587046,0.0039597542881209145,0.021118689536644874,0.04334888904890263,0.015839017152483658,0.0059253877117205036,0.01830286426509222,0.021118689536644874,0.007288751256010175,0.01680875289651327,0.004902552928149702,0.0054298317838760045,0.005311541748701702,0.0055042704930419635,0.021674444524451313,0.02353225405511857,0.01372714819881917
567,0.04392899772978124,0.030573295123290958,0.05143507297212478,0.07364567266463325,0.01341855340462464,0.0010147731998368917,0.011592374400914488,0.08611478126393618,0.04416142628919805,0.08631630702470691,0.13017824640283626,0.09141415241863995,0.0014258605483010263,0.10141899968484792,0.09039213083880424,0.020090510886593044,0.048025551089502884,0.031166110164402787,0.022849401121781764,0.01907773615693356,0.001760046614309079
568,0.4707631827584166,0.019208566793668957,0.012517270228266533,0.014635098509462062,0.01336248124776971,0.006143336637417384,0.025611422391558607,0.018078651099923723,0.021952647764193093,0.006539086568057518,0.018626489012042627,0.019208566793668957,0.0077806852835114754,0.024586965495896267,0.006146741373974067,0.2122439956018551,0.04294887839597871,0.013614593800050742,0.01661281452425423,0.01661281452425423,0.012805711195779305
569,0.00213748198782621,0.007393055396198497,0.007569080524679413,0.006034503540546592,0.010962116621949495,0.001341119184397714,0.014450062819842516,0.47683783990940476,0.017661187890918632,0.03584551857317309,0.09212653426668811,0.013245890918188974,0.004415296972729659,0.018700081296266786,0.002838405196754781,0.0049672090943208656,0.008830593945459316,0.24272031164774213,0.004675020324066697,0.015895069101826767,0.011353620787019122
570,0.00819732186230057,0.014824943793522305,0.01620400833245461,0.012903191820287933,0.01620400833245461,0.0029904393059894787,0.019907781665587095,0.5175967817952484,0.019907781665587095,0.0056191319217382945,0.18724760482271768,0.041874321875044716,0.009813695187261245,0.016589818054655914,0.004051002083113654,0.02358753627054622,0.008288826606467521,0.028620077130642112,0.009677393865215952,0.023225745276518283,0.012668588332646336
571,0.005454662688817709,0.0053813484685637505,0.007501273622846439,0.0058647174981742356,0.013028527871259606,0.003272797613290625,0.21022564849335276,0.0065728335862129195,0.18641357960658136,0.02262532622333542,0.018494715679272546,0.17651242552629678,0.003257131967814902,0.1027983293846961,0.1309510646257363,0.0033155792814382142,0.01226552105178121,0.013467706992744606,0.027477863294919205,0.042273635838337244,0.00284531068452796
572,0.0019191549037429756,0.005989529027562623,0.0024198701249275568,0.005259906032480747,0.12709682641215084,0.0008256829237033734,0.0029502682091501406,0.0064553392216809185,0.0048971538923096615,0.6138051799490091,0.07766514521803787,0.006108932424546606,0.0020002459560138058,0.02262876239443351,0.0012242884730774156,0.0013788103191939823,0.0018443826347659764,0.0015270694933008622,0.003155943619488449,0.10877050443667721,0.0020770043337465264
573,0.09249895365478193,0.026647954134572206,0.01809544192323944,0.010281501092749683,0.012394138303588657,0.004712354667510271,0.01350406113674585,0.007323899044521051,0.013694741436891294,0.00459275175716737,0.010281501092749683,0.01330547200238194,0.011113607565403645,0.01130965120202465,0.003453328611305237,0.00986254974259879,0.7003988374170961,0.005082989304280742,0.008616877106304495,0.01330547200238194,0.009523916801704967
574,0.006495070548722108,0.03573175285984682,0.03163344743944936,0.014433490108271352,0.018675398371678465,0.004414125615636384,0.03622421985269665,0.015677756496915433,0.0181861975364219,0.0071039834126648055,0.01683907179298324,0.017938554613232963,0.007392763226187766,0.017156790128699907,0.0072744790145687615,0.004968906430716367,0.00819198087226212,0.006495070548722108,0.01196460364238283,0.7025907469975926,0.010611590490348079
575,0.004151089875907498,0.03268226669351281,0.009940767860725848,0.006745521048349684,0.008994028064466244,0.0027176199907020305,0.015532979635185903,0.009213394602623957,0.010473501768574924,0.006908189348756386,0.3475974411123998,0.011446944809320674,0.008975464268878554,0.2904833424517482,0.0022205316374411563,0.0034976775806257617,0.005555134980993857,0.004341944582845774,0.17158190014094232,0.010792833677359491,0.03614742586863912
576,0.013311027864819209,0.028285934212740817,0.005855887935175569,0.024245086468063556,0.023409049003647577,0.016812163421758786,0.01754637033282384,0.04499262923412335,0.03232678195741808,0.009173816501429455,0.029515757439381722,0.5213017983270014,0.010444037247781226,0.03993308359445762,0.009173816501429455,0.0567045397313456,0.015465171016725161,0.012571526316773699,0.03572960111083051,0.03623036125462906,0.01697156052764449
577,0.013457006961440662,0.02906713503671182,0.0279491683045306,0.017763957397163452,0.03159471199642589,0.013212334107596285,0.04037102088432198,0.02202055684599381,0.5570668017618926,0.009316389434843534,0.025057875031648122,0.04610332692886455,0.016148408353728792,0.04097832123861549,0.008314638363932886,0.011534577395520565,0.014336088343005999,0.013212334107596285,0.02422261253059318,0.01963995610588637,0.018632778869687065
578,0.005332899135927346,0.0171994669341454,0.018457964514692626,0.015444419287804033,0.019915172239536778,0.005315202648761242,0.021622187002925647,0.05015506789644785,0.024412146616206373,0.032318897906843856,0.08311605033935604,0.019404526797497375,0.011824633517224962,0.02702773375365706,0.007207395667641883,0.007644207526286845,0.009579449938005033,0.5823536741609654,0.012826721103430468,0.0171994669341454,0.011642716078498426
579,0.13115278467427582,0.18748452712967525,0.011182838850287417,0.013419406620344899,0.014043565067802804,0.004007401834745993,0.013419406620344899,0.01437793566465525,0.01589140257672423,0.004906808768649835,0.005902651191742086,0.016774258275431126,0.007741965357891289,0.03178280515344845,0.004830986383324165,0.004574797711481216,0.008051643972206939,0.4646457067995027,0.011393835809726803,0.021566903496982877,0.012848368040755759
580,0.08193390061193863,0.18487649368847694,0.016378167694734484,0.001600050146075117,0.013102534155787585,0.03752656975560104,0.005780529774612169,0.008545130971165816,0.15048882692015755,0.1159266538292499,0.09506643729542576,0.007003310735381459,0.003930760246736275,0.1449270984066442,0.08980821857979596,0.011092589621308616,0.010186910307165568,0.005172052956231942,0.005311838171265236,0.007279185642104214,0.0040627404901416725
581,0.07123949410963286,0.017074122565263257,0.014174092778889057,0.007631335615277172,0.009062211043141642,0.0037824880875721636,0.01553521893109996,0.05734126213119967,0.016110597410029584,0.1711292738927522,0.0853706128263163,0.0167302357719538,0.009666358446017752,0.019772096821399944,0.004943024205349987,0.006904541747155536,0.10244473539157953,0.3336918479653682,0.0083651178859769,0.01403181064744512,0.014999521726579267
582,0.016057770963700254,0.028634553324342372,0.0193476711650962,0.028634553324342372,0.009630119007136428,0.0070182728736133265,0.07203324519776423,0.01599472417025726,0.0275332243503292,0.5497973613938284,0.023092381713179334,0.023092381713179334,0.04442306718670521,0.03253926514129815,0.0057269106648684745,0.006449223721698733,0.025290989267827906,0.009177741450109734,0.018838521923909456,0.02237074478464248,0.014317276662171185
583,0.010660198825324723,0.012723463114097246,0.020227043924975114,0.021320397650649445,0.020759334554579716,0.022735387682915772,0.04930341956712684,0.032401121088457815,0.012615744951278514,0.007304210306241013,0.018345458443582076,0.028173382609786767,0.011269353043914705,0.023201609208059686,0.6066087709140959,0.029394241118068955,0.010153963902653601,0.0072371992025140304,0.013147578551233823,0.028173382609786767,0.014244738730657467
584,0.012737201233451748,0.02879715061476047,0.03311672320697455,0.0236548022906961,0.024530906079240404,0.012265453039620204,0.025474402466903495,0.04730960458139221,0.0315397363875948,0.0071857351815307145,0.025474402466903495,0.02879715061476047,0.5082153053567678,0.03795326016429292,0.009461920916278442,0.03447844937501583,0.01711889239906252,0.009885589017007328,0.022077815471316365,0.04415563094263274,0.0157698681937974
585,0.2170102014817131,0.1925128014690694,0.007381679479105319,0.008852098239154872,0.0901613120380827,0.03910531133315957,0.054448065061959025,0.010894890140498305,0.012315962767519822,0.0024847995057276835,0.06417093382302314,0.011802797652206496,0.005245687845425109,0.012315962767519822,0.003953324855983825,0.020615705222070253,0.06852360432746206,0.03396630002480054,0.009738678303765028,0.12704548514457106,0.007454398517183051
586,0.05693993177936198,0.0720534646287688,0.04330088194449423,0.0606611489221418,0.025218712620069084,0.04350686276065691,0.02802079180007677,0.09962948195582848,0.02693164515794643,0.07441587330512188,0.05915500491127315,0.03642702934009979,0.05396596939274042,0.03399926190142897,0.00551228691149051,0.05604158360015353,0.09724863036497229,0.07775847694944968,0.03362495016009211,0.00974636236524409,0.005841649228589087
587,0.05029145644000791,0.03316315954190148,0.07205822320215631,0.3082260660840921,0.008393169074914593,0.26379457222938324,0.03474235761532536,0.015641815094159017,0.01911777400397213,0.009599861972655692,0.010753747877234321,0.0286766610059582,0.009300538704635089,0.06305094530188676,0.0033864711745356176,0.007599890728352424,0.02559963192708185,0.003522589291841044,0.00674744964846075,0.01911777400397213,0.0072158450774740595
588,0.01247299082031386,0.015851092500815532,0.02377663875122329,0.013685854384846353,0.017292100909980578,0.5842248256446806,0.03308054087126718,0.028179720001449825,0.027173301429969477,0.008847121395804014,0.02377663875122329,0.03043409760156581,0.018115534286646317,0.05072349600260968,0.019913348891033956,0.008951205176931121,0.016188349788066925,0.00991601000961416,0.01463177769306049,0.02377663875122329,0.018988716337674454
589,0.014079729437018238,0.026469891341594293,0.011796772926291757,0.0033256931715149275,0.01272590929884341,0.04918391972255695,0.04963104626548928,0.0834026588391257,0.18016893145595964,0.045637743692403934,0.13666519986149225,0.013466590804636254,0.004289735609560638,0.0054009416286990115,0.20766438691036704,0.0037176813682014455,0.04946954429971933,0.07836480989287781,0.00813570546640811,0.010026473993028142,0.00637663401421176
590,0.0021856628406208053,0.38921809035543675,0.01701326729427045,0.01701326729427045,0.017863930658983975,0.004763714842395727,0.009160990081530243,0.1125049662777922,0.02205261447047862,0.0037216522206216605,0.01082662464180847,0.011164956661864985,0.003607539433273581,0.011164956661864985,0.0037608275071545198,0.005976099410956118,0.2744894145322396,0.056522191419103356,0.008714112516577548,0.01050819450528469,0.0077669263734712925
591,0.004529204733393247,0.03976101951647066,0.02249045237891448,0.020824492943439337,0.04253523605852845,0.006614838934974846,0.01757066592102694,0.1633410962830441,0.021625434979725466,0.043640143371736086,0.024446143890124436,0.03307419467487424,0.009371021824547703,0.016064608842081773,0.009217398515948558,0.00791917337285721,0.01196300658452898,0.43140675029733605,0.02555733224876646,0.02555733224876646,0.02249045237891448
592,0.044319868764570974,0.01921387451939199,0.027342821431442454,0.027916344921439,0.06281177607323774,0.008078560877471634,0.02221604241304699,0.03557494727912835,0.03000964409528041,0.014180801208808212,0.5462153101202365,0.024514253697155305,0.013671410715721227,0.024514253697155305,0.00887881566178231,0.008565221171295228,0.008101689376811756,0.0228610947362454,0.013671410715721227,0.02221604241304699,0.015125816111010717
593,0.009575992809401423,0.017410896017093492,0.5903194584019178,0.023658729356930575,0.017410896017093492,0.0034157916638683796,0.014454328768907804,0.021279984020892043,0.03191997603133807,0.005394925526423336,0.016299562228768376,0.06087971889574593,0.00814978111438419,0.026416531888003917,0.006547687391043706,0.005591820618628567,0.01298439702969684,0.007584944799525878,0.017815800575630546,0.08896006003103074,0.013928716813674793
594,0.008982983200136354,0.02021171220030679,0.024605562678634358,0.023580330900357927,0.015720220600238616,0.010289598938338005,0.01825574005189001,0.4345551489894875,0.011318558832171805,0.005255165669351937,0.026091846864622455,0.01951475660719277,0.009432132360143172,0.018864264720286343,0.0075457058881145365,0.009693651590213499,0.0045813243428104965,0.2645537923917143,0.02021171220030679,0.015295349773205142,0.03144044120047723
595,0.0151780416663834,0.0177077152774473,0.0354154305548946,0.033551460525689615,0.03819756165100801,0.010804707626916996,0.02656157291617095,0.48855493588736104,0.0236102870365964,0.009854505401601656,0.02768549716321059,0.03819756165100801,0.01045045491783775,0.0531231458323419,0.011590504545238231,0.009417750068916833,0.007201631365184482,0.03913083480810276,0.042498516665873516,0.02771642391252621,0.033551460525689615
596,0.010847372344470092,0.018629182939416025,0.021423560380328433,0.019043164782514162,0.019043164782514162,0.009214434572184271,0.018629182939416025,0.0199288933770497,0.0238039559781427,0.013792138895789426,0.017852966983607024,0.027643303716552808,0.008508194695622142,0.026779450475410537,0.009521582391257081,0.6590428764137358,0.012242034503044818,0.010711780190164217,0.016802792455159553,0.021423560380328433,0.015116406803292518
597,0.011842165353347043,0.01805930216385424,0.04514825540963561,0.02330232537271515,0.018522361193696657,0.026111154437536588,0.019523569906869445,0.020417797844707083,0.09870979843262982,0.006567018968674269,0.02006589129317138,0.019009791751425517,0.012899501545610172,0.024909382294971364,0.5551387245325425,0.006467665925509095,0.013975147463060975,0.009381455669534673,0.016052713034537102,0.01761883137936999,0.016277146026601397
598,0.05719830870645133,0.07081695363655875,0.017676291990024663,0.012019878553216774,0.02504141365253494,0.10622543045483815,0.007039085602826744,0.017676291990024663,0.19000292118553375,0.0037098390596348066,0.013658952901382696,0.02003313092202795,0.0043312039996732145,0.230332216500644,0.1248094071074087,0.04552518448064494,0.006009939276608387,0.004623030212775682,0.010016565461013977,0.021464068845029948,0.011789885461145677
599,0.013404694041444735,0.025508808649930024,0.5293588328031652,0.02732324211361332,0.028697409731171273,0.001961401925529564,0.026489916674927335,0.025508808649930024,0.08609222919351381,0.008399241872537933,0.02754951334192442,0.013081876951977942,0.014348704865585638,0.025508808649930024,0.010128497552178097,0.012754404324965015,0.016798483745075875,0.013774756670962212,0.03624935966042687,0.035537951282832395,0.02152305729837846
600,0.015599113909770528,0.05519686460380341,0.031198227819541055,0.0193934929689039,0.029898301660393516,0.011573536126603938,0.03924054346947499,0.047837282656629614,0.019002093360295565,0.008475035381298453,0.023147072253207876,0.027598432301901704,0.01150283863486195,0.5514454385463252,0.003360083556253244,0.010552341762491828,0.014949150830196751,0.015599113909770528,0.03416948761187829,0.023147072253207876,0.007114476383189864
601,0.019000893386750244,0.03200150465136883,0.03200150465136883,0.03040142941880039,0.03040142941880039,0.0035029787498953927,0.050669049031333985,0.052664545967978184,0.01453442642443297,0.010667168217122942,0.03200150465136883,0.024321143535040314,0.016000752325684413,0.03576638755152987,0.46557381246572377,0.010164481635166398,0.018048592670328604,0.02763766310800036,0.03800178677350049,0.03576638755152987,0.020872557814274967
602,0.013912556375585984,0.048693947314550935,0.02540553772933092,0.006500714240939222,0.02782511275117196,0.44837125905053593,0.029216368388730558,0.03246263154303396,0.02540553772933092,0.010624133959538385,0.020868834563378975,0.04173766912675794,0.011457399368129631,0.058432736777461115,0.028473115268057184,0.010434417281689487,0.013589008552897935,0.013787338763413922,0.080405854865305,0.03075407198813743,0.021641754362022633
603,0.02041010294388237,0.037350377364422954,0.05009752540771127,0.04239021380652492,0.032416045852048464,0.002317651643699759,0.036738185298988264,0.07947825920774929,0.036738185298988264,0.013440799499629858,0.029003830499201258,0.006951056530021423,0.011021455589696484,0.027553638974241193,0.013770545043831543,0.42220513949108285,0.013440799499629858,0.030615154415823555,0.029003830499201258,0.030615154415823555,0.034442048717801495
604,0.01059499382040848,0.039263800628572605,0.029021070029814536,0.009835711447514897,0.024721652247619786,0.511941311203945,0.029021070029814536,0.023838736095919077,0.039263800628572605,0.008899794809143123,0.027811858778572257,0.039263800628572605,0.01854123918571484,0.03337423053428671,0.005171461508311381,0.0125940492582214,0.014832991348571871,0.012651614469644948,0.06674846106857343,0.020858894083929196,0.02174945819427669
605,0.020205234598029982,0.0350933021965784,0.041673296358436855,0.04491307979743047,0.027782197572291233,0.01333545483469979,0.017341730010515123,0.051290210902691494,0.03567574342421788,0.010150322814899098,0.047626624409642104,0.02667090966939958,0.009260732524097075,0.5114315421391896,0.007491459135675402,0.013073975328137049,0.011697767398859466,0.01626274979841438,0.020836648179218424,0.03030785189704498,0.007879167010531398
606,0.04518678028665083,0.03855899036435336,0.035748730508743144,0.026823645470854505,0.036290814460567866,0.00852380795564711,0.025705993576235573,0.039718118364760545,0.025705993576235573,0.011864304727493342,0.02467775383318615,0.03427465810164743,0.011016854389815246,0.026823645470854505,0.008813483511852195,0.011217160833266434,0.013126464804886249,0.4729029702688554,0.02467775383318615,0.044067417559260975,0.03427465810164743
607,0.0015401179026425678,0.01365195934525084,0.018468021430728458,0.02320833088692642,0.018068746368036303,0.003941776606975766,0.02320833088692642,0.39318933547160384,0.020181157292979503,0.005460783738100336,0.011604165443463214,0.01365195934525084,0.007486558350621428,0.014065655082985714,0.006028137892708164,0.005875526806816818,0.006537557996317304,0.35654255052186634,0.025787034318807137,0.011321137018012893,0.020181157292979503
608,0.009138424533632795,0.028402173080447388,0.024851901445391456,0.042603259620671075,0.025932418899538918,0.014201086540223694,0.05422233042630864,0.039920798327563574,0.042603259620671075,0.010109248045582967,0.03976304231262633,0.03494447467680068,0.02601645233552416,0.029822281734469748,0.014201086540223694,0.00859692864229966,0.4568132806732015,0.01754251866733515,0.028402173080447388,0.029822281734469748,0.022090579062570188
609,0.010500219841658673,0.007957402979380279,0.05710064657982355,0.02975062288469957,0.036456150654805994,0.005051992565326342,0.07074250703815889,0.04462593432704936,0.04868283744769021,0.014875311442349786,0.04868283744769021,0.04561597714340199,0.012453749114525401,0.03346945074528702,0.008925186865409872,0.011641548085317222,0.019833748589799718,0.02142044847698369,0.03150065952497602,0.4102045005922244,0.030508267653441848
610,0.3083217153376668,0.0309844331569725,0.054083261406079976,0.028771259360045896,0.040279763104064246,0.0033289060416582025,0.03356646925338687,0.0268531754027095,0.040279763104064246,0.013889573484160086,0.028771259360045896,0.044755292337849174,0.010886422460557906,0.05034970388008032,0.010069940776016065,0.018630749194825366,0.05419733291878072,0.05940340525903105,0.05754251872009179,0.044755292337849174,0.040279763104064246
611,0.012626163854460743,0.03945676204518983,0.02428108433550143,0.0185678880212658,0.24274008287697055,0.007340792938639967,0.013592282877526738,0.01711256955464953,0.0185678880212658,0.24170355477283023,0.24661884668770884,0.0150311474457866,0.009136000534922608,0.0185678880212658,0.004129125772324533,0.005636680292169975,0.009565275647318745,0.008581974518436751,0.01434791347097812,0.01578270481807593,0.016613373492711504
612,0.014980008505101306,0.05243002976785456,0.050798457437762234,0.03276876860490911,0.020972011907141833,0.014980008505101306,0.04344397370922883,0.04904827533698672,0.031415026985380505,0.012787812138501114,0.06553753720981821,0.4016230049116506,0.018725010631376632,0.02496668084183551,0.014563897157737381,0.0031508416913172336,0.013420052389141453,0.014980008505101306,0.04766366342532233,0.028053238865519636,0.04369169147321214
613,0.06802790879454285,0.033075586838394955,0.04299826288991345,0.033075586838394955,0.0859965257798269,0.01653779341919748,0.026873914306195904,0.009740806255929562,0.0880719986038427,0.01653779341919748,0.023887923827729696,0.039089329899921324,0.025564854024948933,0.03583188574159455,0.009621818541974215,0.015925282551819797,0.32875657218099685,0.017915942870797272,0.03583188574159455,0.030713044921366745,0.015925282551819797
614,0.026116689968268266,0.028098634037022247,0.037542741829385634,0.04620645148232078,0.459894970930731,0.011123775356855003,0.04290599066215501,0.024027354770806805,0.04620645148232078,0.007141683357528655,0.01820254149303546,0.040045591284678,0.020022795642339004,0.027303812239553183,0.013651906119776592,0.018646399830529355,0.03161494048790369,0.011123775356855003,0.037542741829385634,0.0294775260973895,0.02310322574116039
615,0.0821600280326943,0.0697525930007002,0.023250864333566736,0.033040701947700105,0.027294492913317467,0.019023434454736417,0.02511093348025207,0.010885043232443685,0.027294492913317467,0.008968190528661452,0.03138866685031509,0.03837154301476081,0.007655772402515874,0.021647356448493166,0.007655772402515874,0.00900819971017872,0.48140555222613446,0.012072564173198111,0.020250752806654896,0.02414512834639623,0.01961791678144693
616,0.019171978945949474,0.03981872550312583,0.00551110224900223,0.03697453082433114,0.051764343154063586,0.008088178617822435,0.06068714117120529,0.030449613620037404,0.03599951558672643,0.011503187367569685,0.04313695262838633,0.396677494728225,0.011503187367569685,0.03235271447128974,0.008485957894108782,0.004833260059020865,0.020149930565944413,0.024649687216220753,0.04313695262838633,0.09259930924707382,0.02250623615394069
617,0.014813336526214407,0.026933339138571648,0.04232381864632687,0.026933339138571648,0.019751115368285877,0.0064405810983540895,0.026933339138571648,0.37705925256258815,0.022789748501868316,0.22669419548419925,0.018799575037392633,0.029626673052428814,0.012344447105178671,0.03703334131553601,0.009875557684142937,0.0062027715305061435,0.029925337504967328,0.008285043414097875,0.02174577367969272,0.015592985817067799,0.01989642825543708
618,0.08214676355317697,0.13083209193275483,0.020908504404217054,0.014362413373102354,0.015406266403107301,0.0573620435073388,0.020908504404217054,0.026610823787185336,0.01330541189359267,0.00607104810948728,0.0705167189739677,0.016262170092168817,0.005227126101054263,0.01951460411060258,0.006098313784563306,0.12330405489694157,0.08662670329486949,0.22436640803662816,0.01951460411060258,0.024393255138253224,0.016262170092168817
619,0.0018513501543266466,0.4063565225408468,0.01741027102153873,0.016767566749725658,0.020892325225846473,0.003131661910760606,0.019586554899231074,0.10539756783147494,0.028489534398881557,0.018714305868391564,0.028550153987043945,0.018434404611041007,0.005223081306461618,0.015669243919384856,0.005137457022749134,0.005403187558408572,0.008035509702248644,0.24041511239036217,0.008246970483886767,0.016493940967773534,0.009793277449615537
620,0.012334521066162129,0.0370035631984864,0.02713594634555669,0.01403583431666725,0.1017597987958376,0.006460939606084927,0.06000372022543197,0.02907422822738217,0.043352366366192364,0.006040890640199432,0.019382818818254776,0.17016538508934223,0.012135632391107522,0.31225441297448964,0.049963699007283036,0.008660408408156387,0.009045315448518894,0.01695996646597293,0.015075525747531493,0.045226577242594476,0.003928449618747741
621,0.006606206415863299,0.017277770626104017,0.008318926597753783,0.011821632533650116,0.03158992183133985,0.0060705680578203285,0.0056591049312836655,0.4185045486235031,0.02246110181393522,0.1721328887602803,0.14298298099727233,0.013212412831726599,0.002268335218632574,0.008021822076405434,0.0031603926055508874,0.0052235120497523746,0.008318926597753783,0.08267729471046939,0.009358792422473006,0.01497406787595681,0.009358792422473006
622,0.015693193599207126,0.02615532266534521,0.01894006124042239,0.07846596799603564,0.042250905844019186,0.011686420765367009,0.023880946781402148,0.4207521189704432,0.045771814664354114,0.013731544399306236,0.02890851452485524,0.022246469374782783,0.009470030620211196,0.04993288872474995,0.011686420765367009,0.009004291409381138,0.012649245300854029,0.013910064012677423,0.05492617759722494,0.02890851452485524,0.06102908621913883
623,0.012688796498379782,0.03722046972858068,0.03722046972858068,0.03284159093698296,0.0930511743214517,0.00552393753082309,0.027915352296435512,0.0797581494183872,0.031017058107150573,0.010182300209189876,0.03987907470919359,0.0174470951852722,0.009462831286927292,0.005213672656293378,0.42819837453021714,0.010534095206202082,0.0174470951852722,0.013957676148217756,0.006694729427135596,0.055830704592871025,0.027915352296435512
624,0.014607685143750946,0.015651091225447444,0.0010595799375587515,0.005287629748646005,0.13484017055770103,0.001379381673559827,0.08307222553769382,0.19055960100182767,0.0027981156337143014,0.1689179591168291,0.021911527715626423,0.04794891543791197,0.0015475989508232208,0.050565063959137894,0.002643814874323002,0.03127295331537414,0.05487320866673602,0.15475016449161158,0.005287629748646005,0.006144794264330734,0.004880888998750159
625,0.1536060650227305,0.0227291107862701,0.02841138848283762,0.024352618699575106,0.020055097752591265,0.01894092565522508,0.030994241981277402,0.14384716539580514,0.00947046282761254,0.12797481167427333,0.26032195761823307,0.016235079133050067,0.007411666560740249,0.016235079133050067,0.00757637026209003,0.00757637026209003,0.004261776174772286,0.016610542485291743,0.016235079133050067,0.05682277696567523,0.010331413993759133
626,0.02316146659711978,0.03618979155799966,0.11410843683104568,0.4429225001088985,0.02316146659711978,0.004577369514773036,0.024126527705333106,0.04135976178057104,0.008575376567445548,0.008271952356114208,0.027573174520380692,0.019301222164266482,0.011580733298559891,0.03406098028988203,0.006363040273934009,0.011353660096627345,0.012319929041021159,0.021698108353004095,0.03618979155799966,0.02227064095876902,0.0708340698291352
627,0.3045843864988084,0.027832744498737017,0.021322077786051837,0.03072953491248849,0.024967747116396898,0.14612190861836938,0.0332903294885292,0.023499056109550023,0.019023045422016688,0.008684433779616313,0.03631672307839549,0.023499056109550023,0.009079180769598872,0.017368867559232625,0.0073978509974509336,0.12389784921801153,0.02828375267097807,0.007572401002924957,0.019974197693117517,0.019974197693117517,0.0665806589770584
628,0.012208508184130858,0.04554221641639836,0.021347913945186727,0.5212730391937352,0.027325329849839007,0.004179809779862243,0.03253015458314168,0.03253015458314168,0.01171009151327161,0.01339476953423481,0.031051511192998878,0.042695827890373454,0.014231942630124485,0.042695827890373454,0.014850722744477724,0.010673956972593362,0.01626507729157084,0.017616040255162647,0.031051511192998878,0.03595438138136712,0.02087121297501685
629,0.08847544148233559,0.04940924424301259,0.1306533537361194,0.09917509834394775,0.020731151430634646,0.002706382879059925,0.00829246057225386,0.022017912553915428,0.0037300516724539487,0.05231567037495452,0.1008188627468759,0.04975476343352316,0.0025487338348706146,0.13089327980964882,0.04855101915690568,0.03812056501871926,0.0810818367064822,0.048472338505527304,0.010946047955375097,0.0038231007523059214,0.007482684791078523
630,0.10707030475777082,0.16911788000527878,0.013024658784696467,0.00755700736656461,0.005788737237642874,0.005098203789303221,0.019536988177044707,0.009768494088522352,0.014208718674214327,0.3628626075234895,0.04294731075669164,0.008683105856464311,0.004465597297610218,0.006251836216654303,0.0025622279576452064,0.002442123522130588,0.0759014328214435,0.11886241596368703,0.011163993244025545,0.005581996622012772,0.0071043593371071636
631,0.009938376654061493,0.038759668950839835,0.01761803134129083,0.048449586188549776,0.13574439276073408,0.006056198273568723,0.01685202997862601,0.12626526079631667,0.018456985214685633,0.29585106511867443,0.01761803134129083,0.018456985214685633,0.009938376654061493,0.03523606268258166,0.006682701543248246,0.04310964139902906,0.009453577792887764,0.07901192814702904,0.02422479309427489,0.02153314941713324,0.02074315743643072
632,0.0650716146029537,0.06588800092785582,0.03444475173832698,0.035875735439093524,0.018825143122244516,0.05669934028971345,0.032195273180656826,0.055345920779398886,0.045266070401399745,0.09726323946493001,0.07137866767184378,0.1011851442820643,0.0006507622227925803,0.06242021140533709,0.028331840398978,0.05746046592545565,0.08894880125260535,0.05313693481956272,0.010026434923804145,0.01780756781833941,0.0017780793326434713
633,0.07751497401281111,0.0488514698860958,0.07804499092913805,0.09447551533527238,0.06337487985223239,0.030676138651878442,0.07855844481682972,0.045811826663775375,0.027726509935351674,0.04031446488776114,0.04008882469591503,0.03872909324303091,0.020827425303550553,0.05871496221603882,0.01899560776599711,0.07446548382637305,0.060269460794125075,0.05322396829649948,0.018484339956901106,0.028342654600581708,0.002508964329841083
634,0.055746080991762786,0.05897581425557128,0.04224741310410223,0.03110374877199485,0.04224741310410223,0.048274557636616804,0.06528590896613463,0.015667199232979087,0.07979776152915992,0.0077644588690069325,0.049831801431346384,0.05694216548813779,0.06658559674016111,0.05784112259692269,0.0682642429345632,0.09224541206929639,0.06982489604103383,0.042247413104102224,0.0389269642480942,0.009184220240022224,0.000995808644889389
635,0.02720296999304042,0.044420009818554186,0.5105455484090363,0.03438916499553489,0.031728578441824425,0.003869701836045995,0.030286370330832407,0.030286370330832407,0.044420009818554186,0.012114548132332962,0.02149355313801009,0.008427215068735073,0.014176598878261977,0.026652005891132514,0.007088299439130989,0.009127399277785109,0.014484785810398105,0.013145217688903029,0.019037147065094653,0.05791037932547116,0.039194126310488984
636,0.006645496589078151,0.019545578203171033,0.013290993178156301,0.023733916389564826,0.02106473709376061,0.007911305463188275,0.009772789101585517,0.10896879392484585,0.013844784560579483,0.25355102809770247,0.34959923853781816,0.01230647516495954,0.007069677222423565,0.019545578203171033,0.007383885098975723,0.011731042167151555,0.017479961926890903,0.05010009512561419,0.023733916389564826,0.010718542885609922,0.012002164676187983
637,0.06376787421654699,0.019195484558482773,0.030434667239715604,0.05845388469850139,0.053452482799164376,0.05657855186992166,0.04782590566241024,0.026782507170949738,0.06695626792737432,0.03887763991365831,0.030745225068692292,0.04463751195158288,0.05280777083557796,0.04463751195158288,0.043256922079745956,0.06333701020157032,0.05340559465635809,0.038448277101153325,0.051754205750447875,0.1140463904257475,0.000598313920815412
638,0.07465499021045878,0.10918292318279599,0.03928274484883665,0.03425346609656344,0.04495148689092264,0.03241845898424754,0.04340190735216734,0.025816651787065055,0.0722413326322259,0.04507873253420708,0.037194096679743195,0.04951606493550838,0.0008226226728087746,0.034359843320465815,0.05769420211195361,0.06155600331978623,0.057869209802889794,0.02716856599531138,0.02818851864040418,0.12099925686058778,0.003348921141050471
639,0.010128525524625141,0.024983696294075337,0.04684443055139127,0.026768246029366435,0.013033980378789002,0.007973520093853834,0.026768246029366435,0.11984061832238169,0.0340686767646482,0.2866389303293537,0.044857291047839296,0.02081974691172945,0.009140376692954394,0.02081974691172945,0.006044442651792422,0.010967828625447918,0.009861985379240268,0.2104664987166846,0.021567301174960113,0.024983696294075337,0.023422215275695633
640,0.07544025341385037,0.0402348018207202,0.016093920728288077,0.06390233230349678,0.026823201213813458,0.04985769973321505,0.060352202731080294,0.04828176218486423,0.08478140031374112,0.02366753048277658,0.07791401391957943,0.11316038012077555,0.014369572078828642,0.03176431722688437,0.13092257861747628,0.017079077295885984,0.05532285250349028,0.024973325268033225,0.006648581437279096,0.024140881092432117,0.014269315513488761
641,0.0766323019787087,0.08876863939615125,0.007545334348672858,0.021571722433432063,0.022192159849037812,0.06396188600168083,0.10610626427821204,0.009431667935841073,0.10256394610056509,0.015719446559735117,0.007721199265062906,0.07447752306945538,0.003772667174336429,0.06128446676191269,0.08929527793675576,0.0641568315235191,0.05564462646635248,0.035368754759404014,0.006098186099717242,0.08252709443860935,0.0051600036228376675
642,0.053301970061367665,0.008050530173114294,0.01341755028852382,0.13887164548622158,0.010722388682586615,0.055873082544748445,0.08721407687540485,0.011437214594759057,0.11592763449284584,0.001979236191885485,0.015596201720125989,0.026251728825372703,0.1310709526439562,0.02998312178214403,0.10079983224014923,0.09242160424575155,0.06125793240551947,0.02415159051934289,0.007148259121724411,0.00816943899625647,0.006354008108199477
643,0.04137123146675245,0.09784913561830895,0.04026706405369773,0.07636053024842983,0.026838620055307596,0.0633053491404922,0.016908330634843784,0.04696758509678829,0.002450390511352407,0.03974180277420548,0.03842802417009952,0.10567706646777368,0.03181675119459852,0.06432517089342744,0.01860979786853876,0.04096010328208281,0.04760228219269083,0.05702249001702216,0.030822477719767316,0.10399965271431695,0.008676143879503384
644,0.02575727070131681,0.02842181594628062,0.02203830648241011,0.027753088030510895,0.013875970748184141,0.010157960665879373,0.05212538576709171,0.05995006380944003,0.08127187066557998,0.07584402547970891,0.03549327254535522,0.08358612687309243,0.002088264423595631,0.07420967498006774,0.14983913616280364,0.07493024204019434,0.08561901310699374,0.06266892970634437,0.003328171425105538,0.027605878646387392,0.0034355317936573294
645,0.05376948767717183,0.26341595902617343,0.0102489144632621,0.012015968681065909,0.014519295489621307,0.006721259512482916,0.01935906065282841,0.10926884226270898,0.01834016272373218,0.09228151005675128,0.0062475225753513336,0.01659348055956721,0.006113387574577391,0.013938523670036456,0.00544473580860799,0.005124457231631049,0.027938056260351722,0.26705610725314877,0.007414108335125773,0.015150569206561364,0.029038590979242614
646,0.058219986150605994,0.03942854208065477,0.1239347448441634,0.03853612651915846,0.02882203368468916,0.02911390238023032,0.05348833227995804,0.047050027970902596,0.09126977333484902,0.035595211600591106,0.03245147496350186,0.06299260123133266,0.010591342240782314,0.04611525389550265,0.04798182369603491,0.07030060601284574,0.0593545289474595,0.03786005412408552,0.04380949120072751,0.03955023511176791,0.0035339077301563956
647,0.05090207983670134,0.041349028438777,0.07732268318051297,0.010041906906560127,0.00878666854324011,0.051241059040404255,0.02343111611530696,0.05177389655193895,0.05352164455204555,0.05418445601664734,0.024809417063266195,0.09372446446122784,0.0021673288605179556,0.033473023021867096,0.07612286090146654,0.061684031608249236,0.03221778465854708,0.04217600900755254,0.14058669669184173,0.06527239489264083,0.005211449650688352
648,0.014837578327928147,0.029270500126425354,0.04223003062564166,0.04223003062564166,0.07747980261685802,0.009981643602424392,0.034311899883333837,0.02889423148070218,0.06862379976666769,0.012747410265896139,0.0365993598755561,0.023869147744927887,0.012199786625185366,0.026142399911111492,0.00704021214050093,0.010358309398742294,0.018299679937778052,0.011437299961111284,0.42055269181705124,0.06862379976666769,0.004270385499848593
649,0.020415515741429885,0.03362555533882569,0.04397188005846436,0.019711532440001265,0.0291056399782175,0.005444137531047969,0.03362555533882569,0.04083103148285977,0.03362555533882569,0.43755518075508565,0.08784611716417179,0.02598338367091076,0.00937105640590224,0.028581722038001838,0.010785555486038429,0.007710206621789452,0.016332412593143907,0.01315950981582317,0.04735659477236066,0.01786357627375115,0.03709828115452302
650,0.06469479330016858,0.10347928139876778,0.035755036255671786,0.06456315781704143,0.055528654791005445,0.0413917125595071,0.049221558625994984,0.034337719503194704,0.031930435887498165,0.048970997195956205,0.08958622972948874,0.060810046846683286,0.0005946022377298361,0.05295627285651664,0.025126501012447164,0.05480211164420722,0.04886521621608478,0.0737420535624552,0.022338384555924466,0.0404883220076131,0.0008169119960435085
651,0.0667886989323856,0.05107775005017716,0.013179945796263599,0.008216070106761725,0.06408534683274146,0.03069688432019138,0.050701801053569064,0.0352415575975631,0.05751249074733207,0.06807142459547506,0.05699898636565946,0.08313025139595738,0.0008394945536057652,0.09834635917793785,0.053188660921148004,0.04666763440412437,0.05115936676942912,0.06646935406044116,0.014931127405557364,0.08130399713156064,0.0013927977821186555
652,0.09015091109345202,0.061025232124798295,0.04193565685569639,0.02754611172299923,0.07492542388655789,0.0025550016670607984,0.06377889880627323,0.006863106911579334,0.058792034314795946,0.009074013273458572,0.04871312388909338,0.09575606367756105,0.00298327258945148,0.12340658051903654,0.027474563380861575,0.05058208216408211,0.014694171736020344,0.04304880715780346,0.05233761227369853,0.10137405936626832,0.00298327258945148
653,0.12376673403164949,0.018357295652451706,0.017801013966013777,0.008412831656633892,0.039162230725230306,0.4499127611641787,0.029371673043922727,0.03671459130490341,0.027973021946593072,0.015458775286275123,0.03671459130490341,0.020979766459944805,0.017801013966013777,0.018357295652451706,0.03742785218202599,0.006752108745729364,0.011083650205253861,0.011718554141783952,0.025540585255584985,0.024476394203268942,0.022217259105186796
654,0.031138119382722002,0.0917606021814624,0.06033010630402388,0.028154049608544472,0.038391885829833376,0.03340540832033513,0.08618586614860553,0.03290733071128575,0.04273382529868356,0.07965748222117916,0.04762903129265042,0.050275088586686556,0.020984384801399608,0.09911374607089637,0.049902927592000525,0.043070559179233046,0.03734720866439573,0.04640777408001835,0.06541730738226496,0.01371138779636906,0.0014759085474102536
