site,A,C,D,E,F,G,H,I,K,L,M,N,P,Q,R,S,T,V,W,Y,*
564,0.07270189206885476,0.05881045560476779,0.07765239118481998,0.0886754822037638,0.018990718033055992,0.021600219806302855,0.06554274771582543,0.02210802832693054,0.07299341440341885,0.050210667199481994,0.02698581032497256,0.08490074647708898,0.0034280843640049448,0.08922286172354012,0.09824116364772374,0.060506046067030334,0.033787235540551075,0.03256908142669102,0.005901018237588618,0.014779247033960635,0.0003926886096258163
565,0.005731876543139929,0.008253902222121499,0.011996950904246366,0.011724292929149857,0.010115076252599874,0.002906303599338555,0.009465484199680617,0.011214541062665081,0.013059971870445409,0.8215210407106693,0.01988249357936925,0.01063647193572358,0.0068154114050955105,0.009987664292728866,0.002210628860512465,0.003079814261985634,0.007214949494861449,0.0036979848665418895,0.006924414615873739,0.015172614378899815,0.008388112014351117
566,0.6565040552833714,0.05964085686704092,0.013253523748231315,0.0067186747556546795,0.05964085686704092,0.004486284157996523,0.016699439922771453,0.022566810706447914,0.016699439922771453,0.0067883902125087225,0.012278999943214306,0.018151565133447237,0.006422861508758252,0.011596833279702401,0.004092999981071436,0.01569617679334287,0.004415897496922409,0.004896633145187251,0.0173952499195536,0.032114307543791264,0.009940142811173485
567,0.038352346876035864,0.05072812465585416,0.023001723189541717,0.11848692530807829,0.007954580580103768,0.0014094672933165986,0.015055673360427303,0.07793525033632959,0.06747172135598901,0.10273236882537316,0.09382366332401007,0.030457454154427646,0.0018472679158674618,0.09137236246328295,0.09224587170039585,0.013388325512110675,0.06756327050301207,0.028289777315041995,0.034345847634223395,0.041403101741175084,0.0021348759554034005
568,0.444059853983141,0.013528392003680225,0.009144749460159437,0.01456903754242486,0.015783124004293596,0.003689561455549152,0.0236746860064404,0.014204811603864236,0.017756014504830293,0.005918671501610098,0.019592843591536877,0.01456903754242486,0.021062865065010677,0.02470402018063345,0.006313249601717438,0.22540845863166034,0.03245870523485452,0.03921642111698402,0.013858352784257792,0.02470402018063345,0.015783124004293596
569,0.04698637929889873,0.005699250949268394,0.010219346529722638,0.006344968825601804,0.010584323191498447,0.0011263165604314064,0.010584323191498447,0.5429961840374675,0.014818052468097826,0.020741821625577958,0.03272164664524296,0.016464502742330918,0.00322131575393431,0.01185444197447826,0.002029870201109291,0.0038488447969085267,0.005199316655472921,0.2313332135209746,0.004939350822699275,0.014112430921997932,0.00417409928678812
570,0.00634509526960096,0.011103916721801676,0.01636366674791826,0.010193759613457278,0.015545483410522348,0.0030039581469608403,0.0207273112140298,0.4695500194463498,0.012436386728417877,0.004441566688720672,0.11543677963228548,0.018473177868041084,0.011958064161940266,0.0207273112140298,0.0032727333495836527,0.024223926928488786,0.1607648639867038,0.0371266569615988,0.007147348694493035,0.0214420460834791,0.009715927131576468
571,0.012578927226213826,0.007168635946121858,0.007623048265637149,0.041160498632926666,0.006841197161469236,0.007700960397566551,0.18088302329167943,0.012302946947050428,0.2049220244216382,0.02272783442009089,0.05068351379451068,0.1274530608269126,0.0027225172377275536,0.017678002641376037,0.19280931221201025,0.008081007793810095,0.05153172079867087,0.0074075904776592545,0.012176861059165899,0.011116945387387509,0.014430371060375176
572,0.0013051439948185235,0.03202728702788623,0.0028311717493424825,0.0026935950531361023,0.11437943864444478,0.0008791594965097,0.00198573328999288,0.008439931166493119,0.004521391696335599,0.5061399771763908,0.16658976389992608,0.00713094910278129,0.0016657758881236419,0.03998154333598225,0.0012787774494686542,0.001667812953034229,0.0025319793499479363,0.0014066551944155196,0.0018617495220205412,0.09906804432497333,0.0016141196839760902
573,0.10773904834434683,0.06106185089866156,0.012552542167230951,0.007860003039294149,0.010012146728624688,0.004570762636980837,0.017521256775093207,0.006560270917529934,0.011497221170933228,0.004473512368108903,0.011680837850062136,0.017894049472435614,0.00684499272340527,0.008495154800045191,0.0028034010840149127,0.010253103158545038,0.6658488570477871,0.0047515272610422245,0.00816524587577159,0.014254581783126675,0.005159633896959962
574,0.005726432393973675,0.006161387905733528,0.04350771505108731,0.01195813823447444,0.012007941628247263,0.003986046078158145,0.14024754637465997,0.019833009754738094,0.019833009754738094,0.004086197989669658,0.013782261016004438,0.010074007385850332,0.0065576887092279185,0.019833009754738094,0.005212521794514499,0.004646590856824352,0.0061602530298807716,0.005050642235678644,0.008213670706507694,0.6428483095428124,0.010273619802480791
575,0.00387564391738912,0.00595188173027615,0.007935842307034867,0.00595188173027615,0.006409718786451238,0.0027097998121582466,0.02283759364981583,0.010100162936226193,0.01087295857158615,0.014065963686310507,0.36875475040791306,0.005847462752552006,0.003901360527836522,0.2619998606271571,0.02719676354688302,0.002687946587866648,0.0066661075379092875,0.0026039482569958153,0.15807000936040363,0.011493288858464288,0.06006705440849411
576,0.01941027467195083,0.01941027467195083,0.08755768754212699,0.041593445725608906,0.01941027467195083,0.010875888086588464,0.013021989638313192,0.024262843339938535,0.027728963817072613,0.008822852123614012,0.026468556370842035,0.4567429680997146,0.012940183114633887,0.02007959448822499,0.008439249857369924,0.10293980456035765,0.02142964940268568,0.009392068389653627,0.02156697185772314,0.028496184897728538,0.01941027467195083
577,0.00778879445587529,0.015238945674538611,0.012981324093125482,0.4779692469428102,0.016690273834018474,0.007152974500293633,0.010621083348920849,0.010952992203574624,0.2743986408759047,0.004936559866399831,0.007965812511690637,0.05940093916288019,0.0068724656963605486,0.014957461510254719,0.0037328268450487,0.004028686787521702,0.02111411278741375,0.006613127368196,0.010621083348920849,0.012981324093125482,0.012981324093125482
578,0.00654461984919565,0.013412707142988764,0.015328808163415728,0.03713057627619143,0.01877779000018427,0.005348489285314633,0.011922406349323345,0.1150382301768207,0.023472237500230336,0.024485219964961967,0.010144614408243284,0.020864211111315853,0.00834568444452634,0.03129631666697378,0.007085958490635574,0.005563789629684228,0.010432105555657926,0.5905597183172353,0.012950200000127081,0.01877779000018427,0.012518526666789513
579,0.046484444362288636,0.17767408424421557,0.01552120891466157,0.01171411993559364,0.01171411993559364,0.004174692830034214,0.01267037462421353,0.020694945219548764,0.01773852447389894,0.011651642590235017,0.08911669232393223,0.01826024578195479,0.008169057323506092,0.011939391472816594,0.004466534939470957,0.004223458208071177,0.008997802269369028,0.48846064184763077,0.012416967131729259,0.01552120891466157,0.008389842656573825
580,0.007255457499437007,0.20504006135599753,0.01269705062401476,0.002560565099085078,0.01269705062401476,0.0712562804137348,0.010692253157065061,0.011391114519777644,0.15885195336030652,0.13764263378064653,0.03980726934848208,0.007562202499693587,0.003564084385688354,0.14989781046236608,0.07445382228228488,0.04218931303621349,0.027968272169884775,0.00520904640985221,0.005643133610673227,0.008832730868879835,0.004787894491901845
581,0.0033178370838645374,0.027369393487840673,0.03547655326188737,0.007863067266178183,0.010156461885480151,0.0027542947486047867,0.022159553204683966,0.10874050737115934,0.01625033901676825,0.13299212328598636,0.09123131162613557,0.022159553204683966,0.009027966120426802,0.01681069553458784,0.005945245981744481,0.006093877131288093,0.05864870033108716,0.38257430449720753,0.010598047184848856,0.018750391173194134,0.011079776602341983
582,0.010398990382327085,0.014510219138130817,0.01599844674204167,0.02079798076465417,0.04886794979012813,0.007090220715223014,0.12990503951458277,0.011553586706997491,0.031196971146981254,0.4897026280640817,0.020127078159342747,0.01599844674204167,0.07822731625280743,0.02151515251515949,0.0051994951911635435,0.006499368988954429,0.018435397200922837,0.007427850273090777,0.01485570054618155,0.017826840655417862,0.013865320509769446
583,0.011178804394762945,0.024728870327808933,0.024001550612285143,0.01569332155418644,0.024728870327808933,0.004160773731087078,0.04533626226764971,0.016413977354907804,0.01093311927615799,0.00784666077709322,0.021475071600465658,0.028139748993713617,0.012000775306142573,0.038859653372271194,0.641149983845998,0.00652842176654156,0.011705228678299866,0.010462214369457627,0.010074724948366604,0.02331579202336271,0.011266174471632893
584,0.013582826050931595,0.03590479602577977,0.026928597019334824,0.023936530683853173,0.03077553945066837,0.0131895169074293,0.01958443419587987,0.038016842850825634,0.025851453138561426,0.028883737683576133,0.023081654588001276,0.025851453138561426,0.5063600206483615,0.02525789588859251,0.008617151046187143,0.056614762821631526,0.013544010841325749,0.014688325646909901,0.023936530683853173,0.026928597019334824,0.018465323670401018
585,0.13589729911240267,0.0937615262926172,0.011337603138041177,0.005993813005754995,0.14626798101648286,0.03482570976582925,0.04432363061105542,0.04653981214160819,0.011251383155114068,0.0017919647130607717,0.05548095831659694,0.010224739833346756,0.004138585170640352,0.006437799154329438,0.0014856459586914087,0.05757152259078218,0.03468068949558141,0.04458314842641802,0.0038626794925976627,0.24599614989135757,0.0035473587176917316
586,0.05841770425604896,0.027456263374936337,0.05248790675612186,0.06100091294472008,0.006275717342842591,0.07434075766911112,0.08053837256647993,0.07907403851981665,0.017547511717504582,0.044576051126367235,0.04393002139989814,0.01976850962995417,0.01713270834596027,0.13942339889886352,0.008934919606758945,0.05814267538221812,0.07603272934597756,0.09807192033680154,0.020893546763366185,0.010543205135975554,0.0054111288802768855
587,0.01303062248057296,0.09696497582025719,0.030916369102110985,0.20501315771481993,0.017590831374119244,0.3308750981304179,0.017590831374119244,0.026386247061178873,0.03015571092706156,0.0037694638658826956,0.018355650129515736,0.022219997525203265,0.009177825064757866,0.06772157041414785,0.017542832812943037,0.029940062709412744,0.0076759991450702164,0.008393521182750517,0.0076759991450702164,0.03015571092706156,0.00884752309352655
588,0.014613369839719385,0.016751911767483196,0.0140169057646288,0.07296739678322572,0.023683737326441755,0.5385692326855073,0.032706113450800524,0.04040166955687124,0.027473135298672437,0.00746552589637838,0.027473135298672437,0.023683737326441755,0.031219471930309592,0.032706113450800524,0.013782409338650523,0.008919849122945599,0.013467223185623748,0.006350624073755336,0.017610984165815666,0.01907856617963364,0.017058887557622558
589,0.00996394390234907,0.005488914330656823,0.013472789720703112,0.05129164942138592,0.032141754523706684,0.04744735191594794,0.028742145872160785,0.025887538806261247,0.23119908533233857,0.05121653407749522,0.08059072273958806,0.008417953086389927,0.005023752099245229,0.017180609507915803,0.21107182683730186,0.0036592762204378827,0.01116012763031053,0.13617389999877064,0.017435374932674618,0.00801084794203969,0.004423901102320425
590,0.015780091744161107,0.3140903348699146,0.013629599354342783,0.01625067615325486,0.01625067615325486,0.006601837187259786,0.016900703199385057,0.07821194337022175,0.014859340333372599,0.004801336136188935,0.027382234321992563,0.020119884761172685,0.00665635472236732,0.008622807754788292,0.003806464684546183,0.005436600508275375,0.3315068436954482,0.06356590110462561,0.010833784102169904,0.015089913570879514,0.009602672272377872
591,0.005225167068993213,0.03858063113043672,0.027879602253465075,0.020684866188054738,0.02137436172765656,0.009293200751155025,0.02914685690134985,0.011459286453817044,0.04007692823935605,0.06001431509179046,0.03206154259148484,0.07124787242552187,0.009715618967116616,0.035623936212760936,0.007819888436947522,0.006894955396018246,0.01068718086382828,0.5028828814939832,0.025649234073187872,0.020038464119678027,0.013643209613397805
592,0.06056297314538979,0.0214640975474157,0.029269223928294133,0.0214640975474157,0.0214640975474157,0.006778136067604959,0.019512815952196092,0.07251953519847601,0.01854773842630693,0.017415205624341377,0.5054197273577645,0.022997247372231105,0.013141284212703492,0.025756917056898837,0.006429509354404303,0.008362635408084039,0.016677511001976564,0.06854006398272273,0.01651084426724285,0.016945340169012394,0.010220998832102717
593,0.009408743942746645,0.019758362279767953,0.6223796675565455,0.03901507280022552,0.015806689823814363,0.003216051097205462,0.01718118459110257,0.02079827608396627,0.02324513209384465,0.006126623962718746,0.019276451004651664,0.055399433872750176,0.008232650949903315,0.0213603916538032,0.00637366525153805,0.006033087719013117,0.009298052837537861,0.010264084301178159,0.01681562747214294,0.058035985687502914,0.011974765018041185
594,0.00946185928510798,0.015284541922097508,0.022926812883146262,0.03311650749787794,0.01655825374893897,0.007642270961048754,0.02591726673746969,0.46770178142208785,0.022926812883146262,0.005692447763405796,0.014289004905691684,0.013246602999151171,0.007181893192310877,0.02384388539847211,0.006623301499575587,0.007096394463830987,0.005605864969321376,0.24370444042514405,0.01655825374893897,0.01655825374893897,0.018063549544297057
595,0.01316303764922626,0.027788635037255434,0.04547231187914526,0.019238285795022996,0.011709540468642286,0.010420738138970789,0.018525756691503623,0.39172718586561206,0.03847657159004599,0.0459413527635431,0.03154800270284627,0.029921517636514686,0.009807753542560744,0.02174762742046078,0.006759397711764837,0.006196909757945324,0.01189105300966713,0.10231117644081364,0.12504885766764945,0.01563110720845618,0.016673181022353264
596,0.009901179458634597,0.01832771516811085,0.019577332111391135,0.02461150322574886,0.0172280522580242,0.008126439744351037,0.02050958602145738,0.028713420430040337,0.022668489813189738,0.005544571385919566,0.022087246484646408,0.0200326189046793,0.005487231863733249,0.023927850358366944,0.006677539634893101,0.6772060256473672,0.01013414838707306,0.010634600159274197,0.014356710215020165,0.019577332111391135,0.014670406616687658
597,0.009227798236964157,0.019993562846755672,0.016661302372296394,0.01874396516883344,0.017641378982431476,0.06734357067441374,0.023069495592410387,0.05846532850125188,0.1221814882304769,0.005712446527644478,0.01874396516883344,0.017641378982431476,0.010710837239333398,0.035282757964862944,0.4706762159129361,0.006015093054350662,0.00971866950201923,0.007497586067533375,0.017641378982431476,0.026078560234898702,0.020953219756890618
598,0.07211790752698542,0.047327376814584175,0.02140545906803353,0.036058953763492704,0.019544114801248003,0.10177930497760038,0.012585345599210332,0.022475732021435206,0.07944560510430304,0.004450640004244595,0.022475732021435206,0.014500472271893678,0.006292672799605168,0.3523997453177106,0.09147682413617927,0.030049128136243927,0.009173768172014369,0.006331192118714143,0.018729776684529336,0.02365866528572126,0.00772158337481553
599,0.011212679339605377,0.036650850043631444,0.5178755935678737,0.023556057992413993,0.04398102005235773,0.002022774986606437,0.016090617092326003,0.026388612031414644,0.036650850043631444,0.009291764799793887,0.036650850043631444,0.053799841165503536,0.010995255013089435,0.03472185793607189,0.008045308546163,0.010308051574771344,0.011573952645357303,0.008796204010471546,0.025373665414821767,0.03478198740137863,0.041232206299085375
600,0.013277729415466072,0.020987378753478628,0.02957312460717444,0.018072465037717707,0.023236026477065633,0.01066571707143996,0.0775967546346198,0.025023413129147604,0.023341344196529754,0.05345670572916516,0.020987378753478628,0.05004682625829521,0.0072745057453229515,0.5110889553610495,0.01233371594197121,0.011217392092376509,0.011618013238532815,0.010327122878695832,0.025023413129147604,0.03827110243281397,0.006580915116510996
601,0.011253092059269705,0.03516591268521783,0.031258589053526964,0.025575209225612967,0.04688788358029043,0.0020192172925995477,0.025575209225612967,0.05753865008513122,0.011610047837985514,0.009700941430404916,0.025575209225612967,0.01815014848269307,0.016548664793043684,0.02961340015597291,0.44059166200848704,0.03345970844596599,0.012307669601849553,0.016548664793043684,0.02679307633159454,0.03516591268521783,0.08866113100086676
602,0.011243715804526723,0.03865027307806061,0.030920218462448492,0.006756900792902394,0.022903865527739622,0.48475412812044133,0.01873952634087787,0.06871159658321886,0.02944782710709379,0.008709920693647462,0.03865027307806061,0.036376727602880576,0.015460109231224243,0.03865027307806061,0.006724814088079178,0.011042935165160174,0.015083033396316333,0.029075871200479827,0.016900119189196032,0.03865027307806061,0.032547598381524726
603,0.01733598415557527,0.035977493081155394,0.02638084545413628,0.018961232670160456,0.04045062969634229,0.0019783062018810926,0.016854429040142626,0.048227408229133684,0.028893306925958786,0.015967353827503538,0.031934707655007076,0.011884471663981875,0.011897244028335972,0.031934707655007076,0.043213813088753675,0.4753373702836918,0.016854429040142626,0.027579974792960656,0.02638084545413628,0.04667380349577958,0.025281643560213937
604,0.01138027059428183,0.038157377874944956,0.021622514129135472,0.00815951996562092,0.04633395884814744,0.5081808003405422,0.029485246539730184,0.029485246539730184,0.01965683102648679,0.009828415513243396,0.038157377874944956,0.029485246539730184,0.01351407133070967,0.06486754238740641,0.007054237436200027,0.010811257064567736,0.016216885596851603,0.012505929646109172,0.038157377874944956,0.032433771193703206,0.014506121682968482
605,0.016360100954137896,0.045574566943669854,0.0354468854006321,0.03358125985323042,0.024540151431206844,0.01081430402053183,0.023128156140233575,0.02200151507625441,0.03227162104977213,0.012439685484407274,0.026585164050474078,0.031902196860568895,0.01181562846687737,0.49990745847711626,0.05852207801345019,0.010634065620189632,0.014500998572985863,0.01772344270031605,0.030383044629113235,0.0354468854006321,0.006420790854199831
606,0.00661537422907714,0.018955057219557453,0.04353164224397123,0.021061174688397168,0.031088912814471313,0.007343789853795811,0.033450100975689616,0.1515914810920065,0.047387643048893646,0.009026217723598786,0.025847805299396523,0.029929037715090714,0.008885183071667555,0.029929037715090714,0.008241329225894545,0.008123595951238908,0.011846910762223412,0.4452582545932641,0.018955057219557453,0.021871219868720135,0.021061174688397168
607,0.0015426454925779104,0.014843493566476922,0.010416738622188849,0.020552529553583433,0.011198772278969687,0.0051447691601441544,0.014843493566476922,0.3325961006100734,0.02671828841965846,0.00732007901908451,0.018426405806661005,0.017812192279772307,0.007526278428072805,0.017237605432037714,0.005624902825191253,0.005745868477345905,0.008618802716018857,0.4197583071820715,0.014843493566476922,0.029686987132953844,0.009542245864163735
608,0.08355094512930203,0.018948262808169913,0.031975193488786725,0.03410687305470585,0.046509372347326154,0.010885172251501865,0.10232061916411754,0.011396317130535074,0.025580154791029392,0.017053436527352923,0.03410687305470585,0.0337721656438361,0.012478124288307017,0.023254686173663077,0.00913576956822478,0.010563231736155462,0.3999414097637022,0.01650332567163186,0.022243612861764683,0.025580154791029392,0.03009429975415222
609,0.01146877403318987,0.15030629048145547,0.05302628417484515,0.023541167752337104,0.030391072996904987,0.0039582494450832294,0.11409618936148132,0.03194872766388607,0.02236410936472025,0.007581054021939065,0.029818812486293665,0.030266925567637087,0.013554005675588026,0.034406322099569606,0.008601580524892401,0.009516642282859679,0.017203161049784803,0.014909406243146829,0.024849010405244717,0.35009648251133857,0.018095731857802087
610,0.3123148546805168,0.044339475946208566,0.013046444267085346,0.018138876523448953,0.13301842783862566,0.002714661792625013,0.0399055283515877,0.0399055283515877,0.028503948822562644,0.017350229718081606,0.019952764175793846,0.02494095521974231,0.01425197441128132,0.033254606959656416,0.00798110567031754,0.06059179893595594,0.04914318331909059,0.02900516879412838,0.028503948822562644,0.04988191043948464,0.033254606959656416
611,0.014452467244078483,0.02281968512222918,0.07226233622039242,0.02281968512222918,0.16444499980481606,0.009425522115703357,0.02946088085813441,0.020087099315588355,0.033351847486334955,0.33927498162494296,0.10229003427965407,0.018851044231406718,0.0029906386803059733,0.028904934488156963,0.006818841886779826,0.013138606585525892,0.009634978162718986,0.01140984256111459,0.017342960692894174,0.024087445406797466,0.03613116811019621
612,0.01078625564810074,0.024140667402892137,0.06083020162159394,0.013340895143703548,0.04224616795506123,0.00938803732334694,0.04171901691125817,0.06621214734167395,0.020510163661065076,0.015362242892749537,0.03899646272774883,0.39690584884519,0.009565170103032733,0.06336925193259184,0.00938803732334694,0.07214124318903334,0.010314083700711768,0.01877607464669388,0.017481172946921888,0.022315857578945237,0.03621100110433819
613,0.0033847815945886946,0.06450789368157415,0.05017280619677991,0.03762960464758494,0.06450789368157415,0.015051841859033974,0.03762960464758494,0.008401099925005378,0.0791806624262519,0.016724268732259972,0.03225394684078708,0.034735019674693786,0.01982000214293917,0.04515552557710191,0.014701032024636589,0.01411110174284435,0.3527822031708383,0.019632837207435614,0.03762960464758494,0.028222203485688706,0.023766066093211535
614,0.025197127787848755,0.01998549420281751,0.03569593103278573,0.03295009018410991,0.33493569887544694,0.008923982758196433,0.03569593103278573,0.04283511723934288,0.02855674482622859,0.026042951226221436,0.02855674482622859,0.047594574710380984,0.012980338557376634,0.03295009018410991,0.010198837437938781,0.15103203720392527,0.017847965516392866,0.0055630022388757,0.018623964017105605,0.06436286830581679,0.01947050783606495
615,0.07350263574787176,0.053492194458063025,0.01887959804402224,0.04279375556645041,0.024688705134490622,0.009875482053796248,0.02790897102159809,0.013804154282805216,0.05835512122697784,0.009580691544727703,0.018340180957050176,0.01435495812186449,0.00933224693551727,0.026746097229031505,0.007733811246948867,0.008950583998331763,0.5029960249050143,0.014588780306744457,0.025676253339870243,0.02005957292177363,0.018340180957050176
616,0.02407775542147881,0.03399212530091126,0.005139493182598809,0.03399212530091126,0.04127615215110653,0.008755547425992292,0.0708944549358592,0.03041400684818376,0.04003492355808725,0.014094295856475394,0.032103673895305086,0.45240729925284623,0.03399212530091126,0.03399212530091126,0.009029158283054553,0.006219050809255453,0.027893296241988767,0.012038877710739403,0.03399212530091126,0.031583632500993476,0.02407775542147881
617,0.020363991104039657,0.040727982208079314,0.023273132690331034,0.016291192883231727,0.02715198813871954,0.009050662712906514,0.05430397627743908,0.2744942332697025,0.029620350696784953,0.2547203075626597,0.01823271403858382,0.021721590510975636,0.014810175348392482,0.021721590510975636,0.007946923357674014,0.008009459839958148,0.01357599406935977,0.007600225471803034,0.012325404975103416,0.10860795255487816,0.01545015177840179
618,0.07931699720710644,0.10202972504231167,0.022696576469463582,0.006842660883860297,0.01985950441078064,0.04546715778562249,0.022696576469463582,0.018470898499039178,0.021183471371499344,0.005397169791624208,0.18737472112320971,0.02888655187022638,0.004888493393422926,0.013815307416195226,0.005043683659880797,0.06376857815144478,0.05021775529426277,0.24897618689400738,0.01869129826897001,0.0167237931880258,0.01765289280958279
619,0.0017495830711188644,0.46027017983973906,0.017628623782200502,0.028899388418283937,0.023924560847272108,0.004178717604059677,0.008814311891100251,0.03204252479366979,0.015949707231514742,0.004499728020246085,0.010528768050023068,0.017628623782200502,0.007281388083952381,0.022329590124120634,0.004717519040307176,0.0066988770372361905,0.016594181056840684,0.262681769685476,0.022329590124120634,0.01970257952128291,0.011549787995234812
620,0.01369764139457073,0.0356138676258839,0.03815771531344703,0.02201561364732761,0.0356138676258839,0.011871289208627964,0.015444282578632288,0.03815771531344703,0.0174638445709547,0.0168468401424108,0.0356138676258839,0.13849592442492545,0.01663832307348169,0.41885466799833876,0.04112802666296009,0.012719238437815675,0.012141091236096779,0.016694000449633078,0.02671040071941293,0.03142400084636815,0.004697781103897504
621,0.007113598418832142,0.03398719244553134,0.02780770290998019,0.016993596222765674,0.03240108694540367,0.009269234303326731,0.007701414100202825,0.35475047577870344,0.017993219529987184,0.23965256091495532,0.1030680652865024,0.03058847320097821,0.0016918443685360243,0.011329064148510449,0.004016660766217763,0.004933624709835194,0.010196157733659403,0.01873394804194695,0.011329064148510449,0.0436978188585403,0.012745197167074252
622,0.02490689700598013,0.033802217365258756,0.052581227012624736,0.036402387931817125,0.053129317318269094,0.010755250979855057,0.02629061350631236,0.37018373133498395,0.043021003919420236,0.01100537309566564,0.02490689700598013,0.03695137763810983,0.010755250979855057,0.03154873620757483,0.008302299001993377,0.008789648401205382,0.027659197584793457,0.07362600481927355,0.06760443473051751,0.029576940194601404,0.018201193965908555
623,0.013062407328286656,0.06531203664143326,0.037321163795104716,0.04354135776095551,0.058055143681274,0.013785868807651008,0.018017113556257455,0.03265601832071663,0.04019202254857431,0.007569487697377302,0.05224962931314661,0.030735076066556833,0.008164004580179159,0.005501181652324187,0.40942467122844983,0.013397340849524774,0.012151076584452702,0.020899851725258642,0.007132000834589826,0.08708271552191103,0.023749831505975733
624,0.00339326744084829,0.07872380462768033,0.01682021066515279,0.004614879563784627,0.08884191117857342,0.0015025189277438316,0.10398963253944284,0.07247451928819071,0.0016695013614774308,0.1750925999477717,0.019390099661990224,0.049675715308309845,0.001900244526264258,0.10179802322544872,0.0016566234331534552,0.04625396665722388,0.07209172024989362,0.14287441856203323,0.008076039236623098,0.004545424034609186,0.004614879563784627
625,0.10113920070811637,0.04203187561895745,0.03884448009134122,0.03884448009134122,0.031781847347461006,0.01840001688537216,0.013984012832882843,0.07174034946470045,0.017480016041103552,0.10625611666021999,0.27234483958960504,0.015890923673730503,0.012485725743645395,0.029133360068505917,0.005296974557910167,0.005217915236150314,0.06194523144581502,0.06835444098621864,0.017480016041103552,0.01840001688537216,0.012948160030447076
626,0.011621502870160288,0.020918705166288517,0.3602923472117702,0.3258908023282361,0.023243005740320587,0.04926006268360895,0.013495938816960333,0.022019689648724763,0.01125834594334133,0.007213346609065007,0.023243005740320587,0.013074190728930324,0.011009844824362378,0.01494193226163466,0.006152560343026036,0.007893851006146611,0.00871612715262022,0.01627263097770431,0.01743225430524044,0.013945803444192346,0.022104052197345816
627,0.291187874095821,0.02203503270402818,0.02525360963939276,0.01702707072583996,0.017837883617546624,0.1982918764314847,0.015608148165353298,0.01971555557728837,0.02203503270402818,0.005275993746034917,0.02081086422047106,0.017837883617546624,0.007203760691701521,0.017837883617546624,0.005590978447290732,0.18860702549301833,0.0260714184821123,0.004771910407752218,0.02081086422047106,0.031216296330706588,0.024973037064565266
628,0.028102883283106412,0.02640262621516328,0.02950881753459425,0.38970469087597037,0.017298272347865594,0.08608809833364157,0.02006599592352409,0.041804158174008524,0.11927687881859309,0.008360831634801703,0.035832135577721594,0.027869438782672343,0.010905432567132656,0.02006599592352409,0.009836272511531415,0.009289812927557447,0.010032997961762045,0.06019974650536497,0.015676559315253195,0.017916067788860793,0.01576228699735039
629,0.06558239358932537,0.05923731690895094,0.081884607397839,0.11689114689537644,0.004999750863097274,0.004032477104320153,0.03716851257032217,0.01203551835610432,0.010024190682224012,0.0338498953765434,0.06043923348391515,0.1544558189033388,0.0022386944163122124,0.09502334663505257,0.03057409904978113,0.05415983260246944,0.09477970705432151,0.06023889562936931,0.011537886607147557,0.0038459622023825184,0.007000713671806935
630,0.03825244580184545,0.30210626277154057,0.010134468004498406,0.007847479789586723,0.011485730405098196,0.013798824933473926,0.007831179821657859,0.00820409314649871,0.007831179821657859,0.2956109481921462,0.04077907367862487,0.010134468004498406,0.002920100950448693,0.006380961336165663,0.002691968063694889,0.004102046573249355,0.07030836660864943,0.1336108278351376,0.005067234002249203,0.010767872254779556,0.010134468004498406
631,0.007099737955069773,0.030765531138635685,0.026370455261687735,0.014767454946545128,0.07318325980686766,0.004794628229397768,0.01538276556931784,0.0686661471842499,0.03356239760578438,0.2874954690453087,0.018459318683181413,0.019430861771769902,0.007855029226885706,0.018459318683181413,0.00625739616379031,0.029622766387622766,0.00997801009901698,0.26920759390843435,0.024612424910908544,0.018459318683181413,0.015570114739162724
632,0.06517750362610551,0.05907166946062891,0.04810576064896219,0.03754033098756423,0.017807111953349008,0.05820263571686055,0.016659460247415915,0.04207174802164875,0.014335681943444797,0.07711341928515811,0.07251765048875164,0.09392762349019255,0.0007750553501951579,0.09469333781212348,0.04650035307655914,0.08919121633976382,0.05972231393584744,0.0686910312987768,0.015654603915032095,0.020546667638479624,0.0016948247631401632
633,0.022974296963270288,0.035829480141206044,0.05170685761554439,0.12735751577465057,0.03829049493878382,0.042897213210156264,0.07038999952741103,0.04598694223044737,0.05705155684022807,0.046111139677476716,0.05066656491891896,0.030521409009175514,0.041402954829838086,0.0597158002353434,0.015382005897637087,0.0525499042071022,0.05778764497275739,0.049532681581852554,0.04048102668585384,0.05993294859983556,0.0034315621425108135
634,0.07148272568248525,0.07329532336943398,0.054651792999063704,0.051916390043501626,0.015076356689396886,0.04767897803021766,0.05096784140942371,0.013992743552346486,0.08402379623930309,0.013746065958160017,0.033038422276373644,0.09239652885358948,0.08215922819726376,0.057381014639603455,0.055328884668509236,0.0908461346100055,0.05252939327094474,0.03203725796496839,0.005330568972322471,0.020729990447920718,0.0013905621251662425
635,0.01017872522420429,0.025777095380146206,0.4432728156430465,0.05917848697215913,0.02835480491816083,0.10636664747305578,0.018293422527845698,0.020253432084400596,0.027004576112534127,0.008101372833760237,0.021003559198637653,0.023993773590900623,0.011573389762514626,0.029847163071748242,0.008339648505341421,0.007663460788692116,0.013188281357284108,0.015446375252790072,0.015326921577384233,0.08320704362692607,0.02362900409846736
636,0.014164946557947066,0.01995611542943852,0.014583315121512763,0.018055533007587235,0.024460988440001344,0.007899295690819413,0.013074696315839029,0.09150480937812507,0.010532394254425885,0.2953329440393239,0.33995871739072964,0.010833319804552339,0.007583323863186638,0.01723482696178781,0.00592447176811456,0.021415619740364874,0.02276509268241493,0.011897456662104428,0.013541649755690425,0.013541649755690425,0.025738833380343572
637,0.05540750887635383,0.06273415660311085,0.028129966044918103,0.04018566577845444,0.055255290445374854,0.06030980212476482,0.046883276741530186,0.07212811806389255,0.05469715619845188,0.03389567147567442,0.050790216469991024,0.05503689008788324,0.03589500875523404,0.04688327674153017,0.05507654752927755,0.04505665556978224,0.04995758997048296,0.033633655053706434,0.04333177045459593,0.07227838497652568,0.002433392038464587
638,0.05639277281744068,0.03454258164031267,0.07652510394161574,0.062176646952562795,0.03037551484780733,0.03347973297445689,0.03826255197080788,0.06661783602060298,0.08609074193431769,0.05731474142176337,0.043926484081846254,0.03391453470139788,0.001272363110972228,0.04239316837674736,0.06544910205532926,0.056308542328823416,0.05194504682112841,0.04991967166766589,0.029794984850569205,0.08031150231372694,0.002986375170105022
639,0.012727373053948186,0.0511341673031596,0.04931857058404922,0.0232087390983761,0.024886493754041637,0.006164821323006152,0.01461290980268125,0.15827242260501784,0.020765713930125985,0.3077969400368162,0.02465928529202461,0.015174944795092068,0.010663474720875508,0.03945485646723938,0.0070455100834356035,0.0899562797478432,0.011604369549188054,0.06765895844018857,0.029384798592375413,0.01578194258689575,0.01972742823361969
640,0.04731544994402603,0.08111219990404461,0.07097317491603904,0.04482516310486676,0.04205817772802314,0.018595312288587854,0.05618709680853091,0.010217661003751589,0.09300435239979594,0.01615649510283815,0.009040561185005343,0.05348703037150769,0.011540353644884399,0.20278049976011156,0.08778258911293305,0.030418674046727632,0.029249550874488814,0.01819824997847155,0.04703328978260215,0.022531166640012396,0.0074929514027511634
641,0.057796677298951056,0.02218979574870443,0.08241924135233074,0.035425838741454864,0.08875918299481772,0.05412145304562055,0.06585358738325184,0.013149508591824845,0.08211008615926543,0.019019824927460936,0.02155616903095983,0.049771516229058274,0.0042947991771685986,0.09629293747841397,0.08530006135464555,0.06965781596450749,0.0629023969116178,0.012385002278346657,0.03287377147956211,0.0295863943316059,0.014533939520431352
642,0.08850132032184845,0.027260262737494143,0.008336490403965871,0.07723741108956672,0.006792695884712932,0.024390761396705273,0.0873118560142928,0.009652778362486797,0.1410422289461653,0.013029036437980677,0.011462674305453072,0.014711887826584143,0.14316130828158355,0.0946902384749227,0.0872627332242902,0.10104231884488783,0.0394228739248465,0.004366733068744026,0.007974034299445616,0.005557660269310579,0.006792695884712932
643,0.052525873249232996,0.07135462114122172,0.026937403345037938,0.059417085401940906,0.09632873854064933,0.04298390711826351,0.03669666230119975,0.08757158049149939,0.001677924372792206,0.052638654940245534,0.045331171077952634,0.04281277268473303,0.06880624181474952,0.0617491913722111,0.01732897942001099,0.044398430932315734,0.07903896495643022,0.034709061424045354,0.023352421464399843,0.05137532722167964,0.002964986729388768
644,0.06243046866764106,0.11237484360175393,0.03874994606957032,0.0405002130036002,0.02066663790377084,0.01940618317684734,0.036470537477242645,0.03311782287211938,0.07166225189105985,0.07085704424150002,0.01549997842782813,0.09730281643097012,0.0017704272309924038,0.05829617604287248,0.09755018649461196,0.07522048354681297,0.06300767504062948,0.051149928811832814,0.004383915048171667,0.025833297379713543,0.003749166640458916
645,0.08276312513140081,0.13807800585018717,0.015469193742092439,0.007914471216884503,0.028360188527169466,0.0028666979755963963,0.010009478303706873,0.20074417773604133,0.013089317781770523,0.10435828061169834,0.004839936918406674,0.0425402827907542,0.004150271491780898,0.012154366511644058,0.003911750141678548,0.005401940671841804,0.022059799751213333,0.2664558057076236,0.009723493209315245,0.014796620101131896,0.010312795828061624
646,0.05023616609763442,0.057512437971202854,0.04866029314061219,0.04190191909330494,0.029883539198326012,0.03948091932346954,0.13656921778558645,0.0484919365369827,0.05139968742112073,0.046266702332190865,0.03643645138548256,0.019602118460993374,0.006983276996090591,0.08579916766724344,0.03523284488325941,0.06077044492140163,0.05165489220453937,0.04916491840281114,0.05959384048825592,0.04190191909330494,0.00245730659618693
647,0.03933711570248819,0.030370567270303385,0.05679690502498296,0.02776737578999167,0.03621831624781522,0.04425792103582805,0.0942107392874717,0.04449300875257876,0.056102736360317436,0.030081323772490974,0.01735460986874479,0.05553475157998334,0.001498472094382396,0.06941843947497917,0.06425270125804605,0.055000261326743426,0.05142106627776235,0.06941843947497917,0.019833839849994046,0.13349699899034453,0.0031344105597723377
648,0.01687584793673972,0.032203263358467044,0.03037652628613149,0.03797065785766436,0.028930025034410948,0.007408908850275973,0.03375169587347943,0.043395037551616424,0.05523004779296636,0.026659167985884014,0.03037652628613149,0.02169751877580821,0.015188263143065745,0.03197529082750683,0.03693878898133558,0.010848759387904106,0.01687584793673972,0.01380751194824159,0.4755250171498765,0.028930025034410948,0.005035272001343574
649,0.013725205634099324,0.06630338379825496,0.04215598873330507,0.023607353690650836,0.03405244596576733,0.01000311597061476,0.021077994366652534,0.11050563966375825,0.03106230748769847,0.4610093883325368,0.02269937854870273,0.018443245070820968,0.010538997183326265,0.024590993427761294,0.00855338901835175,0.005152170640797888,0.016393995618507528,0.016138693640975078,0.015531153743849235,0.028103992488870046,0.020351166974699
650,0.05648505897226712,0.022782307118814397,0.031824508835594394,0.05496767933909023,0.04713580783202979,0.09037609435562738,0.05869614230851879,0.0371075456859477,0.061030466700691066,0.05151009489583827,0.054366869260807096,0.0794731643679572,0.0004995854954541082,0.05749430921958806,0.05167825824371009,0.0634416399193779,0.05127527197967937,0.047070882476889266,0.04438111776392416,0.03760715768416731,0.0007960375440263429
651,0.05785749042583107,0.04365581789478724,0.022500135165600975,0.03266148653071108,0.08224839325240692,0.03337339564874469,0.045153332475185624,0.07193803761223802,0.07451343463932791,0.07207333429334628,0.0628250527351196,0.06077705902631605,0.0006362595631892436,0.04679649960912807,0.05624052438108647,0.04450041675057097,0.04821457535485923,0.061875371705402665,0.02410728767742961,0.05641599923908889,0.0016360960196294834
652,0.058711731648728116,0.06453380300696519,0.057340308607960404,0.13612599071781722,0.05989543591583956,0.0013437526933434217,0.11827018581681722,0.01626316261235414,0.017107612624824766,0.01879072499320457,0.05302995116659313,0.08064118324002227,0.002155603278905072,0.07025857585435727,0.025928760136727094,0.08935727434532739,0.010689895107482021,0.021120153711370424,0.0330457577466701,0.06169481686799596,0.0036953199066944087
653,0.23143244327455734,0.023257565880893987,0.009552214558224316,0.00681923070868094,0.023257565880893987,0.41867467277914006,0.015283543293158905,0.02971800084780898,0.020574000586944682,0.00938463184667652,0.07112856174721793,0.013373100381514041,0.012440093378152597,0.02547257215526484,0.014720394283120776,0.005296277378817442,0.00906650873322986,0.010038057079952594,0.014076947770014782,0.021396960610422466,0.015036656825312952
654,0.03443171180333883,0.05989509900124694,0.009340860555792519,0.03774735812514183,0.05898024707053411,0.020039395312575002,0.03330649246336044,0.05190261742207002,0.024405619477462396,0.08101178859238697,0.05750574089377077,0.08567656942877587,0.0694152138599363,0.10344227947755212,0.050939026472894076,0.031620941271916454,0.0990868150784973,0.013390110145742883,0.06552848309582708,0.007077629648464093,0.005256000802713855
