site,A,C,D,E,F,G,H,I,K,L,M,N,P,Q,R,S,T,V,W,Y,*
564,0.08479248499158543,0.05309625686550738,0.0596678994947974,0.08761068294072255,0.014189961747341627,0.02358086907424458,0.06217923455393916,0.033651758858352865,0.08434818170888815,0.04592589182005383,0.05293823229150289,0.0694991160680138,0.005239263706169891,0.08203334503468186,0.09131747924029739,0.058545633650817386,0.03276633897817865,0.02544660419631066,0.019078576617614803,0.01371095568568337,0.0003812324752962911
565,0.0051598639890371835,0.007430204144213546,0.010799715325891782,0.010554267250303333,0.009105642333595029,0.002616269064863924,0.008520876312171497,0.010095386065507536,0.011756652126920166,0.7396177492646906,0.12064884401813182,0.009575005340481372,0.003099340991688073,0.008990945448802929,0.001990019178646868,0.002772464232915502,0.0064949336924943575,0.003328944509056248,0.006233392738434182,0.013658463500392548,0.007551020471761733
566,0.6239967738192829,0.05669812494085461,0.012599583320189916,0.02496854338163144,0.05669812494085461,0.003968868745859823,0.015875474983439292,0.02145334457221526,0.015875474983439292,0.006453445115219225,0.011673143370175951,0.017255951068955753,0.006105951916707419,0.011024635405166176,0.0038910477900586504,0.04609206921130562,0.004198013260686007,0.0046550289925291494,0.016536953107749264,0.0305297595835371,0.009449687490142435
567,0.026082962770216368,0.036833373101183925,0.005162253048271988,0.06345793991046543,0.010069031356612055,0.001054417643902364,0.07133295121248566,0.06802027545958388,0.045886693762417684,0.08171872639848528,0.1227584087172974,0.022785116902717742,0.0014700880860332958,0.0484183734182752,0.08492018001486389,0.02544578274531778,0.0431471896571987,0.010941620499842573,0.02010992724745115,0.2090712484550155,0.0013134395923621077
568,0.4173236212495659,0.012715617501353856,0.008595340543759138,0.013693741924534923,0.014834887084912832,0.015611391618495495,0.02225233062736925,0.01335139837642155,0.016689247970526934,0.005563082656842313,0.018415721898512483,0.013693741924534923,0.009207860949256241,0.023219823263341825,0.005933954833965132,0.2770221295246492,0.05439755918820306,0.006398084001918301,0.013025754513582,0.023219823263341825,0.014834887084912832
569,0.0018123094067982281,0.006974294338937818,0.010799548009724982,0.006705203239071958,0.011185246152929446,0.0011902629716244114,0.011185246152929446,0.456687125601558,0.015659344614101223,0.06631866951305888,0.09743667213745878,0.017399271793445806,0.00340420535089157,0.012527475691280978,0.002145115700561811,0.00406736223742889,0.00549450688214078,0.24446361414089635,0.0052197815380337406,0.014913661537239262,0.0044110829898876686
570,0.007299086098289971,0.012773400672007447,0.01882395888506361,0.011726400616924872,0.018233867082299324,0.0034556059789005657,0.0238436812544139,0.5403021942506234,0.01430620875264834,0.005109360268802979,0.12924897797187612,0.02538203083168436,0.013755969954469559,0.0238436812544139,0.003764791777012722,0.006349247780975553,0.09367765849635065,0.004039316272251436,0.008221959053246174,0.024665877159738517,0.011176725588006517
571,0.004680663335398141,0.0031215529372692237,0.005529608060305482,0.021568829039731743,0.004962468772069022,0.027018086381555603,0.27197608550203817,0.008924313769674744,0.14852799984661183,0.013289740541576868,0.011191360456064729,0.11793937994817064,0.0019748600215376724,0.045304919684865365,0.15458263579400786,0.01224267007466475,0.06501810953682684,0.0023626205407247768,0.03592477808499317,0.04134585946268358,0.002513458209229765
572,0.0009691863584135799,0.04876558386229662,0.0021023986998232953,0.002000235675874835,0.10240271687944298,0.0006528546997647032,0.04774846103537108,0.00626740511774115,0.0033575384559327596,0.3532654847288899,0.21344822734918206,0.01584960054984015,0.0012369878521857533,0.120644650240842,0.0009496068360213864,0.001327544590830811,0.0018802215353223453,0.001044567519623525,0.0013825158347958422,0.07350558368564862,0.0011986284921565212
573,0.18391909391617167,0.016322451115686167,0.01186211711032498,0.0074276808073997546,0.009461450552283021,0.004319357860824858,0.01655753846649529,0.006199437600962525,0.010864841731338545,0.004227456629743477,0.011038358977663523,0.01690982651897391,0.014308534567192797,0.008027897438300744,0.0026492061546392457,0.016298603433885995,0.6290534534462402,0.004490179923117365,0.007716134430988094,0.013470539769352096,0.00487583954841579
574,0.0059568099909264385,0.028203503011931825,0.013426460614469117,0.012439220863405213,0.01249102787572936,0.004146406954468403,0.07496209514979633,0.020630902895403768,0.020630902895403768,0.004250588033726404,0.014336729130704313,0.01047929037071172,0.006821508215415762,0.020630902895403768,0.00542222447892022,0.018907326458315027,0.006408083475087534,0.0052538324143574806,0.008544111300116711,0.6686742942597881,0.03738377871591872
575,0.02984406294278069,0.014473248569995155,0.008097930970330965,0.0060734482277482234,0.006540636552959626,0.0027651471606008164,0.051546162515304965,0.010306457598603045,0.006919946740522494,0.002497958362587682,0.3049031032078979,0.005966896504454395,0.003981045366386377,0.2673894762777331,0.008415515762732933,0.002742847586725004,0.00680226201507801,0.0026571335996398476,0.23972591997625767,0.011728037957031052,0.006622762104630023
576,0.024889710285491758,0.020877660624265233,0.017557170398042048,0.04473784419485407,0.020877660624265233,0.010905095192874425,0.09207825994929332,0.02609707578033154,0.02982522946323605,0.00948984573830238,0.028469537214907137,0.4914750474574849,0.013918440416176825,0.02159757995613645,0.009077243749680535,0.03024929566766864,0.02304969687898259,0.01010209385045092,0.023197400693628033,0.030650451239662698,0.020877660624265233
577,0.015425888222147022,0.03018108565202678,0.025709813703578367,0.02424871634796437,0.033055474761743614,0.014166632040747263,0.021035302121109573,0.021692655312394244,0.5436426152474942,0.00977697140840304,0.01577647659083218,0.023347915931555174,0.013611077843070899,0.029623599730534477,0.06999033520844739,0.007978907701110528,0.015184150384487593,0.013097452264087091,0.021035302121109573,0.025709813703578367,0.025709813703578367
578,0.07419432316394332,0.008621583103967876,0.009853237833106142,0.010058513621295853,0.012070216345555027,0.0034379670235420183,0.007663629425749222,0.2967051774205061,0.01508777043194378,0.07812262578146054,0.022576936267671197,0.01341135149506114,0.005364540598024456,0.020117027242591706,0.00455479862096416,0.00357636039868297,0.00670567574753057,0.3794369511009466,0.008324287134865533,0.012070216345555027,0.008046810897036684
579,0.005039778137351325,0.06235133803007159,0.020767036062095578,0.01737583193971164,0.01567323476384572,0.016763661418904213,0.016952682499669865,0.02768938141612744,0.02373375549953781,0.005219441479257065,0.011063984032746024,0.02443180713187715,0.010930018980050306,0.01597464312468891,0.0059761254854951325,0.005650894166556622,0.0120388614852728,0.6537614345365388,0.016613628849676466,0.020767036062095578,0.011225424898430045
580,0.014923676594063304,0.034821912052814374,0.021920640583431295,0.0989650875650907,0.021920640583431295,0.020489298386188508,0.018459486807100037,0.011691008311163358,0.2743895169842813,0.07157837477522953,0.05891291736260827,0.009834176524822725,0.006153162269033347,0.1168546597415735,0.1201336589166146,0.015476405356806385,0.04122465402825643,0.008993083316279505,0.009742506925969466,0.015249141275430467,0.008265991639811605
581,0.030116333661183024,0.028374188511927186,0.010281350070862123,0.005756980061081878,0.007436099245564093,0.004034924793840504,0.016224216535776204,0.06275967878864128,0.01189775879290255,0.08044383354863721,0.10246234740418152,0.016224216535776204,0.006609865996056972,0.012308026337485397,0.004352838582769227,0.004461659547338457,0.28663721047763174,0.2800187717094619,0.007759407908414707,0.01372818322257987,0.008112108267888102
582,0.011095317763341692,0.015481838739546549,0.017069719635910297,0.022190635526683385,0.007255820827515888,0.00756498938409661,0.06389717068232238,0.011504379967124596,0.033285953290025073,0.522545268501133,0.021474808574209726,0.017069719635910297,0.08698411753185269,0.022955829855189715,0.005547658881670847,0.006934573602088559,0.06955221492498602,0.007925226973815497,0.01585045394763099,0.019020544737157186,0.014793757017788923
583,0.011069211610181475,0.024486437804340837,0.02376624845715434,0.015539470145062453,0.024486437804340837,0.004119983073776991,0.04489180264129153,0.026073870340444047,0.010825935095871516,0.007769735072531227,0.02126453809324336,0.0278638775014913,0.011883124228577173,0.038478687978249895,0.6348472047080408,0.006464419580345983,0.011590475028471381,0.010359646763374971,0.00997595614250923,0.02308721278694993,0.011155725143750806
584,0.014984719454173828,0.03866992837453577,0.029002446280901824,0.02577995224969051,0.03314565289245923,0.014205279811053954,0.02109268820429223,0.04094463004362611,0.02784234842966575,0.005866240870435706,0.024859239669344422,0.02784234842966575,0.5454991933891524,0.027203079616496494,0.009280782809888583,0.008705088705654163,0.014587074349676049,0.015819516153219176,0.02577995224969051,0.029002446280901824,0.019887391735475532
585,0.16790067895841818,0.11151623281673564,0.007022708316775455,0.00740391028633691,0.11370282561706382,0.02517705424377842,0.1137028256170638,0.04263855960639893,0.008258207627068092,0.00527487335336894,0.00740391028633691,0.01263019990022179,0.005112223769137388,0.007952348085324829,0.0036443213338802505,0.13909107322992795,0.03892186002978604,0.04170096047266223,0.004771408851194896,0.13179191151068761,0.004381906087832049
586,0.05085651901361788,0.007988006711025643,0.1118653130022845,0.07466370201312499,0.03624565645159339,0.07788746123184562,0.044400929153201915,0.022834763564503844,0.04480385939406336,0.029103130033191163,0.010873696935478018,0.04186373320159038,0.036535621703206136,0.10641115614593599,0.009030697454888522,0.10596524268495244,0.039521706169333565,0.08324707975976024,0.033416727167566586,0.027401716277404606,0.005083281931431044
587,0.020207346458599527,0.042354128833700606,0.012727042220153527,0.1895841454492346,0.012196748794313792,0.22934029280877913,0.029118463573169155,0.018295123191470697,0.020908712218823646,0.004159780510452738,0.012727042220153527,0.018390608572527896,0.0063635211100767615,0.24958683062716425,0.016909157358076025,0.03432913600205206,0.01058853220842515,0.003455279567784845,0.012706238650110177,0.049917366125432835,0.006134503499499119
588,0.01402124981740436,0.016073140034585483,0.013448953906489897,0.12098260542513116,0.022724094531655335,0.5167693573585593,0.031380892448476416,0.03876463184811793,0.02635994965672019,0.0071630297980217915,0.02635994965672019,0.022724094531655335,0.029954488246272944,0.031380892448476416,0.004837386847269868,0.008558425213220842,0.012921543949372645,0.006093302750233796,0.016897403626102685,0.01830552059494458,0.014279087310568704
589,0.023771019245555306,0.004126913063464463,0.006477123675481984,0.001689083000930606,0.012580428532173931,0.1053328107524671,0.04071358464533211,0.10750630845718402,0.11093107868458436,0.040092767565152426,0.07701548055200591,0.03186156924626298,0.002415198658654299,0.056131480266775884,0.12642419806000324,0.018571108785590085,0.07576861134304193,0.1396547380676374,0.008382160050623743,0.00385126272596226,0.006703074621115945
590,0.029010202699377922,0.440736716397576,0.009722197705018849,0.011591851109830166,0.011591851109830166,0.004709189513368505,0.012055525154223375,0.041005843286270174,0.010599390395226711,0.0034248651006316393,0.013832352330016234,0.01435181565978973,0.03238263215473455,0.006150778139909884,0.002715208368068327,0.006636462795396012,0.23637205644356507,0.08776956895117445,0.007727900739886775,0.010763861744842299,0.0068497302012632795
591,0.10491398863139996,0.16421487260187057,0.020892224579384368,0.01550068275244647,0.01601737217752802,0.006964074859794791,0.021841871151174565,0.03433451978666186,0.030032572832865027,0.01935192101368845,0.03831680360710313,0.053391240591760064,0.00728062371705819,0.026695620295880032,0.005860014211290738,0.005166894250815491,0.00800868608876401,0.37675502923964765,0.01922084661303362,0.015016286416432517,0.010223854581400862
592,0.011813707881294213,0.02115325471530756,0.028845347339055763,0.02115325471530756,0.02115325471530756,0.00667997517325502,0.019230231559370512,0.007636824265560516,0.018279130275934054,0.011462647383588733,0.49813170940936824,0.022664201480686673,0.0129509722746781,0.025383905658369073,0.021654472579209924,0.008241527811158791,0.19174931072759122,0.005520838366240766,0.01627173439639043,0.019950720836464677,0.010072978435860745
593,0.009068667742355398,0.019044202258946336,0.5998116106289352,0.017537732954738164,0.015235361807157068,0.0708946784287436,0.01656017587734464,0.020046528693627722,0.022404943834054513,0.00590517899502212,0.018579709520923256,0.08321849071104431,0.007935084274560973,0.020588326766428473,0.006143291051273011,0.005815023590517966,0.008961977533621806,0.009893092082569527,0.016207831709741563,0.014606150775396464,0.011541940762997778
594,0.007010122990163558,0.036070506066347534,0.016986067245396315,0.024535430465572456,0.012267715232786228,0.005662022415132105,0.019201641233926273,0.34633051650866886,0.016986067245396315,0.017429333140104742,0.010586469189369901,0.00981417218622898,0.005320936727473545,0.017665509935212168,0.0049070860931144916,0.00525759224262267,0.1789998551455872,0.22705056339919383,0.012267715232786228,0.012267715232786228,0.013382962072130432
595,0.012578268456433039,0.02655412229691419,0.04345220012222323,0.0183836231286329,0.01118934302559767,0.009957795861342822,0.017702748197942795,0.37436448247303156,0.0367672462572658,0.02272598311861957,0.01093339304979617,0.028592251384930177,0.009372043163616775,0.020781487014976324,0.006459110828979128,0.005921611455719535,0.006267893408715525,0.1876336792489861,0.11949355033611388,0.014936693792014231,0.015932473378148515
596,0.009565807541204605,0.0177069203422298,0.01891421036556365,0.023777864459565735,0.016644505121696015,0.007851181661177365,0.01981488704963811,0.027740841869493358,0.021900664633810542,0.005356766130516212,0.0213391091303795,0.019354075722902337,0.03925890791596679,0.023117368224577797,0.0064513585743007805,0.6541821368750788,0.009790885365703538,0.010274385877590131,0.013870420934746676,0.01891421036556365,0.014173491838294713
597,0.010864253010467945,0.023539214856013884,0.01961601238001157,0.022068013927513015,0.020769895461188723,0.0030428803315362464,0.027160632526169858,0.022465405497447792,0.024748116947802434,0.006725489958861111,0.022068013927513015,0.020769895461188723,0.012610293672864582,0.04153979092237744,0.5543094607672849,0.06489375435063538,0.011442175227900525,0.008827205571005204,0.020769895461188723,0.030703323725235498,0.031066276015793457
598,0.033620850039349594,0.011082500515011272,0.012665714874298597,0.012665714874298597,0.011564348363490023,0.10248936544253344,0.011688360102385543,0.013299000618013528,0.11775742352477517,0.0026334654689135696,0.013299000618013528,0.008580000398718405,0.010514487787725811,0.20823165616059064,0.2864940573467118,0.026896680031479672,0.005428163517556542,0.0037461973571869095,0.011082500515011272,0.013998948018961605,0.08226156442497488
599,0.00896934574031861,0.03360234539119334,0.47463026252632334,0.016600867455850543,0.04032281446943202,0.08749937282038811,0.014752249196133667,0.024193688681659213,0.03360234539119334,0.008518904465372961,0.03360234539119334,0.05152458965506712,0.010080703617358007,0.031833800896920006,0.007376124598066832,0.00945065964127313,0.010611266965640008,0.02188885852320175,0.02326316219390309,0.019873653814419225,0.03780263856509252
600,0.014080407970331107,0.022256128727297556,0.03136090866119202,0.019164999737395116,0.024640713948079443,0.011310491648298759,0.029053378143929373,0.02653615348254709,0.024752398439467888,0.01067122727292953,0.022256128727297556,0.05307230696509418,0.008853120127809372,0.5419617998158072,0.0028997813703834606,0.011895517078383176,0.01232035697403972,0.010951428421368639,0.02653615348254709,0.040584705326248485,0.054841893679553264
601,0.010220038880653688,0.03193762150204278,0.028388996890704697,0.02322736109239475,0.04258349533605703,0.04621772515167323,0.02322736109239475,0.012866474283636214,0.1321662762569043,0.00881037834539111,0.02322736109239475,0.01648393367847369,0.015029468942137776,0.026894839159614974,0.3999638802631525,0.052593797367070795,0.011177804393551281,0.015029468942137776,0.02433342590631831,0.03193762150204278,0.02368266992125286
602,0.010906350625370672,0.03749058027471169,0.029992464219769355,0.04214090085596016,0.022216640162792116,0.47015255447517673,0.018177251042284456,0.06664992048837634,0.02856425163787557,0.008448581470357566,0.03749058027471169,0.035285252023258065,0.014996232109884674,0.03749058027471169,0.006523037544714167,0.010711594364203339,0.014630470351106999,0.022678127670859523,0.01639303489098509,0.03749058027471169,0.03157101496817827
603,0.016527160258124392,0.03429893500719374,0.02515002647975451,0.018076581532323555,0.03856337393562358,0.014145657744888587,0.016068072473176494,0.045977320784556866,0.027545267096873986,0.015222384448272466,0.030444768896544933,0.011329992344887956,0.011342168804595171,0.030444768896544933,0.07579748013357208,0.4529564233038592,0.016068072473176494,0.026293209501561533,0.02515002647975451,0.04449620069495029,0.02410210870976474
604,0.011099400430617872,0.03721563673795404,0.021088860818173953,0.021366903107159288,0.045190416038944185,0.49563073090963417,0.02875753747932811,0.02875753747932811,0.01917169165288541,0.009585845826442707,0.03721563673795404,0.02875753747932811,0.013180538011358722,0.06326658245452185,0.006880135704012265,0.010544430409086977,0.015816645613630463,0.012197277714033184,0.03721563673795404,0.031633291227260926,0.02542772743039165
605,0.01649267621104573,0.04594388373077025,0.03573413179059908,0.0338533880121465,0.024739014316568594,0.010901938512386161,0.023315576820013697,0.02217980593899253,0.025010800138321184,0.009640869510528735,0.026800598842949306,0.03216071861153917,0.016819928346476814,0.5039542210471744,0.007767681683384145,0.010720239537179726,0.014618508459790533,0.01786706589529954,0.0306292558205135,0.03573413179059908,0.05511556498372145
606,0.0817328041837077,0.017988817999718028,0.03854746714225292,0.019987575555242255,0.02115784574569071,0.006969438159849196,0.03174497294067888,0.12892276932472305,0.04497204499929508,0.010235013770986984,0.024530206363251855,0.028403396841660045,0.008432258437367826,0.028403396841660045,0.00782122521726871,0.007709493428450584,0.01124301124982377,0.422465539782199,0.017988817999718028,0.020756328461213107,0.019987575555242255
607,0.00932578021460886,0.013793699584346815,0.00968002327481988,0.01909896865524944,0.010406748238735728,0.004780909555289029,0.013793699584346815,0.3720585547327276,0.024828659251824273,0.006802372397760074,0.017123213277120186,0.01655243950121618,0.006993988521640638,0.016018489839886622,0.0052270861582787926,0.005339496613295542,0.008009244919943311,0.38991814862164687,0.013793699584346815,0.027587399168693634,0.008867378304222953
608,0.02354071429183939,0.019021528749615428,0.03209882976497604,0.03423875174930778,0.046689206930874236,0.010927261196587589,0.10271625524792333,0.06789707352603888,0.02567906381198084,0.01711937587465389,0.03423875174930778,0.033902750148368244,0.012526372591210163,0.023344603465437118,0.009171094218564583,0.01060407585604612,0.4014978050577914,0.016567137943213437,0.022329620706070294,0.02567906381198084,0.030210663308212746
609,0.014604301363193975,0.012357341577006803,0.08222550815516633,0.029977250166556058,0.03869989830762926,0.005040422594376682,0.05280320999103542,0.04068341094032607,0.02847838765822825,0.009653690731602795,0.037971183544304336,0.02190645204479096,0.0172596288837747,0.04381290408958192,0.01095322602239548,0.012118462833288619,0.02190645204479096,0.018985591772152165,0.031642652953586946,0.44587697537659515,0.023043048949617093
610,0.3246542371396161,0.04608675871845951,0.013560564626438842,0.01885367402118798,0.1382602761553785,0.0042143462781179366,0.041478082846613556,0.041478082846613556,0.0296272020332954,0.01803394906374502,0.020739041423306775,0.02592380177913347,0.014813601016647698,0.03456506903884463,0.00829561656932271,0.059080463779544144,0.03889500489111346,0.00540035314221385,0.0296272020332954,0.05184760355826695,0.03456506903884463
611,0.013936494210618586,0.022004990858871448,0.06968247105309293,0.022004990858871448,0.057488051481247936,0.009089017963446902,0.028409086738275708,0.01936996213809218,0.032161140486042884,0.3271016091712388,0.17303252778315908,0.018178035926893807,0.058694384933297365,0.027872988421237165,0.013218697283974299,0.01266954019147144,0.009290996140412388,0.011002495429435724,0.016723793052742297,0.02322749035103097,0.034841235526546464
612,0.009775000906293184,0.021877382980751415,0.08109487970220791,0.01209013269988894,0.038285420216314967,0.008507871159181106,0.06847284803956384,0.03920942406565335,0.040861558150282036,0.013921970987750899,0.035340387891983044,0.35964906725615825,0.00866839703010905,0.05742813032447245,0.008507871159181106,0.10106484442025394,0.009347096973340685,0.017015742318362212,0.015842242848130333,0.02022365639899415,0.03281607447112712
613,0.0031640846554124276,0.06030180407419982,0.04690140316882209,0.03517605237661657,0.06030180407419982,0.014070420950646628,0.03517605237661657,0.046863202949218107,0.026858973780961,0.01563380105627403,0.03015090203709991,0.03247020219379991,0.031574409384429264,0.04221126285193987,0.013742484868815203,0.07353030825904903,0.3297455621711166,0.018352722979104293,0.03517605237661657,0.02638203928246243,0.022216454132599938
614,0.03167454747329382,0.025123160474252906,0.044872275587166235,0.04142056208046114,0.4211791397184275,0.011218068896791559,0.044872275587166235,0.053846730704599464,0.03589782046973299,0.004891630157071772,0.03589782046973299,0.05982970078288831,0.016317191122605906,0.04142056208046114,0.01282065016776178,0.01739798991928808,0.022436137793583118,0.006993081909688245,0.023411622045478038,0.024003245875639883,0.02447578668390886
615,0.004469970263884339,0.05328043813642964,0.018804860518739867,0.0426243505091437,0.024590971447582904,0.009836388579033161,0.027798489462485018,0.06687792100950088,0.05812411433065051,0.009542765039360527,0.018267578789633015,0.0142981320155534,0.017145572732697296,0.026640219068214812,0.00770319587514645,0.020616712246798834,0.5010249379962027,0.014531028582662624,0.02557461030548622,0.019980164301161108,0.018267578789633015
616,0.023678961650432002,0.033429122330021654,0.005054369057377005,0.033429122330021654,0.04059250568645486,0.008610531509248,0.06972024801601656,0.03311591639234778,0.0469124900132885,0.013860855600252875,0.031571948867242676,0.4449083465590393,0.033429122330021654,0.033429122330021654,0.008879610618912,0.023691452466544978,0.027431306633715503,0.011839480825216,0.033429122330021654,0.01930740280337171,0.023678961650432002
617,0.019145408751836866,0.03829081750367373,0.021880467144956412,0.01531632700146949,0.02552721166911582,0.00850907055637194,0.05105442333823164,0.18938348457735804,0.027847867275399073,0.23941994837010674,0.036164651667886585,0.020421769335292658,0.01392393363769954,0.020421769335292658,0.0074713790251070685,0.10996127863004251,0.01276360583455791,0.007145427559871905,0.014123541498511992,0.10210884667646328,0.019118770610754083
618,0.10663300336611989,0.09180055567833191,0.017315822274492736,0.008068352165995933,0.015151344490181145,0.050370082341649886,0.017315822274492736,0.05650482478821463,0.016161434122859888,0.004117644483641129,0.09504291765689689,0.022038319258445304,0.0037295617206599746,0.010540065732299929,0.003847960505442831,0.22491136141191312,0.026105783021025623,0.18985816706725164,0.014260088931935195,0.012759026939099912,0.013467861769049906
619,0.031080097627182876,0.2455965173163558,0.022066901201539642,0.023663258217450557,0.029947937344946666,0.005230774089751948,0.011033450600769821,0.0416636949018818,0.019965291563297776,0.01852647077606419,0.06965027890475939,0.022066901201539642,0.009114589626722899,0.02795140818861688,0.005905227082102159,0.008385422456585065,0.012331503612625097,0.328748234948794,0.02795140818861688,0.024663007225250187,0.014457624925146665
620,0.012514139136866354,0.032536761755852524,0.03486081616698484,0.01877120870529953,0.032536761755852524,0.010845587251950837,0.019921622313546945,0.03486081616698484,0.023844278882204882,0.009133425511288115,0.032536761755852524,0.13435187350192448,0.0068591226979563425,0.3825351582277557,0.0829451617271219,0.011620272055661612,0.011092077871313355,0.015251607073055867,0.024402571316889395,0.028708907431634574,0.039871068694002774
621,0.006032070708452179,0.028819893384827076,0.02357991276940397,0.014409946692413541,0.05836565466731061,0.007859970923134658,0.01915143684999097,0.33215934410121467,0.01525759061549669,0.203162792650655,0.08248847091325275,0.02593790404634437,0.004334953159865745,0.009606631128275693,0.003405981098054303,0.004183532910700704,0.008645968015448122,0.09512970557993845,0.009606631128275693,0.03705414863763481,0.010807460019310154
622,0.018794603067292363,0.025506961305611073,0.0396774953642839,0.027469035252196544,0.023806497218570335,0.008115851324512613,0.019838747682141944,0.27924745064205453,0.03246340529805046,0.00830459205298965,0.04477641331027908,0.02603266017875486,0.008115851324512613,0.023806497218570335,0.006264867689097456,0.007680828587835893,0.07499249444580203,0.23803871665771423,0.051013922611222146,0.022318591142409687,0.013734517626098267
623,0.01294236777239875,0.06471183886199373,0.03697819363542499,0.04314122590799583,0.05752163454399442,0.022829471348407567,0.017851541755032757,0.03235591943099687,0.03982267006891922,0.007499926404527058,0.05176947108959499,0.030452630052702937,0.008088979857749218,0.005450627463819158,0.4056815886358775,0.013274223356306411,0.012039411881301164,0.020707788435838,0.007066459913130243,0.08628245181599167,0.023531577767997726
624,0.034233539271513166,0.10133127624367896,0.001140863824322869,0.005868606732259399,0.05601851880793062,0.0025476122248567924,0.0890194032479645,0.07304601105867135,0.0018685127100473518,0.11981738745029606,0.025430629173124067,0.05562083372370189,0.0021267613980143936,0.08900720210593424,0.0018540996803202404,0.053936569736391354,0.10970333297848961,0.1599967519637036,0.009038735941561175,0.003228359760612165,0.005164991966606386
625,0.2151102619599044,0.041845157341744335,0.041422442953136865,0.041422442953136865,0.03389108968893016,0.01962115718832799,0.014912079463129274,0.00493093226786552,0.018640099328911593,0.13759998889336705,0.2905066460135323,0.01694554484446508,0.01331435666350828,0.031066832214852652,0.005648514948155028,0.005564208754898983,0.0034876012458383105,0.012001905774676903,0.018640099328911593,0.01962115718832799,0.013807480984378956
626,0.015094152646735828,0.02716947476412449,0.2114749266065268,0.42331652475850035,0.030188305293471662,0.004960532175547832,0.017528693396209348,0.02859944712013105,0.03335997563092578,0.009368784401422237,0.030188305293471662,0.016980921727577807,0.014299723560065519,0.019406767688660353,0.00799102198944838,0.010252631986462072,0.011320614485051872,0.0211350957518701,0.022641228970103743,0.018112983176082995,0.026609888577610107
627,0.28986500803078763,0.059396716574087606,0.02513427880086806,0.016946612737601934,0.01775359429653536,0.14762667714502944,0.015534395009468441,0.019622393696170658,0.021930910601602505,0.005251063101792149,0.02071252667929125,0.01775359429653536,0.007169720773600818,0.01775359429653536,0.005564559406376754,0.2268279719834855,0.0037706721492060413,0.0047493617076474395,0.02071252667929125,0.031068790018936875,0.024855032015149502
628,0.026939483635600534,0.03263391049044853,0.06370979987924202,0.4818233552387484,0.02138083790753524,0.05002195006123395,0.024801771972740878,0.0516703582765435,0.011735198806013024,0.0103340716553087,0.04428887852275158,0.034446905517695664,0.013479223898228736,0.024801771972740878,0.012157731359186703,0.011482301839231887,0.012400885986370439,0.010888394737746327,0.01937638435370381,0.022144439261375784,0.019482344627553647
629,0.09663314762137425,0.04137923761896965,0.18594053711493938,0.11965390955361778,0.03210025706198858,0.014886307652827287,0.042485634346749596,0.0073111820184587105,0.002823380210048522,0.04299141570802043,0.0968241449424112,0.05684420521393812,0.0022915645132482528,0.018108213583768643,0.031064764898698635,0.06964609344699309,0.10382426893486933,0.006955629135856739,0.01181037095289484,0.009259689537112089,0.007166045933214728
630,0.11352462046433992,0.32572173776201413,0.008082682781152286,0.005796078897115648,0.009160373818639258,0.002720600813698277,0.006245709421799494,0.006543124156170898,0.006245709421799494,0.23670162290553973,0.002727770029065913,0.015640899772485672,0.002328908597959133,0.005089096565910698,0.002146962613743576,0.003271562078085449,0.12086149824193472,0.10647916703184307,0.004041341390576143,0.008587850454974304,0.008082682781152286
631,0.007182591248254308,0.031124562075768674,0.026678196064944575,0.01493978979636896,0.05779843875720665,0.004850581102717194,0.015562281037884332,0.14522976945020225,0.03395406771902036,0.2908798784944678,0.021844761164586335,0.019657618153117055,0.007946696700196256,0.0186747372454612,0.006330419405241087,0.0060003180458319825,0.01574397201051268,0.2162751180667202,0.024899649660614934,0.0186747372454612,0.015751816555421943
632,0.08289185900467708,0.04694194921563388,0.09904731785932913,0.04317584457633936,0.01931325910586079,0.04439610856327975,0.03189877630097128,0.05773540420535105,0.017101557557598394,0.046892275195299885,0.04418065808530248,0.10300404856459089,0.0023843529760321975,0.07161169390935848,0.031059334819366777,0.08339816432076254,0.06294691856725,0.07857685643128329,0.01634984897850649,0.01514765420067513,0.00194611756253093
633,0.02978429019398797,0.03694934248785648,0.02418884849774285,0.0747655317202961,0.06479679415758995,0.08411975806338334,0.03512422375609743,0.06647094851364384,0.01820520376240107,0.06066363797260068,0.05415141243633435,0.01485747476651353,0.036949342487856474,0.140645884308615,0.011366281988997234,0.06793911360670385,0.048070163009012096,0.04818968704219364,0.03174255908124852,0.047351503422854185,0.0036679987240716655
634,0.06362091515368572,0.08302529427555987,0.04025468813360477,0.05358366561683131,0.017611426058452086,0.04358827949466893,0.05696939320598137,0.020756323568889967,0.08392994597758933,0.010896636468548935,0.028539944907223693,0.07828099174552787,0.054593873357719744,0.05467671515011346,0.07502417312267859,0.06728847379195702,0.062336143274854,0.042351286473896695,0.02214007847348263,0.039206388963458814,0.0013253627852751592
635,0.010904302925482,0.027614583395547943,0.47489428991921234,0.022988010928062675,0.03037604173510274,0.0899711282200046,0.019597446280711445,0.02169717266793053,0.028929563557240707,0.008678869067172211,0.02250077165563166,0.08518030929017861,0.01239838438167459,0.03197478077379236,0.008934129922089041,0.008209741009487227,0.01412839150469895,0.0165474508002802,0.016419482018974453,0.02274178183414007,0.02531336811258562
636,0.01267302080720949,0.04002006570697734,0.009220299913970683,0.011415609417297039,0.005612829062116625,0.004994329120067454,0.008266475784939234,0.21556638127650232,0.006659105493423272,0.18666456141186535,0.24712390574058515,0.006849365650378223,0.004794555955264756,0.08640696004915563,0.0037457468400505906,0.02243594936940832,0.027156473158306053,0.05607941114350571,0.008561707062972778,0.008561707062972778,0.027191539973031364
637,0.03765089470281625,0.058460179606976484,0.03237111406632937,0.05780556083273103,0.04556438324462327,0.05645875663880268,0.05712549541116949,0.06298452058154581,0.14281373852792367,0.047967409477513365,0.047604579509307896,0.05546968394997616,0.0336207342784487,0.027320889109689748,0.039971046890308067,0.05638360586037506,0.03870798596166675,0.021111596130214804,0.03743001689881449,0.0428441215583771,0.00033368676238970153
638,0.08286916669673294,0.028280747364758076,0.050035168414571965,0.03721150969047115,0.014761647880428752,0.03480707367970223,0.020666699997323207,0.06868181502869816,0.11529843156401368,0.055924042705381344,0.07551415922228541,0.047991571285650056,0.001241612581167845,0.06170344879583578,0.06281302835751529,0.06132399416175746,0.024342921782323404,0.048276725876572814,0.027412448459282687,0.07423696183248996,0.006606824623037865
639,0.010976152912619993,0.026173903099324596,0.042532592536402465,0.0200153376641894,0.03194277530431824,0.005316574067050307,0.012602249640415546,0.089523224478218,0.017908460015327355,0.26545034188844324,0.09246333393746971,0.013086951549662298,0.009196236224087022,0.03402607402912198,0.0060760846480574955,0.02822023427980879,0.010007668832094701,0.21184455555843565,0.025341603588526846,0.013610429611648791,0.0336852161347777
640,0.03243821665392171,0.06893121038958361,0.03446560519479181,0.030261321842651432,0.012883169380614776,0.03903741631602342,0.0732394110389326,0.02506589468712132,0.12218742236148084,0.019054155717445873,0.04083332461067822,0.04395613416147362,0.040349976813414797,0.22320582411865167,0.09052812899288391,0.020943732626603276,0.02172377539550514,0.030046937862126186,0.0078003934544861485,0.015318046753240803,0.007729901628368865
641,0.05576595103537554,0.023979358945211474,0.0485296550081661,0.0705108091642314,0.05813177926111873,0.05349211529906556,0.09926938918178947,0.0044406220268910146,0.07872769811545358,0.015415302179064522,0.011751528932365179,0.0612987024428643,0.0032230321162918653,0.11207178726403454,0.08498907923403225,0.06890620386555024,0.05654552608094916,0.014870920276100142,0.016282280765267054,0.05920829369188019,0.002589965114297663
642,0.049286738849309335,0.006883918587851946,0.037235741452471896,0.07801774399565538,0.0054810073919688874,0.053123924365462684,0.10430633164636532,0.007788799978061049,0.10939444538521244,0.019948730765058383,0.009249199973947497,0.007047009503959998,0.11543654193366237,0.0892438474835793,0.09385479467407153,0.10392482779557542,0.05111041101770947,0.033436175998138015,0.01526434121654127,0.004484460593429088,0.0054810073919688874
643,0.05429615564803453,0.09747516544255404,0.003061678102037601,0.06787220247199457,0.07396644907111455,0.0368563537648427,0.009829428447988646,0.009382636245807343,0.0019155618290043125,0.03496698316743502,0.1153512338455138,0.02006841641464348,0.08969353458789639,0.06783842735398586,0.01529022203020456,0.041623382193334627,0.13672987007779075,0.035640913073316634,0.01251018166107646,0.07224629909271654,0.0033849054787076665
644,0.045346757112184104,0.04745590860577407,0.011389418065385775,0.031814473982801766,0.01771687254615565,0.018405416262279546,0.03796472688461924,0.06240228959636367,0.07481266461624077,0.0791835732164916,0.03701560871250377,0.1050705694252379,0.0018479974449266434,0.06026486773738918,0.09452885694846032,0.07816267299774551,0.06921619409883964,0.05846567940231364,0.018078441373628212,0.03515252489316597,0.015704486077493078
645,0.13657666628474946,0.10764395705661181,0.01498445094082487,0.007666463272049932,0.02747149339151226,0.002776867100746244,0.009695821197004328,0.03302712318782407,0.01267915079608258,0.25945008731050084,0.020097402156358142,0.041207240087268386,0.004020218545099356,0.011773497167790968,0.003789171502277553,0.005232665407907097,0.010162191750099716,0.25800414807667715,0.009418797734232775,0.014332953073832484,0.009989633960549913
646,0.058050555552328034,0.04846860411367896,0.0732027146211883,0.045925988815912186,0.03769575005410031,0.04574588689898706,0.1220690770270433,0.04428760508754942,0.018370395526364873,0.04516618385388423,0.05403057507754377,0.014786919163912763,0.012490237448543311,0.03955809961034454,0.032310222828760504,0.08488707953039851,0.0531553633004229,0.021612230031017504,0.061234651754549584,0.08442277355866211,0.002529086144807821
647,0.0351467766193486,0.03765726066358777,0.09037742559261065,0.10544032985804579,0.006549088811058744,0.05091820939643332,0.05594793012875897,0.0038796863148099063,0.0691149950941907,0.02912161491317454,0.07531452132717555,0.051213874502479384,0.0013810465221200249,0.009494694839575171,0.05921045920070557,0.03382279190032325,0.06667405492022954,0.050209680884783704,0.035864057774845505,0.12977271367144094,0.0028887870643023177
648,0.01528966724235403,0.0291764409536376,0.027521401036237254,0.034401751295296566,0.04159746240944289,0.033973441563571134,0.030579334484708058,0.03931628719462465,0.05003891097497683,0.010165040592455418,0.027521401036237254,0.01965814359731232,0.013760700518118627,0.02896989582761816,0.09877137162314069,0.009829071798656162,0.01528966724235403,0.012509727743744207,0.4308574238417129,0.026210858129749767,0.00456200089405159
649,0.01147974024922495,0.03290858871444485,0.03525920219404806,0.01974515322866691,0.14800511988227336,0.008366590351130047,0.01762960109702403,0.02893109390839328,0.025980464774561726,0.3854919548217561,0.018985724258333572,0.015425900959896025,0.01394892027726104,0.020567867946528037,0.0071540410248793155,0.06529561368680473,0.013711911964352024,0.07759445965929289,0.012990232387280863,0.02350613479603204,0.017021683817816304
650,0.03856433600966788,0.06515830212193485,0.013243557341856676,0.05556461204958425,0.055234767603364314,0.0645236433350329,0.05793031283901687,0.03619905673440825,0.08166232907791074,0.040939176927239904,0.04835967735612353,0.06629478413568952,0.00046479921291687977,0.05347181879225116,0.060818788099090124,0.07573223711540673,0.0593067070284601,0.03331958631235305,0.07175170174141636,0.020719196946667875,0.0007406092196079742
651,0.06673722193143469,0.031863910035089996,0.037403377651114546,0.02585486934408839,0.09631482000196963,0.03184757072764155,0.03998417435979203,0.079648355405833,0.09264101885758426,0.06893616415395823,0.05967885858990447,0.05962666385998921,0.0006434230968312175,0.05186182615490672,0.06845262026323642,0.045007639661681344,0.04779972721811747,0.04770838986111549,0.018129188147223883,0.02820566414377872,0.0016545165347088449
652,0.09351348558452588,0.015319160743903814,0.06092060898669522,0.05170216751067537,0.08530857639261434,0.001362108086884205,0.15245615665084353,0.01262905638879212,0.02197574833771294,0.012165215884864791,0.0395633977472994,0.0817521342665584,0.0021850483893767455,0.06004122678659074,0.025604882957667795,0.06029422376324092,0.002840393805305651,0.032588032855213556,0.11124880181607388,0.07278377580622891,0.0037457972389315633
653,0.27904550166066433,0.02090687267590584,0.008586751277604185,0.07016506740265571,0.02090687267590584,0.37627317137056454,0.013738802044166696,0.026714337308101906,0.01849454121330132,0.008436106518347971,0.025308319555043913,0.012021451788645858,0.011182745849903124,0.022898003406944492,0.017981507238546912,0.0047609710054043,0.008150136805861598,0.009023488629841826,0.012654159777521956,0.019234322861833374,0.013516868933234406
654,0.020515588284285628,0.11667157797728184,0.01454170050801855,0.02443005685347116,0.05671263198127234,0.022881057498251794,0.10777966258884335,0.04886011370694232,0.039713885525347215,0.05302553875702434,0.021267236992977133,0.11021078279761429,0.037249125147462904,0.06845785162236423,0.04045746280679324,0.03286339387269807,0.09871737259157735,0.02617506091443339,0.05134988017080569,0.007852518274330015,0.0002675011282050644
