site,A,C,D,E,F,G,H,I,K,L,M,N,P,Q,R,S,T,V,W,Y,*
564,0.07872,0.04875,0.05194,0.05886,0.01307,0.02160,0.06304,0.02826,0.09826,0.05130,0.04283,0.09498,0.00424,0.09150,0.08894,0.06482,0.03358,0.03741,0.00875,0.01871,0.00044
565,0.00606,0.00899,0.01059,0.01183,0.01128,0.00315,0.00953,0.01021,0.01095,0.79580,0.04024,0.01031,0.01369,0.00908,0.00311,0.00355,0.00683,0.00395,0.00822,0.01418,0.00843
566,0.64515,0.06115,0.01347,0.00802,0.04475,0.00424,0.01949,0.03544,0.01554,0.00647,0.01563,0.02104,0.00680,0.01383,0.00466,0.01182,0.00488,0.01097,0.01887,0.02575,0.01202
567,0.03916,0.03777,0.03337,0.10357,0.01282,0.00097,0.02332,0.07226,0.05985,0.09294,0.11674,0.06323,0.00154,0.09113,0.09285,0.01873,0.04955,0.03194,0.02664,0.02979,0.00182
568,0.46567,0.01565,0.01155,0.01569,0.01538,0.00964,0.02271,0.02086,0.02050,0.00632,0.02049,0.01722,0.01252,0.02271,0.00627,0.20647,0.03402,0.02475,0.01597,0.02207,0.01354
569,0.01702,0.00641,0.00809,0.00741,0.01169,0.00122,0.01195,0.50864,0.01533,0.03333,0.07147,0.01406,0.00373,0.01510,0.00253,0.00424,0.00857,0.23252,0.00465,0.01451,0.00753
570,0.00766,0.01453,0.01902,0.01206,0.01527,0.00332,0.01943,0.49640,0.01781,0.00586,0.14884,0.02793,0.01054,0.02060,0.00366,0.01945,0.09156,0.02592,0.00885,0.01958,0.01168
571,0.00828,0.00636,0.00795,0.03133,0.00946,0.00839,0.20126,0.00967,0.20697,0.02307,0.02945,0.12682,0.00319,0.05545,0.16242,0.00718,0.03656,0.00793,0.02275,0.02686,0.00866
572,0.00176,0.01387,0.00304,0.00378,0.13479,0.00085,0.00245,0.00808,0.00498,0.54815,0.12850,0.00588,0.00200,0.02727,0.00134,0.00149,0.00220,0.00150,0.00241,0.10374,0.00192
573,0.10168,0.04562,0.01575,0.00982,0.01272,0.00454,0.01477,0.00672,0.01239,0.00417,0.01030,0.01603,0.01070,0.01096,0.00337,0.01278,0.67231,0.00483,0.00789,0.01472,0.00793
574,0.00670,0.01849,0.03564,0.01381,0.01404,0.00414,0.08821,0.01823,0.01714,0.00537,0.01614,0.01666,0.00773,0.01680,0.00623,0.00473,0.00746,0.00587,0.01016,0.67644,0.01002
575,0.00404,0.01556,0.01051,0.00756,0.00847,0.00282,0.07182,0.00892,0.01048,0.01446,0.31086,0.00821,0.00588,0.27915,0.01078,0.00328,0.00600,0.00468,0.16733,0.01112,0.03805
576,0.01554,0.02463,0.05704,0.03141,0.02116,0.01376,0.01529,0.03092,0.02989,0.00877,0.02677,0.48361,0.01253,0.02568,0.00878,0.09735,0.01593,0.01098,0.02524,0.02754,0.01717
577,0.01325,0.02286,0.02046,0.17292,0.02568,0.01043,0.02509,0.01962,0.45640,0.00769,0.02025,0.04305,0.01343,0.02939,0.01918,0.00917,0.01833,0.01059,0.02394,0.01849,0.01978
578,0.00570,0.01561,0.01909,0.02799,0.01897,0.01201,0.01640,0.07424,0.02243,0.02857,0.03410,0.02244,0.00938,0.02564,0.00703,0.00657,0.01092,0.59796,0.01290,0.01860,0.01346
579,0.11055,0.16766,0.01533,0.01215,0.01283,0.00459,0.01512,0.01749,0.01606,0.00871,0.03422,0.01777,0.00773,0.02010,0.00481,0.00485,0.00885,0.48313,0.01095,0.01562,0.01148
580,0.04610,0.13827,0.01439,0.00268,0.01330,0.06055,0.00872,0.01047,0.17461,0.11820,0.06973,0.01129,0.00425,0.15981,0.08315,0.03804,0.01724,0.00549,0.00734,0.00951,0.00689
581,0.05156,0.01878,0.02345,0.00870,0.01057,0.00335,0.02031,0.08056,0.01587,0.15272,0.08608,0.01713,0.00821,0.01926,0.00519,0.00614,0.08091,0.35149,0.00951,0.01832,0.01188
582,0.01194,0.02008,0.01848,0.02103,0.02862,0.00700,0.10605,0.01960,0.02513,0.50468,0.02226,0.01845,0.06999,0.02561,0.00724,0.00620,0.02776,0.00904,0.01561,0.02052,0.01469
583,0.01093,0.01902,0.02205,0.01839,0.02068,0.03435,0.05412,0.02946,0.02940,0.00721,0.01919,0.02514,0.01049,0.02925,0.58842,0.01422,0.01037,0.00930,0.01252,0.02256,0.01293
584,0.01267,0.03101,0.03025,0.02569,0.03071,0.01330,0.02024,0.04379,0.03082,0.02086,0.02496,0.02766,0.50861,0.03177,0.00913,0.03571,0.01498,0.01175,0.02650,0.03188,0.01771
585,0.18013,0.13897,0.00816,0.00732,0.13751,0.04142,0.03927,0.02345,0.01068,0.00384,0.05065,0.01127,0.00437,0.00876,0.00419,0.04094,0.04571,0.03557,0.00663,0.19512,0.00604
586,0.05380,0.04213,0.05806,0.05836,0.03518,0.05395,0.04287,0.08661,0.02361,0.07840,0.04840,0.04012,0.03560,0.06827,0.00956,0.06060,0.07504,0.08256,0.02862,0.01367,0.00458
587,0.03268,0.05252,0.04235,0.25048,0.01412,0.29280,0.03083,0.02159,0.02167,0.00570,0.01516,0.02772,0.00913,0.08931,0.01764,0.01658,0.01574,0.00580,0.00771,0.02263,0.00786
588,0.01322,0.02366,0.01971,0.03161,0.02141,0.55181,0.03177,0.03234,0.03168,0.00764,0.02591,0.02686,0.02355,0.03944,0.02255,0.00924,0.01557,0.01481,0.01597,0.02102,0.02024
589,0.01545,0.01355,0.01142,0.01911,0.01795,0.04793,0.04883,0.08915,0.19697,0.05722,0.09118,0.01318,0.00440,0.01069,0.21239,0.00668,0.02592,0.09361,0.01075,0.00830,0.00531
590,0.01402,0.39864,0.01703,0.01790,0.01434,0.00542,0.01200,0.07378,0.01643,0.00400,0.01647,0.01594,0.00452,0.01186,0.00385,0.00522,0.28235,0.05741,0.00949,0.01136,0.00798
591,0.00555,0.03407,0.02832,0.02740,0.02693,0.00989,0.02181,0.08875,0.03105,0.04517,0.02679,0.04332,0.00911,0.03497,0.00813,0.00810,0.01115,0.47143,0.02531,0.02374,0.01903
592,0.05277,0.02067,0.02808,0.02682,0.04894,0.00781,0.02063,0.03925,0.04532,0.01706,0.52330,0.02206,0.01260,0.02313,0.00735,0.00853,0.01093,0.03588,0.01428,0.02108,0.01352
593,0.00907,0.01824,0.58757,0.02818,0.01586,0.02089,0.01627,0.02061,0.02532,0.00547,0.01758,0.06720,0.00777,0.02268,0.00617,0.00570,0.01017,0.01930,0.01692,0.06602,0.01302
594,0.00894,0.01652,0.02296,0.02749,0.01506,0.00980,0.02184,0.44389,0.02355,0.00560,0.02000,0.01829,0.00818,0.01882,0.00699,0.00754,0.00568,0.26173,0.01891,0.01749,0.02071
595,0.01266,0.02210,0.03563,0.02319,0.02081,0.01054,0.02169,0.41343,0.02763,0.03421,0.02655,0.03157,0.00990,0.03021,0.00813,0.00880,0.05066,0.09304,0.07029,0.02528,0.02367
596,0.01020,0.02045,0.02069,0.02157,0.02022,0.00875,0.01847,0.02308,0.02458,0.01834,0.01914,0.02402,0.00709,0.02462,0.00742,0.66009,0.01142,0.01030,0.01537,0.01961,0.01457
597,0.01046,0.02196,0.03199,0.02329,0.01775,0.03710,0.02031,0.03305,0.10619,0.00622,0.02338,0.01899,0.01298,0.02934,0.51587,0.00624,0.01204,0.00892,0.01579,0.02420,0.02394
598,0.04642,0.05607,0.02291,0.02097,0.02420,0.12004,0.00907,0.01864,0.11637,0.00667,0.01730,0.01951,0.00541,0.31089,0.09918,0.04844,0.00791,0.00583,0.01438,0.02150,0.00831
599,0.01195,0.03446,0.52101,0.02257,0.03453,0.01337,0.02126,0.02528,0.05008,0.00929,0.03264,0.04699,0.01170,0.02781,0.00881,0.01094,0.01387,0.01127,0.03044,0.03091,0.03081
600,0.01432,0.03318,0.02804,0.02050,0.02436,0.01334,0.04853,0.03146,0.02232,0.03319,0.02350,0.03269,0.02175,0.54372,0.00635,0.01071,0.01249,0.01218,0.02982,0.03057,0.00696
601,0.01376,0.03070,0.03115,0.02662,0.03701,0.01313,0.03139,0.06575,0.01440,0.00964,0.02654,0.02075,0.01664,0.03048,0.43437,0.02747,0.01317,0.02052,0.02797,0.03023,0.07831
602,0.01269,0.03773,0.02474,0.00707,0.03479,0.47240,0.02761,0.04664,0.03489,0.01045,0.03352,0.03827,0.01239,0.04166,0.01826,0.01014,0.01430,0.01829,0.04327,0.03175,0.02913
603,0.01913,0.03693,0.03662,0.03056,0.03541,0.00215,0.02754,0.05511,0.03777,0.01392,0.03422,0.01088,0.01129,0.03154,0.02240,0.45328,0.01611,0.02707,0.03017,0.03689,0.03103
604,0.01120,0.03329,0.02436,0.03955,0.03453,0.49046,0.02537,0.02764,0.03410,0.01129,0.03475,0.03040,0.01540,0.03895,0.00553,0.01161,0.01422,0.01116,0.05305,0.03584,0.01731
605,0.01702,0.03807,0.03987,0.03302,0.02806,0.01132,0.02829,0.03017,0.03065,0.01017,0.03397,0.02435,0.00986,0.48440,0.04940,0.01056,0.01233,0.01723,0.02825,0.03077,0.03223
606,0.02617,0.02842,0.03444,0.02932,0.03339,0.00802,0.02659,0.06863,0.03438,0.00990,0.03099,0.03990,0.00943,0.03495,0.00845,0.01146,0.01379,0.47262,0.02230,0.03089,0.02596
607,0.00160,0.01358,0.01403,0.02260,0.01824,0.00505,0.01803,0.33318,0.02605,0.00708,0.01633,0.01457,0.00761,0.01950,0.00620,0.00616,0.00826,0.40354,0.01903,0.02201,0.01735
608,0.03286,0.02388,0.02801,0.03890,0.03748,0.01248,0.06411,0.02258,0.03689,0.01317,0.03973,0.03435,0.01703,0.03657,0.01190,0.01190,0.44245,0.01687,0.02881,0.02578,0.02426
609,0.01166,0.10081,0.05491,0.02447,0.03626,0.00421,0.11986,0.03372,0.03236,0.01049,0.03436,0.04180,0.01236,0.03000,0.00815,0.00932,0.01781,0.01610,0.02445,0.35555,0.02137
610,0.32483,0.03821,0.03146,0.02375,0.07481,0.00373,0.03998,0.04659,0.03842,0.01490,0.02841,0.03540,0.01325,0.04004,0.00936,0.03074,0.04662,0.03150,0.04179,0.04858,0.03762
611,0.01310,0.03016,0.04237,0.02099,0.21238,0.00731,0.01933,0.01859,0.02313,0.27830,0.18376,0.01773,0.02284,0.02092,0.00616,0.00837,0.00946,0.00881,0.01545,0.01838,0.02247
612,0.01525,0.03378,0.04310,0.02683,0.03983,0.01304,0.04776,0.04619,0.03517,0.01418,0.05360,0.40923,0.01287,0.04532,0.01195,0.02630,0.01176,0.01985,0.03203,0.02594,0.03601
613,0.03040,0.04673,0.05473,0.03192,0.06109,0.01526,0.02939,0.01010,0.12572,0.01447,0.02581,0.03296,0.02609,0.03883,0.01076,0.01419,0.32533,0.01741,0.03336,0.03385,0.02158
614,0.02479,0.04564,0.03466,0.03723,0.39241,0.01016,0.03850,0.03253,0.03463,0.04100,0.02397,0.04151,0.01612,0.03238,0.01187,0.05893,0.02358,0.00966,0.02641,0.04214,0.02188
615,0.06778,0.05961,0.02296,0.03216,0.02827,0.01257,0.02476,0.01235,0.04193,0.00983,0.02925,0.02521,0.00781,0.02881,0.00883,0.00966,0.49512,0.01390,0.02457,0.02365,0.02096
616,0.01925,0.03131,0.01939,0.03665,0.04701,0.00854,0.05635,0.03123,0.03275,0.01296,0.03808,0.42703,0.02000,0.03697,0.00925,0.01094,0.02567,0.01801,0.03242,0.06199,0.02419
617,0.01775,0.03892,0.02789,0.02259,0.02109,0.00777,0.03749,0.30358,0.03020,0.23968,0.02173,0.04575,0.01346,0.02839,0.00964,0.00667,0.01995,0.01443,0.01882,0.05413,0.02008
618,0.07688,0.12761,0.01772,0.01006,0.01701,0.07285,0.01874,0.01941,0.01628,0.00563,0.11779,0.01824,0.00494,0.01461,0.00510,0.07706,0.09534,0.23071,0.01624,0.01896,0.01882
619,0.00173,0.46642,0.01545,0.02617,0.01957,0.00349,0.01338,0.06885,0.01944,0.00867,0.01664,0.01738,0.00569,0.01729,0.00450,0.00555,0.01171,0.23835,0.01310,0.01598,0.01063
620,0.01208,0.03179,0.04561,0.01960,0.07361,0.00864,0.03377,0.03433,0.02880,0.01124,0.02451,0.17757,0.01122,0.35962,0.03109,0.01076,0.00948,0.01529,0.01899,0.03747,0.00451
621,0.00659,0.02451,0.01770,0.01554,0.04747,0.00787,0.01123,0.34250,0.01688,0.21959,0.11047,0.01884,0.01789,0.01270,0.00378,0.00563,0.00887,0.06457,0.00966,0.02495,0.01277
622,0.01818,0.02803,0.03293,0.05136,0.04280,0.01091,0.02447,0.40851,0.04569,0.01656,0.03288,0.02616,0.00965,0.03626,0.00965,0.01333,0.01711,0.04244,0.05479,0.03444,0.04384
623,0.01229,0.05601,0.04271,0.03365,0.06129,0.00887,0.02259,0.05712,0.03684,0.00915,0.04583,0.02698,0.00885,0.00579,0.41541,0.01302,0.01688,0.01757,0.02118,0.05920,0.02878
624,0.01091,0.04571,0.00660,0.00562,0.10833,0.00157,0.09084,0.14366,0.00308,0.16753,0.02473,0.04821,0.00152,0.07016,0.00191,0.04147,0.06468,0.14533,0.00677,0.00589,0.00548
625,0.09958,0.02816,0.02962,0.03052,0.02484,0.02190,0.02255,0.10611,0.01734,0.12455,0.28151,0.01867,0.00992,0.01921,0.00720,0.00729,0.03237,0.05680,0.01645,0.03397,0.01145
626,0.01791,0.03023,0.16976,0.42559,0.02666,0.02478,0.02325,0.03344,0.01227,0.00836,0.02765,0.01783,0.01256,0.02619,0.00714,0.00993,0.01261,0.02129,0.02960,0.02028,0.04267
627,0.30135,0.02451,0.02918,0.02663,0.02426,0.16647,0.02147,0.02273,0.02050,0.00674,0.02786,0.01955,0.00831,0.01963,0.00623,0.16892,0.02128,0.00585,0.02041,0.02161,0.03651
628,0.01843,0.03196,0.02214,0.44573,0.02317,0.05839,0.02790,0.03420,0.06225,0.01035,0.03710,0.03295,0.01414,0.02860,0.01128,0.00995,0.01275,0.04729,0.02500,0.02564,0.02080
629,0.08885,0.07080,0.08967,0.10648,0.00986,0.00581,0.02347,0.01328,0.00535,0.04496,0.06256,0.09275,0.00244,0.10744,0.03949,0.05072,0.08996,0.06417,0.01304,0.00441,0.01449
630,0.07674,0.25131,0.01076,0.00924,0.00911,0.00808,0.01287,0.00974,0.00980,0.30865,0.03818,0.00809,0.00369,0.00666,0.00298,0.00323,0.07617,0.12782,0.00877,0.00811,0.01000
631,0.00851,0.02973,0.02021,0.03137,0.10697,0.00559,0.01876,0.11381,0.02390,0.29369,0.01858,0.01818,0.00826,0.02305,0.00650,0.02614,0.00961,0.17253,0.02529,0.02134,0.01798
632,0.06684,0.05952,0.04887,0.03614,0.02010,0.06109,0.02987,0.05542,0.03226,0.07797,0.06393,0.08172,0.00067,0.07620,0.03340,0.07675,0.07266,0.06581,0.01640,0.02273,0.00163
633,0.04526,0.04153,0.08366,0.09523,0.05041,0.03542,0.07445,0.04680,0.03968,0.04514,0.04552,0.03439,0.03482,0.05207,0.01866,0.05331,0.05955,0.04926,0.02852,0.06343,0.00291
634,0.05584,0.07885,0.04871,0.05453,0.02745,0.05223,0.05748,0.01960,0.06901,0.01046,0.03805,0.07566,0.07266,0.05637,0.06037,0.08990,0.05992,0.03345,0.01949,0.01846,0.00152
635,0.02116,0.03310,0.49219,0.04573,0.03053,0.04016,0.02765,0.02735,0.03782,0.01024,0.02817,0.01498,0.01209,0.03029,0.00794,0.00793,0.01407,0.01495,0.01809,0.05719,0.02836
636,0.00935,0.01777,0.01256,0.01956,0.02480,0.00699,0.01111,0.15218,0.01111,0.25268,0.28936,0.01078,0.00657,0.03813,0.00567,0.01972,0.02712,0.04024,0.01604,0.01171,0.01655
637,0.05950,0.03889,0.02591,0.05083,0.05419,0.05712,0.04529,0.06205,0.05592,0.04313,0.04575,0.05174,0.04151,0.04225,0.04620,0.05454,0.05053,0.03446,0.04906,0.08995,0.00119
638,0.05997,0.06523,0.05277,0.04268,0.03544,0.04439,0.06336,0.05313,0.07642,0.05002,0.03929,0.04875,0.00102,0.03703,0.07097,0.06474,0.05046,0.03451,0.02776,0.07783,0.00426
639,0.01138,0.05620,0.04539,0.02888,0.01767,0.00720,0.02194,0.12666,0.02691,0.29927,0.03979,0.01933,0.00986,0.02781,0.00685,0.04072,0.01057,0.13663,0.02675,0.01883,0.02137
640,0.06288,0.04852,0.03843,0.04633,0.03425,0.03582,0.08913,0.02404,0.09448,0.02739,0.03292,0.06741,0.01015,0.09475,0.11666,0.03793,0.05828,0.02649,0.02153,0.02084,0.01178
641,0.06019,0.04627,0.05092,0.03458,0.04321,0.05504,0.07298,0.01002,0.09249,0.01766,0.01891,0.06538,0.00435,0.08644,0.09107,0.06411,0.06119,0.03351,0.03452,0.04933,0.00785
642,0.06286,0.02407,0.01894,0.10267,0.00843,0.03922,0.08209,0.00973,0.12548,0.00698,0.01171,0.01605,0.13978,0.05401,0.10266,0.09540,0.06387,0.01459,0.00784,0.00727,0.00633
643,0.05126,0.06781,0.04710,0.07138,0.05424,0.05653,0.03284,0.05863,0.01048,0.04947,0.04920,0.06950,0.04713,0.05707,0.02241,0.05002,0.05794,0.04956,0.02528,0.06594,0.00619
644,0.05220,0.05922,0.02804,0.03341,0.01853,0.02154,0.05012,0.04318,0.07709,0.06817,0.02893,0.09236,0.00179,0.06916,0.12266,0.07004,0.06506,0.05211,0.01176,0.03125,0.00337
645,0.05876,0.18408,0.01152,0.00943,0.01716,0.00464,0.01250,0.22675,0.01419,0.09018,0.01238,0.02372,0.00460,0.01271,0.00406,0.00498,0.02207,0.24724,0.00875,0.01454,0.01575
646,0.05587,0.03946,0.07348,0.03893,0.03276,0.03994,0.10858,0.05294,0.06375,0.04095,0.03600,0.04532,0.00905,0.06275,0.04602,0.06420,0.05437,0.04299,0.04469,0.04533,0.00263
647,0.04373,0.04132,0.05398,0.02262,0.04281,0.05073,0.05843,0.04791,0.06101,0.03812,0.02518,0.06310,0.00203,0.04987,0.06975,0.06665,0.04893,0.04804,0.08358,0.07542,0.00680
648,0.01633,0.03294,0.03196,0.03345,0.04891,0.00835,0.03145,0.03754,0.05137,0.02115,0.03493,0.02580,0.01243,0.02713,0.03353,0.01022,0.01641,0.01290,0.43821,0.04260,0.03238
649,0.01602,0.04356,0.04166,0.02562,0.02859,0.00769,0.02569,0.06070,0.03035,0.46954,0.04980,0.02275,0.01054,0.02798,0.00956,0.00689,0.01573,0.01685,0.02890,0.02326,0.03831
650,0.06183,0.05693,0.03969,0.05795,0.05161,0.07738,0.05460,0.03744,0.04912,0.05109,0.06324,0.06492,0.00053,0.05611,0.03682,0.05282,0.05849,0.05675,0.03024,0.04153,0.00091
651,0.05961,0.05028,0.01799,0.02583,0.07175,0.03141,0.04754,0.05687,0.06862,0.06648,0.05944,0.07578,0.00069,0.06782,0.05290,0.04454,0.04883,0.06085,0.02762,0.06379,0.00135
652,0.06942,0.06509,0.06869,0.07226,0.06854,0.00188,0.07517,0.00916,0.04135,0.01548,0.04909,0.08626,0.00230,0.11899,0.02278,0.07014,0.01298,0.03156,0.04262,0.07300,0.00322
653,0.16457,0.02208,0.01498,0.01342,0.02936,0.43156,0.02196,0.03422,0.02379,0.01231,0.05554,0.01715,0.01403,0.02394,0.02112,0.00675,0.00978,0.01097,0.01962,0.02116,0.03169
654,0.03551,0.07086,0.03050,0.02788,0.04535,0.02624,0.06630,0.06372,0.03588,0.07216,0.05193,0.06036,0.04148,0.07792,0.04864,0.04045,0.06815,0.04814,0.06809,0.01805,0.00240
655,0.01939,0.04509,0.27026,0.10134,0.01967,0.04814,0.01778,0.03502,0.02081,0.03329,0.02871,0.15926,0.01260,0.03041,0.00441,0.03307,0.03450,0.02990,0.01594,0.02378,0.01662
656,0.00805,0.02702,0.01781,0.01868,0.01964,0.03618,0.01280,0.01501,0.03977,0.00797,0.01950,0.01210,0.00642,0.01981,0.66232,0.00521,0.00565,0.01086,0.02097,0.01490,0.01933
657,0.01055,0.02629,0.01878,0.02517,0.05309,0.00602,0.01147,0.01554,0.03031,0.59389,0.04867,0.01500,0.03322,0.02185,0.00471,0.00716,0.00800,0.01029,0.01993,0.01497,0.02510
658,0.03533,0.09230,0.00648,0.00239,0.00287,0.08646,0.11935,0.00240,0.10986,0.00213,0.01248,0.09055,0.00102,0.09516,0.14151,0.08099,0.10408,0.00273,0.00512,0.00277,0.00401
659,0.00762,0.01852,0.01279,0.01707,0.01672,0.00656,0.02504,0.01353,0.02346,0.01767,0.01932,0.01855,0.00405,0.02691,0.62725,0.00883,0.00612,0.01168,0.01991,0.01632,0.08206
660,0.01318,0.10809,0.03828,0.03011,0.03225,0.00706,0.02781,0.05200,0.03752,0.02101,0.43001,0.02658,0.01217,0.02087,0.00902,0.01007,0.02043,0.03047,0.02263,0.02811,0.02233
661,0.38489,0.19606,0.01667,0.02160,0.04093,0.00427,0.01981,0.03225,0.02772,0.00850,0.02465,0.02178,0.00500,0.01829,0.00634,0.01118,0.02240,0.05287,0.03778,0.02194,0.02505
662,0.03174,0.03976,0.04438,0.02224,0.01242,0.00642,0.01303,0.18143,0.02320,0.00464,0.02311,0.01472,0.00601,0.02238,0.00731,0.00503,0.00735,0.47945,0.02388,0.01310,0.01839
663,0.01226,0.02205,0.03038,0.03368,0.02899,0.03758,0.01660,0.06895,0.02543,0.00879,0.04865,0.00950,0.00886,0.02154,0.01320,0.50897,0.01058,0.01578,0.02235,0.02285,0.03303
664,0.01332,0.01998,0.01742,0.06601,0.02183,0.49145,0.02609,0.02250,0.03352,0.00885,0.05147,0.02298,0.01164,0.03564,0.02115,0.00725,0.01327,0.01617,0.02879,0.01578,0.05488
665,0.00755,0.03399,0.60753,0.01824,0.02325,0.04677,0.01331,0.02041,0.02547,0.00816,0.02240,0.00950,0.01367,0.02102,0.00889,0.00626,0.00938,0.01094,0.03366,0.04048,0.01914
666,0.01654,0.02675,0.59841,0.01718,0.02812,0.01639,0.01522,0.02307,0.02738,0.00945,0.04336,0.00731,0.00642,0.03158,0.00944,0.00690,0.00820,0.01120,0.05063,0.01709,0.02937
667,0.05768,0.19499,0.00684,0.00598,0.00557,0.00215,0.00395,0.00703,0.00691,0.00209,0.03095,0.00458,0.00185,0.00569,0.00440,0.19017,0.06168,0.37114,0.00610,0.01066,0.01960
668,0.00994,0.03236,0.02551,0.02197,0.01859,0.00725,0.01794,0.07946,0.02914,0.00562,0.02671,0.01779,0.00584,0.01778,0.00574,0.00809,0.01015,0.59802,0.01849,0.02119,0.02244
669,0.02778,0.08468,0.01210,0.01108,0.01445,0.00508,0.01021,0.37947,0.01548,0.00359,0.04862,0.01271,0.00445,0.01666,0.00423,0.00463,0.00488,0.29464,0.01350,0.01525,0.01655
670,0.00924,0.04170,0.02804,0.05134,0.04225,0.00755,0.02155,0.02392,0.48590,0.00798,0.06843,0.02570,0.00714,0.02117,0.03992,0.00762,0.01156,0.01699,0.02188,0.02440,0.03573
671,0.01038,0.02544,0.02626,0.02353,0.03145,0.00598,0.01240,0.02372,0.04359,0.00769,0.02813,0.02009,0.57396,0.01990,0.00650,0.03387,0.00809,0.01078,0.02576,0.02506,0.03741
672,0.00422,0.00779,0.00974,0.01590,0.00847,0.00573,0.00604,0.37501,0.01196,0.09996,0.04900,0.00939,0.00291,0.01000,0.00363,0.00576,0.02053,0.32032,0.01299,0.00774,0.01292
673,0.01333,0.03257,0.54305,0.03652,0.03069,0.04969,0.01635,0.02391,0.03020,0.00893,0.03728,0.01965,0.00628,0.02217,0.00945,0.00736,0.00959,0.01348,0.04157,0.02378,0.02415
674,0.01282,0.02066,0.60497,0.02421,0.01601,0.00448,0.01275,0.01600,0.02378,0.00592,0.02046,0.09076,0.00686,0.02683,0.00811,0.00621,0.00676,0.00864,0.02694,0.03329,0.02352
675,0.00477,0.01114,0.01001,0.01356,0.01708,0.00463,0.00871,0.00961,0.03003,0.00329,0.00795,0.00900,0.00315,0.00943,0.80976,0.00519,0.00330,0.00590,0.01015,0.00997,0.01336
676,0.01228,0.01298,0.01851,0.03419,0.43846,0.02623,0.01512,0.01476,0.03099,0.02785,0.04011,0.01408,0.00484,0.02744,0.01116,0.01028,0.00901,0.03221,0.06808,0.12934,0.02207
