site,A,C,D,E,F,G,H,I,K,L,M,N,P,Q,R,S,T,V,W,Y,*
564,0.08297,0.04315,0.04847,0.05957,0.01501,0.02178,0.05851,0.03084,0.09409,0.05376,0.05064,0.09071,0.00534,0.08803,0.09364,0.06387,0.03168,0.03778,0.01181,0.01792,0.00042
565,0.00588,0.00872,0.01026,0.01147,0.01094,0.00305,0.00924,0.01059,0.01060,0.77126,0.07435,0.00999,0.00841,0.00879,0.00267,0.00345,0.00662,0.00383,0.00798,0.01373,0.00816
566,0.61030,0.07915,0.01273,0.01262,0.04256,0.00396,0.01840,0.03338,0.01474,0.00611,0.01476,0.01983,0.00643,0.01310,0.00440,0.02292,0.00462,0.02628,0.01788,0.02448,0.01136
567,0.03606,0.04357,0.02635,0.09753,0.01188,0.00113,0.03145,0.06292,0.05203,0.08838,0.10912,0.06017,0.00146,0.09803,0.09478,0.02610,0.04585,0.02894,0.02582,0.05675,0.00166
568,0.44537,0.01495,0.01090,0.01501,0.01473,0.01284,0.02171,0.01995,0.01959,0.00605,0.01961,0.01645,0.01027,0.02172,0.00600,0.23750,0.03854,0.01943,0.01526,0.02116,0.01296
569,0.01216,0.00618,0.00774,0.00667,0.01106,0.00115,0.01122,0.49666,0.01446,0.04743,0.09377,0.01341,0.00351,0.01413,0.00238,0.00399,0.00903,0.21999,0.00441,0.01370,0.00694
570,0.00728,0.01378,0.01820,0.01147,0.02013,0.00318,0.01869,0.47455,0.01679,0.00533,0.16618,0.03270,0.01020,0.01987,0.00349,0.01230,0.09534,0.03226,0.00840,0.01878,0.01109
571,0.00791,0.00671,0.00692,0.02870,0.01233,0.01845,0.21417,0.00840,0.18016,0.01943,0.02638,0.12956,0.00278,0.06605,0.14627,0.00969,0.04203,0.00710,0.02995,0.03135,0.00566
572,0.00148,0.02704,0.00256,0.00321,0.12836,0.00082,0.02088,0.00681,0.00421,0.46511,0.14882,0.00776,0.00180,0.08337,0.00114,0.00185,0.00186,0.00127,0.00204,0.08773,0.00188
573,0.14380,0.02938,0.01504,0.00938,0.01214,0.00435,0.01415,0.01676,0.01294,0.00399,0.00987,0.01535,0.00994,0.01047,0.00308,0.01241,0.64315,0.00462,0.00755,0.01407,0.00757
574,0.00654,0.04166,0.02474,0.01348,0.01371,0.00405,0.07805,0.01788,0.01684,0.00523,0.01575,0.02151,0.00754,0.01651,0.00608,0.00697,0.00727,0.00573,0.00991,0.66151,0.01903
575,0.01190,0.01934,0.00959,0.01180,0.00775,0.00261,0.08601,0.00834,0.00904,0.01012,0.28584,0.00756,0.00545,0.25807,0.02375,0.00302,0.00558,0.00381,0.19389,0.01032,0.02622
576,0.01604,0.02408,0.05840,0.03112,0.02076,0.01333,0.04020,0.03661,0.02933,0.00862,0.02633,0.47481,0.01230,0.02810,0.00862,0.07496,0.01584,0.01076,0.02481,0.02803,0.01695
577,0.01359,0.02393,0.02132,0.10875,0.02678,0.01096,0.02520,0.02244,0.47129,0.00800,0.02007,0.04286,0.01362,0.02761,0.06396,0.00918,0.01564,0.01099,0.02387,0.01941,0.02054
578,0.03391,0.01263,0.01541,0.01932,0.01536,0.00780,0.01328,0.18471,0.01819,0.06305,0.02966,0.01813,0.00760,0.02083,0.00570,0.00532,0.00883,0.48389,0.01045,0.01505,0.01088
579,0.09655,0.12950,0.01668,0.01525,0.01389,0.00832,0.01634,0.02114,0.01752,0.00756,0.02142,0.01934,0.00842,0.02147,0.00521,0.00525,0.00963,0.52529,0.01195,0.01694,0.01235
580,0.03162,0.08570,0.01910,0.04995,0.01749,0.03827,0.01132,0.01234,0.22644,0.08251,0.06753,0.01468,0.00552,0.11265,0.13479,0.03136,0.02190,0.00719,0.00932,0.01223,0.00809
581,0.04326,0.02256,0.01765,0.00751,0.00913,0.00324,0.01753,0.06481,0.01377,0.14731,0.09141,0.01490,0.00716,0.01669,0.00451,0.00534,0.17407,0.30475,0.00823,0.01580,0.01036
582,0.01096,0.01939,0.01816,0.02039,0.04528,0.00690,0.07016,0.01647,0.02467,0.49504,0.02188,0.01797,0.09015,0.02491,0.00617,0.00609,0.04653,0.00904,0.01524,0.02012,0.01448
583,0.01109,0.01928,0.02235,0.01866,0.02090,0.02541,0.05511,0.02530,0.03053,0.00730,0.01943,0.02540,0.01060,0.02959,0.59561,0.01385,0.01050,0.00944,0.01273,0.02278,0.01415
584,0.01298,0.03166,0.03080,0.02620,0.03137,0.01357,0.02059,0.04459,0.03139,0.01307,0.02543,0.02818,0.51859,0.03041,0.00931,0.02712,0.01525,0.01201,0.02704,0.03237,0.01807
585,0.18038,0.12601,0.00728,0.00736,0.14279,0.04882,0.05509,0.03470,0.00993,0.00594,0.03832,0.01136,0.00442,0.00878,0.00631,0.06627,0.04363,0.03688,0.00615,0.15359,0.00600
586,0.04987,0.03580,0.08286,0.06174,0.04069,0.05596,0.03731,0.07808,0.02849,0.07427,0.03870,0.03829,0.04095,0.06622,0.00876,0.06180,0.06254,0.08302,0.02819,0.02222,0.00423
587,0.03383,0.04125,0.03530,0.21663,0.01363,0.26719,0.04234,0.01964,0.01957,0.00668,0.01808,0.02924,0.00837,0.12768,0.01268,0.03559,0.01673,0.00485,0.00877,0.03480,0.00717
588,0.01260,0.02243,0.01867,0.07363,0.02041,0.52487,0.03024,0.03088,0.03010,0.00727,0.02468,0.02551,0.02252,0.03743,0.01374,0.00879,0.01479,0.01845,0.01522,0.01997,0.02780
589,0.02295,0.02210,0.00918,0.01051,0.01441,0.06280,0.06245,0.09386,0.15847,0.05875,0.07989,0.01938,0.00355,0.02955,0.18386,0.01196,0.04084,0.09208,0.00848,0.00895,0.00601
590,0.02818,0.43051,0.01500,0.01575,0.01271,0.00476,0.01050,0.06761,0.01282,0.00352,0.01874,0.01731,0.01064,0.01043,0.00339,0.00497,0.24845,0.05938,0.00834,0.00998,0.00702
591,0.04465,0.07927,0.02615,0.02535,0.02131,0.00841,0.02005,0.07335,0.02847,0.04006,0.02715,0.03962,0.00847,0.03191,0.00760,0.00754,0.01040,0.43666,0.02353,0.02217,0.01787
592,0.03760,0.02082,0.02833,0.02552,0.05133,0.00788,0.02087,0.03601,0.03507,0.01575,0.52876,0.02235,0.01275,0.02341,0.01001,0.00861,0.04406,0.02096,0.01441,0.02182,0.01368
593,0.00953,0.01916,0.61720,0.02593,0.01667,0.02731,0.01713,0.02168,0.02661,0.00573,0.01847,0.05044,0.00815,0.02386,0.00649,0.00609,0.01069,0.01441,0.01780,0.04292,0.01374
594,0.00859,0.02375,0.02217,0.02616,0.01449,0.00950,0.02077,0.42629,0.02214,0.00779,0.01966,0.02187,0.00796,0.01800,0.00676,0.00660,0.06725,0.21468,0.01832,0.01677,0.02048
595,0.01212,0.02145,0.03430,0.02205,0.01954,0.01018,0.02082,0.39685,0.02671,0.02312,0.02009,0.03027,0.00955,0.02839,0.00774,0.00920,0.04284,0.14945,0.06826,0.02448,0.02258
596,0.00993,0.01983,0.02011,0.02098,0.01960,0.00851,0.01798,0.02247,0.02386,0.02466,0.01863,0.02336,0.02674,0.02397,0.00724,0.64198,0.01192,0.01003,0.01495,0.01909,0.01418
597,0.01052,0.02202,0.03177,0.02330,0.01792,0.02718,0.02062,0.02664,0.08595,0.00626,0.02333,0.01911,0.01300,0.02984,0.51923,0.02951,0.01207,0.00895,0.01603,0.02442,0.03233
598,0.04009,0.04537,0.01853,0.01549,0.01980,0.13844,0.00893,0.01525,0.12413,0.00474,0.01817,0.01595,0.00552,0.25150,0.15694,0.04880,0.00641,0.00473,0.01164,0.01762,0.03195
599,0.01226,0.03409,0.51295,0.02006,0.03391,0.03339,0.02095,0.02486,0.04882,0.00917,0.03217,0.03755,0.01148,0.02727,0.00866,0.01075,0.01365,0.01949,0.02997,0.02824,0.03030
600,0.01461,0.03364,0.02859,0.02095,0.02481,0.01364,0.03977,0.03194,0.02415,0.02139,0.02400,0.03342,0.01643,0.55503,0.00482,0.01093,0.01272,0.01240,0.03040,0.03128,0.01508
601,0.01278,0.02874,0.02920,0.02488,0.03485,0.02967,0.02894,0.04593,0.08562,0.00902,0.02476,0.01938,0.01563,0.02846,0.40658,0.03114,0.01446,0.01908,0.02597,0.02818,0.05674
602,0.01274,0.03796,0.02479,0.01301,0.03482,0.47323,0.02772,0.04652,0.03487,0.01049,0.03343,0.03842,0.01240,0.04199,0.02060,0.01017,0.01433,0.01733,0.03429,0.03180,0.02910
603,0.01846,0.04148,0.03547,0.02957,0.03420,0.02395,0.02660,0.05289,0.03628,0.01346,0.03287,0.01409,0.01090,0.03036,0.02602,0.43709,0.01550,0.02622,0.02903,0.03563,0.02993
604,0.01113,0.03309,0.02423,0.03669,0.03428,0.48747,0.02521,0.02746,0.03394,0.01122,0.03452,0.03023,0.01532,0.03864,0.00550,0.01154,0.01413,0.01186,0.05278,0.03560,0.02516
605,0.01700,0.03806,0.03983,0.03082,0.02803,0.01131,0.02316,0.03013,0.02938,0.00968,0.03393,0.02435,0.01272,0.48407,0.05192,0.01055,0.01233,0.01722,0.02824,0.03076,0.03651
606,0.06174,0.02600,0.02990,0.02661,0.03647,0.00736,0.02470,0.10379,0.03194,0.00939,0.02818,0.03621,0.00869,0.03179,0.00777,0.01041,0.01260,0.43375,0.02044,0.02835,0.02387
607,0.00695,0.01336,0.01393,0.02220,0.01782,0.00491,0.01789,0.34232,0.02534,0.00688,0.01586,0.01432,0.00747,0.01888,0.00607,0.00604,0.00804,0.39447,0.01893,0.02125,0.01706
608,0.03031,0.02363,0.02770,0.03848,0.03697,0.01236,0.06387,0.03636,0.03642,0.01303,0.03920,0.03253,0.01790,0.03579,0.01177,0.01167,0.43728,0.01670,0.02837,0.02559,0.02405
609,0.01284,0.06486,0.06691,0.02670,0.03979,0.00460,0.09186,0.03668,0.03499,0.01138,0.03727,0.03369,0.01357,0.03285,0.00892,0.01017,0.01949,0.01751,0.02664,0.38877,0.02049
610,0.32679,0.03847,0.03643,0.02391,0.07564,0.00585,0.04019,0.04661,0.03859,0.01502,0.02851,0.03563,0.01333,0.04036,0.00942,0.03806,0.03934,0.01899,0.04211,0.04890,0.03786
611,0.01307,0.03025,0.04199,0.02090,0.16678,0.00730,0.02128,0.01852,0.02301,0.27712,0.22554,0.01764,0.02206,0.02084,0.01038,0.00830,0.00944,0.00834,0.01659,0.01830,0.02233
612,0.01413,0.03144,0.04121,0.02483,0.03699,0.01210,0.04946,0.05755,0.04152,0.01321,0.04978,0.38077,0.01198,0.04232,0.01111,0.06307,0.01268,0.01843,0.02973,0.02412,0.03359
613,0.02648,0.04667,0.05531,0.03183,0.06061,0.01529,0.02930,0.02339,0.08551,0.01440,0.02575,0.03287,0.02704,0.03884,0.01070,0.04394,0.32548,0.01739,0.03329,0.03419,0.02172
614,0.02434,0.03670,0.03402,0.03605,0.38012,0.00988,0.03752,0.03282,0.03331,0.04646,0.02400,0.04118,0.01554,0.03201,0.01151,0.07865,0.02259,0.01202,0.02515,0.04482,0.02132
615,0.03987,0.05769,0.02211,0.03139,0.02723,0.01222,0.02403,0.06304,0.04067,0.00948,0.02805,0.02111,0.01059,0.02766,0.00849,0.01753,0.47873,0.01343,0.02370,0.02279,0.02017
616,0.01944,0.03176,0.01725,0.03702,0.04756,0.00862,0.05183,0.03206,0.03467,0.01306,0.03854,0.43070,0.02005,0.03726,0.00933,0.02527,0.02582,0.01830,0.03292,0.04413,0.02440
617,0.01781,0.03934,0.02764,0.02271,0.02233,0.00779,0.03738,0.26001,0.03053,0.24019,0.04007,0.04717,0.01348,0.02840,0.00971,0.03711,0.01843,0.01197,0.01636,0.05375,0.01781
618,0.09193,0.10906,0.01689,0.01181,0.01645,0.05564,0.01797,0.03674,0.01564,0.00606,0.09774,0.01719,0.00481,0.01416,0.00494,0.10544,0.09741,0.22383,0.01560,0.02222,0.01846
619,0.03179,0.37797,0.01712,0.02264,0.02168,0.00445,0.01479,0.04993,0.02161,0.01559,0.04801,0.01912,0.00628,0.01908,0.00497,0.00613,0.01268,0.26234,0.01449,0.01769,0.01165
620,0.01173,0.03087,0.04440,0.01881,0.07184,0.00837,0.02421,0.03334,0.02408,0.00940,0.02374,0.17319,0.01086,0.34906,0.05668,0.01044,0.00920,0.01485,0.01840,0.03647,0.02006
621,0.00637,0.02355,0.01695,0.01505,0.03927,0.00761,0.01149,0.37151,0.01630,0.21255,0.09383,0.01799,0.02184,0.01237,0.00366,0.00547,0.00984,0.06888,0.00932,0.02377,0.01239
622,0.01517,0.02327,0.02776,0.04168,0.03281,0.00899,0.02024,0.33626,0.03766,0.01392,0.05757,0.02154,0.00799,0.02962,0.00791,0.00963,0.04162,0.15704,0.04545,0.02843,0.03545
623,0.01222,0.05580,0.04253,0.03343,0.06071,0.01427,0.02243,0.05671,0.03666,0.01005,0.04559,0.02688,0.01008,0.01079,0.41298,0.01296,0.01680,0.01749,0.01418,0.05880,0.02864
624,0.01923,0.05987,0.00544,0.00607,0.10480,0.00260,0.07801,0.13196,0.00330,0.13791,0.03508,0.05070,0.00159,0.08395,0.00197,0.04694,0.06902,0.14398,0.00718,0.00458,0.00582
625,0.10845,0.03689,0.03114,0.03200,0.02605,0.02299,0.02389,0.05658,0.01783,0.15240,0.29590,0.01960,0.01039,0.02016,0.00839,0.00768,0.01871,0.04544,0.01731,0.03617,0.01203
626,0.01989,0.03076,0.15435,0.43390,0.02729,0.02712,0.02342,0.03398,0.01568,0.00857,0.02831,0.01815,0.01287,0.02648,0.00731,0.01017,0.01278,0.02169,0.02993,0.02060,0.03677
627,0.28342,0.04227,0.02513,0.02480,0.02266,0.16681,0.02006,0.02132,0.01934,0.00630,0.02604,0.01836,0.00779,0.01842,0.00585,0.19980,0.01244,0.00529,0.01923,0.02061,0.03408
628,0.02510,0.03207,0.03255,0.44967,0.02323,0.03868,0.02795,0.03512,0.06998,0.01039,0.03772,0.03314,0.01422,0.02874,0.01136,0.01007,0.01280,0.03579,0.02492,0.02559,0.02091
629,0.09869,0.07082,0.10582,0.11472,0.01591,0.01587,0.02619,0.01230,0.00640,0.04860,0.05467,0.07233,0.00265,0.08497,0.03200,0.05449,0.09588,0.05829,0.01206,0.00566,0.01167
630,0.10669,0.25582,0.01093,0.00943,0.00916,0.00602,0.01330,0.01000,0.01001,0.28057,0.02381,0.01002,0.00379,0.00680,0.00305,0.00323,0.08033,0.12962,0.00911,0.00810,0.01020
631,0.00851,0.02990,0.02023,0.03147,0.08835,0.00559,0.01867,0.12053,0.02390,0.29353,0.01908,0.01819,0.00828,0.02321,0.00650,0.02442,0.01055,0.18453,0.02525,0.02130,0.01800
632,0.06892,0.05681,0.06154,0.04021,0.02281,0.05621,0.03300,0.05318,0.03066,0.06963,0.06072,0.08699,0.00100,0.07556,0.02977,0.07352,0.07131,0.06227,0.01971,0.02438,0.00182
633,0.04319,0.03644,0.06829,0.08640,0.05088,0.04817,0.06405,0.05495,0.02598,0.04913,0.04792,0.03737,0.03419,0.07739,0.01447,0.06239,0.05840,0.05133,0.02341,0.06259,0.00306
634,0.05791,0.08789,0.05004,0.05211,0.02175,0.05224,0.06317,0.02331,0.06303,0.01032,0.03485,0.07485,0.06175,0.05662,0.06297,0.07953,0.06179,0.03367,0.01980,0.03011,0.00230
635,0.01638,0.03199,0.47796,0.03641,0.02968,0.04605,0.02666,0.02643,0.03650,0.00991,0.02725,0.05616,0.01175,0.02951,0.00775,0.00833,0.01368,0.02013,0.01754,0.04248,0.02745
636,0.01212,0.02145,0.01174,0.01857,0.01617,0.00654,0.01040,0.15953,0.01052,0.23618,0.25541,0.01019,0.00614,0.04580,0.00533,0.03273,0.03873,0.05238,0.01526,0.01097,0.02383
637,0.05444,0.03980,0.02421,0.05423,0.05620,0.05609,0.04548,0.06105,0.07081,0.05146,0.04988,0.05002,0.04083,0.04198,0.04527,0.05746,0.04899,0.03181,0.04450,0.07467,0.00080
638,0.06576,0.06535,0.04627,0.04097,0.03347,0.04906,0.05905,0.04971,0.07881,0.05124,0.04454,0.05967,0.00105,0.03809,0.06296,0.06925,0.04510,0.03410,0.02869,0.06957,0.00729
639,0.01006,0.03982,0.04015,0.02526,0.04689,0.00632,0.01918,0.13734,0.02362,0.26395,0.06865,0.01693,0.00871,0.02479,0.00604,0.03197,0.00934,0.14328,0.02378,0.01658,0.03733
640,0.06016,0.04840,0.03598,0.03678,0.02569,0.04233,0.08616,0.02008,0.10687,0.02671,0.03334,0.06585,0.02225,0.09690,0.11359,0.04116,0.05542,0.02752,0.01415,0.02920,0.01146
641,0.05408,0.05352,0.05514,0.05212,0.03641,0.05280,0.07102,0.01235,0.08484,0.01575,0.03921,0.07018,0.00341,0.08669,0.07818,0.06560,0.06269,0.02879,0.02612,0.04558,0.00553
642,0.05394,0.01770,0.02019,0.08649,0.00793,0.05504,0.09859,0.00911,0.12212,0.01354,0.01097,0.01993,0.13093,0.05751,0.10029,0.09625,0.05729,0.02059,0.00882,0.00684,0.00592
643,0.05349,0.06932,0.03697,0.07347,0.06545,0.06021,0.04486,0.04301,0.00628,0.04861,0.05789,0.05746,0.04889,0.05912,0.01899,0.04980,0.06615,0.05375,0.02017,0.06040,0.00570
644,0.04713,0.04354,0.02529,0.04583,0.01964,0.02283,0.05192,0.04957,0.07339,0.06717,0.03780,0.09272,0.00171,0.06915,0.11359,0.06590,0.06350,0.05877,0.01169,0.03311,0.00575
645,0.07336,0.20185,0.01056,0.00842,0.01590,0.00345,0.01108,0.19130,0.01270,0.12275,0.02304,0.02215,0.00411,0.01144,0.00364,0.00451,0.02127,0.22358,0.00796,0.01313,0.01381
646,0.05710,0.03522,0.07025,0.04477,0.03272,0.04646,0.10048,0.05226,0.05242,0.04056,0.04118,0.03920,0.01149,0.05983,0.04469,0.06844,0.05481,0.04464,0.04436,0.05648,0.00264
647,0.04692,0.04513,0.05788,0.03441,0.03539,0.06136,0.05336,0.03322,0.06316,0.04139,0.03366,0.06594,0.00201,0.03606,0.06857,0.05857,0.05091,0.04861,0.07192,0.08325,0.00828
648,0.01609,0.03247,0.03163,0.03302,0.05549,0.01865,0.03102,0.03688,0.05077,0.01584,0.03452,0.02549,0.01223,0.02669,0.04774,0.01007,0.01620,0.01270,0.43166,0.04242,0.01839
649,0.01478,0.06395,0.03818,0.02310,0.05207,0.00698,0.02372,0.05505,0.02790,0.42736,0.04040,0.02082,0.01127,0.02551,0.00877,0.03063,0.01442,0.04482,0.02203,0.02113,0.02710
650,0.05426,0.07545,0.03608,0.05662,0.05270,0.06975,0.05272,0.03902,0.05623,0.04440,0.05976,0.06164,0.00052,0.05462,0.04283,0.05693,0.05963,0.05459,0.03471,0.03663,0.00089
651,0.05973,0.04829,0.02443,0.02593,0.07048,0.03611,0.04684,0.06059,0.07571,0.06337,0.05958,0.07780,0.00094,0.06412,0.05436,0.04532,0.05002,0.05577,0.02633,0.05290,0.00137
652,0.07286,0.05362,0.06918,0.06751,0.07572,0.00175,0.09067,0.00871,0.03912,0.01433,0.04227,0.08613,0.00230,0.09312,0.02537,0.07646,0.01413,0.03679,0.05382,0.07293,0.00322
653,0.17694,0.02092,0.01413,0.04893,0.02756,0.40714,0.02063,0.03229,0.02239,0.01157,0.05207,0.01614,0.01318,0.02271,0.01790,0.00639,0.00921,0.01034,0.01844,0.01990,0.03120
654,0.03946,0.09170,0.02724,0.03232,0.04297,0.03014,0.06858,0.04819,0.04080,0.06482,0.04526,0.05905,0.03975,0.07714,0.04245,0.04046,0.06821,0.04994,0.05702,0.03242,0.00208
655,0.01883,0.04579,0.25511,0.09106,0.01934,0.03301,0.02018,0.03420,0.01991,0.03689,0.02589,0.15561,0.01331,0.04171,0.00498,0.04221,0.03833,0.04556,0.01621,0.02618,0.01568
656,0.00789,0.02641,0.01752,0.01839,0.01929,0.02112,0.01259,0.01974,0.06255,0.00781,0.02195,0.01187,0.00632,0.01957,0.65080,0.00562,0.00565,0.01063,0.02052,0.01465,0.01910
657,0.01026,0.06348,0.01815,0.02425,0.03079,0.00583,0.01562,0.01476,0.02929,0.57535,0.04906,0.01454,0.03991,0.02106,0.00455,0.00695,0.00778,0.01000,0.01947,0.01458,0.02435
658,0.03768,0.08584,0.01197,0.02477,0.00391,0.08370,0.11729,0.00312,0.10238,0.00466,0.01507,0.08668,0.00095,0.08992,0.13390,0.07731,0.10297,0.00299,0.00474,0.00641,0.00375
659,0.00758,0.01979,0.01272,0.01697,0.01663,0.00799,0.03233,0.01345,0.02783,0.02495,0.01922,0.01837,0.00403,0.03215,0.62375,0.01170,0.00561,0.01093,0.01980,0.01623,0.05798
660,0.01210,0.10523,0.03540,0.02757,0.02992,0.00650,0.02546,0.03355,0.03174,0.03815,0.39476,0.02427,0.01115,0.01910,0.00747,0.00926,0.04274,0.07858,0.02089,0.02564,0.02052
661,0.38929,0.18434,0.01649,0.02354,0.04248,0.00433,0.02030,0.03320,0.02817,0.00997,0.02522,0.02198,0.00508,0.01869,0.00642,0.01081,0.01454,0.05906,0.03835,0.02236,0.02538
662,0.02788,0.03558,0.03415,0.02231,0.01250,0.00745,0.01317,0.19030,0.02354,0.00479,0.02340,0.01480,0.00611,0.02269,0.00738,0.00508,0.00750,0.48520,0.02432,0.01325,0.01859
663,0.01224,0.02925,0.03030,0.03344,0.02864,0.02576,0.01656,0.06329,0.02542,0.00879,0.04827,0.02335,0.00879,0.02154,0.01407,0.50616,0.01056,0.01571,0.02232,0.02273,0.03281
664,0.01267,0.02087,0.01863,0.05725,0.02265,0.51076,0.02700,0.02359,0.03474,0.00916,0.05350,0.02398,0.01215,0.03682,0.01387,0.00755,0.01378,0.01305,0.03000,0.01653,0.04145
665,0.00767,0.03473,0.61916,0.01857,0.02377,0.03466,0.01358,0.02083,0.02602,0.00831,0.02282,0.01229,0.01391,0.02143,0.00903,0.00637,0.00956,0.01071,0.03431,0.03282,0.01946
666,0.01503,0.02563,0.57281,0.01644,0.02695,0.03205,0.01456,0.02211,0.02628,0.00906,0.04160,0.03508,0.00615,0.03019,0.00903,0.00661,0.00786,0.01072,0.04829,0.01552,0.02804
667,0.05314,0.22420,0.00787,0.00685,0.00866,0.00205,0.00454,0.01051,0.00790,0.00276,0.02702,0.00530,0.00212,0.00650,0.01339,0.17648,0.04947,0.36044,0.00701,0.00680,0.01700
668,0.09578,0.04235,0.01949,0.02025,0.02001,0.00593,0.01630,0.05621,0.02682,0.00515,0.02466,0.01639,0.00538,0.01627,0.00529,0.00744,0.00930,0.54985,0.01696,0.01963,0.02055
669,0.02760,0.09897,0.01310,0.01176,0.01531,0.00452,0.01107,0.31906,0.01653,0.01494,0.04429,0.01371,0.00483,0.01830,0.00460,0.00507,0.00528,0.32140,0.01505,0.01671,0.01789
670,0.00906,0.04028,0.02750,0.07608,0.04157,0.00696,0.01944,0.02371,0.47469,0.00778,0.04250,0.01797,0.00694,0.01934,0.05814,0.00742,0.00987,0.01659,0.02134,0.02380,0.04902
671,0.00885,0.02539,0.02613,0.02340,0.03139,0.00595,0.01238,0.02342,0.04332,0.01394,0.02792,0.01988,0.56963,0.01975,0.00647,0.03582,0.00801,0.01069,0.02548,0.02486,0.03732
672,0.01050,0.01308,0.00953,0.01560,0.00757,0.00558,0.00590,0.36455,0.01177,0.10410,0.05060,0.01111,0.00281,0.01074,0.00389,0.00507,0.03651,0.29812,0.01277,0.00748,0.01271
673,0.01196,0.03166,0.53171,0.03733,0.03002,0.06560,0.01585,0.02337,0.02971,0.00877,0.03679,0.02565,0.00615,0.02165,0.00921,0.00715,0.00939,0.01314,0.04057,0.02070,0.02361
674,0.00947,0.01915,0.55635,0.09799,0.01475,0.03282,0.01179,0.01478,0.02191,0.00545,0.01901,0.05587,0.00631,0.02484,0.00756,0.00570,0.00622,0.01809,0.02483,0.02544,0.02167
675,0.00468,0.01095,0.00984,0.01332,0.01678,0.02455,0.00856,0.00944,0.01803,0.00323,0.00781,0.00884,0.00309,0.00927,0.79550,0.00583,0.00324,0.00580,0.01831,0.00980,0.01313
676,0.01138,0.01199,0.01727,0.03167,0.40817,0.02426,0.01400,0.01368,0.02883,0.04176,0.03715,0.01310,0.00450,0.02561,0.01041,0.03032,0.00833,0.02081,0.06347,0.16276,0.02054
