site,A,C,D,E,F,G,H,I,K,L,M,N,P,Q,R,S,T,V,W,Y,*
564,0.08721,0.03756,0.04501,0.06028,0.01694,0.02196,0.05399,0.03341,0.08992,0.05623,0.05845,0.08643,0.00644,0.08455,0.09835,0.06293,0.02979,0.03815,0.01487,0.01713,0.00039
565,0.00569,0.00845,0.00992,0.01112,0.01060,0.00296,0.00895,0.01098,0.01024,0.74672,0.10846,0.00967,0.00312,0.00851,0.00224,0.00334,0.00641,0.00371,0.00774,0.01329,0.00789
566,0.57544,0.09716,0.01199,0.01721,0.04037,0.00369,0.01732,0.03131,0.01394,0.00576,0.01389,0.01862,0.00607,0.01236,0.00414,0.03402,0.00435,0.04159,0.01689,0.02321,0.01069
567,0.03295,0.04937,0.01933,0.09150,0.01094,0.00130,0.03958,0.05358,0.04421,0.08382,0.10150,0.05711,0.00138,0.10492,0.09671,0.03348,0.04215,0.02595,0.02500,0.08371,0.00151
568,0.42506,0.01424,0.01025,0.01434,0.01408,0.01604,0.02072,0.01904,0.01868,0.00577,0.01872,0.01568,0.00802,0.02074,0.00572,0.26853,0.04306,0.01411,0.01456,0.02024,0.01239
569,0.00730,0.00596,0.00739,0.00593,0.01043,0.00108,0.01050,0.48467,0.01358,0.06154,0.11608,0.01276,0.00328,0.01316,0.00222,0.00374,0.00950,0.20746,0.00417,0.01289,0.00636
570,0.00689,0.01303,0.01738,0.01087,0.02499,0.00304,0.01795,0.45270,0.01578,0.00479,0.18351,0.03746,0.00985,0.01914,0.00331,0.00515,0.09912,0.03859,0.00794,0.01798,0.01051
571,0.00755,0.00705,0.00590,0.02608,0.01521,0.02851,0.22707,0.00713,0.15336,0.01579,0.02331,0.13229,0.00237,0.07664,0.13012,0.01219,0.04750,0.00627,0.03714,0.03584,0.00267
572,0.00120,0.04022,0.00207,0.00263,0.12193,0.00078,0.03930,0.00555,0.00343,0.38208,0.16913,0.00965,0.00159,0.13947,0.00094,0.00222,0.00153,0.00104,0.00167,0.07173,0.00184
573,0.18593,0.01315,0.01434,0.00894,0.01156,0.00415,0.01353,0.02679,0.01350,0.00382,0.00943,0.01466,0.00918,0.00997,0.00278,0.01203,0.61399,0.00441,0.00722,0.01342,0.00720
574,0.00638,0.06483,0.01385,0.01316,0.01338,0.00396,0.06789,0.01752,0.01654,0.00510,0.01536,0.02636,0.00735,0.01623,0.00593,0.00922,0.00709,0.00559,0.00966,0.64658,0.02803
575,0.01976,0.02313,0.00866,0.01604,0.00703,0.00239,0.10020,0.00776,0.00760,0.00578,0.26082,0.00692,0.00502,0.23698,0.03672,0.00275,0.00517,0.00293,0.22045,0.00952,0.01438
576,0.01655,0.02352,0.05975,0.03083,0.02036,0.01290,0.06510,0.04231,0.02877,0.00848,0.02589,0.46601,0.01207,0.03053,0.00846,0.05257,0.01574,0.01054,0.02438,0.02852,0.01673
577,0.01393,0.02500,0.02218,0.04458,0.02787,0.01149,0.02531,0.02527,0.48617,0.00832,0.01990,0.04266,0.01381,0.02584,0.10875,0.00919,0.01295,0.01139,0.02379,0.02033,0.02129
578,0.06213,0.00965,0.01174,0.01064,0.01176,0.00360,0.01016,0.29519,0.01395,0.09752,0.02523,0.01381,0.00583,0.01602,0.00436,0.00407,0.00673,0.36982,0.00799,0.01150,0.00829
579,0.08254,0.09135,0.01803,0.01834,0.01495,0.01206,0.01756,0.02478,0.01897,0.00642,0.00862,0.02090,0.00910,0.02284,0.00562,0.00564,0.01040,0.56744,0.01295,0.01826,0.01322
580,0.01715,0.03313,0.02381,0.09721,0.02168,0.01598,0.01393,0.01422,0.27826,0.04683,0.06534,0.01807,0.00679,0.06550,0.18644,0.02469,0.02656,0.00888,0.01129,0.01496,0.00930
581,0.03495,0.02635,0.01184,0.00633,0.00769,0.00314,0.01475,0.04905,0.01167,0.14190,0.09674,0.01267,0.00611,0.01412,0.00382,0.00454,0.26723,0.25800,0.00696,0.01328,0.00884
582,0.00998,0.01870,0.01783,0.01974,0.06193,0.00679,0.03427,0.01335,0.02420,0.48541,0.02150,0.01748,0.11031,0.02422,0.00509,0.00599,0.06530,0.00904,0.01486,0.01972,0.01427
583,0.01124,0.01955,0.02266,0.01892,0.02113,0.01646,0.05610,0.02114,0.03165,0.00739,0.01968,0.02566,0.01071,0.02993,0.60279,0.01348,0.01062,0.00959,0.01293,0.02301,0.01537
584,0.01329,0.03231,0.03135,0.02671,0.03202,0.01384,0.02094,0.04538,0.03196,0.00528,0.02590,0.02870,0.52858,0.02904,0.00948,0.01853,0.01552,0.01227,0.02758,0.03287,0.01844
585,0.18062,0.11305,0.00640,0.00740,0.14807,0.05621,0.07090,0.04595,0.00919,0.00804,0.02599,0.01146,0.00448,0.00881,0.00843,0.09159,0.04156,0.03818,0.00566,0.11207,0.00595
586,0.04594,0.02947,0.10767,0.06512,0.04620,0.05797,0.03174,0.06956,0.03338,0.07014,0.02900,0.03646,0.04630,0.06416,0.00796,0.06301,0.05004,0.08348,0.02777,0.03077,0.00387
587,0.03499,0.02998,0.02825,0.18277,0.01314,0.24158,0.05385,0.01770,0.01746,0.00766,0.02100,0.03075,0.00760,0.16606,0.00771,0.05460,0.01771,0.00389,0.00984,0.04697,0.00648
588,0.01198,0.02120,0.01763,0.11565,0.01941,0.49793,0.02872,0.02943,0.02851,0.00690,0.02345,0.02417,0.02149,0.03541,0.00493,0.00834,0.01401,0.02209,0.01447,0.01892,0.03536
589,0.03044,0.03065,0.00694,0.00191,0.01087,0.07767,0.07607,0.09856,0.11997,0.06027,0.06860,0.02557,0.00269,0.04841,0.15532,0.01725,0.05575,0.09055,0.00621,0.00959,0.00672
590,0.04234,0.46237,0.01297,0.01360,0.01108,0.00410,0.00900,0.06143,0.00921,0.00303,0.02100,0.01868,0.01677,0.00901,0.00293,0.00471,0.21454,0.06136,0.00719,0.00861,0.00606
591,0.08375,0.12447,0.02398,0.02329,0.01569,0.00694,0.01830,0.05794,0.02588,0.03496,0.02752,0.03593,0.00783,0.02884,0.00707,0.00698,0.00965,0.40189,0.02176,0.02061,0.01671
592,0.02243,0.02097,0.02857,0.02422,0.05373,0.00796,0.02110,0.03278,0.02481,0.01444,0.53423,0.02264,0.01291,0.02369,0.01268,0.00869,0.07719,0.00605,0.01454,0.02256,0.01383
593,0.00998,0.02008,0.64683,0.02368,0.01748,0.03373,0.01800,0.02275,0.02791,0.00599,0.01935,0.03367,0.00854,0.02504,0.00680,0.00647,0.01121,0.00952,0.01869,0.01982,0.01447
594,0.00825,0.03099,0.02139,0.02482,0.01392,0.00921,0.01969,0.40868,0.02073,0.00997,0.01932,0.02546,0.00773,0.01718,0.00653,0.00567,0.12881,0.16764,0.01773,0.01604,0.02025
595,0.01159,0.02081,0.03297,0.02091,0.01826,0.00982,0.01994,0.38027,0.02579,0.01204,0.01363,0.02897,0.00920,0.02657,0.00735,0.00960,0.03503,0.20587,0.06624,0.02368,0.02149
596,0.00965,0.01921,0.01954,0.02038,0.01899,0.00826,0.01750,0.02185,0.02314,0.03099,0.01812,0.02270,0.04638,0.02331,0.00705,0.62386,0.01242,0.00975,0.01453,0.01858,0.01378
597,0.01058,0.02208,0.03155,0.02331,0.01810,0.01726,0.02093,0.02023,0.06572,0.00630,0.02329,0.01922,0.01301,0.03033,0.52260,0.05278,0.01210,0.00897,0.01627,0.02465,0.04072
598,0.03375,0.03466,0.01415,0.01001,0.01540,0.15685,0.00879,0.01186,0.13189,0.00282,0.01904,0.01239,0.00564,0.19210,0.21470,0.04917,0.00491,0.00363,0.00889,0.01374,0.05560
599,0.01257,0.03372,0.50490,0.01756,0.03329,0.05340,0.02063,0.02445,0.04757,0.00905,0.03169,0.02811,0.01126,0.02673,0.00852,0.01056,0.01343,0.02771,0.02950,0.02557,0.02979
600,0.01490,0.03409,0.02914,0.02139,0.02525,0.01394,0.03101,0.03241,0.02599,0.00958,0.02450,0.03414,0.01111,0.56634,0.00328,0.01116,0.01296,0.01262,0.03098,0.03200,0.02320
601,0.01180,0.02678,0.02725,0.02314,0.03268,0.04621,0.02650,0.02611,0.15685,0.00839,0.02297,0.01802,0.01462,0.02643,0.37880,0.03480,0.01575,0.01764,0.02397,0.02613,0.03516
602,0.01279,0.03819,0.02485,0.01895,0.03484,0.47405,0.02783,0.04641,0.03485,0.01052,0.03333,0.03856,0.01242,0.04231,0.02294,0.01019,0.01435,0.01637,0.02530,0.03185,0.02907
603,0.01779,0.04603,0.03432,0.02857,0.03298,0.04575,0.02567,0.05068,0.03479,0.01300,0.03152,0.01730,0.01051,0.02918,0.02965,0.42090,0.01489,0.02536,0.02789,0.03437,0.02883
604,0.01106,0.03289,0.02410,0.03384,0.03402,0.48448,0.02505,0.02728,0.03377,0.01115,0.03429,0.03007,0.01523,0.03834,0.00546,0.01147,0.01405,0.01256,0.05252,0.03536,0.03302
605,0.01699,0.03805,0.03979,0.02861,0.02800,0.01130,0.01803,0.03010,0.02811,0.00920,0.03389,0.02436,0.01558,0.48374,0.05444,0.01054,0.01233,0.01721,0.02822,0.03075,0.04078
606,0.09730,0.02359,0.02535,0.02390,0.03955,0.00671,0.02282,0.13896,0.02950,0.00889,0.02538,0.03253,0.00795,0.02864,0.00710,0.00936,0.01141,0.39488,0.01858,0.02582,0.02179
607,0.01231,0.01314,0.01383,0.02180,0.01740,0.00477,0.01776,0.35146,0.02463,0.00669,0.01539,0.01406,0.00733,0.01827,0.00595,0.00591,0.00782,0.38540,0.01883,0.02049,0.01678
608,0.02777,0.02339,0.02740,0.03806,0.03647,0.01223,0.06363,0.05014,0.03596,0.01289,0.03868,0.03070,0.01876,0.03501,0.01165,0.01145,0.43210,0.01653,0.02794,0.02540,0.02385
609,0.01402,0.02891,0.07890,0.02894,0.04332,0.00499,0.06386,0.03965,0.03763,0.01226,0.04019,0.02558,0.01479,0.03571,0.00970,0.01101,0.02117,0.01892,0.02883,0.42200,0.01962
610,0.32874,0.03873,0.04140,0.02407,0.07647,0.00796,0.04039,0.04663,0.03876,0.01514,0.02862,0.03587,0.01340,0.04068,0.00947,0.04538,0.03206,0.00649,0.04242,0.04921,0.03810
611,0.01303,0.03035,0.04161,0.02082,0.12119,0.00728,0.02322,0.01846,0.02289,0.27595,0.26733,0.01756,0.02127,0.02076,0.01461,0.00824,0.00942,0.00788,0.01772,0.01822,0.02219
612,0.01301,0.02911,0.03932,0.02283,0.03415,0.01116,0.05116,0.06890,0.04786,0.01224,0.04596,0.35230,0.01108,0.03931,0.01027,0.09983,0.01359,0.01702,0.02742,0.02229,0.03117
613,0.02256,0.04661,0.05589,0.03173,0.06012,0.01531,0.02921,0.03668,0.04530,0.01433,0.02569,0.03278,0.02800,0.03884,0.01065,0.07370,0.32562,0.01737,0.03321,0.03454,0.02186
614,0.02389,0.02776,0.03338,0.03487,0.36783,0.00960,0.03655,0.03311,0.03199,0.05192,0.02402,0.04085,0.01495,0.03164,0.01116,0.09837,0.02159,0.01438,0.02389,0.04750,0.02076
615,0.01195,0.05578,0.02125,0.03062,0.02619,0.01186,0.02330,0.11374,0.03942,0.00914,0.02685,0.01701,0.01337,0.02652,0.00815,0.02539,0.46235,0.01295,0.02284,0.02193,0.01939
616,0.01963,0.03222,0.01510,0.03739,0.04811,0.00870,0.04730,0.03289,0.03659,0.01316,0.03901,0.43437,0.02009,0.03755,0.00940,0.03960,0.02598,0.01859,0.03342,0.02627,0.02461
617,0.01786,0.03977,0.02739,0.02283,0.02357,0.00781,0.03727,0.21643,0.03087,0.24071,0.05841,0.04859,0.01351,0.02841,0.00978,0.06755,0.01691,0.00951,0.01391,0.05337,0.01554
618,0.10698,0.09051,0.01606,0.01356,0.01588,0.03842,0.01720,0.05407,0.01501,0.00649,0.07770,0.01614,0.00468,0.01371,0.00479,0.13382,0.09948,0.21695,0.01495,0.02547,0.01811
619,0.06186,0.28951,0.01878,0.01910,0.02380,0.00541,0.01620,0.03101,0.02378,0.02252,0.07938,0.02085,0.00686,0.02087,0.00544,0.00670,0.01365,0.28632,0.01588,0.01940,0.01267
620,0.01138,0.02995,0.04318,0.01802,0.07006,0.00811,0.01464,0.03235,0.01936,0.00755,0.02297,0.16881,0.01050,0.33850,0.08227,0.01012,0.00891,0.01441,0.01781,0.03546,0.03562
621,0.00615,0.02260,0.01619,0.01455,0.03106,0.00734,0.01175,0.40051,0.01573,0.20551,0.07720,0.01715,0.02580,0.01203,0.00354,0.00532,0.01082,0.07319,0.00898,0.02258,0.01201
622,0.01215,0.01851,0.02259,0.03200,0.02281,0.00707,0.01601,0.26401,0.02964,0.01128,0.08226,0.01692,0.00632,0.02298,0.00617,0.00593,0.06612,0.27165,0.03611,0.02242,0.02706
623,0.01214,0.05560,0.04234,0.03321,0.06013,0.01967,0.02228,0.05629,0.03648,0.01095,0.04535,0.02679,0.01131,0.01579,0.41055,0.01290,0.01671,0.01741,0.00719,0.05839,0.02850
624,0.02755,0.07402,0.00428,0.00653,0.10127,0.00363,0.06518,0.12027,0.00351,0.10829,0.04543,0.05319,0.00166,0.09773,0.00203,0.05242,0.07336,0.14263,0.00758,0.00328,0.00617
625,0.11733,0.04562,0.03266,0.03348,0.02726,0.02409,0.02523,0.00705,0.01833,0.18025,0.31029,0.02054,0.01086,0.02110,0.00957,0.00806,0.00506,0.03409,0.01817,0.03836,0.01260
626,0.02187,0.03129,0.13894,0.44221,0.02792,0.02946,0.02359,0.03451,0.01909,0.00878,0.02896,0.01848,0.01318,0.02678,0.00747,0.01040,0.01295,0.02210,0.03026,0.02091,0.03087
627,0.26548,0.06002,0.02108,0.02297,0.02105,0.16716,0.01865,0.01990,0.01818,0.00587,0.02421,0.01717,0.00728,0.01722,0.00546,0.23068,0.00359,0.00472,0.01804,0.01962,0.03164
628,0.03176,0.03219,0.04297,0.45360,0.02330,0.01898,0.02800,0.03604,0.07770,0.01044,0.03833,0.03334,0.01430,0.02887,0.01144,0.01019,0.01284,0.02428,0.02484,0.02554,0.02102
629,0.10853,0.07084,0.12198,0.12296,0.02195,0.02592,0.02891,0.01133,0.00745,0.05224,0.04679,0.05191,0.00285,0.06250,0.02451,0.05827,0.10179,0.05241,0.01109,0.00691,0.00885
630,0.13664,0.26034,0.01110,0.00963,0.00920,0.00395,0.01373,0.01026,0.01022,0.25248,0.00945,0.01194,0.00388,0.00693,0.00313,0.00324,0.08449,0.13142,0.00946,0.00810,0.01040
631,0.00852,0.03007,0.02025,0.03157,0.06973,0.00559,0.01859,0.12726,0.02391,0.29337,0.01958,0.01820,0.00830,0.02337,0.00649,0.02269,0.01149,0.19652,0.02521,0.02126,0.01801
632,0.07100,0.05409,0.07421,0.04428,0.02551,0.05132,0.03613,0.05095,0.02906,0.06128,0.05750,0.09225,0.00133,0.07492,0.02613,0.07029,0.06996,0.05874,0.02302,0.02604,0.00200
633,0.04112,0.03134,0.05293,0.07757,0.05135,0.06092,0.05366,0.06310,0.01228,0.05311,0.05032,0.04036,0.03356,0.10271,0.01029,0.07147,0.05726,0.05340,0.01830,0.06176,0.00321
634,0.05999,0.09693,0.05137,0.04969,0.01606,0.05224,0.06885,0.02702,0.05706,0.01018,0.03164,0.07405,0.05083,0.05687,0.06558,0.06915,0.06366,0.03388,0.02011,0.04176,0.00308
635,0.01160,0.03089,0.46373,0.02710,0.02882,0.05194,0.02566,0.02550,0.03519,0.00957,0.02633,0.09734,0.01142,0.02872,0.00756,0.00873,0.01329,0.02532,0.01699,0.02777,0.02655
636,0.01489,0.02512,0.01091,0.01758,0.00755,0.00609,0.00969,0.16688,0.00993,0.21968,0.22146,0.00959,0.00571,0.05348,0.00498,0.04575,0.05035,0.06453,0.01447,0.01023,0.03112
637,0.04937,0.04071,0.02252,0.05762,0.05822,0.05506,0.04568,0.06006,0.08570,0.05979,0.05401,0.04829,0.04015,0.04171,0.04435,0.06039,0.04745,0.02915,0.03994,0.05939,0.00041
638,0.07155,0.06548,0.03977,0.03927,0.03150,0.05373,0.05473,0.04628,0.08119,0.05247,0.04979,0.07059,0.00108,0.03916,0.05494,0.07377,0.03975,0.03369,0.02962,0.06131,0.01033
639,0.00874,0.02345,0.03492,0.02165,0.07612,0.00545,0.01641,0.14801,0.02033,0.22863,0.09750,0.01454,0.00756,0.02178,0.00522,0.02321,0.00811,0.14994,0.02080,0.01433,0.05329
640,0.05745,0.04828,0.03353,0.02724,0.01713,0.04884,0.08318,0.01613,0.11927,0.02602,0.03376,0.06429,0.03435,0.09906,0.11052,0.04439,0.05256,0.02855,0.00677,0.03757,0.01113
641,0.04796,0.06078,0.05936,0.06966,0.02961,0.05055,0.06907,0.01467,0.07719,0.01383,0.05951,0.07499,0.00246,0.08694,0.06530,0.06710,0.06418,0.02407,0.01771,0.04182,0.00321
642,0.04502,0.01132,0.02144,0.07032,0.00742,0.07086,0.11508,0.00849,0.11876,0.02011,0.01022,0.02381,0.12208,0.06100,0.09791,0.09711,0.05072,0.02659,0.00980,0.00641,0.00552
643,0.05573,0.07083,0.02684,0.07557,0.07666,0.06389,0.05687,0.02738,0.00207,0.04774,0.06657,0.04542,0.05066,0.06117,0.01556,0.04958,0.07436,0.05794,0.01506,0.05487,0.00522
644,0.04207,0.02787,0.02255,0.05825,0.02074,0.02412,0.05371,0.05596,0.06968,0.06617,0.04667,0.09309,0.00162,0.06914,0.10453,0.06175,0.06194,0.06543,0.01161,0.03496,0.00814
645,0.08795,0.21963,0.00959,0.00742,0.01464,0.00227,0.00966,0.15584,0.01122,0.15531,0.03369,0.02058,0.00363,0.01018,0.00322,0.00404,0.02047,0.19991,0.00718,0.01173,0.01186
646,0.05833,0.03099,0.06701,0.05060,0.03267,0.05298,0.09238,0.05159,0.04109,0.04018,0.04636,0.03309,0.01392,0.05691,0.04337,0.07268,0.05524,0.04630,0.04403,0.06763,0.00264
647,0.05010,0.04894,0.06179,0.04620,0.02797,0.07198,0.04830,0.01854,0.06531,0.04467,0.04214,0.06879,0.00199,0.02225,0.06738,0.05050,0.05288,0.04917,0.06027,0.09107,0.00977
648,0.01585,0.03200,0.03131,0.03259,0.06208,0.02895,0.03059,0.03622,0.05018,0.01053,0.03412,0.02517,0.01203,0.02625,0.06194,0.00993,0.01599,0.01250,0.42512,0.04224,0.00440
649,0.01354,0.08434,0.03470,0.02058,0.07556,0.00627,0.02174,0.04941,0.02544,0.38518,0.03101,0.01890,0.01200,0.02304,0.00797,0.05437,0.01311,0.07279,0.01516,0.01900,0.01588
650,0.04670,0.09396,0.03248,0.05529,0.05379,0.06212,0.05084,0.04060,0.06334,0.03771,0.05629,0.05837,0.00050,0.05313,0.04885,0.06105,0.06077,0.05244,0.03917,0.03174,0.00087
651,0.05985,0.04631,0.03087,0.02604,0.06922,0.04081,0.04614,0.06431,0.08279,0.06026,0.05972,0.07982,0.00118,0.06041,0.05581,0.04610,0.05122,0.05069,0.02504,0.04201,0.00139
652,0.07629,0.04215,0.06967,0.06275,0.08289,0.00162,0.10617,0.00827,0.03688,0.01318,0.03545,0.08600,0.00229,0.06726,0.02796,0.08279,0.01527,0.04201,0.06502,0.07285,0.00322
653,0.18932,0.01976,0.01328,0.08443,0.02576,0.38271,0.01930,0.03036,0.02100,0.01084,0.04860,0.01513,0.01232,0.02148,0.01469,0.00602,0.00864,0.00972,0.01726,0.01865,0.03071
654,0.04340,0.11254,0.02399,0.03676,0.04060,0.03405,0.07085,0.03266,0.04572,0.05747,0.03859,0.05775,0.03803,0.07635,0.03625,0.04047,0.06827,0.05174,0.04595,0.04679,0.00175
655,0.01827,0.04650,0.23996,0.08078,0.01902,0.01788,0.02257,0.03338,0.01901,0.04049,0.02308,0.15196,0.01402,0.05302,0.00555,0.05136,0.04215,0.06121,0.01647,0.02858,0.01474
656,0.00772,0.02580,0.01724,0.01809,0.01893,0.00605,0.01239,0.02448,0.08533,0.00765,0.02440,0.01165,0.00622,0.01933,0.63928,0.00604,0.00565,0.01041,0.02007,0.01441,0.01886
657,0.00996,0.10067,0.01752,0.02332,0.00849,0.00565,0.01976,0.01399,0.02826,0.55681,0.04945,0.01408,0.04660,0.02028,0.00439,0.00673,0.00756,0.00970,0.01900,0.01418,0.02360
658,0.04004,0.07937,0.01745,0.04714,0.00495,0.08095,0.11522,0.00384,0.09489,0.00718,0.01766,0.08280,0.00088,0.08469,0.12629,0.07364,0.10186,0.00325,0.00436,0.01005,0.00349
659,0.00754,0.02106,0.01265,0.01688,0.01653,0.00941,0.03962,0.01337,0.03221,0.03222,0.01911,0.01819,0.00401,0.03739,0.62024,0.01457,0.00511,0.01018,0.01970,0.01614,0.03390
660,0.01102,0.10237,0.03252,0.02504,0.02758,0.00594,0.02311,0.01510,0.02597,0.05529,0.35950,0.02197,0.01014,0.01733,0.00591,0.00844,0.06505,0.12669,0.01915,0.02316,0.01872
661,0.39370,0.17262,0.01631,0.02547,0.04402,0.00439,0.02079,0.03415,0.02862,0.01143,0.02579,0.02219,0.00516,0.01909,0.00650,0.01045,0.00667,0.06525,0.03891,0.02277,0.02572
662,0.02402,0.03141,0.02393,0.02237,0.01259,0.00848,0.01331,0.19916,0.02389,0.00495,0.02368,0.01489,0.00621,0.02299,0.00744,0.00513,0.00765,0.49095,0.02477,0.01340,0.01878
663,0.01222,0.03645,0.03021,0.03320,0.02829,0.01394,0.01652,0.05763,0.02542,0.00879,0.04789,0.03719,0.00873,0.02154,0.01494,0.50335,0.01054,0.01565,0.02230,0.02262,0.03259
664,0.01201,0.02176,0.01984,0.04848,0.02347,0.53007,0.02791,0.02467,0.03596,0.00946,0.05553,0.02498,0.01267,0.03801,0.00660,0.00785,0.01429,0.00992,0.03121,0.01729,0.02802
665,0.00780,0.03547,0.63080,0.01890,0.02429,0.02255,0.01386,0.02125,0.02656,0.00845,0.02324,0.01508,0.01414,0.02184,0.00916,0.00648,0.00975,0.01049,0.03496,0.02516,0.01978
666,0.01352,0.02450,0.54722,0.01570,0.02578,0.04771,0.01390,0.02115,0.02517,0.00867,0.03985,0.06284,0.00588,0.02880,0.00863,0.00632,0.00752,0.01024,0.04594,0.01395,0.02671
667,0.04860,0.25341,0.00890,0.00773,0.01176,0.00195,0.00513,0.01398,0.00888,0.00342,0.02309,0.00601,0.00239,0.00731,0.02239,0.16280,0.03726,0.34974,0.00792,0.00295,0.01440
668,0.18162,0.05233,0.01347,0.01854,0.02144,0.00461,0.01467,0.03296,0.02451,0.00468,0.02261,0.01499,0.00493,0.01475,0.00484,0.00679,0.00844,0.50169,0.01542,0.01807,0.01866
669,0.02741,0.11327,0.01411,0.01244,0.01617,0.00396,0.01193,0.25866,0.01758,0.02629,0.03996,0.01472,0.00522,0.01993,0.00497,0.00552,0.00569,0.34817,0.01661,0.01817,0.01923
670,0.00887,0.03886,0.02695,0.10082,0.04089,0.00638,0.01734,0.02349,0.46348,0.00759,0.01657,0.01024,0.00674,0.01750,0.07636,0.00722,0.00818,0.01619,0.02079,0.02321,0.06232
671,0.00732,0.02534,0.02601,0.02327,0.03132,0.00592,0.01236,0.02311,0.04304,0.02018,0.02772,0.01967,0.56529,0.01961,0.00645,0.03777,0.00793,0.01061,0.02520,0.02467,0.03722
672,0.01679,0.01836,0.00932,0.01530,0.00666,0.00543,0.00577,0.35410,0.01159,0.10824,0.05220,0.01283,0.00272,0.01148,0.00416,0.00438,0.05249,0.27593,0.01256,0.00722,0.01249
673,0.01060,0.03075,0.52038,0.03813,0.02936,0.08151,0.01535,0.02283,0.02922,0.00862,0.03631,0.03165,0.00601,0.02113,0.00898,0.00694,0.00919,0.01280,0.03956,0.01763,0.02306
674,0.00612,0.01763,0.50773,0.17177,0.01348,0.06115,0.01083,0.01356,0.02004,0.00498,0.01757,0.02097,0.00576,0.02286,0.00702,0.00519,0.00568,0.02754,0.02272,0.01758,0.01981
675,0.00460,0.01076,0.00966,0.01309,0.01648,0.04447,0.00841,0.00928,0.00602,0.00318,0.00767,0.00868,0.00304,0.00910,0.78124,0.00646,0.00319,0.00570,0.02647,0.00962,0.01290
676,0.01047,0.01101,0.01604,0.02916,0.37788,0.02229,0.01288,0.01259,0.02667,0.05567,0.03419,0.01212,0.00415,0.02378,0.00965,0.05036,0.00765,0.00941,0.05885,0.19617,0.01902
