site,A,C,D,E,F,G,H,I,K,L,M,N,P,Q,R,S,T,V,W,Y,*
564,0.08296843146837152,0.043152879096081155,0.04847460028668943,0.059571811706055904,0.015007041627516225,0.021780417546637353,0.05851135460222017,0.030838888992162822,0.09408737398141255,0.05376277432212412,0.05064053869874238,0.09070721895813805,0.0053390376291384085,0.08802626422697762,0.09364449660848854,0.06387368917974769,0.03168466492276686,0.03778189821395484,0.011811619138125845,0.017917926227128882,0.00041707256751958503
565,0.005876481458102957,0.008719773277340958,0.01025808134289712,0.011474117445518473,0.010938020072350242,0.0030530680820638994,0.009240947975008877,0.010592595694065648,0.01059803624041127,0.7712593789874055,0.07435276509324958,0.009987058086568341,0.008408847203765338,0.00879406108745695,0.0026730144620991246,0.003447937612605784,0.0066169246104659865,0.003833477106064601,0.007981500584263055,0.013734442891564792,0.008159470686731599
566,0.6102973348327824,0.07915255187559643,0.01272894614492386,0.012615508409131088,0.04256034798852213,0.003964826332658432,0.01840469965929625,0.03337722427451149,0.014739784536433332,0.00611414401351132,0.014760825094948334,0.01982681251541869,0.006434326035628977,0.013096644260203114,0.00439533634495997,0.022917820927615226,0.0046187807996866176,0.026278675781587175,0.01787778607848923,0.02448063415486966,0.011356989939226342
567,0.03605626646371349,0.04357259459361033,0.026350086759049273,0.0975341705507093,0.011879685233531561,0.0011307535270766382,0.031453465148411026,0.06292446940933101,0.05202874018577783,0.08838025931400163,0.10912287386808506,0.06016936321663651,0.0014623963244558842,0.09802520986208663,0.09478375190645877,0.026102178578148377,0.04585021852218452,0.028943947026700775,0.025819524039997415,0.056746580767947204,0.0016634647020867144
568,0.44536869391238526,0.014948228201538917,0.010901244070962053,0.015014715675943405,0.014729248785689505,0.012839712191096657,0.0217125225278979,0.01995050605533911,0.019591087612549445,0.00604752423152805,0.019605013644863705,0.01645016332315832,0.010271223755658082,0.021723786723282696,0.005995187635811209,0.23750060140636498,0.038540354285671506,0.019429165785955906,0.015262900599795568,0.021155830202826728,0.012962289371680981
569,0.0121605979898756,0.006183103858936158,0.0077405569598121,0.006666644947420158,0.011060473479447797,0.0011509757022861145,0.011223404888429067,0.49665661702154074,0.014456946026388001,0.04743306288309732,0.09377080655531239,0.01341243747602281,0.0035069667463475626,0.014128981653918874,0.0023769846613026346,0.003990352836095076,0.009034923837633253,0.21998900143355282,0.004410392643250208,0.01370224492442128,0.00694452347491008
570,0.00727641786010012,0.013777261514600079,0.018198057838634613,0.0114685065640072,0.020132333178600904,0.00318228511612827,0.01869163268940828,0.47455070861950616,0.016794257076001188,0.005327605086584389,0.1661775017334585,0.032695750974174057,0.010199624682021123,0.019873184530954283,0.0034882635600673438,0.012299730562292895,0.09534113011554285,0.03225675480623988,0.008396660885933443,0.018779217029335875,0.011093115576408472
571,0.007910546891610228,0.006707222979972653,0.006922757241386668,0.028704969348204035,0.01233211767117722,0.018448662649519307,0.21416527273743544,0.008401109738556315,0.1801633340607821,0.019432345895711804,0.026383777815026446,0.12955664471972114,0.0027778831834782054,0.06604546484318698,0.1462683508091593,0.009687490937999763,0.0420321707024573,0.007101644858035665,0.02994555006164962,0.03134907092724901,0.005663611927680802
572,0.0014799362475580132,0.02704435259882121,0.002557529655291825,0.003206135364197144,0.12835675338439403,0.0008156184970965385,0.020875342747643116,0.006811890600966697,0.004205677042453753,0.46511489589150323,0.1488168979399842,0.007764056937384016,0.0017950773230521104,0.08337417602242451,0.0011436284350344586,0.001853570881113464,0.0018638596944816007,0.001269542290421299,0.0020378413853342483,0.08773123824407474,0.0018819788167697693
573,0.1438042594300006,0.029384542052247095,0.01504333812325006,0.009381999898131937,0.012140798661660372,0.00434616198187828,0.014149871399989666,0.016755740039597313,0.012942014070967066,0.003993402712243291,0.009866820695206906,0.01534593142636525,0.00993710614491798,0.010467027777856753,0.0030782600814672685,0.012405042160123204,0.6431487338889449,0.004618242920047209,0.007552484936225705,0.014071273238300867,0.007566948360578252
574,0.0065407319063135565,0.041663784939700584,0.02474286879274488,0.01348463546749748,0.01371221038617807,0.004046995464973205,0.07805090562511528,0.017875925860591158,0.01684157790825513,0.005232408645039283,0.01574718801847499,0.021508403382944186,0.00753757963254591,0.016511335670176656,0.0060759280323229485,0.0069740260145428135,0.007273775316120011,0.0057341386354536955,0.009907324877198887,0.6615112738968185,0.019026981526992743
575,0.011900477219266093,0.019344136900836435,0.009587875332403397,0.011800456694089516,0.007749146033741894,0.0026061367746594622,0.08601029362540029,0.008342505821228169,0.009036817168565062,0.010119725471435847,0.2858388431043884,0.007561836732174011,0.005448274017852525,0.25806584687249995,0.02375428071076127,0.00301504165175643,0.0055846545844257045,0.003806420041658379,0.19389160936370595,0.01032028263166871,0.02621533924748252
576,0.016044195974606528,0.024076239999827356,0.05839745109515224,0.031119057134480595,0.020758247578427782,0.013332807067654738,0.04019524810501828,0.036612423840428614,0.029332620762642942,0.008623620761734431,0.02633339889770848,0.4748077273719267,0.012296565209507643,0.02810478495715044,0.00862385003459859,0.07495801820159068,0.015836584447981267,0.010760174256034661,0.024809320937732342,0.028027727988229893,0.016949935377565895
577,0.013588944120614581,0.02392689620353106,0.021318455369331444,0.10874606987929976,0.02677572996951937,0.010960627981643862,0.025200713899248342,0.02244374304728572,0.4712874067866137,0.008004589982733372,0.02007462070887977,0.0428584133417915,0.013618387375359968,0.027612521467385864,0.06396412724325999,0.009177911832597778,0.01563763353763905,0.010991280155076106,0.023866258576463354,0.019407476784824563,0.020538191736900847
578,0.03391359827356355,0.012632663733235955,0.015413655156856129,0.019315891261536374,0.015364768667497641,0.0078024027403071185,0.013278595975341584,0.184714206052663,0.018187537042519634,0.0630472074916279,0.02966341690949224,0.018125049440976093,0.007604953352346425,0.020828731398749425,0.005698332013336881,0.0053218273202213055,0.008825385358064505,0.48388690628331643,0.010447607858627653,0.01505223400513448,0.010875029664585657
579,0.09654545917015805,0.12950124934463328,0.016679670053003987,0.015247833254306321,0.01389247191356092,0.008323995286920752,0.01634294245489006,0.021136741252765778,0.017517696695161077,0.007562509026621432,0.0214176575602049,0.019335598908832317,0.008415485843744309,0.02147079040385397,0.00521225516117798,0.005246565983913917,0.009628403025958165,0.5252854131299389,0.011948667757868079,0.01693971359138352,0.012348880181102051
580,0.03162347569880047,0.08569617523114319,0.01909965377823231,0.04994553907933191,0.017486693832043824,0.038266835141309845,0.011324874939057953,0.012344936685875151,0.22643650210209776,0.08251228378124974,0.06753341348962609,0.014678480146800182,0.005518402444768079,0.11265396101744225,0.1347911833419112,0.03136142374057802,0.021901277118772947,0.007185079985641984,0.009316857525361074,0.012231410977882468,0.008091539942073693
581,0.04325629088400432,0.022564891271721524,0.017648089901594038,0.007513079727976209,0.009134574043968648,0.0032437558724326744,0.01752780796498633,0.06480650175619962,0.013770426842552275,0.147309931840614,0.0914086150235553,0.014900176481147201,0.007163145857729027,0.01669208789611602,0.00450568484991507,0.005340270269680854,0.1740722122524528,0.3047481605718904,0.008233205526652404,0.015798498407949276,0.010362592756862023
582,0.010957291515307504,0.019389632414870236,0.018156953925923144,0.020388791155263764,0.045276834403043476,0.0068971066484481355,0.07016058816562833,0.016474430094401527,0.024666713246486685,0.49504487023999055,0.021881700147001863,0.01796842060150394,0.09015048692597534,0.02491444310718002,0.0061687784539175014,0.006094898598232444,0.04653267371174441,0.009038926395954586,0.01523503588421135,0.020119167685929317,0.014482256678985913
583,0.011085784871730203,0.019284750653093118,0.02235196775052845,0.018656625344873348,0.02090329049529142,0.025408042167414272,0.055107363266054,0.025300092055795365,0.030526167414966356,0.007299251031351674,0.019430720935286926,0.025397123539930594,0.010596226662550364,0.02959038021798153,0.5956090755656103,0.013853835711255055,0.010496264266593029,0.009444051860676943,0.012725099253554417,0.022783452668558718,0.01415043426690407
584,0.01298236021845392,0.03166244896461604,0.030796346450878503,0.026195700810075054,0.031365389960132765,0.013567809525055784,0.020592950686547196,0.044585403943070014,0.0313936583445471,0.01306900617620148,0.02542874482880919,0.028182295159267984,0.5185932501113887,0.0304062439212039,0.00930775016345811,0.027117994977329016,0.01525177850722064,0.012010916969232614,0.02704088460629224,0.03237472818716985,0.018074337489049932
585,0.18037777729122692,0.12600895851156882,0.007277664206907717,0.00736318363780153,0.14278828922748618,0.048819165221751774,0.055087055470294854,0.034702239166494044,0.00993301098336656,0.005936368208750126,0.038318534592257696,0.0113633165304462,0.004420636565694685,0.008784359399726832,0.006306089651684746,0.06626601971308811,0.04363449197738756,0.036877273685056514,0.006145846176782148,0.15359447095315484,0.0059952488290721485
586,0.0498691679945339,0.03580085310459685,0.08286474506273113,0.061742138710697426,0.04068872583774494,0.05595801210618808,0.03730596701996697,0.07808387445752425,0.028492280919044075,0.0742726335722452,0.0386980055189562,0.038291653656628004,0.04095174514086258,0.06621801082136469,0.008759065562623793,0.06180193459650147,0.06253694639164636,0.08302026303743702,0.028194169213934504,0.022222460885473024,0.004227346389299575
587,0.03383208734917493,0.041248638397220115,0.03530135715142194,0.2166271547811991,0.013630795328622512,0.26719108546228487,0.042337735223223004,0.019643574418368663,0.019567018694047495,0.0066793110193889595,0.01807767205918878,0.029237858318254716,0.008365038967800264,0.12768304078728135,0.012675480099829092,0.035588767774119956,0.016725496631514538,0.004847562583776958,0.00877349161044379,0.034797775552145443,0.00716905779069366
588,0.012602649696806252,0.022431794307107508,0.018669456435482942,0.07363308318711005,0.02041095523913504,0.524868737602602,0.03024251141123692,0.03088486498692128,0.030096842723631514,0.007269311935520902,0.024675501233820684,0.025514318323775622,0.022521861559831057,0.03742581126544426,0.013740906116221472,0.008786132817612348,0.01478802124402559,0.018449148065786652,0.01521982076949555,0.019971113005775292,0.0277971580726571
589,0.022947414777519312,0.022098749914129853,0.009179206643150311,0.010507241871374461,0.01441129360975941,0.0628010248567311,0.062448402093208476,0.09385738835883466,0.15846608948357252,0.05874948770909503,0.07989026288207006,0.01937759630611627,0.0035470014728572817,0.029549609397415022,0.18385554023318285,0.011961965124500573,0.04083555430465358,0.09207862666047183,0.008479338219733222,0.008946020709876969,0.006012185371747238
590,0.028179271317649246,0.4305057037303149,0.015000805048565283,0.015749260082519183,0.012711063427334468,0.0047582750183014074,0.010499051301977222,0.0676066304269536,0.012819186349373575,0.0035158141560431163,0.01873799979975252,0.017309809839767154,0.010643585566711515,0.010434047829837081,0.0033924815708361,0.00496919903405527,0.24844718608209246,0.059382298137914485,0.008337024295262232,0.009982302267499821,0.0070190047172394195
591,0.044653319392138964,0.07926675272339752,0.026152758118048073,0.025347834733716962,0.02130652535792868,0.008414150154906474,0.020054715064138588,0.07334716808593562,0.028465690550002726,0.04006131401883834,0.027153950222959453,0.039624029803511256,0.008469759548640403,0.031905569152328395,0.007599891922005956,0.007537234918648006,0.010401879759300943,0.4366594133397475,0.023533216219295845,0.02217480900103699,0.017870017913473372
592,0.03759803677153515,0.020816042052316668,0.02832792370988399,0.02552218816756228,0.05133139845858395,0.007883798486548518,0.02086535800773039,0.03601313059988153,0.035067910174651176,0.015746200925875854,0.5287649842592229,0.02234696044806019,0.012751228870294022,0.023414628879426965,0.010013969119017243,0.008613324349750146,0.04406068855411901,0.020962025106936486,0.014406743667654558,0.021817817500824843,0.013675641890124093
593,0.009526126907670943,0.01915887182819488,0.6171974915058819,0.025933175016894,0.01667066819874062,0.027312155933720855,0.017133159497995657,0.021680762264840215,0.02661101378665152,0.005727147135693455,0.018467615379313893,0.05043749691518055,0.008153460013685292,0.02385995840400934,0.006485099974825278,0.006087799429887864,0.01068805478576989,0.014407975383301947,0.01780158991378288,0.04291607039288691,0.01374430733107212
594,0.008591884295082895,0.02375386429582223,0.022174481725539985,0.026159467648900193,0.014488703292532719,0.009504984701143028,0.02076566940402699,0.42628547850291704,0.02214102983357459,0.0077861132443747235,0.019659442678028386,0.02187253186992566,0.007956714637156023,0.01799968307609742,0.006762423724561546,0.006604557652297206,0.067245441713624,0.2146842334338014,0.018319097770033512,0.01676548062290504,0.020478715877655457
595,0.012122585870283809,0.021453364321281674,0.03429907063226608,0.022046834937455777,0.019535583469388294,0.010179617915151205,0.02081714868527605,0.3968501555114752,0.026707105966088884,0.023124361668402284,0.02009274683962684,0.03026916219582332,0.009551514805011237,0.02838810569784382,0.007738926813153427,0.009200761912705567,0.042844614307712935,0.14945367964672934,0.06826428402136336,0.024478186765178645,0.022582188017782254
596,0.009925771137832608,0.01982797606179443,0.020111710644299053,0.020976425265041756,0.019604138039557795,0.008507256670415478,0.01798317282267591,0.022465257655521955,0.023860200456903662,0.024664823124546677,0.01863058143060116,0.023359011442143307,0.026736407895548365,0.023966614618989676,0.007235125559519366,0.6419797862733572,0.011920360574332755,0.010025380850142394,0.014951839400586647,0.019091380284460408,0.014176779791729544
597,0.01051736367778025,0.022023175776599527,0.031768348884539555,0.023302920719570273,0.017923532027266684,0.02717808667171639,0.0206193368368451,0.026640703413746743,0.08595292876285054,0.00625692779025426,0.023332757469076173,0.019106026154838217,0.012998852064369544,0.029835934880849412,0.5192339779821675,0.029508720113288072,0.012069662461550468,0.008947592386958405,0.016027403166504674,0.024424127090708753,0.032331621668519356
598,0.04008655502467048,0.045366967834756224,0.0185302742059569,0.015491120024039627,0.01980027765531836,0.13844236225878173,0.00892912323026636,0.015249500580358339,0.12412934235409066,0.004741253361623708,0.01816939510272386,0.015949584510537494,0.005521680038097557,0.25149643450231757,0.15694213030672496,0.04880402644026021,0.006408835738102407,0.004730829051408905,0.011635750444026633,0.017619988424195675,0.03195456891174237
599,0.012259327925428018,0.03409345113120347,0.5129548483548648,0.020062595565790566,0.03391141827827504,0.03338794888343193,0.020947074101339256,0.024863619909024828,0.0488210469112856,0.009165427328592523,0.032168578662127335,0.037547514281617504,0.011482357035246318,0.027268335979089783,0.008661640594541376,0.010750759087469064,0.013654476592377549,0.019489350933046684,0.02996669858500635,0.028240282064078828,0.030303247796163165
600,0.014610556778279354,0.03363535526119956,0.02859234299931911,0.020948693931748086,0.02480553028516876,0.013639966438422612,0.039771421662144646,0.03193530569583317,0.024154430016229883,0.0213864048646,0.024001351867579745,0.033418502058663334,0.016432837486025396,0.555029516776659,0.004817717887083207,0.01093151610344151,0.012723368859723897,0.012398951174571482,0.030403883015459692,0.03128284404429569,0.015079502793551918
601,0.012778934659497037,0.028739478269020246,0.02919770322007106,0.024878866447336667,0.03484511461517804,0.029666568118813002,0.02894492190778943,0.04593159559630198,0.08562477231198262,0.009017461922929806,0.02475710290761907,0.019382018701901215,0.01563215667671654,0.028455697972573805,0.4065849410298629,0.031135627505856495,0.014460470641856404,0.019078106383839267,0.02596831211288993,0.02818278692800069,0.056737362069963874
602,0.012741691320508777,0.037958758431479285,0.024792720665624966,0.013012430183685036,0.03481908976851918,0.4732261865177236,0.027720397285794063,0.04652425401778477,0.03486933832167147,0.010485619526902868,0.03342529173413185,0.038419342824794776,0.012403392951369725,0.041987452659617674,0.020604059704396296,0.010166863903141277,0.014326934946603698,0.01733097297185835,0.03428593350515043,0.031796287150076215,0.029102981609165638
603,0.018457832882346852,0.04147675090063973,0.035469579283327585,0.029566728740170797,0.03419773089654674,0.023950799150774093,0.02660299529134587,0.0528942183262878,0.03627976071390756,0.013461629689707164,0.03287075108329871,0.01409154475287481,0.010898060416103491,0.030357980751549985,0.026024157909000912,0.437093775757521,0.015503071605317576,0.026215158822801676,0.0290298770226933,0.03562765623318278,0.02992993977060159
604,0.01112952598025308,0.03308708192264075,0.024229186230264665,0.03669347898199973,0.03427808994409193,0.4874674117251177,0.025209796641331914,0.027456542751812727,0.0339373509636764,0.011217867501548304,0.034519226229179314,0.030232043490333965,0.015318017408739518,0.038642503270894406,0.005497300789981528,0.01154099113585387,0.014134520699908124,0.011858192223942651,0.05278423091403454,0.03560317915361544,0.025163462040779374
605,0.01700270245006361,0.03805910137749849,0.03982758559822098,0.030815455789344637,0.02803181817093209,0.011308760488347584,0.02316249589732866,0.030134321850600707,0.029378578716230414,0.009682005872204288,0.03393263380881549,0.02435374614280919,0.012720600564406654,0.4840701034677717,0.051920735273547014,0.010550950659104094,0.012329382811267867,0.017217411200343726,0.028235470518812034,0.03075786505485789,0.036508274287492835
606,0.06173785102459765,0.02600398775540816,0.029898019898025652,0.026612015344252157,0.03646981857750514,0.0073627544835329186,0.02470382406227421,0.10379413885110872,0.031943172512376376,0.009391593669725489,0.028182424118294778,0.03621362646538958,0.008689028826666676,0.031793646284953535,0.007773252821913494,0.01040972522569466,0.012599751494184326,0.4337513059539076,0.020441918873879975,0.02835363826464922,0.023874505491659603
607,0.006954760090661215,0.01336268489572399,0.013931382995750948,0.022200242426086782,0.01782040919968239,0.004911334809950417,0.017892108763208802,0.3423184625108444,0.025341764361593078,0.0068831929798544534,0.015856034705558093,0.014317258000751449,0.007467556993144238,0.01888158663876195,0.0060746491153043855,0.006036245815985833,0.008040891623174626,0.39446784417579056,0.01893050381046187,0.021247186975924218,0.017063899111786154
608,0.03031358280453809,0.023634268275921716,0.027703405694616285,0.038479350783129196,0.03697167187636375,0.012358211505080596,0.06386741911687814,0.03636050510518309,0.03642223757024545,0.01303152849178405,0.03920344425471677,0.03252555828803209,0.017895072106282512,0.03579422682620058,0.011773949894863916,0.011673806592817687,0.43727550067537596,0.016702094722836482,0.028372888156424903,0.02558719852552331,0.02405407873318544
609,0.012840223483460806,0.06485898071022773,0.06690625583723213,0.026702702590377377,0.039791097276217824,0.004598848280651486,0.09186137783819792,0.03668467873030174,0.03499177299444254,0.011379121329180335,0.03727408796931729,0.03369056616306683,0.013570681998937906,0.03285381331271213,0.008924006825474817,0.010165838222801857,0.0194909808212446,0.01750703709829948,0.02664024826887533,0.38877376273778386,0.020493917511195944
610,0.32678670258214376,0.03847429801990003,0.0364307552131408,0.02390843710048633,0.07563735391419266,0.005845098985221844,0.0401865610864596,0.046610233343628175,0.03858984724224898,0.015020343678104937,0.028513565158320542,0.035634524231727305,0.013325748277689146,0.04035925757570366,0.009415548869950918,0.0380608205271181,0.0393399144205416,0.018994640875738742,0.04210640643225697,0.048898286390048264,0.037861656075377705
611,0.013065801318694276,0.030254171334019735,0.041987090787548705,0.020900737941894856,0.16678383101623115,0.007297381563420737,0.021277319428159417,0.018523901330462854,0.02300750571682369,0.2771246700898233,0.22554379941933103,0.017643432822118978,0.022056780161381375,0.020839104295863015,0.01038379546148388,0.008304596699254816,0.009437968851475543,0.008342630996614137,0.016588882240512626,0.018303707304944027,0.02233289121994186
612,0.014128685197954979,0.03144265026703091,0.04120911409659999,0.024831649323488008,0.036990963063622456,0.012098736506142608,0.049460127153505014,0.057547990829142685,0.041515905111192825,0.01321277853375726,0.049784005671739684,0.3807671333160374,0.011976162000598053,0.04231612536442486,0.011110250999607324,0.0630683888744674,0.012675054834023917,0.01843303185682068,0.02972513545987776,0.024115730996416923,0.0335903805435493
613,0.026480522357896,0.04667196181146227,0.05530998205038018,0.03182871486524325,0.060605482761289554,0.015289111417864964,0.029300117031261636,0.02338650306566112,0.0855064333596431,0.01439997154681761,0.025751917496807275,0.03287198439865729,0.02704302835311656,0.03883768133549536,0.010704146207256465,0.04394226547506377,0.3254768430269384,0.017391713814018755,0.03328611133906559,0.034194501599726854,0.02172100668633393
614,0.024337004526433892,0.03669951646529843,0.03402081977914397,0.03605384504239124,0.3801184869513159,0.009883465710157892,0.037523032548169556,0.03282345757980539,0.03330815037116549,0.046460070570642976,0.023995728355352502,0.041177251627760474,0.015538848459264773,0.03200760282611653,0.011514552728747478,0.07864881556542593,0.022586281297166454,0.012020120347193124,0.025147026327482305,0.044818916430361004,0.021317006490604695
615,0.03986626076865766,0.0576912392565754,0.02210840677251298,0.0313887374805309,0.02723216786633413,0.012216615000367526,0.02402865597794231,0.06304327818580684,0.04067376429610781,0.009484341891564824,0.028052653266466332,0.021110407346667286,0.010591487970384445,0.027661502870519387,0.008492211678851723,0.017527546760530578,0.47873276642659973,0.013427161025407579,0.023703903063782294,0.022793576571821645,0.02017331552256864
616,0.01943908990210821,0.031764682088326814,0.01724793491251094,0.03702271668684173,0.04755967002490472,0.008620252848297707,0.05182625312000025,0.03206359077857531,0.03466988633298545,0.013059992439262641,0.03854391140842895,0.4307028028579725,0.020046598998675332,0.03725833880621429,0.009326235586029885,0.025272124259346888,0.025823416547750718,0.018300721391832774,0.03291993275993398,0.044128082897929743,0.024403765352071127
617,0.017809161804071345,0.03934475022298986,0.027642603344374194,0.022708485382462725,0.022330253164943494,0.0077876574059678625,0.03738240363532633,0.26000669081617217,0.0305316253793165,0.24019170894976496,0.040068141907262614,0.047171038936002885,0.013482481222598415,0.02840115216819424,0.009706544167723081,0.037111572196341834,0.018432539859396028,0.01197161487056563,0.016364307851979922,0.05374670775462707,0.017808558959918754
618,0.091929926213771,0.10905866783531147,0.01689289590162096,0.011812769108687568,0.016446990277888443,0.055639192123847415,0.017971615868545798,0.036737759892988275,0.015641754412224613,0.006058385656572081,0.09774388678129638,0.017188716214409493,0.004809976471934339,0.014163614099975567,0.004944503507172717,0.10544269848864217,0.09740913440790677,0.2238317318308741,0.015596283108710576,0.022216539243729534,0.018462958553890785
619,0.031792724402011106,0.37796501855323666,0.017117776247774205,0.022635721501895512,0.021684964929470234,0.004449539671273939,0.014792583519592844,0.049929529874082224,0.021610856498651587,0.015593272994160691,0.04801204878495769,0.01911668307571282,0.0062758934386719254,0.019079701023125045,0.004969823339908427,0.006126476285050219,0.01268273258800104,0.26233687188129023,0.01449000493816828,0.017690721421386363,0.011647055031578942
620,0.011733091778454332,0.030872237217767662,0.04439535274546328,0.01881458939507077,0.0718370565158918,0.008373520111235473,0.024205901599655785,0.033344029654074854,0.02408217693048344,0.009395809416329995,0.023743657087234263,0.173192219855122,0.01085713145022417,0.3490587032679228,0.05668142810287156,0.010439475380121056,0.009195390516660261,0.014849918035525206,0.018396559471935883,0.03646879626405947,0.020062955203895953
621,0.006369743434902093,0.023553557952319278,0.016945128437269582,0.015046156032783921,0.03926620618223357,0.007606397855242965,0.011488271728831427,0.37150950465781446,0.016301455614277385,0.21254783140519096,0.09383172207965391,0.01799417636337834,0.02184240866419565,0.01236721210695515,0.003659481785254163,0.0054724165959643455,0.009844191476228682,0.06887863188944217,0.009319587954019723,0.023765676046297594,0.012390241737744596
622,0.015167439467886396,0.023270273181623544,0.027764119595428616,0.041681716134852796,0.032807223969503245,0.008989407666830955,0.020240781530362736,0.33625773159980366,0.03766333908664355,0.013921063891764217,0.057569071502216455,0.021538823133619125,0.007985272280621932,0.02961536404378753,0.007908615309859124,0.009630083018968283,0.04161798726223183,0.1570441831245428,0.04544715369771666,0.028430532803437145,0.035449817698299385
623,0.012216020042974353,0.055804772641095575,0.042527350109214684,0.033431576132017984,0.06070808179681091,0.014272015761174357,0.022434947723168442,0.05670536072129335,0.03666038404469737,0.010050429716187081,0.045588981725077145,0.02688410466205544,0.010079601685403677,0.010789456958298664,0.41297926778469646,0.012959243496683698,0.016799148917687357,0.017490527610113882,0.014182900246185091,0.058795810588243735,0.0286400176369207
624,0.019229762028906777,0.05986593001326259,0.005440775073728205,0.006071314442804941,0.10480037797230844,0.002598475285863954,0.07801105478178687,0.13196371295170528,0.0032977911537283217,0.13791183002936552,0.035077933701108656,0.05070090639857514,0.0015906854809356345,0.08394753355941575,0.0019677622003250283,0.04694191337932513,0.06901908312283185,0.14397782102595716,0.007176529256494982,0.004584782853542204,0.005824025288027677
625,0.10845493101445085,0.036892344718805564,0.031141873675712334,0.03199783948724027,0.026049462649392882,0.02299283393048841,0.023890095024890465,0.05658184197326683,0.017833399414905197,0.15239576003481536,0.2958974046625962,0.019602197003185388,0.01039227193284379,0.020155477598951716,0.008386924871872306,0.007676864842921383,0.018714159591934947,0.045443423920694725,0.017309019731838245,0.03616576535973443,0.012026108559458876
626,0.019889592585271565,0.030760200236443314,0.1543464725959339,0.43389817645497253,0.027292836484500243,0.027115910378527994,0.02341857610329527,0.0339753726393815,0.01568080515476616,0.008570675937298317,0.028305902362421854,0.018153479300116297,0.012869199682928814,0.026481382199960435,0.007305968594712087,0.010166219026144218,0.01278052184975569,0.02169491448799366,0.029931096784247786,0.020595369785879423,0.03676732735544889
627,0.28341660184916295,0.04226755323435288,0.025130100383541798,0.02479704055498304,0.02265842507741883,0.16681388510192727,0.020057212131194314,0.021316390242262534,0.019342015846225614,0.00630154002789752,0.026036921663219973,0.018355882923743475,0.007793047573343894,0.01842253388817988,0.0058456652925216535,0.19979954246793943,0.012437599758261753,0.0052885137389323015,0.019225047204604093,0.020614699743532184,0.03407978129675469
628,0.025098005467662915,0.03207440166133964,0.03255471702195958,0.44966511001236675,0.023233518164857674,0.03868487646744922,0.02794731346756606,0.03512285636679377,0.06997573942699355,0.010391256635544308,0.03771867767286641,0.033144812579315334,0.014221421864589702,0.028736413749475623,0.011356870457469984,0.010069943898822169,0.012798879757857482,0.03578525530974464,0.02491829340197488,0.025589423269119182,0.020912213346231178
629,0.09869088949279213,0.07082306259454847,0.10582171358689313,0.11471828655499083,0.015906767832430335,0.015866385732234964,0.02618891832235207,0.012304360365581324,0.006399795240462758,0.04860209027508499,0.05467237034476277,0.07232761411761086,0.0026496363150172145,0.08496689164405864,0.032000429832513715,0.05449474623743603,0.09587639880903237,0.05829338610798555,0.012061768074310836,0.005660303596029685,0.01167418492387137
630,0.10669190176258485,0.2558238081654825,0.010930088606797693,0.009434012049008797,0.00915914866258571,0.006015063831434929,0.013301835003315853,0.010001082589806866,0.010010614391325081,0.280566600515313,0.02381446354228567,0.010016534525299615,0.0037852569240537925,0.0067965275138102965,0.003051997526218483,0.0032332428505488365,0.08033188231836597,0.12962057416622794,0.009113990527793199,0.008101879114004904,0.010199495413735977
631,0.008512982185756766,0.029900823046374606,0.020229858249692687,0.03147376943733258,0.08834734256414666,0.005588981324881362,0.018671434291193452,0.12053259347136724,0.023904256783004774,0.2935314181414378,0.019082318089926845,0.018189704129640227,0.00828040815730107,0.02321114242715989,0.006496286796566868,0.02441740482457022,0.010551638703841916,0.18452664350649595,0.025253848170456547,0.02130175220310204,0.017995393495750595
632,0.06891906727945989,0.05680592098882833,0.061540411829011814,0.04020992062735493,0.022806909906660084,0.056207456823410495,0.032996915312520934,0.05318475058632254,0.030658223597113243,0.06962572985336989,0.06071919448403084,0.08698592910369285,0.0009990554580877515,0.07555967300530154,0.029765706403617868,0.07352069687027818,0.07131038613838735,0.062274527922976254,0.019710734952264053,0.024383768818525543,0.001815020038785639
633,0.043185448357354585,0.036436143893752805,0.0682919954292627,0.08640146591089953,0.050877857446355486,0.04816693415848058,0.06405223809475377,0.05494704538973358,0.025982018414788626,0.04912848575232553,0.04791660526038571,0.037374559073030326,0.03419114934404018,0.07738873254322849,0.014474583742131278,0.06238937822558091,0.05840189967032727,0.0513291866947608,0.02341345473044484,0.06259152185813911,0.0030592960102239024
634,0.057913139140693314,0.08788778441906704,0.05004053681580173,0.052107692824840963,0.02175487093482994,0.052235201855235384,0.06316747947874524,0.023307436649444863,0.06303351110730339,0.010320034276633113,0.034845574274835214,0.07485319305804179,0.06174930198323281,0.05661986076040507,0.0629710583081952,0.0795256339465918,0.061790585674793445,0.03366590593688388,0.019803599401100627,0.030108987902495495,0.00229861125082967
635,0.016375666926527182,0.03199159862616467,0.47795900026485866,0.03641417957168248,0.02967538738361122,0.04605100412503383,0.026655871173804677,0.02642731781828478,0.036500238986858606,0.009907131384582499,0.027253395141383387,0.05616245528661445,0.011751072549227996,0.02950694997373757,0.007752545114600423,0.008330650200933015,0.013681538076927976,0.02013451955072129,0.017537644593246613,0.04247990377480699,0.027451929476391527
636,0.012118645638215872,0.0214459905597193,0.011736655950594541,0.01857066563000843,0.016174367947579395,0.006537057556237923,0.010400047810675795,0.15953173977292515,0.010518283437059123,0.23618118974198513,0.25541052819217674,0.01018661739821626,0.006143975050974065,0.04580472368783336,0.005326677259217678,0.032733733773405375,0.03873409800411329,0.052384237505001034,0.01525895497233927,0.010968199574147667,0.023833610537574518
637,0.05443622164301217,0.039802613350087494,0.024213299779687666,0.05422973466828293,0.05620452650905145,0.05609021098208745,0.04548481708617023,0.06105355780132706,0.07081206001142491,0.0514590591160183,0.04988216347390705,0.05001710849161556,0.04083224082153347,0.041981539947230855,0.04527183040829407,0.05746482767778874,0.04899111277226509,0.03180665405244696,0.04449861855706213,0.07467001455752015,0.0007977882931862044
638,0.0657586054805873,0.06535114430526621,0.04626964256191369,0.040970771513959656,0.03347121882379862,0.04905672869257738,0.059045434425776776,0.04970720925160165,0.07880612167743084,0.05124206925369771,0.04454137824284817,0.05966806715614203,0.0010500336237360868,0.038094611151272446,0.06295538160005523,0.06925488341587788,0.04510445729150875,0.03409751776382108,0.02869217305278768,0.06956939112067688,0.007293159594663918
639,0.010059289182334237,0.03982463161815008,0.04015467178719769,0.025264330537177655,0.04689389841729274,0.006324254633612265,0.019177624733093375,0.1373379523676178,0.023618186540817394,0.2639532398121557,0.06864670276914304,0.016934001635224346,0.008709799667252561,0.024794370235133114,0.006035171503459817,0.031965965398534454,0.009339451380766126,0.1432834084078702,0.023775205598207394,0.016578359413770376,0.03732948436118964
640,0.06016143281192287,0.0483979814158346,0.03597919687776128,0.036782417377924315,0.025692658583864866,0.04233117145976467,0.08615708805397237,0.020081390239764105,0.10687031884972364,0.026705522031263505,0.03334143046362307,0.06584624102527863,0.022247698165107726,0.09690487972103005,0.11358995710973004,0.04116219028877511,0.05541875836209622,0.027517685734365166,0.01415051414355827,0.029204735741047646,0.011456731543591794
641,0.05407579113439864,0.0535240287377653,0.055140139265552,0.052120599580466435,0.03641225196392355,0.052797058526147606,0.07102419491612132,0.012346606229426875,0.08483896791749941,0.015746243850328166,0.0392135182714927,0.07018459045396179,0.0034055539230767643,0.08668949690206139,0.07818206501791818,0.06560480643423285,0.0626856028615753,0.028788152912144534,0.026115905236773127,0.04557826610772653,0.005526159757407467
642,0.05393959109089962,0.01769555330016757,0.02018927542477278,0.08649262843844763,0.007926169547913753,0.05504142897685608,0.09858898061995103,0.00910930553889333,0.122120634587961,0.01354486044209907,0.01096971785236024,0.01993254638292392,0.1309290721847795,0.0575078887117992,0.10028707894180407,0.09625488509793163,0.0572932248804221,0.020589983271726592,0.008822375421377086,0.006842563133527255,0.005922236153386607
643,0.053494654939040515,0.06932445256965801,0.03697233106706476,0.07347433424811961,0.0654523940045776,0.06021226773495419,0.04485635719893131,0.04300570062279497,0.00627690188634492,0.04860655518204705,0.05788769297586647,0.05745980864403764,0.04889169559372247,0.05911646910419963,0.01898643915609786,0.04979805575037449,0.06615098846869277,0.05375372289763416,0.020171906655530907,0.060404699938032214,0.005702571362278506
644,0.04713451397721591,0.0435447743028928,0.02529467083187301,0.04583054773944889,0.019636408604860753,0.022828554740714522,0.05191543340141597,0.04957322158253244,0.07338650451591609,0.06717010245358558,0.037800396776195594,0.09272246743776584,0.0017079582586572647,0.06914789160172163,0.11359201988879114,0.06589638009986597,0.06350172676407524,0.05877171683940064,0.011685375587949215,0.033107026003290414,0.005752308591831169
645,0.07335564337087529,0.20185471662362706,0.010555606917274507,0.008421343017302334,0.015896177823058365,0.003451792445072472,0.011081127421618842,0.1912958240614876,0.012704858340108068,0.12274544650667985,0.023037355194990745,0.022148156527960056,0.004113104190644585,0.011440776559271245,0.003640444345682848,0.004512434081685627,0.02126764268670057,0.2235764839749299,0.00796278613750049,0.013132737182086565,0.013805542591442982
646,0.05710192224928239,0.035223744871921946,0.07024843931266543,0.044766454255507904,0.03271500585742134,0.0464564609584025,0.10048030140501739,0.05226326925832073,0.05241707514013793,0.04056383331049916,0.041176495986935076,0.03920413594333127,0.0114871481513021,0.059832293766387566,0.04469474958827919,0.0684389532064845,0.054807259538581,0.044642705773669,0.04436094192141199,0.05648343718549387,0.002635372318947758
647,0.04691831731238011,0.04512917353379651,0.057881123001333114,0.0344090985145493,0.03539088440483177,0.06135578472801275,0.05336250456186662,0.03322256004977918,0.06315973619152154,0.041393194655260694,0.033659103179700556,0.0659446402788245,0.002014239800821781,0.03605871847847656,0.06856617567788141,0.058574709716903005,0.050905142314039885,0.048605853618134055,0.07192120029857978,0.08324574346574092,0.008282096217565994
648,0.016090892669807292,0.03247334957494507,0.031633070630313516,0.03302172060455978,0.05549373924613648,0.01864995817793892,0.031024539540373736,0.03688190904321815,0.05077245365432232,0.015841670229983913,0.03452460432682532,0.025485199907844137,0.012230124438691913,0.026691351530461576,0.04773845099955084,0.010074404956179778,0.01620248342922813,0.012696837738000481,0.43166490827677145,0.042417774387025244,0.018390556637821995
649,0.0147801740924064,0.06395075061605267,0.03818169335492158,0.023101518751495072,0.05207387918301689,0.006979832396172971,0.02371528626651985,0.055052973078851514,0.027895937347727415,0.4273591394391408,0.04040400223204821,0.02082316088058941,0.011273291301810338,0.02550777174568018,0.008766196856900292,0.03063214466196031,0.014419311873828819,0.044821084789211006,0.022031993026046384,0.02113214305471987,0.027097715050900053
650,0.05426328533493454,0.07544506449012545,0.03608399926145606,0.05662404731802232,0.05270017808842581,0.06974896058145232,0.05272035822554966,0.039023716882692176,0.056229879909170534,0.044401162177902985,0.05976198366913744,0.06164292143110594,0.0005192609230289459,0.054619941978710417,0.042832204662169464,0.0569340534777095,0.05962560632632793,0.054593217591291404,0.03470827208490671,0.03663291302242007,0.0008889725634603488
651,0.05973049596607316,0.04829432053983047,0.024432913661700365,0.02593083877919655,0.0704837387179965,0.03611300798355279,0.046840184800952644,0.06059107739221597,0.0757052361652963,0.06337088817605635,0.059580230509698844,0.07779872255343083,0.0009363702787007062,0.06411728376852253,0.05435752466045731,0.04532332681313465,0.050022227697147904,0.05576974714679558,0.026333821943059815,0.05290041768338067,0.0013676247628000911
652,0.07285570310749707,0.05361978461834472,0.06917940322755393,0.06750680367695065,0.07571809477148214,0.0017508764034535017,0.09066992253617427,0.008710627289540022,0.03911781462826266,0.014334669578580534,0.04227009573445589,0.08613084189594576,0.002295519983814122,0.0931245788950454,0.02536866081048374,0.07646353771996116,0.014128053258984486,0.036785974709923897,0.053821216770180126,0.07292723581006265,0.0032205845733031587
653,0.1769402061035791,0.020921170600270354,0.014129917835218726,0.048925585635623554,0.027558625952334995,0.40713514301861425,0.020631853620387334,0.03229207285207068,0.022393128394243816,0.011574901320410327,0.05207162233305298,0.01614370393234543,0.013176256940100772,0.022712815175068995,0.017904940003721875,0.006388163335454393,0.009212242823733148,0.010344707009919183,0.018442721724254568,0.019901378560078953,0.031198842829516404
654,0.039455253063428564,0.09170135880278207,0.02724466045238041,0.03232007187010507,0.04297263316029224,0.03014482331775334,0.06857705574197234,0.048191652536928344,0.04080036810784802,0.0648175674824763,0.04525993633202666,0.05905397997381478,0.03975366172280663,0.07713507792712943,0.042448050323620895,0.04046233698316782,0.06820730205991372,0.04993948773872766,0.05701804741929606,0.032419720238081304,0.0020769547454483474
