site,A,C,D,E,F,G,H,I,K,L,M,N,P,Q,R,S,T,V,W,Y,*
111,0.008426393812501404,0.07460951959354581,0.08757861775389544,0.48469019055914864,0.01950300784745515,0.0025510465284792685,0.009602894495590921,0.014002159480224213,0.006697765184988175,0.00525080980508408,0.015169006103576228,0.01566208911445321,0.010112670735717486,0.01187139608105966,0.00525080980508408,0.17398939969214886,0.010112670735717486,0.004672713105421664,0.01365210549321861,0.012135204882860984,0.01445952918982852
112,0.04128124829341381,0.03356501165279726,0.1143187606943928,0.31313344300604745,0.009032174486119258,0.03566206366496275,0.005681529112236307,0.017006272570750613,0.042486853874188955,0.035378012282218436,0.06377352214031479,0.07015087435434629,0.005419304691671553,0.06404260707571646,0.0025525710504250066,0.06817169608102615,0.04449315498161498,0.01558633688416198,0.005337194014525014,0.008228841566492232,0.004698527522577966
113,0.00543636149194087,0.016198138322925854,0.013924715400409945,0.020887073100614915,0.027369268200805753,0.005836093954583581,0.008772854888339145,0.020887073100614915,0.024803399306980216,0.023737631064460567,0.016887420804752484,0.015263630342757054,0.7066426197716146,0.024051781146162632,0.005226296073242464,0.012616990016925273,0.006200849826745055,0.009123089400268587,0.01150302576555604,0.013452691149548592,0.011178996870751648
114,0.14888568835015684,0.09056640950332123,0.011018584978796792,0.02014994278423176,0.009794297758930483,0.0025185337094392676,0.03926655516927214,0.08544999694470352,0.007359519311195269,0.13071274198595578,0.15615391772884232,0.005876578655358289,0.004099938596761598,0.054692701842914776,0.019851425113354252,0.022388825315813064,0.06682872624394959,0.05210019604567821,0.015313956516016136,0.0522066699409641,0.00476479350434456
115,0.04877713076296558,0.07548841665697055,0.007641074665708289,0.009888449567387197,0.11256260945299751,0.021949708843334505,0.13718568027084072,0.01120690950970549,0.013549202989712664,0.14872140558192842,0.047340457476668256,0.07759998075926346,0.010641843481833809,0.07319880633230266,0.020465714647699938,0.05542855768518815,0.006774601494856329,0.07790791719084778,0.02032380448456899,0.01400863688713186,0.009339091258087911
116,0.03618143799691104,0.009868854815406116,0.008928963880605533,0.00655656770978651,0.037501648298543244,0.0014328243028547292,0.018750824149271622,0.03125137358211937,0.009375412074635811,0.004229376139622142,0.13233728668475386,0.011719265093294762,0.006944749684915414,0.011719265093294762,0.002976321293535179,0.005067790310613951,0.4347438399393278,0.16581836793302493,0.043227370448512714,0.014423710884055094,0.006944749684915414
117,0.007401723211952751,0.01986778335839949,0.017158540173163195,0.17528071333147438,0.029037529523814637,0.004778327643159371,0.008539738687262152,0.05392684054422718,0.06838270875278142,0.04517334447223432,0.014518764761907318,0.09117694500370861,0.007297426164889749,0.3346741890474365,0.0405540265412473,0.019195146316570235,0.015728661825399597,0.007703834363461026,0.012177028509986783,0.025165858920639345,0.0022608688462845846
118,0.009213188787945891,0.03112921539322162,0.028723470927125423,0.03255326705074215,0.023252333607672964,0.08839933547135687,0.024414950288056615,0.02549744867956232,0.03255326705074215,0.009390365495406386,0.02034579190671384,0.008761939861334356,0.013951400164603774,0.05425544508457023,0.004728572769524327,0.4323654058234369,0.10231277920408509,0.009574490309041808,0.016837896750383868,0.01953196023044529,0.012207475144028302
119,0.025364803974883207,0.00739442343993966,0.02288570317503424,0.027670695245327136,0.03935612865168695,0.013233810769504284,0.0065274358482117455,0.03580913502336453,0.027670695245327136,0.009818633796728982,0.026467621539008567,0.043767964465498785,0.02174126054989989,0.028988347399866523,0.009223565081775712,0.010364755277228927,0.05534139049065428,0.009511801490581203,0.02174126054989989,0.5389487381729433,0.018171829812635026
120,0.009652676743402921,0.03432062842098816,0.030888565578889342,0.008061560117027888,0.030888565578889342,0.5467102100136492,0.02574047131574112,0.030888565578889342,0.021302459019923684,0.0090848722290851,0.04752087012136822,0.028080514162626673,0.0181697444581702,0.04118475410518579,0.003778249326382804,0.011031630563889052,0.0199281068250899,0.020829946297242496,0.010889279875366153,0.0363394889163404,0.014708840751852068
121,0.01213104402731453,0.0175980656375696,0.025273008390238612,0.020218406712190887,0.07801486280324513,0.005477585845758553,0.027570554607533028,0.023328930821758714,0.03369734452031815,0.008087362684876354,0.04665786164351743,0.040436813424381775,0.01410586514804015,0.030327610068286333,0.002071461199986732,0.009227445474327139,0.01838036973835535,0.01123244817343938,0.5380164277117122,0.0288834381602727,0.009263093206877304
122,0.016942353366072346,0.03993554722002767,0.004747538319893875,0.027954883054019372,0.03993554722002767,0.006020384817223008,0.021725305426268788,0.04510336675968187,0.032888097710611026,0.015530490585566317,0.03494360381752421,0.4956275591497428,0.013977441527009686,0.032888097710611026,0.010165412019643407,0.01910997024431359,0.046834754617415854,0.018035408421947983,0.0223639064432155,0.034563010788428966,0.02070732078075509
123,0.015772853555711633,0.034174516037375195,0.029292442317750172,0.029292442317750172,0.025630887028031395,0.013088112524952206,0.030757064433637675,0.5452254899817097,0.030757064433637675,0.05901400819682673,0.004925243841142276,0.024605651546910145,0.01366980641495008,0.0512617740560628,0.01814783707499928,0.011391505345791733,0.00513669257781678,0.005211795868282258,0.021969331738312625,0.02121176857492254,0.009463712133426977
124,0.1414812803246066,0.16272641230663407,0.01156239659397805,0.005885453868101244,0.012732280889028856,0.001682785959449409,0.010553227625560851,0.03260423205221301,0.01275181671421936,0.0041745351420786015,0.07179106425292682,0.009563862535664523,0.004936187115181689,0.009872374230363377,0.0026383069063902124,0.004528564349906328,0.2084511893184155,0.2714868235790801,0.006511565981729037,0.008501211142812907,0.005564429111659358
125,0.006742674068041155,0.005397251736848469,0.018301543898968847,0.013628809286466165,0.024636693710150377,0.002821823949180219,0.009812058505979921,0.03050257316494808,0.1688207789721758,0.01001283231411554,0.02208807022289344,0.017312271255781345,0.01262576643856117,0.022876929873711066,0.568413967929118,0.006709638150245903,0.011646437026616541,0.007535929840751879,0.010167524388316026,0.020663033434319668,0.009283391832810284
126,0.007973492242795385,0.011784181512798933,0.010311158823699066,0.011784181512798933,0.005444947670111575,0.004341540557346975,0.008388812785847678,0.011784181512798933,0.016497854117918508,0.292495202806999,0.2923613822358308,0.016497854117918508,0.0010285961669274336,0.010311158823699066,0.0030914194998803483,0.005409132497678199,0.043491775869793026,0.004349174627420919,0.021745887934896513,0.21357568507487643,0.00733237960796378
127,0.006769023946259427,0.010699424947313288,0.013820090556946331,0.002914787103644321,0.023691583811907998,0.04819680083767307,0.02211214489111413,0.048125364971855655,0.29374581850931797,0.03576885234394676,0.04921777310951693,0.009774666629733846,0.007057067518440679,0.056539098563072016,0.25976321623081267,0.021231778664053968,0.04803514939213457,0.005264796402646221,0.009436346072912875,0.011845791905953999,0.015990423590743288
128,0.15372304609253246,0.034086127071011996,0.019167743831993673,0.015132429341047632,0.022116627498454233,0.14280834134947026,0.00991435025792776,0.015132429341047632,0.036816023644009856,0.005134217097855448,0.044705171567726264,0.047631966640356294,0.04470517156772627,0.00991435025792776,0.01840661450522167,0.25445583858882437,0.07123750916483211,0.026078016747840323,0.008456357572938382,0.013691245594281193,0.006686422266974536
129,0.05068774241689084,0.01828913848496015,0.08302688264600959,0.11021232113812005,0.029198449160199546,0.09645140882168367,0.06164117044931015,0.00839668886344798,0.03602406065219424,0.03548638810514657,0.024016040434796163,0.03754086320597084,0.0516065613063992,0.03754086320597084,0.08448711510402672,0.06340234674786187,0.03302205559784473,0.0016742414152409347,0.022190821361751652,0.11321847633546762,0.001886364546706652
130,0.033977137349055,0.027042374731121612,0.0032621516212862026,0.013452327175458806,0.03746495665874139,0.0066295652028300735,0.23662077889731403,0.15143729849428098,0.040043516428776224,0.02930622168094093,0.0491690265545232,0.0118310389448657,0.003320993388032478,0.04206591624841139,0.01720878391980466,0.040771580363844886,0.07201501966439994,0.057646184846046986,0.10443951620295241,0.020704318153514978,0.0015912934737981478
131,0.010056511919900871,0.027085459281525216,0.48019365656336654,0.07606487969040895,0.027085459281525216,0.0016659959276430604,0.01576524339736621,0.021668367425220172,0.021668367425220172,0.009849257920554624,0.03869351325932173,0.13708385249362187,0.00846420602547663,0.023552573288282794,0.007420673775760332,0.013712051950461972,0.015047477378625117,0.008919517108487752,0.030094954757250235,0.016058723209425727,0.009849257920554624
132,0.15707696539811286,0.2408443398181101,0.006088937770529352,0.006670784223485208,0.03771163883867996,0.0010547612863743127,0.011771972159091542,0.03139946481333272,0.011771972159091542,0.025970204905628066,0.033353921117426036,0.010532817194976644,0.004002470534091124,0.022235947411617354,0.003335392111742604,0.024327711092738385,0.1668185903502061,0.17712055244843514,0.01111797370580868,0.007697058719406008,0.009096523941116192
133,0.026810893907882136,0.07278443912852166,0.005768586608742097,0.003481043643206438,0.17909896822922391,0.01195336557274494,0.24892883805241342,0.008432718125568258,0.012618783206623338,0.03862967615774955,0.11714298261290042,0.043386289856629776,0.0037388987278883963,0.06165420137521073,0.0042957559852334765,0.018082100593454505,0.03853387585950671,0.0017315476519811346,0.010215957786008752,0.08859065791226606,0.004120419006244356
134,0.012094760111537078,0.013345942192040916,0.02246757591328607,0.03225269363076554,0.01612634681538277,0.008796189172026967,0.34266382046140603,0.013822582984613804,0.02977171719762974,0.01773587758049359,0.024189520223074155,0.04438915212381184,0.004674317082309618,0.03163543397265432,0.15054771289027374,0.0070369513376215736,0.007898618848350745,0.020370122293115082,0.06450538726153107,0.12358051779653824,0.012094760111537078
135,0.05241143437375504,0.0586508908468211,0.009430381426983199,0.01679548237886241,0.02052781179638738,0.013010584941372291,0.09622411779556587,0.05857771558106609,0.03395179072716463,0.06920773733517328,0.0750116653625914,0.08082825894827533,0.001732110874343853,0.1373784327912079,0.038132272282930146,0.12316687077832433,0.06110292060909039,0.04092164599516575,0.005865089084682111,0.00530458955267805,0.0017681965175593499
136,0.1889904849964128,0.019442985394995727,0.030553262763564716,0.016718018209838505,0.030553262763564716,0.07569585646392304,0.030553262763564716,0.02376364881610589,0.035645473224158834,0.00929881910195448,0.030553262763564716,0.05822811363793969,0.21822486053414752,0.035645473224158834,0.006480995131665243,0.025328686880527085,0.0021959045907771232,0.055191209066659884,0.035645473224158834,0.053468209836238255,0.017822736612079417
137,0.08486152307586739,0.16246548268031336,0.00800373140781037,0.010671641877080498,0.08481063557318423,0.016135681700712064,0.019208955378744893,0.048022388446862234,0.03201492563124149,0.019208955378744893,0.048022388446862234,0.024011194223431124,0.005802338667154048,0.048022388446862234,0.01600746281562074,0.07202903173018818,0.09316411247176802,0.005900965269942098,0.08481063557318423,0.08481063557318423,0.03201492563124149
138,0.08157293584151495,0.011124326657384371,0.1133926286476094,0.19698599056085253,0.027810816643460926,0.029742320694950773,0.0325783169451145,0.054297194908524166,0.017234939752126692,0.012216868854417934,0.17918074319812974,0.013905408321730463,0.01011302423398579,0.0592333035365718,0.00370810888579479,0.037020814710357376,0.023270226389367495,0.019694393158877246,0.013905408321730463,0.05817556597341874,0.004836663764080161
139,0.0625647710209038,0.01225853536440961,0.009849898004021486,0.003030737847391227,0.008172356909606408,0.05384141022799516,0.03321667647130346,0.005253278935478126,0.022246971587261886,0.019799306144803346,0.03337045738089283,0.061606998241648295,0.06953188468528645,0.1351469513861566,0.11863314825338481,0.1240409458235089,0.11132507042285054,0.07746713320564408,0.028603249183622424,0.008580974755086727,0.0014592441487439238
140,0.04851541039908439,0.07340892218351262,0.006375117376493166,0.006906377157867596,0.02104939698905604,0.0009099621121348456,0.3927437984687785,0.060066698589342576,0.009208502877156794,0.06825761203334384,0.015016674647335644,0.006375117376493166,0.003603327212800485,0.006375117376493166,0.006514701883639082,0.06929824484175766,0.07826872846490095,0.12184958856695212,0.0010856147503438074,0.001959424870448342,0.002211661822065123
141,0.008710825941708706,0.028353820931127264,0.4274466115187644,0.013824375791305608,0.024100747791458172,0.013448222637737192,0.019280598233166538,0.030125934739322707,0.053557217314351487,0.009094621808097423,0.0321343303886109,0.00695725124484407,0.01120965013556194,0.053557217314351487,0.011476546567361034,0.006513715619313017,0.010954885359753714,0.005863772451128962,0.048201495582916344,0.15683433769799193,0.028353820931127264
142,0.011755880273053916,0.014524713285452422,0.02614448391381436,0.016340302446133978,0.023767712648922145,0.007922570882974047,0.010893534964089315,0.04075264700902199,0.016340302446133978,0.004285980969477764,0.01188385632446107,0.022385785810843658,0.005193870155721145,0.01867463136701026,0.00901533928062564,0.006418206208843293,0.23153869552500086,0.4862690140022151,0.015379108184596679,0.010457793565525743,0.010055570736082447
143,0.012195429313143831,0.02251463873195784,0.029269030351545197,0.011707612140618079,0.16994828287506863,0.006806751244545394,0.015404752816602736,0.04248707071876716,0.024390858626287662,0.25875982194144076,0.013564623547371452,0.036586287939431486,0.002062186036269678,0.007756979467392733,0.004994820373116943,0.007317257587886299,0.013304104705247816,0.2398463669607823,0.014634515175772599,0.058538060703090394,0.007910548743660862
144,0.007706838264847433,0.010868618065810484,0.022309268661400466,0.01569911498394848,0.20546585240222404,0.00652117083948629,0.013673422727955124,0.0669997344789861,0.013246128267706528,0.37549560457059056,0.013792304586709946,0.023548672475922714,0.0018617140946398396,0.015396663772084868,0.0037313301352243705,0.006728192135977917,0.007706838264847433,0.15534417483470056,0.014129203485553628,0.012466944251959083,0.007308208699424291
145,0.15537129244381792,0.36486172143127865,0.016475010245721924,0.014709830576537436,0.01990162293590575,0.0037534437542721313,0.019613107435383244,0.020593762807152406,0.016475010245721924,0.006056989060927178,0.014202595039415454,0.027458350409536536,0.008405617472307106,0.03432293801192068,0.002460066748354577,0.00556588183977092,0.010296881403576203,0.1994890668414452,0.0053077429481864094,0.04628445062385641,0.00839461772491191
146,0.009582927728194614,0.01635462522905692,0.43477193504663253,0.01196679894809043,0.035045625490836264,0.00127784771808503,0.04906387568717077,0.04906387568717077,0.04906387568717077,0.0094353607090713,0.030664922304481725,0.15200275151059806,0.015332461152240863,0.06132984460896345,0.008761406372709066,0.008459288911581165,0.011150880837993355,0.008948077008609381,0.010903083486037947,0.01238998420260817,0.014430551672697283
147,0.009663707974898584,0.014328946307608247,0.02770262952804261,0.023085524606702174,0.015982286266178425,0.006110874160597634,0.01978759252003043,0.36816365276153173,0.016621577716825566,0.12188811702629976,0.10887964816409507,0.01731414345502663,0.009663707974898584,0.013851314764021305,0.006371526044464803,0.009444078248196345,0.005067087301286054,0.15870328793437463,0.014840694390022826,0.023085524606702174,0.009444078248196345
148,0.01595547469133488,0.03425034246049081,0.08223864459570465,0.019442022119996547,0.013998255926397517,0.6206920864030964,0.026919722935379847,0.013998255926397517,0.020585670479996345,0.005108852527882305,0.016664590388568472,0.02120947867635987,0.010936137442498061,0.019997508466282166,0.006480674039998851,0.010558593400339308,0.0129613480799977,0.006929829666533425,0.014891761623827146,0.01794648195691989,0.00823426819199854
149,0.011963282659836028,0.01719342947517399,0.017691023673748724,0.688054671793308,0.015170673066329991,0.03692782515359241,0.04072128033593841,0.02344558564796453,0.009849467860851892,0.004866064945803961,0.01934260815957074,0.01611884013297562,0.010598689402504517,0.01578988421189448,0.006239551019216369,0.006092160050258502,0.008792094617986702,0.006327685847485928,0.014067351388778722,0.018870837228849503,0.011876993327930999
150,0.11169779644686646,0.11271339347167679,0.040254783382741716,0.129468087095845,0.0025307876362776274,0.08145303825101645,0.022542678694335357,0.0028119862625306967,0.1221061762609832,0.008717157179085385,0.04991593139459974,0.01517295681349495,0.00019586278591138823,0.14534095473979375,0.057390764565853784,0.06725042050318089,0.01148371132890069,0.014267518160971746,0.0013319934927776985,0.0022330479143626123,0.001120953618793861
151,0.4444652222012626,0.01672120229009164,0.011695841778577272,0.006140316933753068,0.01116421260682376,0.09274693536904159,0.007223902275003611,0.011695841778577272,0.012280633867506137,0.0019250980628389908,0.006463491509213757,0.009446641436543182,0.026567681191791325,0.0062977609576954545,0.002456126773501227,0.21753532801071424,0.07581084369291761,0.01938690120590335,0.005339406029350495,0.01116421260682376,0.0034723994220695956
152,0.11231878531711957,0.016746190287142467,0.006883176475779029,0.005328910819957959,0.021777477518634354,0.10575184115671035,0.08420490352103059,0.006118379089581359,0.016403552633967002,0.0024656154540103983,0.005696421910989541,0.21803055375981142,0.02887349875663904,0.1485968885665246,0.0017956112545510512,0.14621582852539888,0.018464501374883473,0.019246835090521285,0.005506541180623223,0.0260596737865777,0.003514813519546738
153,0.013143224114516548,0.034421312517432114,0.008813691465028743,0.0038173934509623635,0.027555449178020903,0.06136971562980737,0.04580872141154837,0.22650720203729802,0.003926461835275574,0.08644197398393574,0.14555181905104608,0.002045550338192125,0.0042945676323326585,0.01598216052325212,0.001216907438959798,0.12156943990661465,0.03679044071324127,0.14798296780789,0.003926461835275574,0.006871308211732255,0.001963230917637787
154,0.08521355105555027,0.07765531386562331,0.0417074575748872,0.037983577434272275,0.012154744778967125,0.058558015211169746,0.058304983742508094,0.004798581008533223,0.009208139984066005,0.025210042718131032,0.02201946517928827,0.0886283473466353,0.12312688927557436,0.014067991642323063,0.0014094376245608776,0.1564208941197622,0.029393629141003297,0.05391217442283807,0.03972138816655925,0.0578797370427006,0.0026256386650464806
155,0.029067535510404686,0.014064929953913308,0.06693169545341073,0.13216249871063293,0.01635048107142422,0.02740341592236196,0.016769724175819713,0.21460006406244295,0.003707587057794567,0.05722668374998478,0.05450160357141407,0.00990938246752983,0.0227090014880892,0.10145795505291325,0.001866660762031472,0.03416518432834912,0.07178259982576486,0.09539491215454178,0.00466665190507868,0.0051494089987075085,0.020112023777390305
156,0.0027020191257712085,0.05237969711316598,0.014406000814105585,0.010679810020347067,0.014406000814105585,0.023281379588848187,0.018007501017631985,0.2714220668591328,0.027011251526447972,0.0121421261484123,0.007809869112044126,0.027011251526447972,0.00882000049843199,0.01662230863166029,0.007203000407052794,0.010050698242399245,0.03397601974908063,0.3827860201315914,0.018790435844485545,0.02881200162821117,0.011680541200626147
157,0.08938215485799449,0.019558328912126305,0.15789637496820366,0.34635034522787445,0.04346295313805845,0.044374816795381605,0.015646663129701043,0.07823331564850523,0.005167674168343912,0.01117618794978646,0.02794046987446615,0.017780299011023914,0.009540648249817709,0.032597214853543846,0.006208993305436923,0.008692590627611692,0.010865738284514613,0.006983797104999948,0.026077771882835072,0.026077771882835072,0.015985890126939573
158,0.041068050311521616,0.051759935276164716,0.11764058825229841,0.3805092332544386,0.025226006607143834,0.008744529676507169,0.02257063749060238,0.02858947415476301,0.032969873957917256,0.006215103077122394,0.031055961165698826,0.023824561795635846,0.00912430026215841,0.11232265934606764,0.008576842246428905,0.013122237112267105,0.012995215524892278,0.009653934164981861,0.016493927396978664,0.035736842693453764,0.011800086232957292
159,0.057112968731414165,0.17253348527522355,0.008119796798954172,0.01275968068407084,0.023527293446621397,0.025372571364003466,0.00687059729142276,0.028776981640231753,0.003308065362536885,0.021174564101959257,0.034252971341404675,0.025880022791283534,0.006249635806365568,0.3019335992316412,0.0019416905388803453,0.0493430950164389,0.07909684323692329,0.09953854919724435,0.026958357074253682,0.010783342829701474,0.0044658882394247945
160,0.00794827658596975,0.018735223381214413,0.03497241697826689,0.024980297841619217,0.021857760611416813,0.005846009513079841,0.02098345018696014,0.03747044676242882,0.03497241697826689,0.02510508486825956,0.03747044676242882,0.04035278882107719,0.009947766355930898,0.12905422762369947,0.46467638057079214,0.008743104244566723,0.014988178704971525,0.010286004993607913,0.015429007490411867,0.032786640917125215,0.003394069807906054
161,0.025865331729280405,0.11135791311407017,0.013335205690527553,0.27081503542039886,0.02555914424017781,0.005786976054379883,0.014605225280101605,0.005939621447604594,0.017165830289815887,0.006134194617642675,0.03407885898690375,0.016142617414849143,0.005221932105449925,0.016142617414849143,0.006815771797380749,0.08487302824023964,0.2717021207707759,0.008071308707424571,0.0278827028074667,0.019169358180133357,0.013335205690527553
162,0.09942762818950444,0.04793832073422537,0.00732795032771924,0.2796402042829814,0.03952392001304332,0.0077142125319443105,0.03685930723882977,0.04971381409475223,0.025647826147017345,0.13601005349079512,0.024856907047376114,0.025647826147017345,0.0010846407665794497,0.0652493809993623,0.011470628170405105,0.01702157765200756,0.013422729805583103,0.03633158150173432,0.038471739220526026,0.01099192549157886,0.025647826147017345
163,0.041419773989911486,0.07923418303738129,0.005722659510676362,0.004105386170702607,0.041201775179438266,0.03854445347692653,0.19352348947917972,0.010913362068593347,0.08984113977890378,0.01454180300450762,0.08138622257666818,0.034334812649531886,0.0032008095568189826,0.051966202929021224,0.1672708845742341,0.05630223237802166,0.02503461808272088,0.038813266473383866,0.008323590945341065,0.010491542436239997,0.003827791701796834
164,0.15769521907260003,0.22762421768686084,0.003980671000761106,0.006035352067866309,0.0038669375435965024,0.0031119263503431222,0.005413712561035105,0.114562944207156,0.005413712561035105,0.07724205450035616,0.04063823680118871,0.037914391195570406,0.0012193046308637623,0.009388325438903146,0.0009083410337307223,0.06953910819280587,0.1080700572744851,0.12027979159266373,0.0023744353337873266,0.0031475073029273866,0.001573753651463693
165,0.002509866882932317,0.007331453263302293,0.005685616816438513,0.00752960064879695,0.04380278165586702,0.002731325725543992,0.004016977729502758,0.09240147162393143,0.008442279515317792,0.24851039783662185,0.46022105858146994,0.006633219619178265,0.03722648253978235,0.004721952949245545,0.001829176188736664,0.0018208838170293276,0.0026532878476713062,0.04650272112271696,0.006056417913162764,0.006056417913162764,0.003316609809589133
166,0.0659271099228544,0.06471244403459474,0.04795340824002798,0.0961083013886275,0.001924352636924877,0.07470365019440516,0.048705290947624234,0.004804784164602331,0.006332717533359178,0.00272075789514129,0.02917573435011906,0.13202756554397316,0.01891911200006266,0.16857090957846574,0.010085439034609059,0.11117309366757179,0.06863660541711096,0.01190412476216151,0.004427753722511294,0.0293223018566015,0.0018645431086516512
167,0.1668742308726739,0.19411900326004922,0.004198244264715483,0.004198244264715483,0.006023567858070041,0.006226039050723227,0.011183810887410241,0.07625473828925898,0.010301127123606328,0.07116916416367088,0.12311942330666036,0.0053285407975234966,0.0019241952879945961,0.006100260484041951,0.0011818080741163122,0.06621993288598169,0.17842600798549252,0.047331085576065766,0.002827388994604305,0.014379185426670316,0.0026140011459549234
168,0.07527387192412623,0.26138425205298516,0.004412643240720643,0.004025935470978678,0.006934153663989583,0.0016835749031331756,0.01021875276798465,0.1953201004351977,0.005710479487991421,0.16580905813886324,0.06290423718869782,0.007766252103668332,0.00204375055359693,0.003962373522279762,0.0016594555777069084,0.0019611747736536195,0.003206011749567639,0.17276764474570552,0.004978366733120726,0.004314584502037962,0.003663326463994496
169,0.06706433934647253,0.043866301508696054,0.18581315408298943,0.08868840651682344,0.0066383198683507404,0.09981476905958105,0.14622100502898683,0.010259221614723873,0.007523429184130841,0.001589456869886797,0.006269524320109033,0.14652883872378472,0.002170219956960819,0.016376752563246524,0.0006523835436841917,0.11560060632879904,0.02814754346807997,0.016174338895544038,0.002421739453356674,0.005129610807361937,0.0030500388584314216
170,0.1555537071332788,0.033670835698249114,0.17525797387967137,0.061018238240536496,0.009851264514295341,0.04418939113588129,0.0899492325081798,0.013135019352393786,0.00856631696895247,0.0026989765792589976,0.013135019352393786,0.013805219076259584,0.07768342807524616,0.009232325917261855,0.0024628161285738352,0.0780551191186684,0.060631981745038116,0.03939648235448671,0.006793975527100234,0.10089175240272485,0.0040209242915491186
171,0.003054820058482012,0.004756650613018842,0.006618776793377692,0.006847010475907958,0.11599547310981687,0.0015809942634374182,0.014183093128666485,0.0056732372514665935,0.006847010475907958,0.0021881615388777698,0.005366575778414345,0.009455395419110989,0.003365479725446285,0.006229988805752962,0.0007567038958406091,0.0020901400400140085,0.004316593560898496,0.003054820058482012,0.17705082746666886,0.6198433045474894,0.0007249429929224006
172,0.002742422968217954,0.015929676004259406,0.02424081131082953,0.013274730003549503,0.006908015128851527,0.006418248755578543,0.013487113840607646,0.0164622418536013,0.019912095005324256,0.495530732607872,0.25939085364358744,0.027876933007453954,0.005100375870594811,0.018584622004969305,0.003916987983712753,0.008199097943368813,0.006194874001656436,0.006492994521180523,0.010324790002760726,0.0150686124364616,0.023943771105561912
173,0.0725705162567196,0.04899281426094647,0.1155547150851301,0.2029983977909758,0.005305709320155064,0.05102812217845384,0.05418560102593156,0.011998240227170564,0.053597389185649755,0.005628817982201327,0.05599178772679595,0.09406620338101719,0.0021322009417445585,0.026574768828964323,0.01566609604791182,0.0795149648191185,0.07595407726417538,0.017681617176882936,0.004656030627891179,0.0047530312659722455,0.0011488986061914629
174,0.008293366095238456,0.013440972637110603,0.020515168761905653,0.004429683104455983,0.019489410323810373,0.00609044072619074,0.0155915282590483,0.03722885696706578,0.34534791387586283,0.0059967416380955,0.021654900359789304,0.06922002401835685,0.007354494461815234,0.009149411987296486,0.30593786317890487,0.005489974739101513,0.005510540085944286,0.010827450179894652,0.01299294021587358,0.013440972637110603,0.061997345747128355
175,0.015510877132171376,0.03937376502781965,0.012237317139334559,0.007265907051479894,0.007750300854911885,0.0017444933945654486,0.20751038325472512,0.024067824598122508,0.07013237911729452,0.011686277291361992,0.04265491211347129,0.12571974096602057,0.005961769888393758,0.051185894536165545,0.20613112165096192,0.07946287151384367,0.031997987189941055,0.018957738717098344,0.00830389377311988,0.018280676620059118,0.014063868169137893
176,0.02910774917127836,0.03664924635333293,0.03926704966428528,0.061082077255554874,0.02617803310952352,0.016168785155882173,0.01665874834242406,0.034358668456249616,0.02390168240434756,0.004668635901955791,0.042287591946153384,0.024988122513636087,0.4872232766197072,0.026510785454995984,0.007742798525352027,0.004692731939122302,0.010291166745056368,0.010571897986538346,0.02893361554210494,0.04581155794166616,0.02290577897083308
177,0.06297173775099979,0.060013551210668904,0.037508469506668064,0.04704303846671799,0.04286682229333493,0.10781269877345671,0.1125254085200042,0.017311601310769874,0.004057457178004629,0.04427229187672295,0.1833747398103772,0.009002032681600337,0.0021736377739310507,0.03600813072640134,0.0006125567697248821,0.0710019479112139,0.12133174483896104,0.029241358133870375,0.0017675051569458157,0.006762428630007715,0.0023408406796180544
178,0.11745857976759551,0.062114428224627816,0.01308179730719795,0.16095906013626468,0.008852627877606392,0.07045759240830905,0.17453873270359224,0.018969916880585122,0.006639470908204793,0.002825306769448848,0.019730465436058255,0.07672958780689322,0.002978551825724108,0.06782347493645026,0.0018442974745013314,0.0229069920362078,0.11745575486019319,0.027389530181693506,0.0057734529636563415,0.014093189597184468,0.0073771898980053265
179,0.008771000880268361,0.023778694983973107,0.02576481508578831,0.02748246942484086,0.3652367149109701,0.007927635411011788,0.034353086781051076,0.021849308847769373,0.05152963017157662,0.02043846024208599,0.02424923772780076,0.029445502955186637,0.012492031556745846,0.029445502955186637,0.009586907938897975,0.002799876257581726,0.018738047335118767,0.00796831038091656,0.21639713917361442,0.04844765790307916,0.0132979690765359
180,0.11214726364142528,0.43342010729142455,0.011375312748943297,0.01881301723863699,0.01702330634116332,0.006682185250509792,0.02877284989438598,0.020380768675190068,0.019565537928182466,0.006436032213217918,0.011375312748943297,0.023292307057360084,0.009782768964091235,0.023292307057360084,0.0025430659746660767,0.005248245646054454,0.012872064426435835,0.11332776115344032,0.009755667182441564,0.10370373422853214,0.010190384337595036
181,0.009304191880352504,0.032564671581233766,0.026051737264987013,0.05789274947774892,0.030649102664690606,0.008270392782535559,0.023683397513624558,0.4611035276876228,0.04341956210831169,0.009648791579624819,0.009442017499683002,0.015788931675749702,0.014473187369437228,0.03473564968664935,0.007677359136411372,0.010216367554896867,0.007459278788785321,0.10333919862636798,0.047366795027249116,0.02894637473887446,0.017966715355163455
182,0.01059512532583106,0.03461074273104813,0.027324270577143258,0.009934611362533376,0.051916114096572194,0.01038322281931444,0.013311824127326205,0.023598233680260088,0.4601460805131403,0.008799341372300373,0.05989605794617021,0.02416161540100017,0.007312128745996086,0.016779932449631395,0.004273324726097021,0.009795493225768339,0.005721739028961355,0.01128611176012439,0.17305371365524064,0.028842285609206774,0.008258030846334292
183,0.0016842994746939187,0.02698707562614568,0.03238449075137481,0.015421186072083249,0.02944044613761347,0.007426790789942024,0.02491114673182678,0.35507286096071217,0.021589660500916544,0.04427837169513926,0.022914873904110036,0.02313177910812487,0.007040106685081481,0.017991383750763788,0.007898656280823127,0.00875256506793914,0.010794830250458272,0.2866820422155301,0.02313177910812487,0.017044468816513062,0.015421186072083249
184,0.16333199097386517,0.08909017689483559,0.03444690287942354,0.02741236212148787,0.030141040019495604,0.050113224503345016,0.06144150130678316,0.02679203557288498,0.016075221343730996,0.21342772394711432,0.009696655852333005,0.08440122021616005,0.0009827136392860016,0.0696363053423709,0.003189465244729598,0.013037586862658863,0.022843635101239886,0.007765609765348444,0.024112832015596487,0.030141040019495604,0.021920756377814987
185,0.10860829427760965,0.20360602111961087,0.028786712965490808,0.07676456790797548,0.016608159807656356,0.05609616305455957,0.009595570988496935,0.025588189302658496,0.03838228395398774,0.010966366843996498,0.03838228395398774,0.025588189302658496,0.01046789562381484,0.028786712965490808,0.01655628674338645,0.12306025351861048,0.032180235341513964,0.07676456790797548,0.01275624402560444,0.0408264647605139,0.01962853563440116
186,0.23798041719389837,0.03813428092447197,0.1681921117520868,0.02723877208890855,0.02723877208890855,0.013619386044454274,0.009533570231117991,0.03177856743705998,0.04766785115558996,0.0015717363426127494,0.03177856743705998,0.03813428092447197,0.1684618806084163,0.013884485461155316,0.007097034849310494,0.023279280068941328,0.011215964977785872,0.013619386044454274,0.04766785115558996,0.02723877208890855,0.01466703112479691
187,0.046572462734808036,0.0019935556775229992,0.011643115683702012,0.062096616979744064,0.18320034050606676,0.046572462734808036,0.0018761930132245534,0.062096616979744064,0.03725797018784644,0.012419323395948815,0.026612835848461736,0.021006532505789693,0.023286231367404025,0.09314492546961607,0.031048308489872032,0.03765968471616684,0.03725797018784644,0.026612835848461736,0.031048308489872032,0.16482534010686867,0.04176836907622504
188,0.008508868258501202,0.020107124797792822,0.020107124797792822,0.027840634335405446,0.022620515397516923,0.008042849919117129,0.12064274878675695,0.07275015518830523,0.03619282463602708,0.008617339199054067,0.051704035194324406,0.012786507046798956,0.010380331675557835,0.0258520175971622,0.021502279324239426,0.14035256076872174,0.3203038064193161,0.0067023749325976064,0.027840634335405446,0.018096412318013535,0.019048855071593197
189,0.10650923738911051,0.1923086612157691,0.007236562962354414,0.00904570370294302,0.010854844443531624,0.19785129921743932,0.006385202613842131,0.02253576002658054,0.016699760682356346,0.003618281481177208,0.010337947089077735,0.026386197416735063,0.06234687066679641,0.01142615204582276,0.014786402070613,0.19201866401494333,0.06928004906566693,0.004824375308236277,0.01206093827059069,0.01206093827059069,0.01142615204582276
190,0.04110860156057957,0.02925218376775243,0.014754390935489161,0.24465462787574757,0.006229631728317645,0.04097180867470453,0.009894120980269202,0.06705903379287455,0.012014289761755462,0.0015604845095213077,0.016019053015673947,0.2809960579384175,0.032445894667891786,0.03957648392107681,0.0014016671388714702,0.02843738474811472,0.06755863658473367,0.0464943246064683,0.005901756374195663,0.010193942828156147,0.003475624589388367
191,0.10126307258907012,0.14722092861026348,0.01323855039890349,0.0182030067984923,0.0182030067984923,0.05316311310926181,0.019416540585058453,0.006339473340112958,0.008633720419726255,0.13681345060163863,0.2578857286670099,0.04556838266508155,0.009708270292529226,0.010043038233650924,0.004426124916517221,0.006331480625562538,0.09994056800321463,0.002518984912394041,0.009708270292529226,0.024270675731323067,0.007103612409167726
192,0.014832696167131525,0.027193276306407794,0.04449808850139457,0.04078991445961169,0.04479443581017712,0.012236974337883507,0.037652228731949254,0.0785511306601694,0.02576205123764949,0.021518501373404962,0.43353239495202095,0.061184871689417525,0.013596638153203897,0.04078991445961169,0.0064518088263380066,0.011383231942217215,0.006189294522612322,0.0025128988350511137,0.01398511352900972,0.04894789735153403,0.013596638153203897
193,0.03585364673854004,0.02805264694266205,0.018642660080425897,0.5219081188162632,0.03465326975270019,0.0023697887152846495,0.04207897041399308,0.053555053254173014,0.010445355584370156,0.008182022024943099,0.036819099112243944,0.036819099112243944,0.009063162858398512,0.03010582095584849,0.009984840437218697,0.008925842209028836,0.01592177258907846,0.008637945414287718,0.029455279289795154,0.03927370571972687,0.019251899978774082
194,0.09954861193743063,0.020971911151484068,0.004991988205094195,0.09227640906652988,0.08987961922064602,0.009587159383535576,0.05033258676356177,0.0029990783698079695,0.018641698801319176,0.05807606165026358,0.06482227083185985,0.11591991611258057,0.001177155835649034,0.12964454166371972,0.009151379411556686,0.03221218730152183,0.10151165047257502,0.024354477466239567,0.01275730319079628,0.055925096403957514,0.005218896759871203
195,0.008911383513900837,0.017204977229119275,0.017204977229119275,0.014558057655408616,0.07269812866603312,0.0035047175837094823,0.023656843690039,0.18780156970970932,0.007610554181496936,0.23978130329306946,0.1674276176406431,0.017204977229119275,0.004205661100451378,0.009960776290542738,0.003293126370238888,0.004205661100451378,0.014340639993636524,0.161878739818706,0.005407278557723201,0.012616983301354134,0.006526025845528001
196,0.04818265768410674,0.12208085324398123,0.05684333735065598,0.11568264046028462,0.13187746492405378,0.026421156066321467,0.039097789601013594,0.010033271627163713,0.009975944856272801,0.07261018068759666,0.0458387878080849,0.05425815699732499,0.0018633218736161187,0.06268207223315772,0.0012787503054228263,0.1118320902555976,0.002210720867002174,0.0017997721239249541,0.02984198634852875,0.05341037329424178,0.002178671391647614
197,0.0368294905121572,0.023771762057846913,0.014436486668166363,0.012445247127729622,0.07690864195185766,0.005166987674807924,0.005552494872371678,0.06821462155729985,0.1384355555133438,0.1555906294128932,0.01899537719495574,0.018045608335207953,0.003007601389201325,0.004397860370429961,0.3202696760350172,0.004568508439293152,0.005639252604752485,0.02668259006493021,0.013881237180929195,0.015038006946006627,0.03212236409080179
198,0.004201105134301671,0.01658330974066449,0.00875230236312848,0.00984634015851954,0.0241899062302316,0.0024425029850591107,0.008291654870332245,0.011669736484171305,0.01312845354469272,0.27929244392140495,0.34363097301841006,0.01853428735721325,0.010097475601364477,0.0532075423117402,0.005648245340834805,0.004566418624240946,0.005527769913554829,0.013156664135531203,0.03064054789162669,0.12926481141780014,0.007327508955177333
199,0.050947623806246824,0.09699643763112378,0.004235763044212136,0.007802721397232877,0.006177154439476029,0.0029650341309484943,0.007457526823533677,0.18718610770918614,0.018659782202036394,0.015477007577127418,0.0734821497205483,0.005112127811980163,0.0015648887603341114,0.13140651802091408,0.02769451781938832,0.053031562020543856,0.10424025173472318,0.18508982060045362,0.012932858350816508,0.006445726371627161,0.0010944200275469504
200,0.003846274167800002,0.12650415759313088,0.009395898324197146,0.010276763792090629,0.008654116877550003,0.004456007851071105,0.11685453623664412,0.012896331033211772,0.04194247169355132,0.0021635292193875008,0.009816610189459707,0.01114767597786102,0.002023731946750155,0.007924251598720485,0.5864725185813007,0.005903014534647963,0.0037583593296788595,0.005059329866875388,0.010608272301512907,0.012648324667188468,0.007647824217369772
201,0.1382354272705511,0.053734807856692886,0.006472989664026492,0.00970948449603974,0.01262232984485166,0.004463981990134456,0.025617757234004744,0.024809990114013608,0.09347474830772917,0.013645494562707482,0.06393424242300828,0.04720986690266589,0.002836478616820598,0.0981277884854262,0.22384294699768095,0.025762648131284357,0.10465519247270237,0.024077892045075506,0.003982083514487982,0.019325676509863235,0.0034581725602333318
