site,A,C,D,E,F,G,H,I,K,L,M,N,P,Q,R,S,T,V,W,Y,*
111,0.006172627721294281,0.18559283365349452,0.1333194542264988,0.43172624222177836,0.017388738051165968,0.002274494282472975,0.00856186995477227,0.012484222190580697,0.04150149655406933,0.004681583321467761,0.013524574039795751,0.013964203218058061,0.00901638269319717,0.010584449248535806,0.004681583321467761,0.05553185069723656,0.00901638269319717,0.010924416128807148,0.012172116635816178,0.010819659231836603,0.006060819914456988
112,0.06270892658058787,0.08233622951444869,0.07203300194307857,0.0889299706466545,0.0025711434888097693,0.01939377840021567,0.005178839222077122,0.03565318971149547,0.030512424956721806,0.03616046492169013,0.2005491921271621,0.06267162253973813,0.021597605306002066,0.06821064810784337,0.019912627397628727,0.06051053210733339,0.06786268389843882,0.03980251903794051,0.0015193120615694094,0.021025318529460536,0.0008599695011033369
113,0.005587612419257482,0.016648804351256985,0.014312130056343724,0.021468195084515584,0.028130738386606634,0.0059984662736146475,0.012665631928294143,0.021468195084515584,0.025493481662862257,0.0030330515609660255,0.01735726411088494,0.015688296407915237,0.7257059839618267,0.024720951915502793,0.005371702542014076,0.003459154073114029,0.006373370415715564,0.009376912795535545,0.011823063959588298,0.013826973105281226,0.011490019904388624
114,0.09250164403759605,0.07734331011143515,0.008325147963383642,0.02245417799293688,0.037000657615038415,0.0019028909630591187,0.020492671909867425,0.09514558891681182,0.027586057884980426,0.10059421046856701,0.11773636703213729,0.008880157827609219,0.0030977294747474024,0.038057819261182374,0.03582087886180784,0.06309585824880236,0.06253466041520685,0.09349468331162204,0.04795285226908978,0.04238257144995309,0.0036000639841658995
115,0.04133586777635084,0.09841873280083532,0.00469725770185805,0.006078804084757478,0.00794920534160593,0.047954830192737545,0.09903384988084059,0.05511449036846779,0.01148218549343079,0.0912179252436449,0.06943859766072379,0.0845506386334449,0.034999450843678524,0.10542424082830883,0.03204944923892431,0.039456964695607624,0.017223278240146182,0.0918574839474463,0.012917458680109637,0.043058195600365466,0.005741092746715394
116,0.028094556793548484,0.010271472305628882,0.009293236847949941,0.006912583299930114,0.03903159476138976,0.0014912789194780275,0.01951579738069488,0.0975789869034744,0.009757898690347438,0.0038569885019375224,0.13537804066010045,0.012197373362934295,0.007228073103961065,0.06098686681467147,0.010548409967764339,0.0052745398326202375,0.2485180319312736,0.17244787838927636,0.09937616659775407,0.015012151831303751,0.007228073103961065
117,0.005635145421776767,0.015125916658453425,0.013063291659573414,0.23337575044912343,0.022107108962355005,0.003637878690007785,0.006501549434999657,0.04105605950151644,0.04153765293650754,0.018210538861250975,0.02210710896235501,0.11974684021275629,0.018900843468132117,0.2545174476069018,0.06918843059822669,0.05041972219484476,0.023949368042551263,0.005865151357359492,0.009270723113245649,0.019159494434041004,0.006623977434021278
118,0.00829955119178562,0.009466555040922064,0.025875071362625752,0.029325080877642518,0.02094648634117323,0.036384040077868704,0.021993810658231888,0.020116364199638952,0.029325080877642518,0.008459157945473805,0.018328175548526573,0.03733676660345766,0.012567891804703938,0.04887513479607086,0.004259657830532795,0.38925520396361807,0.22680084795530256,0.008625023787541918,0.015168145281539237,0.017595048526585513,0.010996905329115946
119,0.020623024172981112,0.09247297948170123,0.018607374622794617,0.022497844552343035,0.027567382818734467,0.010759838698946669,0.005307175542083966,0.029114857655973343,0.022497844552343035,0.007983106131476557,0.021519677397893337,0.031194616602352867,0.01767687786255524,0.02356917048340698,0.007499281517447678,0.05397738615915643,0.04499568910468607,0.007733634064867918,0.01767687786255524,0.4380081192301545,0.07871724148554583
120,0.008894711969083898,0.03162564255674275,0.02846307830106847,0.07264152253655179,0.02846307830106847,0.5034887304496722,0.023719231917557062,0.02846307830106847,0.019629709173150673,0.008371493617961316,0.043789351232413044,0.025875525728244066,0.01674298723592263,0.03795077106809129,0.003481566864707085,0.010165385107524454,0.01836327632326998,0.03279682569926242,0.010034212334761986,0.03348597447184526,0.013553846810032605
121,0.011753681039255653,0.01705063883587827,0.02448683549844928,0.019589468398759424,0.04156105775296989,0.005307193408186793,0.02671291145285376,0.022603232767799335,0.032649113997932376,0.007835787359503769,0.04520646553559867,0.03917893679751885,0.013667070975878668,0.029384202598139137,0.01823993158761601,0.008940405349132464,0.01780860763523584,0.01088303799931079,0.5210912323883039,0.08395486456611181,0.0020953240555653045
122,0.016348402516317032,0.038535520217033006,0.09884805039715397,0.0269748641519231,0.038535520217033006,0.005809327203160708,0.02096367784476843,0.022607208075148644,0.03173513429638012,0.01498603563995728,0.03371858018990387,0.4778080499864772,0.013487432075961552,0.03173513429638012,0.00980904150979022,0.0020712639256321354,0.013880446775814308,0.017403138162531032,0.02157989132153848,0.0431819003438194,0.01998138085327637
123,0.06135439196780566,0.26586903186049127,0.018990645132892232,0.018990645132892232,0.016616814491280704,0.008485181867888018,0.019940177389536847,0.3532164512961042,0.019940177389536847,0.01806435170462757,0.0031930952347875093,0.015952141911629476,0.008862301062016376,0.03323362898256141,0.01951344120282974,0.007385250885013646,0.003330180011755749,0.07293182295435827,0.014242983849669176,0.01375184647554265,0.006135439196780567
124,0.11515164683146627,0.10210357175597176,0.012948822399221372,0.006591167865366697,0.007639001109018473,0.0018845657427252157,0.01181864582755408,0.20858064571202684,0.01428086370829451,0.012286878305558396,0.010080609676443182,0.01071064778122088,0.00552807627417852,0.011056152548357038,0.002954661456888519,0.003497354377541513,0.1360723421210787,0.30376976514724313,0.0072923559361503885,0.009520575805529672,0.006231649618164876
125,0.030577451512797508,0.035468991465271216,0.009221771091161153,0.00686727634448171,0.012413922622716934,0.02532300169013313,0.019803420561472454,0.015369618485268586,0.37364537719239904,0.0038949429167227717,0.013382892561912886,0.026169890934376248,0.006361863708855522,0.04610885545580575,0.2859682703714474,0.04193906090903235,0.02347359914113748,0.0037971998610663565,0.005123206161756195,0.010411677038407754,0.004677709973777396
126,0.0055701658355472704,0.19097711436162068,0.01044406094165113,0.011936069647601293,0.06584633806085681,0.004397499343853108,0.008496937488939251,0.023872139295202592,0.01671049750664181,0.2961142100032563,0.24137385287371507,0.01671049750664181,0.0010418539017212991,0.01044406094165113,0.003131265283078654,0.005478851641521906,0.015191361369674377,0.03083662267444367,0.010127574246449583,0.023872139295202592,0.007426887780729694
127,0.07798419063950553,0.02857869098832992,0.016759760269016537,0.0017673955496531112,0.014365508802014178,0.025070757124151615,0.09385465750649265,0.010055856161409926,0.17785012466819194,0.04403526264207963,0.005586586756338846,0.0628705934268252,0.004279087728259542,0.05474678571172096,0.19365804835640227,0.06506730457382891,0.06140572963957499,0.03830802347203781,0.00394347300447448,0.007182754401007089,0.01262940857868474
128,0.08989361481837967,0.037325898799773806,0.036436878539716555,0.057531913483763,0.010510638040302856,0.08959176827122393,0.004711665328411625,0.007191489185470375,0.16075093473404364,0.002439969545070306,0.07807902544224979,0.05359307608474545,0.07563905589717948,0.0188466613136465,0.04811021600626928,0.12073890936854552,0.05732976056888307,0.03757553099408271,0.004018773368351091,0.006506585453520815,0.0031776347563706306
129,0.08112491983671379,0.05470990615209737,0.0993462422825387,0.053843965231325994,0.024955395788675984,0.08378916058609655,0.052683613331649316,0.007294654153612982,0.08707988347532182,0.02689223247675233,0.04885207781662028,0.08484834568149835,0.02911497461577439,0.09982158315470394,0.057292758291480915,0.06638135279787813,0.004350174260659223,0.009608062381203585,0.0037932201598787504,0.0225786914278497,0.0016387860976679622
130,0.05386333566964616,0.04778757768531568,0.004561541506325588,0.03612710108829156,0.03041027670883725,0.0007740192378587433,0.05473849807590705,0.1459693282024188,0.05614204930862262,0.04827806854842538,0.0723771580567981,0.01140385376581397,0.001600540879412487,0.08109407122356602,0.02985736258685839,0.05081175152127548,0.07139804096857442,0.08059671096601648,0.057262376089851526,0.06272119571197682,0.002225142198207604
131,0.007798553531489006,0.021004042536253688,0.3722992487388941,0.04937446482498726,0.021004042536253688,0.0012919348705047976,0.008424107936910173,0.01680323402900295,0.01680323402900295,0.007637833649546796,0.030005775051790976,0.33275177263398037,0.006563763292579278,0.01826438481413364,0.005754532201713339,0.014653983164828152,0.011668912520140937,0.006916844746926865,0.023337825040281868,0.02000367620123251,0.007637833649546796
132,0.09921688771936557,0.21095357127988926,0.007131612876783431,0.007813095232588491,0.013590327046970883,0.001235379544893223,0.01378781511633263,0.1323482401230768,0.01378781511633263,0.10314200817002962,0.03906547616294245,0.012336466156718667,0.004687857139553094,0.02604365077529497,0.003906547616294245,0.003906547616294245,0.06696938770790134,0.20738615855562337,0.01302182538764748,0.009015109883755949,0.010654220771711577
133,0.010798468219475358,0.04626156396535549,0.010952732051182145,0.00660940727226509,0.11307599966005118,0.002784369567947278,0.10222549914436674,0.00533702669053142,0.00798636712065365,0.07404023778964003,0.13417096762698133,0.056791943969092616,0.002366330998712192,0.0538028942865088,0.002718763275116136,0.021121175849910422,0.134507235716272,0.001095888169975749,0.017830028920529078,0.19291530635991383,0.0026077933455195593
134,0.004640969646357449,0.0665739094098172,0.005940441147337535,0.012375919056953198,0.012375919056953198,0.030377255867066934,0.1312754153313683,0.0053039653101228,0.10281532755007272,0.015624411411680613,0.027845817878144698,0.07269123504403847,0.004697651925221974,0.08319364231630637,0.10079543280102979,0.02809497527986856,0.03637004784084205,0.0468982195842437,0.15352047481330405,0.05394799908291284,0.0046409696463574485
135,0.04342214038491425,0.13607004734127495,0.012597781469697348,0.016505011962122715,0.030234675527273634,0.0015969018764405089,0.042517512460228536,0.09699030226773328,0.09270216199388825,0.12341530929480352,0.1001547488375706,0.007086252076704757,0.0023138782291280834,0.052329246104896664,0.031852924355074426,0.06425481376294427,0.07636831986248958,0.03348183065912851,0.0053990492012988625,0.028345008306819026,0.002362084025568252
136,0.12440879514474862,0.025620108762810893,0.020130085456494272,0.008488727778103874,0.020130085456494275,0.1463541578285481,0.16104068365195418,0.015656733132828882,0.02348509969924332,0.006126547747628692,0.020130085456494272,0.03522764954886498,0.08817685038787465,0.02348509969924332,0.00427001812713515,0.11853810135987543,0.0181897703261917,0.03485845178887029,0.02348509969924332,0.07045529909772996,0.01174254984962166
137,0.08027465718106479,0.06064915567032414,0.007581144458790517,0.01010819261172069,0.08024594631853622,0.007874873164970783,0.018194746701097237,0.0454868667527431,0.030324577835162066,0.018194746701097237,0.0454868667527431,0.02274343337637155,0.022743433376371545,0.0454868667527431,0.10613602242306722,0.053329429985974654,0.15262850759336422,0.0016940618716233956,0.08024594631853622,0.08024594631853622,0.030324577835162066
138,0.06670030949434994,0.04708886982065878,0.06351023400698037,0.2777780903770113,0.03924072485054899,0.07093383640792343,0.020928386586959464,0.052320966467398644,0.01503933079723074,0.039240724850548976,0.03139257988043919,0.019620362425274495,0.014269354491108725,0.07134677245554362,0.005232096646739866,0.021404031736663085,0.0448465426863417,0.050238678362781244,0.019620362425274495,0.022423271343170847,0.006824473887051997
139,0.05657799517642807,0.043054058233710876,0.008371622434332671,0.0025758838259485137,0.009567568496380194,0.08490046398302904,0.025925024312772136,0.004464865298310758,0.06697297947466135,0.030209254042584417,0.0814904883662616,0.09481725096877704,0.05903861170038201,0.1099840576892961,0.11056294677423875,0.10459223502655277,0.03675346434585074,0.03906757136021912,0.003044226339757335,0.02678919178986454,0.001240240360641877
140,0.0529957713548558,0.08710277592369944,0.007570824479265115,0.008201726519203874,0.004686700868116498,0.0010806331910305747,0.2756190943618531,0.1230258977880581,0.010935635358938498,0.08052604218854711,0.05413139502674554,0.007570824479265115,0.004279161662193325,0.007570824479265115,0.00034261527758825175,0.07430497994353691,0.05964892013966452,0.13273499834385694,0.0012892309649481782,0.0037554699747629236,0.0026264776746051607
141,0.029505057760668016,0.03177216318793786,0.4786793091749971,0.015491045269688699,0.027006338709747175,0.001104713229359712,0.02160507096779774,0.03375792338718397,0.0600140860216604,0.01019107121122535,0.03600845161299624,0.007796018830322825,0.01256108777197543,0.0600140860216604,0.012860161290355797,0.007299010462093833,0.012275608504430534,0.006570710017064245,0.05401267741949436,0.04970324596140253,0.03177216318793786
142,0.0014915989367716913,0.153692865245917,0.03952102249180724,0.024700639057379518,0.035928202265279305,0.011976067421759766,0.01646709270491968,0.06616036266523373,0.024700639057379518,0.006478856146197906,0.017964101132639652,0.02324766028929837,0.007851256881583408,0.028229301779862305,0.013627938790278354,0.009702011054145367,0.3497805840278383,0.11422333749960806,0.02324766028929837,0.015808408996722895,0.015200393266079703
143,0.013482243293684266,0.024890295311417107,0.03235738390484224,0.012942953561936895,0.19414430342905345,0.007524973001126102,0.01703020205518013,0.03235738390484224,0.02696448658736853,0.2859192126742486,0.011556208537443657,0.0404467298810528,0.060566044626323236,0.008575465587815571,0.03319247452894889,0.00808934597621056,0.01470790177492829,0.08561369270827127,0.01617869195242112,0.06471476780968448,0.008745238893200606
144,0.007403045797430407,0.01044019279124801,0.021429869413614338,0.015080278476247128,0.23751438600089225,0.006264115674748808,0.013134436092215238,0.14162348482040782,0.012723984964333513,0.3605392189513882,0.03185744855259474,0.022620417714370695,0.0017883280056887583,0.014789749455659335,0.003584246473990984,0.006462976489820198,0.007403045797430407,0.05277287900325339,0.013572250628622412,0.011975515260549187,0.007020129635494352
145,0.2537683207855019,0.2716678875807431,0.012275304819391722,0.010960093588742609,0.011422579475799069,0.005623394871440869,0.02922691623664696,0.01534413102423965,0.012275304819391722,0.004512979713011661,0.01058215932706183,0.020458841365652868,0.006262910622138632,0.025573551707066083,0.0013579137271122785,0.09873581220936956,0.007672065512119825,0.18843669678890798,0.003954726681210027,0.0036336942836630816,0.006254714860788659
146,0.027472576613697366,0.017892899785875754,0.47541876767772506,0.018395953818040555,0.0383419281125909,0.0013980388325060941,0.053678699357627264,0.053678699357627264,0.053678699357627264,0.010322826799543704,0.033549187098517036,0.01048503681385242,0.016774593549258518,0.06709837419703407,0.009585482028147725,0.00925494816510815,0.012199704399460743,0.049501776743361404,0.011928599857250503,0.01355535468290492,0.015787852752243318
147,0.006987615562065927,0.008614894348148824,0.016655462406421056,0.013879552005350883,0.009608920619089073,0.00367399906023994,0.011896758861729327,0.22092516609445179,0.009993277443852635,0.16274799175259008,0.29354070561186896,0.01040966400401316,0.005810045025495718,0.00832773120321053,0.002637205544534757,0.0056779985476435434,0.003046450228531303,0.17708644198147136,0.008922569146296995,0.013879552005350883,0.0056779985476435434
148,0.01729931472623136,0.029643218200362677,0.01954356564857759,0.021079514466017656,0.01517725041553271,0.6724932771248342,0.029187020029870593,0.01517725041553271,0.022319485905195162,0.005539142487420698,0.018068155256586556,0.02299583396292835,0.01185722688713493,0.021681786307903874,0.007026504822005885,0.004813134599454849,0.01405300964401177,0.007513490304719164,0.016146011080353947,0.019458013353247067,0.008927794362078066
149,0.04188276294830242,0.01677786658736579,0.0172634340008006,0.6710694684983782,0.014803999930028637,0.017559979056535068,0.03973705244376107,0.022878908982771527,0.009611407541731742,0.004748452807745035,0.01887509991078651,0.015729249925655425,0.010342520499061102,0.03393094913482569,0.006088741906705325,0.005944913357728036,0.008579590868539324,0.00617474652797895,0.013727345389662917,0.018414731620279526,0.0058587780613569675
150,0.10994694038730436,0.12830496775104158,0.05287292627103361,0.08002388841021305,0.0041123387099692805,0.0861712710479047,0.005483118279959041,0.0045692652332992014,0.07074273037804148,0.032212607802463926,0.04582320276822913,0.07592009926097132,0.0003182622298291762,0.10389066214659236,0.023324502144516538,0.10928349566235096,0.04548480572139826,0.014054828502426658,0.002164388794720674,0.003628534155855247,0.0016671643418794382
151,0.268359255886037,0.06345634683821688,0.013813626522605036,0.007252153924367644,0.013185734407941171,0.22820111015343522,0.008531945793373701,0.013813626522605036,0.014504307848735288,0.002273678642622942,0.015267692472352936,0.01115715988364253,0.001301830011528103,0.007438106589095019,0.0029008615697470575,0.2568551048346655,0.005326035456168972,0.03783732482278771,0.006306220803797951,0.013185734407941171,0.009032142608333314
152,0.13060429131840895,0.05662214060678558,0.006391050657211804,0.004947910186228493,0.07452041190191327,0.10113310930093403,0.039897646801801426,0.005680933917521603,0.006972055262412876,0.002289331578702735,0.005289145371485631,0.11503891182981246,0.07642655151159379,0.13533989627036758,0.001667230606229166,0.13556787644226437,0.06471395797703773,0.010639372480480377,0.005112840525769442,0.01788182022382409,0.003263515229214538
153,0.03990310010895791,0.03398988672432756,0.014865860824905886,0.0023399966113277783,0.014524116897896556,0.02643223071900916,0.16847975601560009,0.10290993180880499,0.002406853657365715,0.05507992023586925,0.10590156092409148,0.03434538536729589,0.002632496187743751,0.09097906824842404,0.006739892186590124,0.07442968806893144,0.08388314724931338,0.11669028500422934,0.00962741462946286,0.012635981701170007,0.0012034268286828574
154,0.08678983423065276,0.08902504688539263,0.003021211998373054,0.004280050331028493,0.08217696635574705,0.04012547185339212,0.14544311535123577,0.007800548632924454,0.018676583262669785,0.0023722630245176235,0.013398418427567452,0.025680301986170963,0.09077669871736044,0.005706733774704657,0.016026612257939027,0.09902648403267528,0.08443473900812318,0.06130136603150486,0.02416969598698443,0.09782972185207982,0.0019381359989562987
155,0.06550589854888884,0.03598321274526989,0.004907316288958921,0.09661653167264714,0.027331349732149016,0.01190999828854679,0.08409646071430467,0.04782986203126078,0.05274998605199779,0.053573952050408144,0.07555029953392484,0.019877345259744737,0.02733134973214901,0.06902292451216648,0.027331349732149016,0.0799543962313613,0.09120217486316273,0.0858810395546619,0.03416418716518627,0.004536241542965583,0.004644123748096149
156,0.0015133626077538148,0.22188641289157626,0.008068596832420956,0.022872962819415924,0.027476047554395738,0.021101629238319607,0.04034298416210477,0.20905000883999747,0.01512861906078929,0.02936167551544974,0.06973906134609888,0.01512861906078929,0.0049399572443393595,0.00930991942202418,0.004034298416210478,0.005629253604014619,0.04712051866663225,0.21409251677508426,0.010524256737940376,0.016137193664841912,0.006542105539800774
157,0.1308180092363419,0.022057152419435275,0.012816825397832772,0.39028513220018196,0.04901589426541173,0.002809928175950747,0.01764572193554822,0.08822860967774111,0.060852106871025886,0.012604087096820156,0.03151021774205039,0.02005195674494116,0.010759586546065986,0.03676192069905879,0.007002270609344533,0.009803178853082344,0.01225397356635293,0.00787606537877002,0.02940953655924703,0.02940953655924703,0.018028289465550153
158,0.0709178274524535,0.0475559071432541,0.012097881195375393,0.20220584260570149,0.013427550252212922,0.016239043940121108,0.012014123909874719,0.01521789028584131,0.0031796398328760647,0.0033082370186611554,0.02282683542876197,0.06340787619100546,0.00485677349548127,0.3281357592884533,0.004565367085752394,0.07846748062166889,0.06225500571480535,0.005138692308719968,0.008779552087985372,0.019022362857301644,0.006380351283692641
159,0.04235455148340712,0.018258384383767572,0.0478037700229551,0.0250400700120241,0.03983647501912926,0.039524032077802744,0.047190901176506955,0.04123588902607145,0.02013364340675566,0.028682262013773063,0.09279555357397166,0.11393231855470964,0.002888219383820276,0.17528049008416868,0.036997667888408615,0.04804096928939982,0.07749567838102701,0.020224671932788693,0.04382012252104218,0.03408231751636613,0.004382012252104217
160,0.006995031720163053,0.016488289054670056,0.030778139568717434,0.02198438540622674,0.0192363372304484,0.005144891667780229,0.01846688374123046,0.032976578109340106,0.19089740439446684,0.006684190369442774,0.032976578109340106,0.03551323796390473,0.008754720655712759,0.08895398579708015,0.4087916736766256,0.0076945348921793584,0.013190631243736043,0.009052393990799244,0.013578590986198869,0.028854505845672593,0.002987015576264564
161,0.0005677495864100503,0.3430675505712223,0.007457990229809181,0.15134918124638214,0.014294481273800933,0.0032364863261436063,0.008168275013600533,0.03722835343900521,0.009600346448270248,0.003430675505712223,0.01905930836506791,0.0090280934360848,0.002991627815248137,0.0090280934360848,0.0038118616730135812,0.18755772753164582,0.151835320627877,0.0045140467180424,0.015593979571419196,0.010720860955350697,0.007457990229809181
162,0.05484012532760695,0.151090141208713,0.0033575586935269556,0.19389901455118172,0.032233677658829354,0.021882020450917056,0.03020876013668626,0.007337055289399681,0.08226018799141041,0.06225070778699985,0.10184594703698437,0.023502910854688693,0.013715901415556288,0.05875727713672173,0.01381355750260006,0.022991978010021542,0.04230523953843965,0.029147610639903464,0.017627183141016516,0.025181690201452174,0.011751455427344343
163,0.06987592652724343,0.054031103595427274,0.004729995600946495,0.003393257713722486,0.007804492741561718,0.07067407160334986,0.17737483503549362,0.01851618520131395,0.11939002194072826,0.02094497970620147,0.09827879748633274,0.07024043467405547,0.002645590759851429,0.012655934175505488,0.13805741948792524,0.07167918153672445,0.005816467826040052,0.03732583485094734,0.004729995600946495,0.008671658601735242,0.0031638153339475254
164,0.11439401491381264,0.17868856878528536,0.005453868636620807,0.008333598995019516,0.0052980438184316424,0.0011859821932018602,0.0074172613458043,0.1313163015740145,0.0074172613458043,0.08420890265755715,0.09246835519344881,0.00475465470884891,0.0016705543571631305,0.004415036515359701,0.0012445069372154865,0.027311621234550717,0.14999644778357374,0.164703292332155,0.003253184800791359,0.0043123612475606385,0.0021561806237803197
165,0.003008276285136534,0.045713858047882236,0.006814666686737862,0.009024828855409601,0.0026381141154426407,0.0032737124279426984,0.03186327527100182,0.08411638393791085,0.01011874750455016,0.29741361935527105,0.41248776592077996,0.00795044446786084,0.0007557790311368164,0.005659638434748395,0.0017518178754198646,0.002182474951961799,0.0031801777871443356,0.05355299386842111,0.007259101470655549,0.007259101470655549,0.00397522223393042
166,0.038619284994680224,0.05586926799997101,0.0878280159650201,0.12944064812812586,0.0013037180550307843,0.05018138128588678,0.07431301749944938,0.0032551642280741716,0.04763478906452155,0.005827446478407085,0.05199485858089028,0.10310437117131156,0.00574149074876356,0.09067957492492333,0.062318071303520024,0.07508519966527678,0.0927255127807695,0.0055497881921264544,0.008257001944383264,0.009008198930212733,0.0012631980586556486
167,0.09017297118489212,0.15937548395469306,0.004829560119839183,0.004829560119839183,0.006929368867595351,0.0019751027667308336,0.029513978510128342,0.06463482823402039,0.045596115907507874,0.09835701452752839,0.14140390677812623,0.006129826305949733,0.004427096776519251,0.009659120239678366,0.004656610240319759,0.05871728356225533,0.13689303305688935,0.10626287117965985,0.003252560897034552,0.0193766221678741,0.003007084602918737
168,0.10066918895345435,0.19930248921563617,0.004052801814193559,0.0067685329247809504,0.006368688565161304,0.0015462830438643296,0.009385435780237712,0.2537677443656582,0.005244802347779899,0.18441743027399854,0.030128302241487635,0.007132931192980662,0.0018770871560475422,0.003639250608663603,0.0015241305967907395,0.0018012452507526924,0.012158405442580674,0.15831552869853505,0.004572391790372219,0.003962739551655924,0.0033645901853682375
169,0.08755697229156154,0.01954253747404282,0.06313742876229221,0.07998907974994664,0.006437541756155282,0.0967031005728749,0.14070626981310835,0.00994892816860362,0.05107116459883191,0.010789682661725052,0.006079900547479989,0.11519811563646294,0.002104580958743073,0.09849438886917583,0.0006326519942973078,0.0922714318382257,0.07593006311435993,0.03312541448492939,0.002348493167351023,0.004974464084301809,0.002957789455530805
170,0.10715806948309634,0.03873461443389041,0.06857474405801404,0.0474722650165919,0.011620384330167122,0.057419204659087536,0.07570336678737402,0.020658461031408216,0.0033682273420774273,0.004244889253029086,0.07230461360992878,0.08452498983792352,0.0763625255982411,0.06497419195362264,0.0009683653608472603,0.05976639760137864,0.07266666329253879,0.04766637781887576,0.02404217447620784,0.06018846938492849,0.001581004670771037
171,0.007162294275671344,0.01115238567404282,0.015518304263954582,0.016053418204090945,0.1123739274286366,0.0037067800872415055,0.03325350913704553,0.01330140365481821,0.016053418204090945,0.005130337160328927,0.012582408862665876,0.022169006091363685,0.00789066318506165,0.01460675663597478,0.0017741588302423777,0.004900517135985658,0.010120633215622551,0.007162294275671344,0.4144483115103613,0.2660280730963643,0.004611399070765183
172,0.0024712404240527165,0.014354481325456789,0.021843775930042948,0.011962067771213994,0.0062249209674169,0.005783584793529627,0.04138614557057976,0.04450315433901243,0.017943101656820993,0.44595018025922967,0.2763792410341542,0.025120342319549387,0.001555312546190206,0.01674689487969959,0.007106088019882678,0.007388335976338053,0.005582298293233197,0.005850939377276571,0.01860766097744399,0.013578563415972638,0.009661670122903608
173,0.12329499013743898,0.026768826347594036,0.07974969647786856,0.12126543869730469,0.0031765688796139046,0.017519564935577516,0.04406208445916061,0.002439151103989248,0.006730221252115205,0.019876437209937592,0.0910616412155986,0.09288287403991054,0.0012765650637700738,0.13701355048264344,0.032699683927529886,0.07031682945938232,0.10073834617141987,0.022806398178661647,0.0027876012617019975,0.0028456762879874556,0.0006878544107940177
174,0.00805027368547494,0.013046995283355936,0.019913834906174852,0.004299841695312209,0.018918143160866104,0.005911919737770659,0.015134514528692888,0.08701245110173556,0.3347354987013621,0.005820967126420341,0.021020159067629017,0.014586015344431533,0.007138921947496646,0.008881227442882356,0.3084379849325173,0.00532905441151158,0.005349016953695276,0.010510079533814505,0.012612095440577406,0.013046995283355936,0.08024400971492308
175,0.022920324480600586,0.06710729913665846,0.010203448991538711,0.01817489351617833,0.012924368722615698,0.047930450423923604,0.07335452518241345,0.004308122907538567,0.05329593822066863,0.007967076609831597,0.06303089232165161,0.071424142940771,0.004970911047159884,0.14539914812942664,0.17177232270870918,0.14127491600386663,0.023148123085281847,0.014360409691795223,0.02077130687563238,0.013847537917088253,0.011813841086649832
176,0.01362940839704273,0.035436461832311104,0.03796763767747617,0.05906076972051849,0.02531175845165079,0.01563373316131372,0.016107482651050498,0.03322168296779166,0.0231107359775942,0.05221123338425402,0.04088822519112819,0.02416122397657575,0.4708302370145865,0.02563349946854007,0.007486576443446007,0.00453744163377187,0.010130315739442638,0.010222056297782047,0.027976154078140344,0.04429557729038887,0.022147788645194434
177,0.0907038697329147,0.08053077028353879,0.011744070666349408,0.09913036107922403,0.006710897523628233,0.12471127961406804,0.03523221199904822,0.021681361230183525,0.004697628266539764,0.035587731125545814,0.05219586962821958,0.05637153919847715,0.01108275483393165,0.1087165398827774,0.007188442078652745,0.07145688067412598,0.11091082537436182,0.011784757743058039,0.002046375801951592,0.05480566310963057,0.0027101701537729406
178,0.1043620049074255,0.08741212984881629,0.0061637625929367385,0.1192588925172588,0.007867091686393466,0.046289812293666396,0.09077413484300152,0.016858053613700283,0.0059003187647951,0.0025107739424659993,0.1298070128254922,0.1835654726825142,0.0020001080558627454,0.014750796911987746,0.0016389774346653057,0.0599633560422303,0.06757978256007965,0.03318186996180925,0.005130711969387043,0.008429026806850143,0.006555909738661223
179,0.007488765749602307,0.020302480754142805,0.021998249389456777,0.023464799348753892,0.31148977334288097,0.006768692119832854,0.029330999185942366,0.018655152129759177,0.043996498778913554,0.0013687070359487167,0.020704234719488727,0.025140856445093458,0.010665817885797227,0.025140856445093458,0.008185395121658334,0.0224580763762268,0.015998726828695835,0.006803420804238099,0.16563387775590982,0.2030506846138128,0.011353935168751885
180,0.1670932961101197,0.35499776527024934,0.009326137457309007,0.01542399656401105,0.01395668834954162,0.017661395374862207,0.023589641803781605,0.016709329611011972,0.016040956426571492,0.005276630403477464,0.009326137457309007,0.019096376698299396,0.008020478213285746,0.019096376698299396,0.0020849521561457306,0.004349362289470609,0.010553260806954928,0.09288391711537995,0.006946126708179387,0.17921250968023433,0.008354664805505984
181,0.007026753711783142,0.024593637991240994,0.019674910392992795,0.04372202309553956,0.023146953403520933,0.0062460032993627915,0.017886282175448,0.3479159906143136,0.03279151732165467,0.0072870038492565915,0.007130842996985274,0.011924188116965334,0.01093050577388489,0.02623321385732373,0.005798129757232283,0.007715651134506981,0.005633430134540249,0.3231404827554771,0.035772564350896,0.021861011547769774,0.01356890371930538
182,0.010273267501692277,0.033559340505528105,0.02649421618857482,0.009632818575900277,0.05033901075829217,0.010067802151658433,0.01290743865597235,0.022881368526496432,0.4458269975303176,0.008532035721744434,0.018063746265399822,0.010545546744965677,0.007090001515252416,0.01627019307597179,0.08775711329585244,0.009497926558168331,0.005547924522995894,0.010943263208324382,0.16779670252764053,0.027966117087940088,0.008007169081311835
183,0.035163813663823915,0.05336446668843028,0.029085589065901966,0.027700561015144728,0.026441444605365422,0.005817117813180393,0.02237353005069382,0.2423799088825164,0.019390392710601306,0.1366794648562054,0.026466445105113885,0.020775420761358545,0.006322954144761297,0.016158660592167758,0.007094046113634625,0.007860970017811341,0.009695196355300653,0.25729611151753007,0.020775420761358545,0.015308204771527351,0.013850280507572364
184,0.03259979049845907,0.023653466306564938,0.027032532921788505,0.1310038133902058,0.023653466306564938,0.0177400997299237,0.09135131814949217,0.042050606767226564,0.012615182030167964,0.16735034971334253,0.17048435506760434,0.07967483387474505,0.0007711938254558689,0.06512495704946454,0.0025029630249445486,0.02307655249420969,0.0242599654426307,0.005275793105163269,0.01892277304525195,0.023653466306564938,0.017202520950229047
185,0.06695382239450831,0.20719796131138207,0.029292297297597383,0.07811279279359305,0.016899850817808832,0.0055640825718374165,0.00976409909919913,0.026037597597864347,0.03905639639679652,0.022317940798169445,0.03905639639679652,0.23433837838077912,0.010651744471853596,0.02929229729759739,0.0010402010666501435,0.06722647388564257,0.01115897039908472,0.07811279279359305,0.005897887237287655,0.0020547431413239165,0.019973273850634656
186,0.02942169433126077,0.04894429885262812,0.21575860389768836,0.03496021346616293,0.03496021346616293,0.01748010673308147,0.01223607471315703,0.04078691571052342,0.061180373565785144,0.002017280289688333,0.04078691571052342,0.04894429885262812,0.21615504751012365,0.017820354530132403,0.009108848684472187,0.002379577556240849,0.034613758036777374,0.01748010673308147,0.061180373565785144,0.03496021346616293,0.018824730327933893
187,0.05244563755689289,0.0755753847447624,0.01311140938922322,0.06992751674252386,0.021546272329165242,0.05244563755689289,0.0021127965535910425,0.06992751674252386,0.0419565100455143,0.01398550334850477,0.029968935746795933,0.023655630933648874,0.02622281877844644,0.10489127511378576,0.03496375837126193,0.05878921666452655,0.0419565100455143,0.029968935746795933,0.03496375837126193,0.18544785597009308,0.016137119248274732
188,0.00200484298006353,0.022076909804642,0.022076909804642,0.030568028960273545,0.024836523530222258,0.0088307639218568,0.13246145882785204,0.004122084448033219,0.039738437648355614,0.009461532773418001,0.056769196640508,0.010740118283339352,0.01139723597720518,0.028384598320254,0.010740118283339352,0.15561829925503473,0.3514617556382834,0.007358969934880667,0.030568028960273545,0.019869218824177803,0.020914967183345054
189,0.15734252060169654,0.13264564188111613,0.010373075219112127,0.01296634402389016,0.015559612828668194,0.12116122117885253,0.00915271342862835,0.015769912342452914,0.023937865890258755,0.005186537609556063,0.014818678884445897,0.0032711495568270945,0.04554033023024836,0.01637853981965073,0.0029284166662653702,0.27535607137326823,0.0797405277689635,0.006915383479408084,0.017288458698520213,0.017288458698520213,0.01637853981965073
190,0.03657872948105184,0.014455751773349027,0.03062336888827886,0.08312057269675693,0.004617809594264273,0.05594653931512485,0.02933667271650244,0.05809512314360161,0.10093212398891914,0.03223042614772208,0.11280649151702726,0.12055927924944583,0.030645140448405703,0.03422611816925285,0.04904372155402271,0.04525846343667963,0.07338326832199402,0.06487459332429808,0.004374766984039837,0.015112831399410347,0.0037782078498525863
191,0.1996946574447991,0.2705540520219859,0.006148955727772407,0.008454814125687058,0.008454814125687058,0.00902473131992207,0.009018468400732864,0.062325623908709105,0.004010134269025294,0.13870947448212062,0.119576808650973,0.009662644715070926,0.004509234200366432,0.004664725034861825,0.002055817694323161,0.035289658959389465,0.04651875465267801,0.04224487090580866,0.004509234200366432,0.01127308550091608,0.0032994396588047065
192,0.01063537784652772,0.019498192718634153,0.031906133539583166,0.02924728907795123,0.0877418672338537,0.00877418672338537,0.059458123572215534,0.10168607319651418,0.044419803947724976,0.02975353733265929,0.310520294362863,0.043870933616926844,0.009749096359317077,0.05849457815590247,0.004626092511334511,0.008162034161288717,0.08478109525344531,0.0018018051674307549,0.01002764196958328,0.03509674689354148,0.009749096359317077
193,0.010025459909675315,0.02641618565343606,0.01755513377275974,0.4911167147381586,0.03263175874836219,0.0937815043182532,0.03962427848015408,0.050430899883832474,0.00983602199453244,0.0077047208155855175,0.034671243670134834,0.034671243670134834,0.008534459980340879,0.019217346941547024,0.009402371164782326,0.008405149980638746,0.01499297023573398,0.008134047749378537,0.027736994936107862,0.03698265991481048,0.01812883344164093
194,0.07096650712026374,0.06364740747277894,0.004427645737236795,0.04073434078257853,0.10183585195644629,0.00290959577018418,0.04480777486083637,0.022377516305102787,0.03960283131639579,0.057445865206200465,0.03890225731702929,0.024333376759671274,0.004031201842477104,0.1758982897429527,0.0370312188932532,0.07005721914313112,0.08996380728526679,0.03285027482466009,0.011315094661827368,0.062233020640050526,0.00462890236165665
195,0.006236794249704185,0.017576420158257246,0.017576420158257246,0.014872355518525362,0.11193404416574353,0.0035803818840894393,0.02416757771760371,0.213294257429941,0.0077748605040158635,0.2279832874312051,0.1709593822382015,0.017576420158257246,0.0042964582609073265,0.010175822196885774,0.0033642225704078,0.0042964582609073265,0.001864183581800604,0.11739034297748092,0.005524017764023706,0.012889374782721985,0.006666917991063095
196,0.01636041251246214,0.05221915926528082,0.11445650112148387,0.10802556603506576,0.060922352476160964,0.014521014632476716,0.021502006756292106,0.009372669611717068,0.044553922200667416,0.13080387443411032,0.016806166200320265,0.058021288072534254,0.0017406386421760273,0.07753753951511394,0.0011945559309051168,0.06796544445516474,0.00206516449071732,0.001681273080283931,0.038294050127872604,0.1599211752499225,0.002035225189272127
197,0.016624875835854938,0.013415216246065375,0.011805390296537531,0.010177060600463389,0.034716652480755894,0.005467829119156805,0.013619609819373468,0.07698040332689352,0.20829991488453536,0.10463720827401535,0.034187443791917696,0.014756737870671915,0.0024594563117786524,0.1319926960295778,0.26188975030967143,0.0037358830052333955,0.004611480584584973,0.013256355756049717,0.01135133682359378,0.02459096217386876,0.0014237364594001922
198,0.007825816876982382,0.015445691204570492,0.008151892580189982,0.009170879152713729,0.18534829445484588,0.0022749467665646467,0.007722845602285244,0.010869190106919975,0.012227838870284976,0.25994434425542473,0.25736560082809823,0.01726283134628467,0.010515016966718698,0.006560297507531441,0.0021483608384949824,0.004253161346186077,0.005148563734856831,0.021001918071275286,0.021545361052085477,0.1283923081379922,0.006824840299693938
199,0.04045278226736404,0.27085862464013954,0.0016465569886938568,0.0030331312949623684,0.002401228941845208,0.0011525898920856999,0.0007628052224736058,0.18502100899270452,0.002635318896640803,0.028457372217668645,0.08906376438844045,0.0019872239518718966,0.0006083150775814629,0.05096491567306425,0.020875158441738415,0.026712953758280363,0.13131966803271503,0.13681034032857525,0.0023051797841713998,0.002505630200186304,0.00042543100879693734
200,0.00479732617263795,0.008895173072040574,0.011719182507444133,0.012817855867517025,0.010793983888435388,0.007805180768408851,0.07293190694531683,0.016085152461197835,0.028783957035827704,0.002698495972108847,0.012243922022702828,0.0139041148393405,0.0025241316169879674,0.00988364789784445,0.7311960435131537,0.0033758961955600393,0.004687673002977654,0.00631032904246992,0.013231335089049832,0.015775822606174796,0.009538869482803367
201,0.057784576074234976,0.056586723369355045,0.004957383884922131,0.007436075827383196,0.009666898575598153,0.0007123458077316898,0.17984927582508192,0.015676051744213226,0.15012225704153961,0.03265844113377755,0.03509219269419653,0.04419153634559156,0.002172336758561383,0.08000191924632957,0.17130197055075247,0.020407922605668174,0.04386142309642215,0.06655897379920044,0.0030497061895286863,0.015263524066733931,0.0026484653631775766
