site,A,C,D,E,F,G,H,I,K,L,M,N,P,Q,R,S,T,V,W,Y,*
111,0.02010197344816587,0.14329305956396765,0.12469371962311547,0.4020986476870922,0.00731208241396234,0.013177513416223833,0.009104926521332685,0.006299640233567552,0.004690445442105798,0.002676317746286869,0.007582900281146128,0.011074992484745576,0.005767276270167479,0.007183800266348964,0.003199036056108522,0.15706107934234886,0.005459688202425211,0.0029046439701657665,0.006111591271371506,0.006299640233567552,0.0539070255257841
112,0.04016173898079258,0.0440841062775808,0.17747539370163276,0.34197990197021855,0.0054299134669347614,0.043812452567197,0.0048265897483864536,0.0503576137093904,0.033350207550087545,0.020335571605464696,0.0711223581278304,0.006682970420842782,0.0043439307735478085,0.022160696591944206,0.0021061482538413615,0.04787868757742322,0.012381068146043976,0.012159190914251735,0.007460387216205983,0.005791907698063745,0.04609916470231918
113,0.0031805697184364833,0.009399295585827219,0.009261070650741525,0.011882128382083466,0.012110630850969684,0.0031022305628099693,0.1471267753466869,0.011882128382083466,0.010673776343227522,0.03325080566167682,0.012348094200988698,0.0103238164631217,0.6202724390856282,0.00983988756641287,0.004209909493691844,0.0430196776088605,0.018355251183040197,0.004313375371578244,0.009399295585827219,0.0103238164631217,0.00572502549318567
114,0.05402739111860329,0.06400167870973004,0.006622689482306999,0.015015056588792968,0.014545836070393196,0.0014954460121338385,0.01939444809385759,0.10249884259424384,0.10719712810680919,0.13040482953336846,0.1359152379601501,0.006622689482306999,0.0019868068446921,0.0659411235191158,0.008882953325430959,0.015238494930888106,0.05841477142725934,0.14402575347115906,0.016237212357648214,0.02909167214078639,0.0024399382303236317
115,0.0756924856785996,0.014854513783967599,0.00812262319427571,0.005041628189550441,0.009747147833130854,0.039390987444985516,0.11233726049125496,0.06419272028071714,0.00812262319427571,0.1428553825160469,0.16169481007709216,0.14140354467430696,0.01817682969717783,0.06839864241070219,0.022059009712359082,0.004968232650718894,0.014589254609253892,0.026074412493134618,0.0066457826134983106,0.052521316593314,0.0031107918616375065
116,0.046373197906748855,0.025586450316272887,0.016299306429929904,0.018348875981827013,0.03056119955611856,0.0035501305114698472,0.03492708520699264,0.02222632694990441,0.010187066518706185,0.10358893232169811,0.10982294670358214,0.01746354260349632,0.006433936748656539,0.03231972671529206,0.0033491725540951848,0.005963160888998744,0.21037748037824375,0.23881817219365942,0.03411526708836385,0.01746354260349632,0.012224479822447426
117,0.00556102705360795,0.022868677573420343,0.009686950351446108,0.15068752402347102,0.016683081160823853,0.0028329760461776347,0.014210942636585209,0.020019697392988624,0.20247146241833136,0.0032908745899465123,0.015805024257622598,0.06288886332690596,0.040512096887186766,0.2939093900111411,0.055448141103175405,0.01622938408436283,0.008341540580411927,0.0057749127095159496,0.008116093537698089,0.015014773044741466,0.02964656721043934
118,0.005064843564024143,0.05638117369199704,0.010129687128048286,0.017060525689344484,0.027012499008128764,0.06203306806242231,0.009004166336042922,0.20852122800626544,0.014093477743371528,0.005402499801625753,0.011177585796467073,0.023686669016652076,0.00753837181622198,0.027012499008128764,0.05320753085753781,0.3168758850522448,0.11233421232003739,0.0031168268086302414,0.007906097270671833,0.016207499404877257,0.006233653617260483
119,0.010712716583821011,0.09360652366954524,0.01356142886031865,0.017731392966324432,0.0197983586285848,0.007345862800334408,0.044490665741093456,0.024486209334448023,0.014691725600668816,0.005091192039835728,0.025710519801170426,0.059714186096940125,0.010082556784772717,0.024486209334448023,0.00650899235472669,0.011702945902871964,0.03672931400167203,0.007561917588579536,0.014691725600668816,0.5026962363522434,0.04859931995693169
120,0.04013648808759844,0.015955899979217453,0.012410144428280244,0.060055218117993796,0.020942118722722912,0.3273042028808387,0.018615216642420364,0.01523063179834393,0.017635468398082447,0.003988974994804363,0.015955899979217453,0.013961412481815273,0.006443728837760895,0.009307608321210182,0.07277192075658824,0.004467651994180887,0.005878489466027482,0.14925975108879777,0.16789936955246754,0.013402955982542661,0.008376847489089163
121,0.006812578810680393,0.2169858185568867,0.018166876828481053,0.01021886821602059,0.011275992514229618,0.0111888902755792,0.016350189145632948,0.016350189145632948,0.02972761662842353,0.09067583523327145,0.018166876828481053,0.009909205542807845,0.006540075658253177,0.015571608710126614,0.06768696817737388,0.03560658541063697,0.01021886821602059,0.0041392883912994794,0.32007735235467477,0.014217555778811257,0.070112759576676
122,0.011262243510874934,0.016027038842398946,0.003073536062357072,0.010965868681641384,0.018117522169668374,0.003624334098695294,0.010981083397598049,0.04570704251510875,0.16053013622083853,0.0070627628797012305,0.023150167216798474,0.40815504262821517,0.011262243510874934,0.027780200660158176,0.0047896897689927885,0.07833987462182848,0.08476715642001963,0.006721016288747944,0.011262243510874934,0.04808673679655953,0.008334060198047452
123,0.012885445334958227,0.022012635780553638,0.02296970690144727,0.019566787360492124,0.016009189658584465,0.009433986763094414,0.019566787360492124,0.5169932426532611,0.019676284316867437,0.0970598429949469,0.07152611555328786,0.017610108624442917,0.011484853450723635,0.01704204060429959,0.026314226164080294,0.006687383021940345,0.004163296890183813,0.04623637909948829,0.019566787360492124,0.015538331139214332,0.007656568967149092
124,0.07077509521767525,0.24616276517101152,0.01049687418359456,0.002437514202605824,0.05618868673945289,0.0007056802088443042,0.00473164521682307,0.1439952609913211,0.004125024035179087,0.013072025854153013,0.012547321576094882,0.0032831823953466204,0.002010949217149805,0.0030937680263843155,0.001044648943973925,0.017404349282970324,0.24209896117977941,0.15758055384059141,0.0027737230581376623,0.003830379461237724,0.0016415911976733102
125,0.003925799238970649,0.04741057245532752,0.011286672812040611,0.007524448541360406,0.01327843860240072,0.006239571664037581,0.10263242765052367,0.01220180844544931,0.12067597111936511,0.04755441417235092,0.011011388109307914,0.00940556067670051,0.021799830558245407,0.01003259805514721,0.4430207192296384,0.10350001740157487,0.004606805229404331,0.003295378923223536,0.004469969430511133,0.01220180844544931,0.003925799238970649
126,0.009621259168488914,0.012026573960611141,0.007177534071864898,0.006333118298704321,0.03941716409539928,0.0017943835179662245,0.00502357596769106,0.09424296680742157,0.00897191758983112,0.21077208069985184,0.44197659305245945,0.00552118005528069,0.02106786999023294,0.0076902150769981035,0.00361243607681744,0.0033644690961866707,0.0038451075384990526,0.01687926930815619,0.04123396786495248,0.05512179731946774,0.0043065204431189386
127,0.00291369673816191,0.009364935043046991,0.008376878122215492,0.0013329014383556103,0.010581319733324832,0.01761532125923181,0.009138412496962355,0.046824675215234965,0.1964544742643922,0.009161349498632928,0.011396102283232158,0.16800535661544838,0.0041029607129218736,0.13774211484544424,0.23346628200713607,0.05999907536053837,0.046229729874399515,0.01512797199261437,0.004370545107242866,0.005584585414810327,0.0022113119766526464
128,0.19139101434835415,0.050626206165181264,0.028252959260947525,0.04036137037278217,0.009185308214824876,0.11174264389919296,0.005943434727239625,0.09127879145844581,0.013039827351206545,0.002590727958027529,0.00878594698809336,0.07354765609918325,0.0277897959943746,0.009622703844102251,0.01960742525854231,0.19730292816438325,0.07855700867678088,0.021574987071996288,0.00612353880988325,0.008083071229045892,0.004592654107412438
129,0.09692469271048498,0.04451425638672989,0.040557433596798344,0.06086093895892583,0.010399341947897007,0.0784573431001695,0.07000985561352094,0.006706986705548768,0.03621199428285566,0.018776589628147378,0.0355766961375424,0.02974211797098545,0.1177473878616726,0.08690878627885357,0.05805691912392873,0.08603091975078435,0.04788030355177582,0.01997747360046977,0.009857709554777376,0.004224732666333159,0.04057752057179855
130,0.06037800851329635,0.10388020029959191,0.005284906249453564,0.00798641705664265,0.007247455834855249,0.012670103832450898,0.10629601891121035,0.12755522269345243,0.04215186956823859,0.031025248094143566,0.03182774469365824,0.07972201418340777,0.0037296848740775556,0.03438988847127394,0.0260908410054789,0.08267468137538582,0.12673756100952002,0.061805505999095,0.042518407564484134,0.004831637223236832,0.0011965825470460901
131,0.005443682127860616,0.009069492493953299,0.3994855714508723,0.2234723262404209,0.01943462677275707,0.019056574974373495,0.04032224077145194,0.022673731234883247,0.014575970079567799,0.006091450182505948,0.020406358111394924,0.0621817933046273,0.005515231921998627,0.013165392329932208,0.004296075391872616,0.0037789552058138743,0.008683556643146776,0.006715500863459505,0.02400748013105285,0.08534511034916394,0.006278879418890747
132,0.1214900683986882,0.238717457606931,0.0034053236368470226,0.005956002841266186,0.09120384528208263,0.002806368490286705,0.010423004972215825,0.09826912756162137,0.00794133712168825,0.06391311970464227,0.01761030424969163,0.00794133712168825,0.003032146901008241,0.012828313811957941,0.0019853342804220624,0.031812162515571986,0.09829007023083701,0.16296536422137337,0.00537961546953075,0.00926489330863629,0.004764802273012951
133,0.0165469179581446,0.09129722279919587,0.007830237962336282,0.0030589418779185702,0.17081356058050276,0.020134897617436157,0.11136338435322715,0.012386571421595886,0.004470761206188679,0.057792908777665034,0.10000724976457569,0.059379304547716796,0.003228883093358491,0.06394694335907963,0.001981360080015438,0.023743491915767898,0.1295548462859276,0.002005990053209543,0.0345479590095807,0.0824213735957301,0.0034871937408271704
134,0.005510373595117149,0.005903971709054089,0.03563201655398505,0.020663900981689316,0.009918672471210869,0.0032627212076351544,0.24234791706209163,0.008855957563581133,0.015497925736266982,0.029443309832528138,0.015497925736266982,0.12849730252366626,0.01144440248806142,0.16750547297818877,0.11370705613720539,0.003023985509515509,0.005165975245422328,0.00799892941226683,0.028343649531579012,0.13614292436602526,0.005635609358642539
135,0.0461803913879873,0.04638655384954082,0.0038708837264883763,0.0020644713207938013,0.13637646831765,0.017127342959830455,0.07273411643608,0.06703400801314921,0.026316961889720304,0.02629541492321953,0.060395869546424015,0.09843715006386768,0.0012902945754961256,0.07792941046722857,0.05046280323424215,0.03582961400792119,0.06274310345410763,0.04238730393585274,0.014611764462605361,0.11039999816190714,0.0011260752658875277
136,0.11080929896260341,0.026014000087419453,0.008744481980810957,0.11576158010669735,0.0572308001923228,0.0991880111791242,0.09538466698720467,0.016239752250077493,0.008744481980810957,0.007104891609408901,0.009473188812545203,0.05450552399268838,0.0624483253352974,0.018946377625090407,0.0023199646071539273,0.08726916446719625,0.026787115243447106,0.06606641155107923,0.018946377625090407,0.09538466698720466,0.012630918416726939
137,0.05332786257362061,0.04585907596192473,0.23656072651009497,0.004210568909661251,0.053322164360309975,0.04437692691839184,0.00781962797508518,0.053322164360309975,0.027368697912798137,0.05732384495240591,0.053322164360309975,0.01824579860853209,0.01595098294327817,0.010947479165119255,0.00390981398754259,0.12152655129910056,0.08006790627089294,0.018162431701114663,0.053322164360309975,0.027368697912798137,0.013684348956399065
138,0.037812080341322364,0.021756881460702992,0.14868886034267137,0.17522477493921995,0.011209756314088389,0.07552465341275458,0.01630510009321947,0.01630510009321947,0.010705473878341823,0.02115252364235013,0.048094159018396095,0.06527064438210897,0.0074731708760589245,0.15955046404515524,0.0028928403391195834,0.039387457816789886,0.017917431791167168,0.023567509169748223,0.006405575036621936,0.05711181383434536,0.03764372917259813
139,0.06706458052654678,0.02989444217846371,0.0019116884626161285,0.0011314074574666883,0.02989444217846371,0.07834654532278534,0.04521073045508402,0.004264535801220595,0.017013097174735446,0.039233919717461783,0.12359865859750789,0.11414241559049786,0.053949243705737636,0.04938042025786159,0.06896284015772583,0.0937066937701048,0.08840528439707185,0.030467132641652676,0.007154225478606703,0.05522167791299547,0.001046018215393731
140,0.07882998500873449,0.08340507475295673,0.0040623941105981665,0.00501825154838597,0.02226595686907572,0.002152952692892349,0.2264070499669467,0.02523422228733771,0.008531027632256149,0.06511330572357678,0.14564196196704177,0.06434726683271118,0.0032811644739446726,0.010663784540320185,0.018466253468523847,0.06878723589150934,0.07882998500873449,0.07642778819210906,0.00112444022727269,0.00950969314571228,0.0019002056593598869
141,0.012927717107369235,0.009740593828585038,0.23826892288084356,0.06888391399658227,0.00839706364533193,0.03301886975396139,0.029209693637006297,0.010146451904776081,0.012816570827085575,0.004348479387761178,0.01352860253970144,0.027300838046707222,0.004058580761910432,0.014324402689095642,0.0050732259523880415,0.003865315011343269,0.0071622013445478225,0.0028369727566432304,0.011595945034029805,0.47533343754978263,0.0071622013445478225
142,0.029660052931358233,0.014502669723695993,0.009668446482463995,0.02071809960527999,0.02071809960527999,0.006592122601679996,0.01933689296492799,0.1612114160630854,0.012085558103079994,0.005088656043402103,0.026368490406719985,0.07815562827900124,0.005486593841654251,0.022311799574916916,0.006745427778463251,0.005278848685930186,0.28339003245485767,0.19395238635413897,0.04834223241231997,0.02071809960527999,0.009668446482463995
143,0.005025454809866334,0.012249546099049189,0.013999481256056219,0.010888485421377058,0.024499092198098378,0.005297101015805056,0.017817521598617006,0.37817546579545097,0.013999481256056219,0.19124929630226017,0.10199331399580105,0.010315407241304583,0.0010862791333315321,0.025584160651303065,0.0023080552228878274,0.004780310672799684,0.008166364066032793,0.1427893635154449,0.00979963687923935,0.015076364429599004,0.004899818439619676
144,0.0032950157881008004,0.005372308350164348,0.008825935146698573,0.007722693253361251,0.25304194813791986,0.0029073668718536476,0.011233008368525456,0.041571177194086824,0.008521592555433105,0.24169873567777597,0.18238427155226922,0.01300664126881895,0.018333275674195057,0.005787907957071901,0.008202236803388704,0.0030890773013445,0.006027467905062441,0.15786903136342453,0.004493203347410182,0.012356309205378002,0.004260796277716552
145,0.05500957324693911,0.3033764548438253,0.009687111977326501,0.008378042791201298,0.09332387153433208,0.0021535012334816337,0.011922599356709538,0.009687111977326501,0.009999599460466066,0.003923893459170228,0.009687111977326501,0.01823456372202636,0.005740510801378667,0.013477721011932526,0.04815421710222881,0.08195184520731337,0.007749689581861201,0.19824283328461317,0.014185142604129926,0.08105255822121823,0.014062046605192974
146,0.0026539581486131375,0.007262858157471023,0.22025317904397743,0.03201961878225811,0.010234027403709168,0.010662281889404998,0.344708590145426,0.01876238357346681,0.02251486028816017,0.0038818724634758915,0.010721362041981035,0.09405974502419477,0.00592496323372636,0.01731912329858475,0.0029240078296311916,0.002587914975650595,0.007035893840050054,0.025697166493779088,0.004169418571881513,0.15291581409158087,0.0036909607029770777
147,0.006492471497879769,0.012537186340733348,0.013983784764664118,0.010387954396607633,0.01913570546743511,0.004602258276978064,0.015149100161719463,0.35562445246542956,0.03464192181289026,0.10544906314880732,0.11500374085625907,0.022723650242579198,0.006492471497879769,0.014543136155250684,0.006048867326414468,0.007735710720878025,0.02398656440784751,0.1945584014884867,0.008656628663839693,0.013983784764664118,0.008263145542756072
148,0.035667064580730004,0.22254627195500745,0.16791861681270548,0.01120649575250121,0.006723897451500727,0.3953108455327465,0.011526681345429815,0.010344457617693424,0.011865701385001282,0.002841083430211574,0.007910467590000853,0.0087703010236966,0.005526491056027994,0.0087703010236966,0.007186419668663061,0.03005065386676992,0.005682166860423148,0.02915724149629711,0.006403711858572119,0.010344457617693424,0.0042466720746320375
149,0.008145928485738804,0.011255852648313748,0.18574544416306324,0.5199797531639867,0.011500545097190134,0.016843429158949336,0.018893752659669503,0.009981605178693323,0.024949735462636555,0.0026451253723537307,0.009121121973633555,0.016532033577210815,0.005813462356821387,0.033183019487627925,0.0032257626492118666,0.0035268338298049744,0.005136165771560643,0.035181934628957634,0.005944101960345464,0.011756112766016581,0.06063827960821415
150,0.05685522908603962,0.1472998088451224,0.03418006614085713,0.17894505353134918,0.0010704120048317348,0.029787822508265786,0.04150436602818365,0.0015538238779815507,0.1353832891871705,0.009147856241667212,0.04765316099532197,0.04866029120545669,0.0035934789638639164,0.1291246943099047,0.027757697025218367,0.04700713580294756,0.032879162350891854,0.01535092990083505,0.000642247202899041,0.002007022509059503,0.009596452282132776
151,0.285493135142364,0.09376258260664427,0.005410022914989169,0.004303427318741384,0.004855148769862075,0.18151213002438413,0.004618312244502949,0.006108090387890998,0.005410022914989169,0.03082781812838435,0.005917212563269405,0.006311693400820696,0.02788463011275012,0.007574032080984836,0.0015270225969727493,0.18509281038217407,0.015263900051501841,0.08023730149109827,0.003264669000424498,0.004207795600547132,0.04041824226670376
152,0.15976418386434832,0.10929324601109605,0.004242172131405459,0.003342317436864908,0.0018428769113420873,0.13977462986905195,0.04423247780666201,0.002690157936988828,0.007333279215315017,0.001808138941254786,0.0034467648567669358,0.1733913130021151,0.023620849446474704,0.016888764253452766,0.0010920443110548708,0.10768781460230513,0.11477912459318167,0.0047634976099482145,0.002690157936988828,0.0747511549513697,0.002565034312012603
153,0.041409312953656754,0.016150339681934033,0.0034406319499638554,0.0038229243888487276,0.02775851875238232,0.06898546638540981,0.02721423407096306,0.11434436956637312,0.005983707739067574,0.11006401924667725,0.1526718531381028,0.04561924943826271,0.003932150799958691,0.04698707601314716,0.009670226828295617,0.13438146846869775,0.06996879486976053,0.08774244433224297,0.009131091694862606,0.017793922277168153,0.0029281974042245575
154,0.08588424662308396,0.11420127529101955,0.002909530411223335,0.004380601995998074,0.021341394339477793,0.0510128167921066,0.1414748220071192,0.014268246501250867,0.006935953160330284,0.011990142452784009,0.034271768556926104,0.05548762528264227,0.09659951461885205,0.004711213467394154,0.009834673026615262,0.11152053617944592,0.07680459579778992,0.04923549849023188,0.010625289947740008,0.09471163625830317,0.0017986187996653345
155,0.06119574658464756,0.03598010131439784,0.09168333393860495,0.09305742182205926,0.02680870294013958,0.03223463081823295,0.029424186153811725,0.09504903769685849,0.024920628600008217,0.0450987526095806,0.025851249263706022,0.04978759117454492,0.02276210626992983,0.0854834060212898,0.0009924682329397283,0.051472709645068,0.08042610882041874,0.10125039792998093,0.00927993563312524,0.003285412081455651,0.03395607244920006
156,0.02861385373528208,0.05829841169737723,0.012123850852482304,0.024619687076374755,0.010776756313317601,0.009221722044917143,0.011638896818383008,0.29926518004653646,0.022382493881505785,0.07703258758839687,0.030323183541292015,0.06995809403685266,0.005016765869992677,0.010776756313317601,0.00549004566904859,0.0057053415776387294,0.008082567234988201,0.2843757609576358,0.00786411947188041,0.010776756313317601,0.007657168959462506
157,0.057241217706085604,0.013178533564623769,0.2405231589215383,0.2188294230031607,0.02800438382482551,0.012527855983947282,0.008961402823944163,0.00933479460827517,0.03501202765811764,0.004766703629757533,0.022403507059860408,0.01866958921655034,0.00393043983506323,0.04347997514300404,0.003068973569843892,0.0050917061499682744,0.00772534726202083,0.006122611005562029,0.009740655243417568,0.010668336695171624,0.24071935709526213
158,0.005940794822199288,0.008469394957059975,0.25159250899585844,0.24868799538770833,0.013372728879568382,0.009024562823487556,0.013372728879568382,0.014115658261766624,0.06436192103761618,0.005646263304706651,0.0945573774502332,0.019544757593215327,0.009074351739707118,0.05687737905699363,0.004537175869853557,0.006166785485884775,0.009074351739707118,0.0330802735724426,0.007940057772243726,0.019544757593215327,0.10501817477696383
159,0.08094030831920318,0.05934811795986562,0.013188470657747916,0.011803577574828288,0.094956988735785,0.023211708357636328,0.00791308239464875,0.009379575140453447,0.0729221741345096,0.02290629114240427,0.02915346145396907,0.03331824166167894,0.01777507169807554,0.09351824648221249,0.0027438673278955593,0.2391152729941706,0.09226613311109941,0.055391576762541236,0.013761882425476086,0.02260880684185357,0.0037771448239450516
160,0.004340083879566667,0.016275314548374997,0.014795740498522725,0.013562762123645834,0.01251947272951923,0.012361888212810193,0.008797467323445947,0.023250449354821432,0.021700419397833334,0.11885713478766072,0.017131910050921052,0.0406882863709375,0.14552015415674383,0.12653342189092112,0.3182077846480785,0.006027894277175926,0.008797467323445947,0.004018596184783951,0.01140346627738001,0.046500898709642864,0.02870938725376838
161,0.07097516457473456,0.06252362014874621,0.02200281533349215,0.2357528626810111,0.01613539791122758,0.005347414881142766,0.008964109950681986,0.004422938428899205,0.13993411688475907,0.0037235533641294402,0.010523085594278855,0.015126935541775856,0.009622631728681882,0.017287926333458114,0.018143014775305815,0.07640951997767556,0.23660827956177752,0.005762642111152706,0.013446164926022982,0.020169247389034473,0.007118557902012167
162,0.05944400584377344,0.007674531108166718,0.05506392120265331,0.040930832576889155,0.04008338924701932,0.0031485255828376272,0.13950998613417437,0.1404129990667659,0.02046541628844458,0.11976329835835932,0.11615045878684681,0.06882990150331665,0.0008097061669639351,0.012279249773066743,0.01497753271151364,0.00878679593659361,0.009991437314997572,0.10330535685678349,0.010232708144222287,0.007674531108166718,0.02046541628844458
163,0.061427857710386786,0.016004192813434102,0.006270785739653312,0.00281545482188516,0.007664293681798493,0.021870663987094138,0.030081955010436322,0.07542847759289929,0.12797476513290842,0.02856132871320547,0.015470719719652963,0.05525257042733202,0.002090261913217771,0.16380762056103138,0.13477796465740483,0.1289621652375565,0.057617159489105486,0.0031353928698266554,0.00418052382643554,0.05460254018701047,0.0020033059077248848
164,0.20068865534908992,0.0988942686492128,0.0030446115010387825,0.004691182607705943,0.0032729573636166914,0.015692018858192058,0.0030446115010387825,0.11503595611939789,0.0029092954343259477,0.05477528642214479,0.0808128451351231,0.11024279128108964,0.0011585689782713953,0.010207665859360152,0.0006818661174201441,0.07441388411473553,0.08562546895618614,0.12865683941332703,0.0017691661424955088,0.00278549562860995,0.0015965645676178984
165,0.00217043705305425,0.11789941374891846,0.005836064075990318,0.007724202453516597,0.10267323312574482,0.0023448471733889665,0.004721422060188933,0.19855721894613795,0.004774961516719352,0.2589674541458866,0.1259546531976023,0.005050440065760853,0.051748450267416174,0.004377048056992739,0.0015012747738666996,0.0016621701482250905,0.0025747341511721993,0.08826138581048112,0.005050440065760853,0.004451235312196006,0.0036989138509797787
166,0.09245882427523067,0.057858824742659014,0.05078452054930191,0.07229990387605367,0.004549077967129304,0.1351376257833663,0.027757998809556313,0.0033057286329219943,0.024288248958361784,0.0010423468662366646,0.0658133197581416,0.036760593018061075,0.02473624281932916,0.0824328449495915,0.0057905759106028085,0.11374591803208278,0.07451639101773637,0.007816907710737125,0.003044750056638679,0.11422977172890554,0.0016295845373559125
167,0.0990060404064754,0.07758194470632358,0.003418326907605623,0.002036450072616116,0.0754828661157845,0.0047971778176617965,0.005022045527864696,0.16879266563002795,0.007971243436039416,0.08492134481517734,0.09388029331628116,0.0038285261365182976,0.002175298941203578,0.0020807207263686396,0.014578569525342257,0.07767430416430728,0.1429443366208119,0.10995976416571127,0.0020807207263686396,0.02008818211145878,0.0016791781300518843
168,0.16799897363098523,0.03619465796146869,0.011079220781642323,0.005926219145668228,0.009169010302048817,0.005635479243487016,0.006997402598931992,0.15053049609556549,0.007820626434100463,0.16738178066331522,0.09921534297321737,0.006817982019472197,0.0024394614565084014,0.006817982019472197,0.0028902315082545184,0.0033237662344926962,0.025078695591279808,0.2615394101517699,0.007386147187761548,0.00984819625034873,0.005908917750209238
169,0.07983509918328147,0.07239971593129808,0.09625871322683949,0.1528079718732862,0.010307053101797768,0.08038126236802719,0.01783453412970393,0.004339811832335901,0.004850377930257773,0.004799223593930745,0.004122821240719107,0.02392228376051633,0.0017178421836329615,0.027643527901041087,0.00720661831945235,0.14851044244708247,0.05155737346622743,0.136880341837092,0.06852941663478013,0.003435684367265922,0.0026598846714316823
170,0.12599061648799534,0.03343146262241917,0.1271314717015641,0.0807195000249265,0.021730450704572458,0.07517299285359125,0.02803929123170639,0.007616760020503553,0.007616760020503553,0.002642549394868579,0.00392378546510789,0.029448152897453953,0.029190157662858523,0.05820656438724768,0.0013774991526442596,0.06790765845178895,0.07721005946662814,0.01692134889700215,0.0060362363068256816,0.1965285134608028,0.0031581687889892774
171,0.003238226689169001,0.19479966099139373,0.004612019830028577,0.005636913125590483,0.23928798067819437,0.0014373886203574884,0.008455369688385728,0.015219665439094306,0.004612019830028577,0.026709920133687344,0.004005175115551133,0.004476372187968913,0.0038049163597735766,0.004351043480407459,0.0015932885241097274,0.0046614541690557345,0.002378072724858485,0.0016020700462204532,0.14994224951845214,0.29942987956522715,0.01974631328244556
172,0.001608816195267842,0.006284342126138161,0.013711291911574169,0.00837912283485088,0.13272227107345863,0.002514283110826846,0.021699673828381023,0.3654086687304059,0.007938116369858729,0.2960251082607895,0.07603766191484634,0.008872012413371521,0.013433900527826904,0.005112685119570029,0.007623364724189487,0.0039690581849293645,0.004371716261661329,0.0029011928907197566,0.005586081889900589,0.010773157930522562,0.0050274737009105295
173,0.10490050094819434,0.003238211083082472,0.09955372510278869,0.19401371422463426,0.0037986706936159764,0.06048403656774438,0.03834869536253185,0.003873154432706485,0.033273012369715714,0.012126768679418826,0.07165797883447457,0.09033248240951945,0.0014741110154330652,0.09589144691460325,0.018561468988257418,0.05186554013943699,0.07828182561749322,0.019195652512022876,0.0034057047597936345,0.01472812213198687,0.0009951772125454856
174,0.009511858863692598,0.01347513339023118,0.011550114334483871,0.04386202689069157,0.012438584667905707,0.003943941480067663,0.009800097011077221,0.019147730979875408,0.3158575092318111,0.005775057167241936,0.021560213424369888,0.07893004627997449,0.005775057167241936,0.027499188823160176,0.2635495187745257,0.0051333841486594966,0.0068889883188505835,0.0066000653339907825,0.011151834529846492,0.015400152445978494,0.11214949673632355
175,0.016161976023527175,0.08450404606587067,0.006596545903808707,0.009713108743203523,0.08048004387225777,0.01791893138425099,0.16004554179142172,0.07196420122514566,0.04098117633429411,0.011736673064704259,0.008679665662906193,0.1017178332274369,0.0037480374453458557,0.03080876679484867,0.16140902821981082,0.10609122080564974,0.02459971727728402,0.0060360032904193325,0.019426217486407046,0.01760500959705639,0.01977625578435053
176,0.005812894219211343,0.01468520644853392,0.013950946126107222,0.018601261501476302,0.01743868265763403,0.005167017083743417,0.006643307679098678,0.019929923037296033,0.007750525625615123,0.06675533942169846,0.011625788438422687,0.007154331346721652,0.27314166628903314,0.3819848753977637,0.01326549919588381,0.01884024558052052,0.07078506607780745,0.007750525625615123,0.012682678296461112,0.01641287779542026,0.009621342155936016
177,0.14971479636540802,0.028172779897076856,0.05282396230701911,0.02787818324964215,0.04409652505629422,0.0957046182983797,0.036976773614913375,0.013002821490958546,0.002448560288191347,0.05331156811293005,0.0729931115515173,0.03873757235848068,0.016491383354386456,0.008743276519782472,0.018837510760406607,0.07117333868735205,0.06703178665166562,0.07891766950542436,0.08795092869623189,0.033072393792220656,0.0019204394417187036
178,0.08992743720068729,0.003685798191218122,0.11868884826198739,0.08012652118758715,0.005420291457673709,0.08791739637823204,0.214884761366711,0.0070880734446502345,0.007678746231704421,0.0016165781540430362,0.013354420197931193,0.07396294263469583,0.001645445621079519,0.01849073565867396,0.0013961356784917129,0.14864020711995143,0.06838778644907811,0.034691531589799346,0.005119164154469614,0.011518119347556631,0.005759059673778316
179,0.00914395991095816,0.01214438998751787,0.01973170296575182,0.02883864279609881,0.3670190368471397,0.006694684934808654,0.02499349042328564,0.017874552946197726,0.01973170296575182,0.0748139937438561,0.034082032395389504,0.020827908686071366,0.014996094253971384,0.01874511781746423,0.009865851482875911,0.001849090437572662,0.00914395991095816,0.005955731209662104,0.2674299012508384,0.018265661874340124,0.01785249315948974
180,0.13820071938656125,0.3239076547782463,0.009734503340732528,0.011032437119496861,0.08260452062759707,0.0034533672114599135,0.013238924543396233,0.010676552051125996,0.008945219286078537,0.004533878268286382,0.008945219286078537,0.019469006681465048,0.009734503340732528,0.01576062445642409,0.0014957013806081536,0.014755254044492504,0.0059102341711590334,0.2216969873492753,0.006371373926752335,0.0816530065218191,0.007880312228212045
181,0.007067881798731803,0.01262121749773536,0.011043565310518443,0.02524243499547072,0.01963300499647723,0.008031683862195231,0.015364960432025659,0.3450089775353546,0.04497200007619007,0.03764507109274496,0.04541007270587567,0.01009697399818829,0.00841414499849024,0.02524243499547072,0.005992527544612143,0.005699904676396616,0.008865318829539958,0.3105966404385014,0.02208713062103689,0.014135763597463607,0.016828289996980484
182,0.008784169829561268,0.012649204554568227,0.015811505693210288,0.06520479184664675,0.013749135385400247,0.006453675793147055,0.010904486684972613,0.021082007590947048,0.309360818548683,0.004002912833724123,0.015033000411452701,0.34250639844904285,0.0032268378965735274,0.03231535536083462,0.0019063654012664466,0.005966605921966146,0.03616585494700245,0.007712929606444041,0.045175730552029385,0.013749135385400247,0.028239077307127103
183,0.01526199792029029,0.024893925256601137,0.01778137518328653,0.0179595970907017,0.02263084114236467,0.005080392909510437,0.03111740657075142,0.21142403357687078,0.011315420571182335,0.11397343145015819,0.1031591389041996,0.02263084114236467,0.007112550073314612,0.01037246885691714,0.005789284943395614,0.007779351642687856,0.0681143245669993,0.24332126978290877,0.024893925256601137,0.02074493771383428,0.01464348544505949
184,0.03058380361247401,0.010494946917162008,0.01259393630059441,0.10843348553513509,0.017991337572277725,0.17743661269385747,0.05421674276756756,0.048192660237837824,0.008995668786138864,0.12296808803400475,0.1538943363218318,0.046471493800772194,0.004443543224958907,0.038835930625592104,0.004151935401787835,0.07669685562241263,0.007393192195577395,0.01614204183948997,0.009687643308149547,0.04197978766864803,0.008395957533729608
185,0.12184339946526078,0.08490049806422366,0.02175847551498857,0.029011300686651427,0.14837678062829526,0.045997074109521634,0.0062167072899967325,0.012433414579993465,0.007912172914541297,0.003784082698258881,0.010879237757494284,0.09641521175077158,0.0023522676232420074,0.012433414579993465,0.003039362636116249,0.07238006468160794,0.004144471526664489,0.017406780411990855,0.010924326903866242,0.024776080602701967,0.26301487557381903
186,0.029506540273731573,0.01444874110494463,0.028897482209889268,0.00963249406996309,0.023117985767911416,0.004128211744269895,0.010508175349050642,0.028897482209889268,0.01444874110494463,0.013983140842910023,0.023117985767911416,0.012843325426617452,0.11264933350077876,0.43080321438825636,0.06077705834115605,0.03056183604892635,0.09108110733599062,0.010508175349050642,0.019264988139926182,0.019264988139926182,0.011558992883955708
187,0.030477405207219053,0.05211311309956034,0.008312019601968831,0.02285805390541429,0.039789104883731836,0.030477405207219053,0.0023007674582208944,0.09143221562165718,0.09143221562165718,0.014066494711024178,0.06095481041443811,0.01666074302691446,0.02285805390541429,0.09143221562165718,0.01828644312433143,0.03785679565116137,0.020318270138146032,0.009143221562165715,0.06095481041443811,0.17878328895978862,0.0994925518638719
188,0.0015300626634508182,0.017951277740911646,0.012239507550621575,0.019233511865262475,0.015839362712569097,0.007693404746104989,0.053853833222734925,0.05161916027505592,0.010770766644546985,0.005385383322273491,0.02447901510124315,0.22879148171583027,0.03253467791830527,0.015839362712569097,0.007479699058713183,0.1606498364684538,0.26297032072842735,0.006411170621754157,0.03365864576420933,0.02071301277797497,0.010356506388987486
189,0.14657463542507612,0.07893664361774108,0.007970867187320648,0.005211720853248117,0.011292061848704254,0.1407623506016617,0.005211720853248117,0.25304630155768976,0.006775237109222552,0.002419727539008054,0.007528041232469502,0.06402537626151099,0.021375467666156934,0.006452606770688145,0.043680745493245625,0.13223847259864005,0.04647096986234097,0.0023772761786745793,0.004839455078016108,0.007970867187320648,0.004839455078016108
190,0.055325676881953764,0.05049547993644622,0.020739214973897555,0.05253934460054047,0.07604378823762438,0.05487915346939046,0.14221175982101183,0.07469409218515656,0.041478429947795104,0.03525666545562584,0.0060857982264670984,0.10152239213579915,0.030553087541643945,0.02903490096345657,0.0055304573263726805,0.04715652259154737,0.09501701026632539,0.06957672120275309,0.004636798648736838,0.003477598986552628,0.00374510660090283
191,0.15987210350729883,0.04599828943017018,0.013590904323916566,0.01721514547696099,0.014345954564134155,0.03297990562917862,0.025822718215441482,0.076942015880851,0.010351586996105451,0.16010512665580023,0.25230349051901774,0.013590904323916566,0.008069599442325463,0.011737599188837038,0.004321397835085993,0.032541343054322526,0.08729763744109567,0.001864816413447084,0.011737599188837038,0.014345954564134155,0.004965907349123362
192,0.008523522185679368,0.024795700903794526,0.05455054198834795,0.012397850451897265,0.02272939249514498,0.0048705841061024956,0.061872491217796706,0.32311651956866544,0.01298822428293999,0.03721166198762457,0.26664649013120256,0.02272939249514498,0.005929406737863908,0.027842621048008515,0.007532602022493143,0.005050976110032219,0.0026424572181288153,0.055677001792165434,0.011364696247572493,0.02272939249514498,0.00879847451424967
193,0.04785128370513589,0.016971154907266094,0.017739906727566878,0.4145024895260527,0.02651742954260327,0.0013926112677804556,0.02495758074597955,0.028285258178776824,0.03070341240036363,0.010878945453375699,0.02651742954260327,0.02495758074597955,0.011466996558963575,0.12852585659826088,0.00865875250370719,0.011466996558963575,0.00865875250370719,0.05891436136567682,0.02121394363408262,0.028285258178776824,0.05153399935437742
194,0.07440322391445855,0.07333142674863075,0.0036020089870280564,0.034374106288420664,0.0712944426722799,0.006707142690423546,0.07173726529757357,0.011491325503045994,0.010784033345386879,0.03819345143157853,0.010576648088744823,0.07834779331613953,0.002871707322549299,0.36665713374315384,0.004020363308587213,0.022122774395783192,0.05266241664248643,0.023764814224093298,0.015277380572631411,0.025207677944841824,0.0025728635621628973
195,0.008098118760723728,0.03933751188861185,0.009376769091364315,0.008098118760723728,0.11309534667975908,0.0036358900558351435,0.01187724084906147,0.2802522568552416,0.018516943225918264,0.10105980167000829,0.17399035896247972,0.013704508671994,0.0049488503537756115,0.019795401415102446,0.0025129914074828656,0.0048150976415114064,0.021172546470412106,0.1269393070472029,0.009376769091364315,0.022269826591990255,0.007126344509436881
196,0.054015646029912996,0.073412236100901,0.23412178982301218,0.10786322009841605,0.038040885979557786,0.004883462153202554,0.04226765108839753,0.006114129169200752,0.002864505987349541,0.02194118517172996,0.013284118913496373,0.027349656586610174,0.0016931434622402082,0.08165550219379115,0.0012649922419036039,0.09982624654112714,0.002292798438450282,0.005845997876663068,0.03616232370896234,0.10693715725364579,0.03816335118142933
197,0.031679316396583175,0.021322616805392523,0.007256452403555123,0.008127226691981737,0.009235484877251973,0.05206873031073168,0.01023485606658841,0.03851827551941874,0.26036037362374026,0.09811057396527222,0.05248644136712004,0.01847096975450395,0.004889792717947081,0.06383881541534034,0.19922158979066437,0.01364647475545121,0.0036282262017775617,0.017058093444314016,0.008127226691981737,0.015629282099964878,0.06608918110041892
198,0.007341481960536842,0.025974163754545063,0.018761565010260817,0.01535037137203158,0.07619088034666552,0.0032787200988805315,0.014682963921073685,0.019865186481452628,0.012988775776334413,0.33041394325723744,0.2930505442634825,0.021106760636543424,0.0015280641828893302,0.04531599387658552,0.005677572813568315,0.004020335359341605,0.007341481960536842,0.00942197906847048,0.02955680703103404,0.049689704573912294,0.008442704254617368
199,0.05300253561041334,0.15991105914278117,0.0027620368681250886,0.00763236490779298,0.004640221938450149,0.0015891171022089552,0.0014925792680411229,0.08990555102916364,0.1318616426478452,0.07285870931666277,0.061891502520076414,0.003515319650341022,0.0012616241848926815,0.1135389894480918,0.022513313852246173,0.030764781954423948,0.11854972872697982,0.08686526669484407,0.003866851615375124,0.004000191326250128,0.027576612194994365
200,0.0031239599371490788,0.15594967803522714,0.00959907689778535,0.009961306214682912,0.008249206709034286,0.0031628764995251,0.14598806708220086,0.009961306214682912,0.009427664810324898,0.03160205001915249,0.011732205097293206,0.009961306214682912,0.002038414013043221,0.008122295836587605,0.5195434614752286,0.032595996508237815,0.0031239599371490788,0.004061147918293802,0.0075421318482599186,0.008515310151261198,0.005738578580197763
201,0.05905164979631072,0.016976775776717145,0.005425862639325956,0.0042527031497419645,0.021187016169342994,0.005976238811927192,0.024076154737889766,0.011350187233576605,0.20922083817373238,0.020569918611012622,0.08876132633668464,0.063561048508029,0.001873214482624437,0.1564950057962835,0.1538254804305022,0.09037357658723695,0.032690134093258584,0.007882074467761532,0.016044047072350263,0.007492857930497747,0.0029138891951935686
