site,A,C,D,E,F,G,H,I,K,L,M,N,P,Q,R,S,T,V,W,Y,*
111,0.01295957292550514,0.27974264980558294,0.031049478312532356,0.4384750099977316,0.008744931784769277,0.0015429523934862408,0.010889095175179334,0.007534095076108915,0.08821315271515452,0.003200759346059343,0.009068818147168138,0.013245208179136271,0.006897410985170134,0.008591511928896133,0.003825907655836559,0.0459555607563173,0.00652954906596106,0.0034738275555590403,0.007309196715628052,0.007534095076108915,0.005217216402109049
112,0.0632557641394108,0.07406689845905316,0.10204165786250394,0.1142248563782669,0.0019957193971742956,0.02077937757191531,0.01999739138861565,0.03193151035478872,0.04942098782437601,0.05256360535803774,0.06528219894756805,0.07614437084603465,0.028738359319309854,0.05716357011099738,0.03757879658702232,0.086498015391453,0.06695108248838524,0.04245455001783902,0.001637513351527627,0.006386302070957745,0.000887472134762669
113,0.004277716705758506,0.01264161056328633,0.012455704525590939,0.015980903919626116,0.01628822899500354,0.004172354225321104,0.007005931664096468,0.015980903919626116,0.01435572724983363,0.038561843226029235,0.01660760603412126,0.013885047667871873,0.7610535506725149,0.013234186058440376,0.005229991298647672,0.003316509632576908,0.004924348300815025,0.005801287039316332,0.01264161056328633,0.013885047667871873,0.007699890070365311
114,0.059438258932528215,0.06736336012353197,0.007547715420003582,0.011619313976020604,0.05943825893252822,0.0017043228367750025,0.017611335980008358,0.07380121207675341,0.04820672854753346,0.12429157362371156,0.14121531525874742,0.037738577100017906,0.0022643146260010742,0.04226720635202007,0.020898695347769218,0.07359022534503493,0.08687446900376741,0.06384531945275394,0.02580265504047736,0.03170040476401504,0.0027807372600013197
115,0.07774606680570259,0.10166793351514948,0.005648218528619417,0.003505790810867225,0.040667173406059805,0.06766611341953462,0.03388931117171651,0.043571971506492654,0.011296437057238833,0.09051983798717514,0.054764942047474896,0.10948854378554565,0.046315025831457524,0.07339634788284084,0.0422683124351939,0.032973383842751204,0.03146864608802247,0.07354701573436347,0.013863809115702206,0.043571971506492634,0.0021631475215989258
116,0.0030365604243465637,0.10035050678823404,0.011893393397124035,0.005419656799182716,0.022300112619607564,0.0027131568615349293,0.05097168598767444,0.08109131861675477,0.007433370873202522,0.002446617000994363,0.08071015736573255,0.012742921496918608,0.004694760551496331,0.08450568992693393,0.013547552647820881,0.004351241486752696,0.1797476626027858,0.15901972725224053,0.15136094075590106,0.012742921496918608,0.008920045047843026
117,0.010459877451690856,0.06418561163537571,0.00911021584502107,0.17408174164584908,0.015689816177536287,0.0026643084075061623,0.009375882534256271,0.018827779413043543,0.06387672364801214,0.03499533608996853,0.01486403637871859,0.12708751103804392,0.0041531866352301945,0.2518033666478236,0.08526652414716666,0.05010618714761589,0.023534724266304433,0.005431090215301024,0.007632883545828466,0.01412083455978266,0.012732362569924886
118,0.015393932733345956,0.02793406938867434,0.015393932733345956,0.02592662355089845,0.04105048728892255,0.002034322602232796,0.01368349576297418,0.012639908938209099,0.02141764554204655,0.00821009745778451,0.016986408533347264,0.07349561987733935,0.011455949941094664,0.04105048728892255,0.0036860821557281554,0.4396652001855714,0.1791208828171688,0.004736594687183371,0.012014776767489525,0.02463029237335353,0.009473189374366742
119,0.012726162696632662,0.057761560222626046,0.016110288060441458,0.021063993428909234,0.023519443556844592,0.008726511563405254,0.00652839904917992,0.02908837187801751,0.017453023126810508,0.006048077321171959,0.030542790471918383,0.031688260112228174,0.011977564890948386,0.02908837187801751,0.007732352018207186,0.008490623823021647,0.04363255781702626,0.008983173668211292,0.017453023126810508,0.5450906033535455,0.06629484793602589
120,0.01014511797381651,0.030435353921449533,0.023671941938905185,0.04401823372728094,0.03994640202190251,0.5706687814991696,0.035507912908357794,0.029051928743201824,0.03363907538686527,0.007608838480362383,0.030435353921449533,0.02663093468126834,0.012291200622123846,0.01775395645417889,0.008746916890547884,0.008521899098005868,0.01121302512895509,0.008762037387393607,0.009406831111986522,0.025565697294017607,0.015978560808761005
121,0.009453442786776177,0.013005147837666502,0.025209180764736463,0.014180164180164266,0.05120227609346956,0.00394765217429314,0.13612957612957696,0.02268826268826282,0.04125138670593239,0.005817503253400722,0.025209180764736463,0.013750462235310802,0.009075305075305129,0.02160786922691697,0.024842086632842417,0.0053418334280585155,0.014180164180164266,0.005743863971712105,0.4052922172815354,0.13810246853725194,0.013969956051886908
122,0.016754940068267367,0.023843568558688175,0.02495956284424597,0.016314020592786645,0.026953599240256195,0.005391954147713138,0.016336655661346785,0.03116070168646422,0.020664426084196417,0.010507335297049026,0.03444071014032736,0.5527821315011453,0.016754940068267367,0.041328852168392834,0.007125664166964281,0.0021175471927701375,0.012922353469172651,0.009998915847191816,0.016754940068267367,0.10048852554596911,0.01239865565051785
123,0.039600738156499296,0.2536922288150736,0.01764815504800512,0.015033613559411768,0.012300229275882358,0.007248349394716388,0.015033613559411768,0.3622203558556941,0.009020168135647062,0.04997993000822408,0.012496613619311698,0.01353025220347059,0.00882407752400256,0.01309379245497154,0.004021063132601925,0.005138070457014149,0.0031987569255492766,0.12506520213917438,0.015033613559411768,0.0119384578265917,0.00588271834933504
124,0.03808849148523402,0.23517938255819826,0.005911967517934802,0.0043794646879305,0.009332190958821266,0.0012678906864629343,0.008501313805982737,0.2225131505735283,0.007411401779574694,0.024417238106632128,0.04216606877046127,0.005898870804151287,0.0036130583675426627,0.005558551334681019,0.0018769134376845002,0.0023310053984146213,0.10847651735138894,0.2582615422523064,0.004983528782817466,0.006882015938176501,0.002949435402075643
125,0.017781028707625306,0.015412826734120323,0.008520076255737126,0.005680050837158084,0.01002361912439662,0.04171585818373362,0.01938904544688403,0.009210893249445544,0.36452981525163214,0.003309636165788623,0.008312269517792318,0.007100063546447605,0.005167916300293347,0.0757340111621078,0.3048131380901397,0.06439795939009585,0.02086549287119296,0.002487613505324708,0.0033742876260345056,0.009210893249445544,0.0029635047846042176
126,0.004370320581208668,0.15296122034230336,0.01092580145302167,0.009640413046783826,0.009737126759152996,0.0027314503632554173,0.0076469986847311254,0.02587689817820922,0.013657251816277086,0.29281420924431173,0.360551447949715,0.008404462656170515,0.0009595457692115315,0.011706215842523215,0.0023421593099078038,0.005121469431103906,0.011706215842523215,0.03471667009538842,0.009364972674018575,0.018209669088369452,0.006555480871813002
127,0.06133672424515266,0.02428136608994223,0.00801559464567336,0.011386164511763067,0.010124961657692666,0.029109031579428346,0.026232855204021903,0.05343729763782241,0.1714672724806926,0.01729685020212961,0.029724491407960484,0.0904175980477187,0.0039260055407379715,0.10786563023168469,0.15234193882240377,0.06847219832914192,0.04391016107475305,0.04439406265296014,0.03345639504281054,0.010687459527564483,0.002115941067945545
128,0.08063285329126126,0.05527098549664699,0.054339531565849954,0.025875967412309513,0.00493995741507727,0.1007159627052197,0.004067199900904909,0.004179963966603844,0.02507978379962306,0.005573285288805126,0.02362588328949999,0.09747004452624572,0.055230343558732756,0.10350386964923805,0.05618004164431952,0.09657030737652673,0.15711391361632596,0.039519659320618176,0.003293304943384847,0.004347162525267997,0.002469978707538635
129,0.06908979771381069,0.0899495952728597,0.06439248804453925,0.03860618431098703,0.003940099792935095,0.0912198594950798,0.0731732818687946,0.008536882884692704,0.12172902316669505,0.011382510512923605,0.010783431012243416,0.08195407569304995,0.07359819702864595,0.0731732818687946,0.07765025516495286,0.07051243525538388,0.011250416654389852,0.002887858353719212,0.002134220721173176,0.022409317572318347,0.0016267876120114812
130,0.060049837738934034,0.058755242042996876,0.008976495312124522,0.035929607624243395,0.044066431532247645,0.0007864226057826778,0.07493422173599601,0.17234870999279084,0.03342970667963615,0.06198848957801259,0.07461172421834118,0.006732371484093391,0.001889788486763057,0.03379386470446879,0.03525314522579812,0.03808011179940554,0.09943194807276391,0.09591951129926571,0.03161233481190337,0.029377621021498435,0.0020324140329338537
131,0.008178947896614967,0.013626605083558969,0.5480078634586928,0.036581770380656034,0.02919986803619779,0.0021633676367679767,0.018049743022532625,0.03406651270889742,0.021899901027148345,0.009152197444181396,0.030659861438007686,0.12411561164081283,0.008286449037299371,0.01978055576645657,0.006454707671159511,0.00567775211814957,0.013046749548088373,0.0074830104774489,0.03607042522118551,0.01806429686675645,0.009433803519386979
132,0.1122354423031864,0.22408706809490234,0.00422376895218495,0.007387485761370406,0.009014818347256216,0.000884178549243689,0.012928100082398211,0.21036793356716094,0.009849981015160542,0.09128389708474716,0.02585620016479642,0.009849981015160542,0.0037609018421522066,0.01591150779372088,0.0024624952537901355,0.003336283892231797,0.04810455844613288,0.1843811969231569,0.006672567784463594,0.0114916445176873,0.005909988609096325
133,0.02124233848732187,0.030987606152336988,0.008616152600724946,0.02257331207675307,0.14335610884627184,0.0059685101802648185,0.07658802311755505,0.0065961971604071275,0.004123970475560657,0.0967825728810623,0.10157990434538881,0.10554786935888055,0.002978423121238252,0.0603130682050746,0.0018276687334871093,0.022853824425668648,0.0804174242734328,0.016668680954464502,0.06140966944516686,0.12635197818800187,0.0032166969709373125
134,0.045183609421286464,0.02420550504711775,0.00580932121130826,0.016943853532982424,0.07319744726248407,0.018727417062770046,0.18126273755067215,0.007261651514135323,0.025415780299473636,0.019917118216478288,0.025415780299473636,0.06897077689939332,0.0024570262075542574,0.0880859990580123,0.1410887000662602,0.060856329366441475,0.04235963383245606,0.032794555225127274,0.020993049093918588,0.09443265786911383,0.004621050963540662
135,0.07206891114423006,0.11072375861564585,0.0064008572397835925,0.0043422493992832266,0.0768102868774031,0.0011254254487531588,0.047793067390384164,0.06756546447457201,0.04870072525857288,0.06826337149140771,0.09120047979647063,0.010780391140688152,0.0021336190799278636,0.15827574265646702,0.038712812775314305,0.06404737131478115,0.05149461470069708,0.0360932115763602,0.003200428619891796,0.038405143438701564,0.0018620675606643173
136,0.10538035533739053,0.06456733389305482,0.009105649651584651,0.003595971468485103,0.0236746890941201,0.0900136076975262,0.35512033641180146,0.016910492210085785,0.009105649651584651,0.007398340341912531,0.009864453789216708,0.016910492210085785,0.06466910102029129,0.019728907578433416,0.002415784601440826,0.06425598802688255,0.0194337092546001,0.006051994817047459,0.019728907578433416,0.07891563031373368,0.013152605052288942
137,0.07367714668240562,0.05531276405059521,0.013828191012648802,0.006382242005837909,0.07365800677335721,0.005545978587967986,0.011852735153698975,0.07365800677335721,0.04148457303794639,0.04148457303794641,0.07365800677335721,0.0276563820252976,0.03968089594934004,0.01659382921517856,0.03555820546109691,0.12030526181004458,0.13724957295045728,0.016528762369189414,0.07365800677335721,0.04148457303794639,0.0207422865189732
138,0.04827309742916516,0.036274413371169704,0.025785798979924456,0.22639250464635138,0.01587005584988675,0.1024875138947604,0.023083717599835272,0.09233487039934109,0.039161118246040745,0.028213432622020886,0.01336425755779937,0.03627441337116971,0.010580037233257834,0.13300618236095563,0.004095498283841741,0.021889732206740346,0.014936523152834589,0.06641496779479451,0.00906860334279243,0.047610167549660236,0.004883094107657461
139,0.0568126356228614,0.036393165143264794,0.0019521238007881503,0.0011553385759766601,0.024262110095509864,0.08877646980303594,0.020443074247142562,0.034837901675603904,0.05246927874313514,0.03381868843213889,0.06893419421156274,0.09543100759885448,0.050241820061035544,0.06720484159834617,0.11266201907925195,0.09915183422246981,0.07568723475447096,0.03188468874620644,0.004354737709450486,0.04245869266714226,0.0010681432117520065
140,0.05765118438614954,0.11121547583799324,0.0059481380715868575,0.007347699970783766,0.005677768159242001,0.0007963445735557187,0.18264647598921124,0.014695399941567532,0.012491089950332405,0.13160255483385921,0.06939494416851334,0.012491089950332405,0.004804265365512462,0.015613862437915507,0.006139209805484435,0.0847809522743341,0.048042653655124626,0.2202594475775183,0.004202762410607376,0.0014164085814447774,0.002782272058931055
141,0.007356177227588037,0.021439862818244993,0.47834281546558827,0.06896710843405471,0.018482640360556028,0.009146076039612054,0.019142734659147315,0.022333190435671862,0.028210345813480253,0.009571367329573657,0.02977758724756249,0.1071061903172374,0.008933276174268747,0.03152921002683087,0.011166595217835933,0.008507882070732138,0.01576460501341544,0.014085860704413583,0.02552364621219642,0.04884822341857443,0.01576460501341544
142,0.001710995715051007,0.11832884784370118,0.013147649760411238,0.028173535200881228,0.028173535200881228,0.008964306654825843,0.026295299520822484,0.007153058234426529,0.01643456220051405,0.006919815663374336,0.03585722661930338,0.015777179712493487,0.01082842441758593,0.03034073021633363,0.009172778902612491,0.0071784493803320444,0.351311410275057,0.17717276071804425,0.0657382488020562,0.028173535200881228,0.013147649760411238
143,0.006833745774709773,0.01665725532585507,0.019036863229548655,0.014806449178537842,0.26651608521368114,0.0072031374382076,0.024228735019425563,0.07995482556410434,0.019036863229548655,0.23745794317612134,0.0072031374382076,0.01402716237966743,0.0014771509681045561,0.03305667094998377,0.0031385542650270164,0.006500392322284907,0.011104836883903383,0.19127024792792588,0.013325804260684058,0.02050123732412932,0.006662902130342029
144,0.0035063206781775946,0.005716827192680862,0.009391930387975703,0.00821793908947874,0.3430096315608517,0.0030938123630978778,0.01195336594833271,0.18408183560432376,0.009068070719424816,0.23490055779923036,0.08490514817945533,0.013840739519122089,0.000993955859899425,0.04468584576471629,0.0018661579723004602,0.0032871756357914957,0.006414001240568772,0.008602600202360516,0.004781346379333084,0.013148702543165983,0.004534035359712407
145,0.15435475008375787,0.32607424928279655,0.011415820058277928,0.009873141672024155,0.01462808948479379,0.0025378030763190075,0.014050240071726682,0.011415820058277928,0.01178407231822238,0.004624129643859415,0.011415820058277928,0.021488602462640807,0.006764930404905439,0.015882880081082334,0.0013654690868907934,0.09297489997658517,0.009132656046622344,0.25322364492907407,0.015570151981885301,0.0045055265018383,0.006917302720141839
146,0.007760964434022678,0.018068853574916874,0.500095061743884,0.013661816117620077,0.025460657310110144,0.0014306886685652635,0.09335574347040387,0.04667787173520194,0.056013446082242326,0.009657490703834882,0.02667306956297253,0.06640992281387025,0.014740380547958502,0.04308726621710948,0.007274473517174328,0.006438327135889922,0.017504201900700723,0.006764293964506553,0.01037286038560043,0.019370077968785208,0.009182532144629886
147,0.0036343919692607245,0.007018136216503467,0.007827921164561559,0.005815027150817159,0.010711892119926346,0.002576277851627855,0.008480247928275021,0.18123412634903477,0.007827921164561559,0.2523209508821413,0.318948811398322,0.012720371892412534,0.0036343919692607245,0.008141038011144021,0.002016191015274214,0.004330339367629799,0.0020076931306671243,0.143454903515945,0.004845855959014299,0.007827921164561559,0.004625589779059103
148,0.01176179076708988,0.012531866935922967,0.049600185808537756,0.021554461141487544,0.012932676684892527,0.6941449240665295,0.022170302888387193,0.019896425669065427,0.02282237062039858,0.005464511275306703,0.015214913746932388,0.016868708719425037,0.010629597275254135,0.016868708719425037,0.00558245036757951,0.004487398359797376,0.010929022550613406,0.0061584174689964435,0.012316834937992887,0.019896425669065427,0.008168006327300546
149,0.006012677505337737,0.017878512737016784,0.01869591187609476,0.7540612748320521,0.018267176057386716,0.004064253566145695,0.030010360665706743,0.01585453016301488,0.007128650133598635,0.004201450493198944,0.014487760321375668,0.0262590655824934,0.009233957127909767,0.01585453016301488,0.0051237201136572486,0.005601933990931924,0.008158156297473677,0.004526368785273969,0.009441461782469537,0.018673113303106417,0.006465134502740367
150,0.0927330402202984,0.05547370637110726,0.039624075979362336,0.055213876364685235,0.0029938190739962657,0.07447973083365182,0.09217811359409551,0.004345866397736514,0.0586099635259108,0.01941263387006158,0.029938190739962654,0.10684837039952189,0.0036765300442874902,0.05388874333193277,0.03759818447539242,0.12030774049065156,0.08831760178119534,0.055365147258835026,0.0017962914443977593,0.005613410763742999,0.0015849630391744933
151,0.2958867855870764,0.1268646511225656,0.007440182547037681,0.005918327026052701,0.006677086901187663,0.20832511131705508,0.006351375345032167,0.008400206101494155,0.007440182547037681,0.014997865341937483,0.03255079864328986,0.008680212971543963,0.0039052177306377386,0.010416255565852756,0.0021000515253735397,0.23230050519245476,0.0036734557555509694,0.00486740914292185,0.004489765330108945,0.005786808647695974,0.002927745658093127
152,0.0971425405217165,0.06601554255300515,0.0068462859106282635,0.00539404344473742,0.07168172943769878,0.10341151861196594,0.04468270630958854,0.004341547162837436,0.004684300886219338,0.0029180890766612273,0.0055626073023854646,0.13053585136264553,0.11596469152141585,0.04854639100263678,0.0017624102344191569,0.15862313260565764,0.1067173642886213,0.005183673480414803,0.004341547162837436,0.011504412387248523,0.00413961473665895
153,0.05738491723350741,0.043787181480802004,0.02905111434946312,0.00268991799532066,0.046481782959140995,0.023934995281148307,0.005696296931267281,0.11590721005061952,0.016841225709833697,0.11557970225055225,0.1898006137498258,0.023686756753077836,0.0027667727951869647,0.042366208426300386,0.014342394914974669,0.08624909140052077,0.04458715638177108,0.08934790676416769,0.010193373455951974,0.0372450183967476,0.00206036271982008
154,0.06529805590316437,0.0773353728012301,0.0027944714541620957,0.002500316564250296,0.02192585294804106,0.06129808351065243,0.12949814138496976,0.02788251080104011,0.04222756864067167,0.010478172169439654,0.0027944714541620957,0.056303424854228894,0.08465934938603473,0.0017926798007832315,0.019117085397320543,0.10422680579887199,0.05149124034692844,0.06690987988838823,0.048516780991410026,0.12122224445985921,0.0017274914443911136
155,0.0732804599668214,0.04008657915809595,0.048239453076994336,0.07033039141970951,0.013172881492828751,0.02217431241547734,0.03469929759086598,0.08981510108746873,0.04256746582421566,0.04673767030013492,0.0798080574507285,0.09785569108958499,0.05368570570662284,0.054237567287793255,0.020582627332544918,0.05479918701016761,0.07049686978873351,0.05507555565764943,0.02583911369747178,0.0034696140269703697,0.003046398619120225
156,0.03735969508154591,0.1076034284330096,0.008559363625353037,0.025474877339254312,0.007608323222536034,0.016510652616001216,0.008216989080338917,0.28531212084510127,0.01580190207757484,0.025755455729077115,0.12728291368762423,0.05869277914527796,0.0035418056380771192,0.007608323222536034,0.005980103967955358,0.004027935823695547,0.052905081520078806,0.1831919922049051,0.005552019648877647,0.007608323222536034,0.005405913868644025
157,0.025933791327355127,0.02751471750263482,0.10368997663226974,0.4164965017437651,0.05846877469309899,0.03700879587035914,0.01871000790179168,0.019489591564366332,0.03518319627165945,0.009952131862655148,0.04677501975447919,0.03897918312873266,0.008206143816575298,0.03598078442652246,0.006407536952668383,0.010630686307836179,0.016129317156716963,0.01278305445522242,0.02033696511064313,0.02227381893070438,0.02905000458994332
158,0.13612451684560578,0.05167020565573745,0.010557844008689012,0.19710533188304324,0.01165493360655732,0.014927922806092758,0.011654933606557323,0.01230242991803273,0.0030679944366321208,0.0049209719672130905,0.06151214959016364,0.05110240119798208,0.007908704947306753,0.15330720359394628,0.0039543524736533765,0.07557473255033778,0.12653927915690805,0.0371123069257874,0.00692011682889341,0.0170341337326607,0.005047534268199671
159,0.03242211448854515,0.1777130135391308,0.07898356157294702,0.08462524454244323,0.0338500978169773,0.02166406260286547,0.06093017607055913,0.021114404032325725,0.044847057809037374,0.030286929625716535,0.060573859251433056,0.042758018295129215,0.005677985108278876,0.07385475887340502,0.01812118630680727,0.05388450040883852,0.06013948606519582,0.040620117380372765,0.02943486766693678,0.025790550717696988,0.0027080078253581834
160,0.007244351180064527,0.02716631692524198,0.02469665175021998,0.02263859743770165,0.020897166865570756,0.005695481078839651,0.014684495635265934,0.038809024178917115,0.0823105745667453,0.0075659765479646705,0.028596123079202083,0.06791579231310496,0.012088363838560974,0.00616966523613799,0.4845084908437306,0.010061598861200734,0.014684495635265934,0.006707732574133821,0.011319298718850823,0.07761804835783423,0.028621754375446416
161,0.016072641935676396,0.1770786964621003,0.0232527581212859,0.22703872312469725,0.017052022622276328,0.003365530780712433,0.009473345901264627,0.0046741980930042415,0.01601292274747713,0.003935082143602229,0.011120884318875864,0.015986271208384053,0.007894576018658181,0.018270024238153208,0.004567506059538302,0.1671311836586499,0.2279356261996303,0.006090008079384402,0.014210018851896938,0.021315028277845413,0.007522951156886616
162,0.06660950902859833,0.05887804815920747,0.06803685565063974,0.052336042808184394,0.028579374607856572,0.022142171957308793,0.054002692302929034,0.056799340375103646,0.0654200535102305,0.06981116032462922,0.16682113645108784,0.03663522996572908,0.009836433837325938,0.07850406421227663,0.026639087370739445,0.04175748096397692,0.027856280849517513,0.030083005518520705,0.006542005351023052,0.019626016053069153,0.0130840107020461
163,0.06318998380280129,0.014716621494492207,0.014549387159327526,0.0021774593027565,0.007544120612378664,0.0432412814460385,0.10274382043376966,0.017580506073846563,0.13189309010835962,0.028800321993410143,0.07468685408454795,0.10669550583506851,0.0016165985732586134,0.0753144747071072,0.09494322070683293,0.09649819073906245,0.055503204040515626,0.019399182879103364,0.009699591439551684,0.0376572373535536,0.0015493472142173595
164,0.11409618305042522,0.13126738613987032,0.0046130140865690865,0.0053659761247446935,0.004958990143061768,0.0011885880826689973,0.0046130140865690865,0.1132867613244515,0.004407991238277127,0.08992872544069246,0.08324966978279608,0.00450817285732888,0.0017553947409068205,0.0036733260318976054,0.0010331229464712016,0.04587065882332136,0.1988823365199516,0.17798071664251763,0.0026805352124658205,0.004220417143031291,0.0024190195819813504
165,0.003099944901999496,0.011091346829623002,0.008335407403154199,0.01103215685711585,0.0031686634969780953,0.0033490476173387404,0.005869817007672316,0.12531234966609087,0.006819878784398891,0.3373331191096229,0.35212843519447334,0.007213333329652673,0.008933030804573052,0.006251555552365648,0.0021442082714168424,0.002374008437607209,0.0036773856190386173,0.08301245897403568,0.007213333329652673,0.006357514121049813,0.005283004692139985
166,0.06847605353859444,0.0561900398079815,0.06744289038963713,0.07785893607295019,0.010302082176727836,0.06750790185135838,0.10145255306475327,0.002173983279958999,0.09041392743627912,0.001742859363274522,0.015392766730792286,0.07870370384347676,0.0016251667831287306,0.07608941479856497,0.04058564068616913,0.06806986827730939,0.12320432404780605,0.0052475458481768935,0.010011765105074337,0.036436894999414535,0.0010716818985713375
167,0.135065017632489,0.16239437383528926,0.005096793118207131,0.0030363873895702053,0.01649596632214646,0.0010650015470880572,0.013379081935293722,0.08918676018924673,0.00841172341494545,0.10668180551183187,0.12773319130255945,0.005708408292391987,0.003243413802495447,0.0062047916221652025,0.012866338265603787,0.026956372491851052,0.13244837185785358,0.11313904449049757,0.0031023958110826017,0.025281073319851084,0.0025036878475403453
168,0.15719290836747504,0.11679976565786056,0.010592135611129509,0.02151341270436135,0.008765905333348558,0.0017688524643952705,0.006689769859660743,0.10641401358158022,0.007476801607856125,0.23880511795932247,0.04120908247219938,0.006518237299156621,0.0023322133455698003,0.006518237299156621,0.0027631658115990026,0.0031776406833388523,0.011425224928858797,0.22791172062543819,0.0070614237407530065,0.00941523165433734,0.0056491389926024045
169,0.097186609476496,0.09104046182367552,0.0763133282933751,0.14977766360012393,0.014057718369832254,0.10022918389175604,0.04353357946786761,0.00591903931361358,0.019846190639763187,0.009371812246554836,0.011246174695865802,0.056230873479329015,0.0023429530616387085,0.0787232228710606,0.003888060433386921,0.12442576259255779,0.07951127772380504,0.02647862886794957,0.0015637547390821304,0.004685906123277418,0.0036277982889889675
170,0.09763673166666247,0.059744418107486916,0.06601055923165783,0.04163616629411587,0.0036984639780825238,0.06878648423639677,0.06507259530256931,0.0522136091023415,0.004351134091861793,0.004528731401733704,0.024656426520550157,0.08412994932091107,0.05851301219055934,0.08453631949902912,0.0027879537352672686,0.07632050920606889,0.10259642806879342,0.06422625045547867,0.020547022100458463,0.01620310672017852,0.0018041287697963533
171,0.011413301350127256,0.019186347201858783,0.01625530798351458,0.019867598646517822,0.17880838781866037,0.003511260846239223,0.029801397969776728,0.053642516345598114,0.01625530798351458,0.00583332749078578,0.01411645166989424,0.015777210689881794,0.013410629086399527,0.01533548302702076,0.019989103571619322,0.006386013850666443,0.008381643178999709,0.005646580667957697,0.4811047596871833,0.06310884275952718,0.002168528174256771
172,0.0029186298032165448,0.011400723262797886,0.024874305300649928,0.01520096435039718,0.005886957442402223,0.00456128030198101,0.029719237258868565,0.039124624021923536,0.014400913595113116,0.4893879597087898,0.2343417304931313,0.016095138723949954,0.04035925379901862,0.00927516468837794,0.0032598789703348714,0.007200456797556558,0.007930937921946353,0.005263191693768935,0.010133976233598118,0.019544097021939235,0.009120578610238307
173,0.09412329419490192,0.04299259690371936,0.1107424181609013,0.11385395090188594,0.0024543368318947546,0.060342114791811674,0.05538465756502126,0.0025024610835005343,0.044375349317606304,0.025014868746688745,0.036815052478421324,0.10777265732942301,0.0009524292183472181,0.09576178537802597,0.03512579894287581,0.08488012737289613,0.06874356027899063,0.012544644752560024,0.00220043991825047,0.002774467723011462,0.0006429881092661157
174,0.009886066016590008,0.014005260190169178,0.01200450873443072,0.11731150587269824,0.012927932483233083,0.0052226548829280165,0.020371287549336984,0.01990102410555191,0.2988560870675084,0.006002254367215362,0.02240841630427068,0.008242470446546496,0.006002254367215362,0.0461778822519419,0.3428279010742115,0.005335337215302543,0.007160008814642488,0.006859719276817556,0.011590560157381389,0.01600601164590763,0.010900857176100625
175,0.016095322112434043,0.06206803155640634,0.007448163786768761,0.006420830850662724,0.013300292476372788,0.023704379172664658,0.25391467454893507,0.005642548323309667,0.0806580813676549,0.00775850394455079,0.012473593167452666,0.1448254069649481,0.00423191124248225,0.01163775591682619,0.16606050247163978,0.06340112522689204,0.036510606797886085,0.02394052645747102,0.006420830850662724,0.04655102366730476,0.006935889096674645
176,0.012235464483187726,0.03091064711542162,0.02936511475965054,0.039153486346200715,0.03670639344956318,0.0108759684295002,0.013983387980785971,0.04195016394235791,0.0163139526442503,0.04602974005223522,0.024470928966375448,0.015059033210077202,0.5240810044225522,0.034648155696331305,0.008045236920452201,0.006546526411551143,0.011816286535446549,0.0163139526442503,0.02669555887240958,0.034547193834882986,0.020251803282517616
177,0.1354274650422426,0.03444738018557717,0.041521395759401045,0.0912017422425247,0.034661339068717406,0.1185384084200638,0.0747385123669219,0.020441302527705124,0.003321711660752084,0.062432382720728576,0.0422763302277538,0.03875330270877431,0.008238727239146912,0.07330674009935635,0.009992795882259167,0.08916173405176644,0.06934619715301601,0.007194350193786216,0.0019546894883541925,0.040438228913503634,0.0026052640476486935
178,0.09562131302923382,0.09436801237431577,0.013106896979709803,0.15055177446364926,0.0063080222175344765,0.07626533519656145,0.1316082817203784,0.008248952130622005,0.00893636480817384,0.0018813399596155453,0.047660612310260475,0.10723637769808607,0.0019149353160372515,0.012373428195933006,0.0016247936014861528,0.12740960803394696,0.06528766316202614,0.02353189144525608,0.005957576538782559,0.013404547212260762,0.006702273606130381
179,0.00826600038120022,0.010978343435863538,0.017837158717326794,0.026069693509939155,0.30245730476575833,0.006051893136235876,0.022593734375280602,0.01615832340756311,0.017837158717326794,0.032461383273317185,0.030809637784473546,0.018828111979400507,0.013556240625168364,0.016945300781460455,0.008918579358663395,0.028133059928699463,0.00826600038120022,0.005383890232326531,0.37998553267517376,0.012324270836993088,0.016138381696629
180,0.12912882354859015,0.37655274079267326,0.012406494811531209,0.01406069411973537,0.014518887847160617,0.004401270500572388,0.016872832943682445,0.013607123341679392,0.011400562799785439,0.0057783674464665915,0.011400562799785439,0.02481298962306242,0.012406494811531209,0.02008670588533625,0.031700253473562964,0.030885742751258896,0.007532514707001093,0.16433956123604795,0.02065293175885367,0.06741109185901527,0.010043352942668123
181,0.00712524338981582,0.012723648910385394,0.01113319279658722,0.02544729782077079,0.01979234274948839,0.008096867488427069,0.01548965954307787,0.3174381019387326,0.02968851412423258,0.006477493990741656,0.0057293134543012865,0.010178919128308313,0.008482432606923595,0.02544729782077079,0.00604116176408019,0.0057461640240450175,0.004127223856828415,0.4273533870058299,0.02226638559317444,0.01425048677963164,0.01696486521384719
182,0.01766455037884686,0.025436952545539477,0.031796190681924345,0.00651372414527846,0.027648861462542907,0.012978037013030345,0.02192840736684438,0.04239492090923246,0.5674293273673072,0.008049668527069453,0.01871831712832411,0.022754891237386138,0.006489018506515173,0.013307535299168416,0.003833610725265733,0.011998562521480885,0.015047366396050744,0.015510336918011876,0.09084625909121241,0.027648861462542907,0.012004600316425872
183,0.0012092506974426623,0.05612619240941259,0.017650292730986856,0.010743656444948521,0.022464008930346904,0.005042940780281958,0.03088801227922699,0.3801601511289476,0.011232004465173454,0.06827028919838178,0.055444327082012725,0.022464008930346904,0.007060117092394741,0.010296004093075664,0.005746606935670139,0.007722003069806748,0.007267767595112234,0.2203744129366742,0.024710409823381595,0.020592008186151325,0.014535535190224469
184,0.00535326193363587,0.03479620256863315,0.020877721541179887,0.020877721541179887,0.029825316487399837,0.0474493671390452,0.10438860770589944,0.023197468379088766,0.014912658243699918,0.18600939838230585,0.17316617791323946,0.059650632974799694,0.0011631539227762093,0.12069797233263173,0.0021994940802054015,0.030552763230994963,0.018979746855618082,0.006331662802039562,0.016059785800907604,0.06959240513726629,0.01391848102745326
185,0.06778868419331235,0.2114724390422814,0.05931509866914832,0.07908679822553108,0.016980444401700313,0.004652164601501829,0.01694717104832809,0.03389434209665618,0.021569126788781208,0.010315669333764925,0.05931509866914832,0.23726039467659327,0.006412443099367385,0.03389434209665618,0.0008408737339366823,0.05003256490752503,0.011298114032218727,0.04745207893531865,0.006989525999971046,0.0028053759193839714,0.021677249528874967
186,0.019763984885569928,0.03952796977113986,0.07905593954227973,0.026351979847426578,0.06324475163382377,0.011293705648897102,0.028747614379010803,0.07905593954227973,0.03952796977113986,0.0037106553871470048,0.06324475163382377,0.035135973129902104,0.28156166895391277,0.024427792615380854,0.010914571458839967,0.0031967850194731962,0.02546003719432377,0.028747614379010803,0.052703959694853156,0.052703959694853156,0.03162237581691189
187,0.0376753533955416,0.0024270016242009048,0.010275096380602254,0.0282565150466562,0.022474560477767424,0.0376753533955416,0.00284414721266698,0.11302606018662475,0.11302606018662475,0.017388624644096122,0.0753507067910832,0.020595565045761415,0.0282565150466562,0.11302606018662475,0.022605212037324962,0.025704575197498903,0.0251169022636944,0.01130260601866248,0.0753507067910832,0.2014757980446272,0.016146580026660685
188,0.04180739985918155,0.027118453685933373,0.018489854785863662,0.02905548609207147,0.02392804736994121,0.011622194436828591,0.08135536105780013,0.0051842896997753105,0.016271072211560024,0.008135536105780012,0.03697970957172733,0.019370324061380978,0.012722493286032812,0.02392804736994121,0.011299355702472239,0.1626151251655601,0.36264920162068076,0.00968516203069049,0.05084710066112507,0.03129052348376928,0.01564526174188464
189,0.07637182927332374,0.14129493093105686,0.016620710380487295,0.010867387556472465,0.023546006372357008,0.1141359938435262,0.010867387556472465,0.016673581853203424,0.014127603823414202,0.005045572794076502,0.015697337581571335,0.059947968003666044,0.059484647677533496,0.013454860784204001,0.0022851028979444304,0.2520897084482717,0.12572931469249785,0.004957053973127791,0.010091145588153003,0.016620710380487295,0.010091145588153003
190,0.04919852153249969,0.08058811035328811,0.029421056160724234,0.023536844928579385,0.0073552640401810575,0.04209474189149774,0.08826316848217271,0.02726773960217674,0.06304512034440907,0.07943685163395542,0.06068092833149372,0.04937173579460696,0.04387095737779881,0.09708948533038995,0.047393561669887854,0.04234843745303001,0.0785659022515281,0.07972157153228501,0.004203008022960603,0.0031522560172204533,0.0033947372493143336
191,0.2429699708609183,0.21487853333256363,0.008595141333302544,0.010887179022183223,0.009072649185152685,0.01932413387690539,0.016330768533274833,0.03543265982807723,0.006546536649436372,0.08680903310067686,0.14548938739171993,0.008595141333302544,0.005103365166648386,0.007423076606034015,0.0027329325749596654,0.05906873724801536,0.08707625548972256,0.014028240265674634,0.007423076606034015,0.009072649185152685,0.003140532410245161
192,0.012314833831092723,0.035824971144997025,0.07881493651899345,0.01791248557249851,0.032839556882913935,0.007037047903481556,0.03340799351719848,0.1324895004519777,0.01876546107595082,0.04823405876228434,0.3515794347691568,0.032839556882913935,0.008566840925977547,0.015762987303798687,0.004331756123681579,0.0072976793073142076,0.01924632320045535,0.04792359708270694,0.016419778441456964,0.06567911376582787,0.012712086535321519
193,0.011603058317965414,0.020821018978421705,0.06326902610114837,0.4637897437581579,0.03253284215378391,0.011420435540426923,0.030619145556502508,0.03470169829736951,0.01868935673182432,0.013346807037449808,0.03253284215378391,0.030619145556502508,0.014068256066501151,0.03066927784795928,0.010622968866541686,0.014068256066501151,0.010622968866541686,0.07946173269435575,0.02602627372302713,0.03470169829736951,0.015813447387865744
194,0.09642668748909916,0.049268729640652556,0.007038389948664651,0.03959094346123866,0.10557584922996975,0.0025750207129260913,0.05508305177215812,0.017325706221912186,0.03726206443410698,0.04776050322308154,0.10186295971793481,0.009551380928919256,0.001176914434805443,0.13196981153746218,0.040748573387005854,0.06745185864656492,0.09397812948039827,0.04692259965776432,0.011730649914441083,0.03167275476899093,0.005027421391903321
195,0.008239083596795814,0.023642587712544513,0.009539991533131996,0.008239083596795814,0.06797243967356548,0.0036991803903981203,0.012083989275300529,0.19524153591083696,0.008642220128245054,0.2277814212419479,0.1614241833412439,0.013943064548423685,0.0050349955313752194,0.020139982125500878,0.006502660580722227,0.0048989145710677815,0.0014387405999522044,0.18208806065265107,0.009539991533131996,0.02265747989118849,0.0072503935651803166
196,0.050752182766986495,0.102738959408445,0.25158119259367223,0.10894997211387625,0.055455688317058376,0.015928535871373373,0.03327341299023503,0.006777917460973802,0.0017599512953704432,0.058945034997682264,0.05228679184179791,0.03588309244044954,0.0018769617584235142,0.10736221258182503,0.001402327750546304,0.07763811395859878,0.0025417190478651762,0.0012462017892825336,0.013555834921947604,0.01830037714462927,0.0017435189489612944
197,0.013732209441444628,0.01501960407658006,0.008582630900902893,0.009612546609011239,0.032770045257992854,0.0026421807477566765,0.004806273304505619,0.08527259088639003,0.27825792815558853,0.11800941044882719,0.02352035850526121,0.021846696838661903,0.00233314238082797,0.08499531796486466,0.21474768581514161,0.004806273304505619,0.004291315450451446,0.04514835521368676,0.009612546609011239,0.01848566655579084,0.001507221532797021
198,0.0065695609982747896,0.05494541925829825,0.01678887810670224,0.013736354814574562,0.18131988355238418,0.002933978698258644,0.013139121996549579,0.017776459171802372,0.011623069458486165,0.2697211134607713,0.2235397364277664,0.018887487870040017,0.022670248154901155,0.015563996326748987,0.00209978298853894,0.00359761673715048,0.0065695609982747896,0.016609279996211382,0.054936089846601,0.039417365989648734,0.007554995148016007
199,0.030207943611893655,0.21964378229551523,0.00164359292874195,0.0027612361202864768,0.0027612361202864768,0.0018912576166345736,0.012274811153760367,0.2181376535026317,0.006911839031697198,0.05928993338343305,0.06903090300716191,0.002091845545671573,0.000750749062385625,0.06146797107418862,0.0144040715315576,0.04509099329428814,0.1278769186853983,0.1185380347598302,0.0023010301002387304,0.0023803759657642035,0.000543821208634428
200,0.004361032621446678,0.007625592832972809,0.01340026387317252,0.013905934208009214,0.011515851766007635,0.01564177552707014,0.1530769645385723,0.013905934208009214,0.013160973446865865,0.002781186841601843,0.016378100289433078,0.013905934208009214,0.00284561588040343,0.011338684815761363,0.6623178424666666,0.0033808005184609562,0.004361032621446678,0.005669342407880681,0.010528778757492694,0.011887330855233686,0.008011027315483572
201,0.06096254508107374,0.013586024917076526,0.006090287031792925,0.004773468214107967,0.007064732956879793,0.0006852031791284479,0.08028105632817946,0.04541614043708438,0.2800802470370012,0.03600956118797952,0.07112814056507395,0.021194198870639384,0.0021025990943094623,0.07492898590630086,0.1577096485064854,0.04428046962051782,0.03090999168625215,0.027333788226023007,0.015371408697359389,0.0168207927544757,0.003270709702259164
