site,A,C,D,E,F,G,H,I,K,L,M,N,P,Q,R,S,T,V,W,Y,*
111,0.007393036403395872,0.2724101582566459,0.0493573970628495,0.4053396907351366,0.016618687383633955,0.0014811198662000452,0.015557984138036572,0.01454135146067971,0.054610123712980185,0.005170258297130564,0.018612929869670027,0.019462289233007045,0.007158819180642319,0.01410070444671972,0.006122674299233562,0.047608857166289806,0.008022814598995702,0.004478181783131631,0.01292564574282641,0.011079124922422637,0.007948151440372612
112,0.0628579362858149,0.017319642627904062,0.05608590574554468,0.12773454667433265,0.005244257830303038,0.03391912595545666,0.010833361712637754,0.0888763695451357,0.09277623414893205,0.05378920451428952,0.058735687699394024,0.03455040452905532,0.018879328189090938,0.05133777201681825,0.021214112981983932,0.07515393111142937,0.11450432326166907,0.0612460253782383,0.0031921569401844583,0.009955201304982035,0.0017944715468033723
113,0.008748479318222301,0.017307210136344738,0.018605250896570592,0.022551819268570417,0.02400677535041367,0.007296176822184548,0.037320271728016434,0.031008751494284323,0.019584474627969046,0.003730923272224967,0.035438573136324945,0.018151464289337164,0.6480759092136609,0.025662415029752545,0.006155107080168691,0.004698886035408251,0.010944265233276821,0.00942038020079524,0.016178479040496168,0.02400677535041367,0.011107612475564535
114,0.029358993305166014,0.05194283430913988,0.006110921683428219,0.07603378823318684,0.01222184336685644,0.0015055894002649235,0.05402054768150548,0.12124750761009745,0.05748073036407847,0.10301373650874035,0.0899525552807377,0.007420404901305695,0.0028857130171744366,0.046748550878225895,0.01843832423914746,0.06738529856320848,0.10299182672080598,0.09533599364745371,0.01154285206869775,0.041554267447311895,0.0028077207734670197
115,0.11062982272941434,0.19442045769607133,0.01641211655875927,0.00957373465927624,0.03282423311751854,0.03266578401653874,0.04595392636452596,0.0731085192162913,0.010444074173755901,0.09954433761922549,0.027518862076361488,0.03378965173862203,0.05191638850721543,0.062209056282270074,0.020901404800765244,0.04786867329638119,0.013255940297459414,0.07005171701909443,0.028721203977828718,0.014360601988914359,0.0038294938637104957
116,0.012815567495605777,0.032261549528779854,0.012904619811511942,0.009341029035467425,0.038713859434535834,0.0016009702233989243,0.032261549528779854,0.08603079874341295,0.011386429245451713,0.005131404186203164,0.1266802720744716,0.038713859434535834,0.007169233228617746,0.17206159748682584,0.004608792789825693,0.022122205391163326,0.1862737711868388,0.16781214223340654,0.01005116977618964,0.014889945936359934,0.007169233228617746
117,0.006543620741426612,0.013087241482853224,0.013857079217138706,0.15547554094169097,0.02617448296570644,0.0034642698042846765,0.03196707834454301,0.02141548606285073,0.058865111608741555,0.06513554040856404,0.015704689779423863,0.12849291637710436,0.004807558095742001,0.20453697571924753,0.07665746673898521,0.084132266675485,0.024369346209450832,0.005608817778365667,0.010707743031425365,0.016826453335097,0.0321703146818731
118,0.010341918636422793,0.012092155828223806,0.02166878190488585,0.01569118689664148,0.025280245555700156,0.07443586392774826,0.018960184166775116,0.015214885881080475,0.028440276250162672,0.010834390952442924,0.023949706315926463,0.006825465639599858,0.013001269142931511,0.06500634571465755,0.004851118434607616,0.39510919393853394,0.1767369427466252,0.011098644390307387,0.02166878190488585,0.03500341692327714,0.013789224848563725
119,0.022811984167678327,0.005399793830418221,0.018696638237770423,0.031216399387349283,0.05431274769622046,0.017973078435140497,0.007425800420849303,0.05391923530542149,0.03295064379775758,0.01005273878575655,0.039540772557309097,0.042646478498967993,0.023724463534385457,0.02196709586517172,0.011190784686030875,0.01008431349241398,0.03295064379775758,0.014121704484753249,0.026959617652710745,0.5148757980195693,0.007179267346567963
120,0.011782191217826796,0.039273970726089326,0.028052836232920944,0.006272678356419166,0.04531612006856461,0.5112162502764322,0.05891095608913399,0.049092463407611656,0.02561345916918869,0.010909436312802591,0.024546231703805828,0.028052836232920944,0.012022644099823262,0.029455478044566996,0.003401115928644005,0.012273115851902914,0.01732675179092176,0.021017641366968206,0.017421465884991334,0.03465350358184352,0.013388853656621362
121,0.01766432432265198,0.019816563693057822,0.02380843713053093,0.021061309769315823,0.07110017554568852,0.004769294474874016,0.032211414941306554,0.034224628375138205,0.032211414941306554,0.007501288410989197,0.04212261953863165,0.034224628375138205,0.01303795366671932,0.03650627026681409,0.02184834745817561,0.012789300905740379,0.022816418916758806,0.010331963283060592,0.4763005976769872,0.03650627026681409,0.0291467780403004
122,0.02030083985290496,0.03924829038228293,0.006846099357732954,0.03270690865190244,0.04528648890263414,0.009358352187859461,0.022802906416202032,0.03765208041170521,0.03924829038228293,0.015492746203532734,0.03679527223339025,0.5120083604231321,0.023548974229369756,0.04528648890263414,0.01070407919516807,0.0018686656110305246,0.010345017505092532,0.013380098993960088,0.0294362177867122,0.029843690378523663,0.017840131991946784
123,0.1930985848035747,0.03657170166734369,0.030945286026213884,0.018285850833671843,0.018285850833671843,0.007736321506553473,0.016762029930865854,0.3494658039010322,0.020018353967241064,0.05320969969259921,0.0024339021407749203,0.022349373241154477,0.01489958216076965,0.012571522448149396,0.007616694372800248,0.006285761224074697,0.0025963619173039808,0.1375537292941549,0.016091548733631226,0.022349373241154477,0.01087266806326434
124,0.051367211071527204,0.25800553783258684,0.009519689516948643,0.008451362341802424,0.008202995266223674,0.0019367818202202511,0.007923152195439773,0.12260626794695717,0.009055031080502597,0.020578198921535406,0.08351324717625942,0.008178737750131377,0.005282101463626516,0.014085603903004042,0.003961576097719886,0.00780125754627916,0.13034167628224833,0.2202483278953727,0.011524585011548759,0.010564202927253031,0.006852455952812775
125,0.005067246664645269,0.01723170449042106,0.01041600703288194,0.014422163583990377,0.014999050127349993,0.026574569173296977,0.03805619783105332,0.019735592272828936,0.4012973915860431,0.005005792546775705,0.012499208439458329,0.019735592272828936,0.01046924402558885,0.01102871332893382,0.3258145495087915,0.02490694027394227,0.006048004083608869,0.00446400301409226,0.007211081791995189,0.019735592272828936,0.005281355678644363
126,0.013110072530962205,0.15438377869476688,0.018011440847722805,0.013854954498248308,0.005194730008323725,0.00581014220894284,0.010135786665357461,0.01715375318830743,0.04002542410605068,0.31291043595397405,0.2654317598611781,0.013341808035350225,0.01019736388592095,0.024015254463630405,0.004149331142193142,0.00571791772943581,0.01440915267817824,0.02818336420008017,0.018959411418655585,0.01440915267817824,0.010594965204542825
127,0.01834619570988562,0.008561557997946626,0.00933988145230541,0.0011444100054431184,0.0146769565679085,0.02070593323390143,0.01712311599589325,0.1027386959753595,0.1784255584126504,0.02229481993188341,0.00893379965003126,0.10343064344812665,0.004371859403206787,0.099474357779972,0.103460710848113,0.11064167258884866,0.10467258465274544,0.03261545903979667,0.00893379965003126,0.024173810817731647,0.005934176838219504
128,0.16050968174726224,0.05295589740318658,0.07408139157565952,0.03540654744424904,0.006687903406135928,0.08160324339021671,0.006335908490023512,0.006687903406135928,0.10533447864664088,0.00559917494467194,0.025343633960094047,0.03157385958357311,0.0363418147352292,0.02778052184087232,0.06118205335633988,0.10435822512736569,0.1306659554287569,0.03086724648985813,0.006335908490023512,0.006335908490023512,0.004012742043681556
129,0.09153406403734651,0.05346897461076416,0.09153655979560169,0.0799259686118707,0.028644093541480797,0.08685007685279003,0.0320813847664585,0.0050127163697591395,0.03565186630912656,0.0069621060691099175,0.015829630641344655,0.040101730958073116,0.04943885055659286,0.15038149109277416,0.07391172571460823,0.09005897206685913,0.0023870077951234003,0.0015318647496485019,0.0035805116926850996,0.058973133761872236,0.0021372700061107024
130,0.052745159823516644,0.158037264293558,0.01207229102242457,0.04090455502451444,0.032192776059798846,0.0015352390220452858,0.11362156256399593,0.05633735810464798,0.02682731338316571,0.04167679386147971,0.046112043043248896,0.009657832817939655,0.0020995288734651425,0.048289164089698265,0.020695356038442116,0.05163197322220769,0.12072291022424567,0.08367069269378602,0.029765591806850393,0.04828916408969828,0.0031154299412708567
131,0.007784163091472038,0.013987546323622127,0.36436608102392504,0.028177854838364845,0.02997331355061884,0.001232283905790185,0.015595025492863604,0.02997331355061884,0.03496886580905532,0.008928221057631146,0.041962638970866384,0.2906604769883235,0.009758753249038694,0.02208559945835073,0.007112311689977354,0.016785055588346552,0.01198932542024754,0.00751810919271369,0.020981319485433192,0.014074141854389476,0.02208559945835073
132,0.14671539999143093,0.1622694252659778,0.005238605807321368,0.008443884120175313,0.021339217025835976,0.0015159935496104249,0.015681499080325578,0.17036611060205017,0.024393443013839795,0.1085829213058044,0.018295082260379843,0.014636065808303879,0.003991654311355603,0.019958271556778012,0.003228543928302325,0.005629256080116877,0.04390819742491162,0.19049564072856517,0.009979135778389008,0.016887768240350622,0.008443884120175313
133,0.027732118757446463,0.04462349647896313,0.006041640157872263,0.007048580184184306,0.14696374947809712,0.004817515522292409,0.10765104281299669,0.005473880772753523,0.01057287027627646,0.09802262619608992,0.024166560631489056,0.18608251686246574,0.0035242900920921536,0.028194320736737225,0.004685887126677508,0.03586555783227917,0.050749777326127024,0.0019505648293230231,0.040833154170447014,0.16097208965014162,0.0040277601052481765
134,0.03628231845264155,0.09102406208294281,0.010481558664096448,0.013101948330120558,0.04716701398843401,0.036685455324337576,0.13633578275615169,0.05549060469227532,0.016549829469625965,0.05380382943716759,0.05502818298650636,0.09125385125138878,0.0067448584620660845,0.04664900293838591,0.07381601946716101,0.059662944145522145,0.06431865543877364,0.02911544073360124,0.01572233799614467,0.05494321523593644,0.0058230881467202485
135,0.07578940973924642,0.12676834275586907,0.012853174751100266,0.010297643567683321,0.06309740332358313,0.0021421957918500447,0.028919643189975603,0.07773079594806026,0.03758371845807867,0.059745365530415435,0.10025788337188482,0.011567857275990242,0.002224587937690431,0.09854100642510204,0.03814314283830671,0.016205993818587658,0.07747695716101798,0.0856420221101868,0.004131377598567944,0.06747916744327641,0.003402310963526542
136,0.10955180374909147,0.06324542801798966,0.03162271400899483,0.005116221083927069,0.015811357004497414,0.07601822803125047,0.3373089494292781,0.025298171207195862,0.042163618678659774,0.007440638590351724,0.02108180933932989,0.025298171207195862,0.058594104714712825,0.01807012229085419,0.0043617536564130805,0.04562059072992101,0.011192490578828857,0.03825567268554073,0.010540904669664945,0.028109079119106515,0.025298171207195862
137,0.0743425753043398,0.08587857178091045,0.01717571435618209,0.028626190593636813,0.07432197675373246,0.008387876992127615,0.028626190593636813,0.07432197675373246,0.042939285890455224,0.038168254124849074,0.07432197675373246,0.07432197675373246,0.03757187515414832,0.021469642945227616,0.007807142889173675,0.051527143068546256,0.12395103025380003,0.007422741366670791,0.042939285890455224,0.042939285890455224,0.042939285890455224
138,0.03914716613317091,0.0251141656015572,0.11267601828469516,0.2397767422134289,0.0460426369361882,0.05901880194607525,0.023021318468094097,0.039465117373875605,0.021170576542900454,0.0690639554042823,0.0251141656015572,0.030695091290792138,0.012557082800778599,0.11839535212162677,0.005877783438662324,0.04143837324256939,0.027625582161712917,0.004079792125189077,0.021250447816702246,0.027625582161712924,0.01084424833442847
139,0.05506396215005642,0.12712131806822666,0.0043460279681445,0.0031387979769932502,0.020177986994956612,0.06143816811591465,0.01694950907576355,0.0217301398407225,0.09416393930979752,0.03690636415210667,0.0660939599145301,0.009416393930979748,0.04883410037540491,0.07022909827508218,0.11393329685321732,0.08592473681511781,0.04170117312291032,0.035449953622512,0.012555191907973004,0.07344787266164206,0.0013780088679482562
140,0.06956699887643933,0.10983123977766275,0.010540454375218077,0.011498677500237904,0.00790534078141356,0.0050868854548524,0.15409556075045075,0.027104025536275066,0.011498677500237904,0.10723766625221873,0.038918600770035984,0.018069350357516705,0.00702696958347872,0.015810681562827115,0.0003566193965788558,0.11189275787512509,0.13491781600279137,0.15197143322017972,0.0020551154073712957,0.0015773381228156693,0.003037790896273278
141,0.00924800788314744,0.022908112535631527,0.3982389069181219,0.0158487888200547,0.022908112535631527,0.0009534042354687722,0.016362937525451086,0.030544150047508704,0.03524325005481773,0.012056901334542909,0.045816225071263046,0.0792368307153972,0.012382763532773799,0.03818018755938588,0.025453458372923916,0.010412778425287058,0.010412778425287058,0.007000179865150665,0.06545175010180435,0.11722667337126498,0.024113802669085818
142,0.0008934103174506232,0.4054594555050262,0.015625556616847922,0.029297918656589858,0.016741667803765632,0.010190580402292123,0.013787255838395223,0.05487645596666435,0.014648959328294929,0.004595751946131742,0.013021297180706602,0.016741667803765632,0.06932056401744378,0.019531945771059905,0.007812778308423961,0.005115627532414515,0.2033328182204198,0.05238164404048697,0.019531945771059905,0.019531945771059905,0.007560753201700607
143,0.016638947513915175,0.016638947513915175,0.014790175567924599,0.01901594001590306,0.05916070227169839,0.00665557900556607,0.029580351135849198,0.13311158011132135,0.016638947513915175,0.23083660485909452,0.012677293343935372,0.02420210547478571,0.001143836460001551,0.008112824671426603,0.02057684779097653,0.010239352316255492,0.008067368491595235,0.3142309112270147,0.017748210681509516,0.026622316022264284,0.013311158011132142
144,0.008187531528361049,0.015595298149259139,0.02339294722388871,0.015595298149259139,0.2128758197373873,0.005198432716419712,0.014239185266714867,0.14035768334333226,0.021833417408962795,0.2843503083133473,0.0932809609582226,0.013645885880601748,0.0011378414013079987,0.0109220775006558,0.003012246767546375,0.0053688731333515075,0.009632390033365938,0.085816522707705,0.01310005044537768,0.01310005044537768,0.009357178889555484
145,0.23595369082077539,0.3212666853943311,0.012322026076196048,0.014217722395610822,0.030896421324730493,0.00346068804124144,0.015402532595245062,0.017602894394565784,0.018483039114294074,0.007248250633056499,0.024644052152392095,0.026404341591848672,0.00880144719728289,0.028435444791221644,0.01357673259903765,0.09388293838537118,0.00770126629762253,0.07154724818436416,0.03282426067345825,0.004569846100286559,0.010758471237067583
146,0.03106615964901737,0.03154538113203287,0.4110727327424776,0.02139595242431436,0.052575635220054796,0.0012475381189813075,0.047318071698049316,0.03943172641504109,0.03639851669080716,0.012132838896935722,0.027834159822381948,0.09673166523252627,0.0168993113207319,0.052575635220054796,0.010754107204102118,0.00909962917270179,0.01577269056601644,0.03287887239964646,0.018927228679219726,0.020822698338321666,0.01351944905658552
147,0.0050956635813890734,0.008153061730222518,0.01455903880396878,0.011323696847531274,0.013588436217037531,0.00452947873901251,0.007549131231687514,0.17676190637701242,0.017611619131049718,0.2514683263279837,0.2505727414184996,0.008862023619807083,0.006176561916835242,0.008492772635648457,0.0025220769818061306,0.0065750497824375136,0.0013912296885882816,0.17862994504770252,0.007028501491571136,0.012739158953472683,0.0063695794767363425
148,0.036336442677260154,0.01983423039330024,0.06444742929119392,0.020870292966358513,0.011874477032583292,0.5983586263009466,0.029944333386514393,0.020256460820289143,0.02374895406516658,0.0063770339619428785,0.016398087330710256,0.018614045078103537,0.016398087330710256,0.028696652828742956,0.007486083346628598,0.005127560801089894,0.010128230410144573,0.01820023757470563,0.017659478663841818,0.01967770479685231,0.009565550942914319
149,0.02304704827136563,0.02009053653749294,0.016586743353838185,0.6475263077842794,0.01858374629718097,0.058515975889033664,0.03716749259436194,0.026548208995972815,0.008722104380245352,0.005946798815097909,0.02252575308749209,0.019561838207558916,0.009065242096185836,0.01486699703774478,0.008544251171117687,0.007147594729684987,0.010931615468929982,0.006589784781791181,0.01032430349843387,0.021238567196778253,0.006469089805413519
150,0.11274109478216503,0.08117314143433138,0.06713568088553722,0.0936613170396131,0.0038838823652790123,0.06579138362953232,0.044580214975376495,0.0044195902777312895,0.06738096170765555,0.021919042865513008,0.054929193451803165,0.060078805337909706,0.004086763865026453,0.0778163573900545,0.027585235992723313,0.11129221427578571,0.07681979881668295,0.014470593973862125,0.0022887163938251323,0.005572526871922061,0.0023734836676705074
151,0.22676674701035315,0.12225217556738184,0.017464596509625976,0.008732298254812988,0.009033411987737572,0.2055448666132903,0.012474711792589981,0.012474711792589981,0.013602178376737632,0.028764352549304123,0.017464596509625976,0.010075728755553447,0.0011485333186500937,0.011907679438381346,0.0027575678699409433,0.2274424228206383,0.02098149240983917,0.026967391669275403,0.005136646032242933,0.014553830424688314,0.004454060296740606
152,0.12026060080225841,0.06628931006730655,0.006476483490642928,0.005612952358557205,0.042703633393715475,0.07617578200899064,0.05957951605656466,0.00886255635561664,0.00886255635561664,0.0025513419811623657,0.005612952358557205,0.07483936478076272,0.13057039964851677,0.1485781506676907,0.0030069387635127884,0.14597936900431108,0.06378650135685279,0.00456061913931799,0.0045510424528842205,0.015877786121014918,0.0052621428361473805
153,0.03535660243281111,0.07221571396519981,0.012832642092816126,0.003173664173492161,0.014054798482608143,0.011274749011726301,0.11068153805053911,0.16982061844317378,0.004684932827536047,0.10541098861956105,0.15204736540276076,0.03533624083756714,0.002342466413768024,0.0299428315499043,0.0024455702035653276,0.08529591661663714,0.03885987457459653,0.08809100315815414,0.008198632448188081,0.015534250954461626,0.0023995997409330975
154,0.12214637601885873,0.07792143308699519,0.013486401880441473,0.00508183259263012,0.1375084113299915,0.04410647155867652,0.0779965194271358,0.00508183259263012,0.015081567694257132,0.009145930114801687,0.009350571970439423,0.035963738347843936,0.10133949542766865,0.029220537407623193,0.023268982156835104,0.09180280728621512,0.07039269616912162,0.028507841373290925,0.04220744292212239,0.05844107481524639,0.0019480358271748795
155,0.06131641729009743,0.0510415329016602,0.016783999409267406,0.07623898158501619,0.027778219441885153,0.028957861461357398,0.08377558244378064,0.06119259935023976,0.0016898856227785487,0.06193727203269493,0.06674945460986907,0.05459856924784323,0.035903821047334555,0.17810203675103642,0.014660726927661606,0.04321056357626579,0.07009122657703787,0.04763830956421826,0.012566337366567095,0.0034280468049044024,0.0023385559884841122
156,0.010365474457982788,0.08939136516322449,0.008690827168646824,0.004734972177992305,0.023175539116391534,0.002836302693203271,0.054889434749348376,0.4403352432114392,0.01390532346983492,0.024257255423579843,0.028011835872705587,0.01390532346983492,0.0037923609463186136,0.01390532346983492,0.003659295649956558,0.008690827168646824,0.05038168181781916,0.18094189398786123,0.007192408691293923,0.010977886949869673,0.005959424344214965
157,0.021656093730493698,0.029956709229186924,0.01581643385509947,0.3902016195132673,0.0748917730729673,0.0016995775753926587,0.017282716862992452,0.0264323904963414,0.032137064788897274,0.009985569743062304,0.03744588653648365,0.02139764944941923,0.00936147163412091,0.07467698164729887,0.008170011607960067,0.011521811241994966,0.0132161952481707,0.11228487120439143,0.03744588653648365,0.034565433725984904,0.019853852299990878
158,0.11162085426642125,0.0811813064692999,0.009050484347145773,0.21161279148775025,0.024354391940789966,0.01945890982600546,0.009741756776315988,0.01623626129385998,0.003576075507885059,0.006765108872441659,0.012177195970394983,0.027060435489766638,0.006582268092105399,0.23339625609923717,0.004775370968782347,0.03729065039869214,0.12853706857639152,0.02823936776486118,0.009367073823380756,0.012818101021468404,0.006158271007004189
159,0.051420295784286044,0.06944702809144827,0.03472351404572414,0.10417054213717242,0.03676607369547262,0.054349848071568216,0.10417054213717242,0.030520734375523325,0.10992728100825994,0.01736175702286207,0.09259603745526437,0.0763917309005931,0.0012280567604831477,0.02525346476052665,0.03746178619129575,0.04428790313564313,0.06021239072876605,0.015432672909210727,0.011574504681908045,0.01736175702286207,0.005342079083957561
160,0.008079753043524113,0.02709093667534556,0.02558588463782636,0.02709093667534556,0.03289613739149104,0.007105402308533524,0.020933905612767024,0.05756824043510931,0.13591660216056145,0.007630356168994477,0.02878412021755466,0.035426609498528806,0.011864754333893501,0.08290747036393149,0.39966927652612555,0.01211962956528617,0.017057256425217573,0.009030312225115186,0.019189413478369773,0.030703061565391637,0.003349940691087121
161,0.02710298852254661,0.3136278547485567,0.030491596989443016,0.08131092530518134,0.022175706901413097,0.005420728353678757,0.011087853450706548,0.011870387374056253,0.020483511783042585,0.0064192835767248446,0.018764059685811085,0.017423769708253153,0.007156506814197066,0.016262185061036275,0.005672855253849862,0.1254278924889256,0.21182179763862022,0.007174493409280709,0.01626218506103627,0.030491596989443016,0.013551820884196895
162,0.1714856250341553,0.04730637931976696,0.018396925291020487,0.03311446552383688,0.03547791274115947,0.06100033122812056,0.025936301304367023,0.05907198673258482,0.018396925291020487,0.07170787334337271,0.14487578666678635,0.0827861638095922,0.001970303472098622,0.0063681664468917066,0.01924902862156404,0.057490391534439,0.045992313227551214,0.04355517663096238,0.006898846984132683,0.007526014891781108,0.04139308190479609
163,0.04435681078465096,0.0465729451456624,0.010534356640090305,0.003160306992027092,0.009029448548648832,0.0478868152764892,0.05056491187243346,0.013521794566881481,0.17261990979276876,0.02462375134875607,0.04815705892612711,0.1123664708276299,0.0025798424424710946,0.06320613984054183,0.10961141185088552,0.08235501795332921,0.07413210631502368,0.036870248240316074,0.02298405085110612,0.012039264731531777,0.012827337052629086
164,0.12441544110004053,0.07938875185926327,0.007695848394520419,0.004684429457534169,0.005387093876164294,0.006427778136250354,0.006951088872470057,0.08645524411949057,0.006951088872470057,0.09838709006499421,0.1031486042320775,0.005525224488373634,0.0018737717830136678,0.005130565596346947,0.0015844393753424392,0.059564615216125535,0.19485626011409635,0.1877634942236526,0.003591395917442862,0.007182791834885724,0.0030349824654446723
165,0.003351626984749442,0.007684217965035304,0.008078280424780706,0.010501764552214918,0.004111848401265535,0.003842108982517653,0.004402451658529642,0.11215789161687881,0.009266262840189632,0.275385417505791,0.47735293419158714,0.006848976881879294,0.004653642696818007,0.004922702133850743,0.0017431487382337566,0.002266567888967249,0.0035801470064369045,0.04122187955075014,0.0070011763681432785,0.007876323414161189,0.0037506301972196144
166,0.06832610561045341,0.03365039500236602,0.08149843213600884,0.0658964730707325,0.001772061292346179,0.05308326997364564,0.06260164941719587,0.004154342867502701,0.03705224146252818,0.004768133974227962,0.009753001310920831,0.0738747091481322,0.011497098672475933,0.1175998596339226,0.08120804273627766,0.08318055277008599,0.1118745903114045,0.005620581526621299,0.017694423324548538,0.07290341313459134,0.001990622624011711
167,0.10730605714020222,0.13539400626624265,0.007422355731041655,0.005690472727131936,0.01004201069493871,0.003834133006220969,0.006565930069767617,0.053097869502157315,0.02699215981105155,0.15983903481670841,0.1486225903334863,0.011380945454263871,0.0027985931444911155,0.004613896805782651,0.0012508541749157592,0.05431814875898667,0.16589745347600307,0.08182286866287772,0.004064623376522811,0.005334818181686189,0.0037111778655208273
168,0.16799589095843856,0.05414879537041506,0.008219013583009428,0.00578357543178549,0.01384254919243693,0.0024383647916989748,0.008484143053429085,0.1856530126985659,0.011435149332882684,0.2406456628493282,0.009693107630177842,0.008219013583009428,0.0024812116477009594,0.006921274596218465,0.003094216878309432,0.003652894925781968,0.012829679739331789,0.22911015528208542,0.010520337386252068,0.010520337386252068,0.004311613682890191
169,0.08548056492704582,0.05303631265484216,0.05617920525661058,0.10879435953349019,0.011667988784065275,0.10116402313572741,0.08485810024774745,0.017950751975485037,0.027780925676345894,0.0035901503950970075,0.006141046728455408,0.07425083771677903,0.0029660944096178148,0.11201269232702665,0.0076836270963474874,0.13334844324646028,0.06415348896317731,0.025398734755986318,0.0042980472920786435,0.015910893796452646,0.003333711081161508
170,0.09338978599255826,0.08533133984849653,0.0676689863807759,0.03151426940831708,0.06678104857708425,0.07042282424070928,0.04052590335149835,0.019477805834982903,0.004869451458745726,0.0015900249661210532,0.06059761815328014,0.08423919941696015,0.04725762727176181,0.07288469280187151,0.0009862180169611596,0.09292745569011146,0.049162571278866876,0.02889616005436004,0.02077632622398177,0.05880041729255739,0.0019002737399983318
171,0.010937000377892286,0.047650599652741814,0.023365409898224426,0.01713463392536458,0.07009622969467327,0.004802212852772064,0.04673081979644886,0.02447804846480654,0.0223495225113451,0.007156742267034274,0.018358536348604907,0.017725483371066802,0.010709146203352862,0.016628614383986613,0.001711317523827674,0.0074498408371150345,0.009885365726171873,0.01223902423240327,0.44872417087820304,0.17991365621632802,0.001953624837636728
172,0.002799427556492639,0.01862138745408161,0.017979270645320174,0.015799965112554097,0.11936883139029814,0.007151377006450111,0.01873604094745903,0.0550160199159039,0.014897109963265287,0.45376937405910595,0.12188003384228756,0.02896660270634917,0.045630138998470605,0.011093592525835853,0.004398343317091074,0.006599985426763102,0.007899982556277049,0.00756649781970568,0.01303497121785713,0.019311068470899445,0.009479979067532457
173,0.09680243629983373,0.03447336392826397,0.06500092534589162,0.12003821028366478,0.002874527262015459,0.04026074727578956,0.05947297783480261,0.002555135344013741,0.0419838419313376,0.029395118003247414,0.022076369372278724,0.16384805393488117,0.0014224464801725983,0.06071081995079032,0.04246759179542775,0.0837719373501648,0.09730905511743376,0.029618079378114802,0.002090565281465788,0.003135847922198682,0.0006919499082112781
174,0.008196134555763665,0.015761797222622435,0.015761797222622435,0.014345055614895068,0.018627578535826514,0.007880898611311218,0.027320448519212226,0.028004160732225915,0.3558814601292402,0.008908841908438766,0.02561292048676146,0.014497421327509039,0.007065633237727298,0.053001336612005394,0.2698626538634156,0.008035426035062417,0.006738370339592096,0.009530389018329843,0.021568775146746492,0.0215687751467465,0.06183012573394544
175,0.027544420698487625,0.034655096952393445,0.006931019390478687,0.01624457669643442,0.007876158398271237,0.018940867106161358,0.1575231679654247,0.022330752827816172,0.12091367863597446,0.012931006325519941,0.019456971438209507,0.0866377423809836,0.0034655096952393434,0.15017208679370492,0.15059455433446836,0.0671328691790919,0.02221480573871374,0.011814237597406855,0.010829717797622948,0.04331887119049179,0.008471888857104766
176,0.012523778719592123,0.06679348650449134,0.029467714634334417,0.029467714634334417,0.03339674325224567,0.020872964532653544,0.015654723399490155,0.020872964532653544,0.03339674325224567,0.07588457181238979,0.027830619376871386,0.015180337841929847,0.4347086043119071,0.0240645969966888,0.0102234928323201,0.005430935397033413,0.04385627962278357,0.03339674325224567,0.023854816608746904,0.023854816608746904,0.019267351876295576
177,0.09740549237876904,0.05181240029079101,0.04557572247801061,0.0690347380679551,0.027345433486806365,0.14236966388562122,0.034181791858507955,0.009651329465931658,0.005859735747172792,0.04166741802392432,0.00607676299706808,0.02050907511510477,0.008175373749769748,0.09695199145322259,0.02235224535507625,0.09247728415538153,0.140434683897178,0.035634287047701996,0.007820362517556533,0.04101815023020955,0.0036460577982408487
178,0.11539807411233914,0.09213472876599675,0.030951140376799115,0.22661833920267171,0.013308349710643975,0.04792509048656197,0.16780093113420663,0.01901192815806282,0.011090291425536646,0.0028931195023139075,0.016635437138304968,0.03629549921084721,0.0024645092056748107,0.01023719208511075,0.0019571102515652914,0.06769370480605745,0.053264954771612597,0.06585929964256827,0.005118596042555375,0.0070043945845494615,0.00633730938602094
179,0.012446349989605174,0.04516721089790096,0.025722456645184025,0.016076535403240017,0.335308829549587,0.00964592124194401,0.025722456645184025,0.012900582810750353,0.05511954995396578,0.011158131212141589,0.025722456645184025,0.021435380537653353,0.011692025747810919,0.02967975766752003,0.008387757601690443,0.0018030512622687904,0.015433473987110414,0.00759267807944398,0.1688036217340202,0.13606696928293477,0.024114803104860028
180,0.0815390641494936,0.40935645483314537,0.01884458371454963,0.023555729643187036,0.018983908274060844,0.007089806658165072,0.027712623109631806,0.016825521173705026,0.014276199783749721,0.00682774772266291,0.0181197920332208,0.022434028231606704,0.013856311554815908,0.024795504887565302,0.049889950582330776,0.012738688203117892,0.008265168295855102,0.07204452058313994,0.009650719995303206,0.1329520549866992,0.010241621583994366
181,0.011703397043493258,0.014931920365836225,0.0227908258215395,0.048113965623250064,0.03608547421743755,0.01007036489788955,0.010825642265231266,0.37580494721417473,0.08660513812185013,0.009021368554359388,0.004333527223963941,0.013121990624522746,0.010561602209981723,0.03936597187356824,0.010091969341700542,0.008170296049231142,0.004229394432833654,0.21200125568426126,0.03093040647208933,0.020620270981392883,0.020620270981392883
182,0.013540258068173659,0.03638944355821671,0.0207939677475524,0.004159186514327794,0.044787007456266716,0.017643366573680826,0.019407703231048908,0.03424888805479219,0.5059532799930638,0.008086543012937045,0.01667879834293436,0.014622708535458008,0.0103969838737762,0.0362807361545,0.0646269094494149,0.012129814519405568,0.006076496159400219,0.019407703231048908,0.08317587099020962,0.0207939677475524,0.010800366786239636
183,0.017175560214342984,0.021569192763898126,0.023109849389890847,0.02022111821615449,0.04621969877978169,0.007189730921299373,0.01540656625992723,0.18731141084437844,0.03594865460649688,0.16653027491790237,0.0058856815654222405,0.02022111821615449,0.006883784924648337,0.014066864846020512,0.00735313389678345,0.011156479015809372,0.014066864846020512,0.2808252156072022,0.03594865460649688,0.026961490954872654,0.03594865460649688
184,0.010111916160650507,0.07675869859103865,0.026385802640669538,0.015077601508954023,0.02110864211253563,0.04221728422507126,0.05554905819088324,0.03518107018755938,0.011727023395853126,0.18312156450668074,0.16859093071364634,0.03725054490447463,0.0009063983560904473,0.04146597859410304,0.0029846378135418112,0.008795267546889845,0.004491200449475666,0.050042666609708034,0.012416848301491546,0.18262396387034757,0.013192901320334769
185,0.1624041847640573,0.18780384194802757,0.07217963767291437,0.07217963767291437,0.04412196792252725,0.005552279820993412,0.010826945650937152,0.02405987922430479,0.030934130431249013,0.016656839462980237,0.04330778260374862,0.036089818836457184,0.0077335326078122515,0.027067364127342886,0.0008230825627742372,0.010372920727560478,0.011396784895723319,0.1872792368761008,0.013691589388464943,0.014712967021803637,0.020805575781306217
186,0.00845834355251178,0.04229171776255889,0.021145858881279456,0.018796319005581735,0.14631757029633988,0.014097239254186301,0.012083347932159687,0.08458343552511778,0.03383337421004712,0.025652975049702504,0.14631757029633988,0.04229171776255889,0.14655608254593525,0.012245041577824535,0.00997811933590786,0.0017811720264959204,0.030393679697227734,0.018796319005581735,0.14631757029633988,0.01691668710502356,0.021145858881279456
187,0.048194627392133184,0.0016031990889901835,0.024097313696066592,0.048194627392133184,0.05133116192757021,0.014458388217639954,0.0014110178566377398,0.048194627392133184,0.1252066866083052,0.02065484031091422,0.048194627392133184,0.020928876623862752,0.07229194108819978,0.1252066866083052,0.1252066866083052,0.009698185178776332,0.01807298527204994,0.013143989288763595,0.048194627392133184,0.12538748450949005,0.01032742015545711
188,0.0014404685436344986,0.02063535431515232,0.021849198686631873,0.06190606294545695,0.03095303147272848,0.009524009683916453,0.18571818883637087,0.0031545343950855954,0.04127070863030464,0.00977464151770373,0.03095303147272848,0.012808150954232473,0.014534361514735071,0.024762425178182786,0.01485745510690967,0.10607297156869858,0.3225340770790227,0.010038821018182207,0.028572029051749364,0.03095303147272848,0.01768744655584485
189,0.12984690032545096,0.11261419865362199,0.011418970034062203,0.013495146403891696,0.011875728835424692,0.11091064098907197,0.015625958993979856,0.013609611956887853,0.012908400908070316,0.004498382134630566,0.014844661044280864,0.04182523630444898,0.07422330522140433,0.017464307110918665,0.0023600925602593782,0.25761137889949826,0.10516740256056317,0.0076126466893748045,0.017464307110918665,0.015625958993979856,0.008996764269261132
190,0.03252937304152541,0.07326202451298566,0.036486225646783374,0.03729703066115633,0.004662128832644542,0.030027270447541117,0.04351320243801572,0.05013460933263825,0.09790470548553537,0.045707145418083746,0.058276610408056775,0.08302182867657416,0.033387905721282356,0.08918855158102601,0.03704089057229131,0.05097699524872715,0.08077112551805284,0.09815008068725353,0.007172505896376218,0.004662128832644542,0.005827661040805678
191,0.19549941902657889,0.2971591169203998,0.01421813956556937,0.007447596915298242,0.012030733478558696,0.025756613194256345,0.008231554485329634,0.0030969313892403546,0.004492191446297655,0.12209635291812708,0.1355925272350584,0.009774970951328942,0.006255981408850523,0.012030733478558696,0.00381575435767522,0.04691986056637892,0.05340907487708223,0.017231461297474646,0.010426635681417537,0.009774970951328942,0.004739379855189789
192,0.01345589960362478,0.037676518890149384,0.018838259445074692,0.022162658170676103,0.2511767926009959,0.011773912153171685,0.049770556804104894,0.006512464891704018,0.017125690404613356,0.04516201468636331,0.3272686605501327,0.037676518890149384,0.007535303778029876,0.01982974678428915,0.006506289473207393,0.007387552723558702,0.07964064245119037,0.001478408848452332,0.010764719682899824,0.018838259445074692,0.009419129722537346
193,0.011682145137797834,0.0441150501340358,0.039201417619090205,0.42139122921769834,0.0220575250670179,0.0482834740035491,0.03032909696714961,0.03732811934418413,0.07837434393060133,0.01010969898904987,0.026959197304132983,0.03235103676495958,0.012442706448061377,0.0375947067958936,0.007826863733457964,0.011835745157912041,0.012131638786859843,0.04450638029908744,0.02854503243967022,0.02854503243967022,0.014389559420120535
194,0.06165487719556201,0.05678080177437771,0.005195628920531296,0.044162845824516,0.06869776017146934,0.004014804165865092,0.049683201552580505,0.0011088015616694117,0.07473712370302708,0.06939875772423942,0.13610497270433033,0.022004860606745218,0.005694822105050653,0.0706605533192256,0.04710703554615041,0.06026245399083409,0.07652194748950863,0.04568570257708553,0.006308977974930857,0.088325691649032,0.005888379443268801
195,0.005103789577932208,0.06304681243328022,0.021873383905423746,0.009006687490468603,0.10207579155864417,0.0039259919830247755,0.017012631926440695,0.1958587341363116,0.023214403225115147,0.23229095953198683,0.13275709510805617,0.009006687490468603,0.003560783426464332,0.008506315963220348,0.006617977858959963,0.005103789577932208,0.0010415804213427216,0.1376251680541974,0.007655684366898314,0.008058615123050854,0.00665711684078114
196,0.05266320200242246,0.11370081802074804,0.07156990524364433,0.09458590555663107,0.07768378870982787,0.004387564341660769,0.06042072455208833,0.012794976963971649,0.039374789067534464,0.15741188764886174,0.07441289234309827,0.07415270740483568,0.0013426827678241853,0.05135761586927509,0.0013766747366298609,0.0465362454253332,0.003661167012011974,0.001213342233659081,0.016478379423296823,0.038841894354913926,0.0060328363217310435
197,0.0049270241393899565,0.016423413797966527,0.012853106450582498,0.011370055706284516,0.0281544236536569,0.016660255926812636,0.006158780174237447,0.056308847307313795,0.2608424544382918,0.10846506247728956,0.05019270058312775,0.015559023598073549,0.0026394772175303343,0.08442046525029047,0.2573242575548668,0.004619085130678085,0.011824857934535901,0.02085208839597383,0.007580037137523013,0.021115817740242675,0.0017087653853318115
198,0.0052482286910362904,0.0329888660579424,0.020375476094611482,0.01332242667724597,0.12370824771728399,0.004173290284438496,0.011944244607186039,0.026644853354491942,0.014432628900349798,0.3009798498343347,0.1575632891540231,0.01574468607310887,0.0014535080465847047,0.007560272288145898,0.0028931721427606504,0.0056784113706294295,0.00736985305549777,0.023127626322769563,0.03268356634758397,0.18473764992447742,0.00736985305549777
199,0.04292120089416805,0.41888314558298506,0.002301555744961457,0.002301555744961457,0.002101420462790895,0.0010740593476486798,0.007527737951073893,0.0966653412883812,0.0026988264685140315,0.03944217915450794,0.13425741845608496,0.0020138612768412748,0.0005836042355226322,0.041907211367896414,0.010621977636935476,0.024364429464395765,0.08624064762002637,0.07865085516864942,0.002543824770746873,0.00241663353220953,0.0004825138306984898
200,0.005184185652142065,0.05922368892911699,0.01182642351894908,0.014841002062994928,0.01182642351894908,0.00515860492329606,0.11222960067833294,0.012828662800215954,0.027523312916826956,0.0029336864543129506,0.010368371304284127,0.010512376461288076,0.002765376744786822,0.009119169942322185,0.66174910830947,0.0037285276118854257,0.004325092029787093,0.005148919083079874,0.011130751547246198,0.010228258178550559,0.007348457332162538
201,0.05813332172664518,0.034021248809343194,0.007560277513187375,0.005516959266379976,0.03402124880934319,0.0007143929771501311,0.09421268901048885,0.02551593660700739,0.13911578764474905,0.048813096117753266,0.04129629489959553,0.038273904910511095,0.0019627643543851836,0.10716693374943105,0.1773838280676225,0.04313698846441801,0.07444077484280708,0.03914773835595654,0.008487987543226364,0.017496642244805072,0.00358118408519402
