site,A,C,D,E,F,G,H,I,K,L,M,N,P,Q,R,S,T,V,W,Y,*
111,0.06590986544184338,0.2677873274957672,0.07319515405853629,0.37765102822748436,0.01463000966689514,0.0013038814354060528,0.013696235634171054,0.012801258458533247,0.004674489161562226,0.004551558563034044,0.016385610826922557,0.01713333147473532,0.006302158010354831,0.01241334153554739,0.005390003561487685,0.06130071352312743,0.0070627632874666205,0.003942299488818193,0.01137889640758511,0.009753339777930093,0.01273673396279157
112,0.0037927057072265134,0.11409310462468403,0.1091431258662353,0.3881532221522924,0.015023031501875918,0.028760359033763134,0.033945055921393595,0.011069602159276992,0.027578554916108892,0.02253249401678713,0.056009342270299446,0.014642965299424687,0.0106684461467237,0.018766443250847406,0.0032862881410353575,0.0382215983996794,0.03343841329570115,0.04703364417380043,0.009144453957663603,0.007129574272076706,0.007567574893104373
113,0.006951762762103818,0.017136903553093132,0.018422171319575117,0.02232990462978802,0.02377054363816144,0.0072243809096373,0.010581764688686586,0.030703618865958522,0.01939175928376328,0.003694210203517711,0.035089850132524025,0.017972850067878163,0.6796208135993721,0.02540989147527602,0.006094539533573181,0.004652648009783394,0.01083657136445595,0.009327681680797527,0.01601927940832619,0.02377054363816144,0.010998311235567233
114,0.022738817535091153,0.07844892049606451,0.011567650937993418,0.04980883841019967,0.020509521698317507,0.002850000955737509,0.007866002637835524,0.19139128394397478,0.06071368536031767,0.0556974652976127,0.18062900827762626,0.014046433281849152,0.005462501831830224,0.009832503297294407,0.012632676408383975,0.0518281156430456,0.06007818415741038,0.12515054724110078,0.007283335775773635,0.02614964016535483,0.005314866647186165
115,0.04045178253911283,0.10801959513191663,0.01254871906723867,0.014640172245111776,0.055724394314084005,0.06994372251836747,0.08581556724368937,0.014184391279948659,0.015971096994667394,0.16132303817823637,0.07965963553238725,0.04589067767042211,0.009456730084400065,0.07483208302439541,0.011227856297379006,0.034672956462096706,0.042007620329078704,0.01902784196090673,0.08776592104468228,0.010980129183833837,0.0058560688980447105
116,0.022185258653816084,0.009227887584786008,0.007382310067828808,0.009524917286620978,0.02214693020348642,0.0024370175798039137,0.018455775169572017,0.012303850113048012,0.006513803001025418,0.010464842845948823,0.02785111392794862,0.02214693020348642,0.004101283371016004,0.03273929862623493,0.00263653930993886,0.003163847171926632,0.6678816919751926,0.1016034256666461,0.004613943792393004,0.008518050078264009,0.004101283371016004
117,0.010122260745785872,0.03595513174234996,0.02143537569695832,0.0996559846189951,0.040489042983143486,0.005358843924239578,0.007679553294784709,0.033127398804390126,0.10042640245277053,0.06180323558698489,0.024293425789886094,0.058835670123845385,0.026485998259012527,0.33508361245392076,0.02641310670937924,0.013014335244581838,0.012565565063734185,0.00867622349638789,0.016563699402195063,0.026028670489163668,0.03598646311749089
118,0.010609681936945234,0.01240523463582472,0.02222980977264716,0.016097448456054837,0.025934778068088353,0.12333723660474401,0.019451083551066263,0.05574827018445654,0.0291766253265994,0.01111490488632358,0.024569789748715282,0.007002184222631946,0.013337885863588295,0.06668942931794149,0.0049767190633633945,0.4289794913468443,0.04466768182181029,0.01138600012745342,0.02222980977264716,0.03590969270966079,0.014146242582593643
119,0.0211181997197074,0.004998860411168763,0.01730841725516323,0.028898589090125916,0.0656409415875512,0.016638581597345225,0.006874436489762961,0.04991574479203568,0.03050406626179958,0.009306325300210042,0.03660487951415949,0.03947998752162352,0.021962927708495693,0.020336044174533052,0.010359871560611179,0.016689248590145766,0.03050406626179958,0.013073171255056961,0.024957872396017836,0.504327656539997,0.030500111972689814
120,0.010867364775012059,0.03622454925004019,0.025874678035743004,0.005785637200692414,0.041797556826969465,0.49913857566988434,0.054336823875060294,0.04528068656255024,0.02362470603263491,0.010062374791677832,0.02264034328127512,0.025874678035743004,0.011089147729604142,0.027168411937530147,0.00313703680031563,0.011320171640637562,0.015981418786782445,0.012994529016309864,0.07248919402454965,0.031962837573564884,0.012349278153422795
121,0.018381375994029177,0.020620981674607117,0.024774898078908893,0.021916255992880943,0.02279290623259618,0.004962895459096944,0.033518979753817915,0.03561391598843152,0.033518979753817915,0.007805789805683624,0.043832511985761886,0.03561391598843152,0.013567206090831058,0.037988177054326965,0.03030661441201648,0.013308459715480246,0.023742610658954354,0.010751370864432161,0.524631817570743,0.037988177054326965,0.0043621598708250536
122,0.017502060636466813,0.0338373172305025,0.0030362452835277064,0.028197764358752087,0.0390430583428875,0.008068161151760941,0.019659179308630276,0.08884645434224901,0.0338373172305025,0.013356835748882566,0.031722484903596096,0.4673268691393167,0.0203023903383015,0.0390430583428875,0.009228359244682502,0.0016110416648036623,0.024328498651314392,0.011535449055853126,0.025377987922876873,0.06875886836106829,0.015380598741137503
123,0.022947173009391284,0.026076332965217365,0.044129178864214004,0.026076332965217365,0.026076332965217365,0.011032294716053501,0.02390330521811592,0.5278769142445964,0.019122644174492737,0.07624299399621501,0.027879196271679837,0.031871073624154554,0.021247382416103036,0.017927478913586942,0.01086170178057579,0.00896373945679347,0.0037025128592407816,0.0037403182976218454,0.022947173009391284,0.031871073624154554,0.015504846627967086
124,0.0694404668051977,0.20847827831340665,0.007956762675238878,0.007063831684473597,0.006856241103582818,0.002936648720417321,0.006622342204193996,0.1165861852108388,0.007568391090507425,0.01179339085516879,0.009632497751554904,0.006835966146264772,0.004414894802795998,0.011773052807455994,0.0033111711020969974,0.026072717684852826,0.2735722264416949,0.19489521614759148,0.009632497751554904,0.008829789605591996,0.005727431095519132
125,0.008692090882611359,0.005499170796287621,0.017867075703145573,0.024739027896663095,0.025728589012529626,0.004149772421375746,0.04351134762140763,0.033853406595433726,0.053537520219702664,0.015323010530361954,0.021440490843774685,0.033853406595433726,0.017958395666342542,0.018918080156271784,0.5921043377644178,0.009510245210189415,0.010374431053439364,0.007657318158490958,0.012369513948331553,0.033853406595433726,0.0090593623283555
126,0.006539247060897805,0.056686094119858726,0.013405456474840502,0.010311889596031154,0.0038663051786851288,0.004324340798335645,0.007543807745835999,0.012767101404610001,0.02978990327742334,0.24664490714370504,0.5137550214441935,0.009929967759141112,0.0007499856861533277,0.017873941966454004,0.005593635656402904,0.004255700468203334,0.019046527624272534,0.004195231967202886,0.014111006815621583,0.010724365179872401,0.007885562632259117
127,0.0051894654425325565,0.01210875269924263,0.013209548399173779,0.0016185579477208626,0.020757861770130226,0.021536887966766876,0.01210875269924263,0.02421750539848526,0.2672761946253588,0.003823816641866094,0.06766629670160888,0.03359141954415077,0.006183192867698365,0.09057471473510117,0.179931163443451,0.05460094974636216,0.12706414852340733,0.024582245773253963,0.012635220207905355,0.01709470969304842,0.004228595173492866
128,0.20620342433696348,0.007514451365341478,0.024472494316914343,0.03742852071998664,0.009942802969801063,0.0873571055059948,0.00941949755033785,0.044186448072206445,0.019883901632492908,0.004162103568753933,0.00941949755033785,0.051584375219485536,0.03601612371168526,0.030590617896142924,0.001980661607430905,0.16439574518021843,0.22604856592728775,0.004588985986062029,0.00941949755033785,0.00941949755033785,0.005965681781880637
129,0.03471872585975671,0.005665280476645439,0.07020021460191087,0.03380178822550332,0.1153289239888536,0.08756913586028908,0.08837837543566884,0.004774266775703143,0.019610586265311137,0.11684640983081221,0.08050661729969834,0.06798336571974527,0.03674776525391636,0.10622400893710197,0.05632226635696609,0.04032911525747602,0.008093257823779199,0.0014589955703935167,0.0034101905540736737,0.01999510756463096,0.0020356023417641474
130,0.0409267580879591,0.15180839417678418,0.0090388531504955,0.0020825023604948835,0.01070443805092709,0.0011494752773438927,0.12467521965197434,0.09098772343288025,0.03211331415278128,0.031577514537753544,0.012666151606786984,0.0072310825203964,0.0015719744609557396,0.10169216148380736,0.02408498561458595,0.060658482288586855,0.036930311275698464,0.06631153003713408,0.08135372918704588,0.11010279138096436,0.0023326072646440003
131,0.009168684974501622,0.01647542636253876,0.4543615741189322,0.06725791046297641,0.03530448506258307,0.030093709223008268,0.01836881810326365,0.03530448506258307,0.04118856590634691,0.010516229593109848,0.04942627908761628,0.08648142771392046,0.011494483508747972,0.026013831098745416,0.00837733543857903,0.009885255817523255,0.01412179402503322,0.008855309682220595,0.02471313954380814,0.0165774241152163,0.026013831098745416
132,0.16146886965841167,0.09670639970897982,0.004559300605884222,0.00734894118800219,0.0404807719909488,0.001319410271258718,0.01364803363486121,0.07964136265754233,0.021230274543117437,0.11288978080277694,0.015922705907338082,0.012738164725870466,0.0034740449252373988,0.017370224626186998,0.0028098892777655435,0.07019320531144886,0.1319882949874208,0.17547838929984846,0.008685112313093499,0.01469788237600438,0.00734894118800219
133,0.0025980187832834608,0.14895571905587462,0.005659969492153255,0.006603297740845463,0.1459150112844131,0.014819977590326092,0.07039489355404892,0.0051280773710264144,0.009904946611268195,0.05254893840947443,0.011319938984306511,0.3801324251918641,0.0033016488704227316,0.006603297740845463,0.0035217587951175806,0.0021124092751104713,0.02815795742161956,0.013100747306927077,0.014564460735320466,0.07088319279098335,0.0037733129947688368
134,0.014421815127257563,0.03505789395184602,0.02499781288724644,0.03124726610905806,0.13321999701701492,0.012498906443623222,0.3444957443828128,0.022056893724040978,0.019735115437299826,0.005785121252168325,0.018748359665434835,0.051687959208152355,0.005420869166374267,0.013935211447506786,0.12639356425541562,0.006943836913124012,0.008521981666106742,0.013887673826248025,0.03749671933086967,0.05955958436215145,0.013887673826248025
135,0.11739252094432887,0.17661379269084176,0.009894525857268356,0.0063607666225296575,0.0431845637300491,0.030788994511238704,0.031668680068702666,0.10426357772552024,0.04481044930975874,0.02264814873203491,0.08170962237486001,0.023751510051527,0.0017125140906810619,0.011729140766186173,0.03439352246479709,0.08996784110426895,0.05212900498250784,0.0634655918078288,0.011310242881679523,0.039585850085878345,0.002619139197512212
136,0.16047525574659657,0.10372691719871181,0.043738607040594346,0.007076444591664029,0.021869303520297173,0.04306854804722584,0.058318142720792485,0.034990885632475495,0.058318142720792485,0.010291436950728084,0.02915907136039624,0.034990885632475495,0.16632121791326673,0.02499348973748249,0.006032911315944049,0.07360213908614867,0.0012485249371949293,0.05276827362760851,0.01457953568019812,0.019439380906930825,0.034990885632475495
137,0.0797138328419668,0.04347222790865364,0.017388891163461453,0.028981485272435756,0.07968860294937105,0.026925426672168556,0.028981485272435756,0.07968860294937105,0.04347222790865364,0.009660495090811919,0.07968860294937105,0.07968860294937105,0.005434028488581705,0.02173611395432682,0.021059208355449697,0.09266051676397864,0.129545027703109,0.001797937080521668,0.04347222790865364,0.04347222790865364,0.04347222790865364
138,0.10208499946776856,0.02346967255569231,0.15782998461160888,0.2371544215333247,0.04302773301876924,0.04995743020517577,0.021513866509384617,0.036880914016087916,0.0048900638981201165,0.033238316085295434,0.02346967255569231,0.028685155345846154,0.011734836277846158,0.01229363800536264,0.005492902087502456,0.0872505797239005,0.012908319905630773,0.011664224134989722,0.019858953700970412,0.06980046377912041,0.006793852581910932
139,0.08413681255585863,0.10828487484370908,0.0037474409941207266,0.0027064851624205247,0.030938535669631163,0.07507751322497161,0.060639529912477085,0.023322896120183487,0.024750828535704927,0.021997727837657483,0.022523253967491483,0.050532941593730896,0.04452936138937432,0.07846074558507102,0.09962208485621235,0.14333314602662775,0.03971419456459995,0.025478794080872728,0.0027064851624205247,0.05630813491872871,0.0011882129981358402
140,0.10859178797182095,0.08981302238360721,0.008143659900442317,0.008883992618664344,0.006107744925331737,0.0026470711127536965,0.13031014556618511,0.012410490053922398,0.008883992618664344,0.26062029113237023,0.09355600194495342,0.013960559829329686,0.005429106600294877,0.012215489850663475,0.01482008729252785,0.06957192632057399,0.011583124050327572,0.13451369864896529,0.0015878026067964956,0.004002977107213646,0.0023470274645913994
141,0.02158430243759991,0.01947247289485842,0.3582645946284782,0.0364855945047621,0.01947247289485842,0.03725585764098644,0.013908909210613156,0.02596329719314456,0.029957650607474493,0.010248669944662328,0.03894494578971684,0.03037713665522272,0.010525661024247797,0.032454121491430704,0.021636080994287134,0.015759890012349072,0.008851124043117465,0.0059503292762012,0.05563563684245263,0.18675391202421207,0.020497339889324652
142,0.016187450015049645,0.6084309951901553,0.007084145884757496,0.013282773533920298,0.0075901563050973135,0.004620095142233148,0.006250716957138966,0.005264742835846566,0.006641386766960151,0.002083572319046321,0.005903454903964578,0.02032849644455436,0.00308896333808447,0.008855182355946867,0.0035420729423787465,0.00231926789043992,0.09761350068922206,0.15977484924842728,0.008855182355946867,0.008855182355946867,0.003427812524882658
143,0.017222835497676187,0.017222835497676187,0.015309187109045498,0.019683240568772783,0.08164878517384867,0.0068891341990704735,0.03061837421809099,0.06123658888038651,0.017222835497676187,0.2529153921200868,0.035112124650450674,0.025051397087528994,0.0011839755591737848,0.008397517007648249,0.005035672817782885,0.010598667998569958,0.008350465695842997,0.32659514069539475,0.018371024530854596,0.027556536796281894,0.013778268398140947
144,0.00846239931651172,0.0161188558409747,0.024178283761462062,0.0161188558409747,0.22641385001231168,0.005372951946991567,0.014717216202629075,0.02875096508092847,0.022566398177364586,0.311097699748382,0.03081590169566359,0.014103998860852864,0.010068832870714698,0.011288748123445625,0.003113372436924435,0.005549114305909324,0.009955763901778495,0.204555800558758,0.013539838906418751,0.013539838906418751,0.009671313504584823
145,0.258077575040533,0.29151226099660776,0.010559014893665824,0.012183478723460569,0.021247544071120204,0.0029655396234220875,0.01319876861708228,0.015084306990951177,0.015838522340498734,0.006211185231568131,0.021118029787331648,0.022626460486426764,0.007542153495475588,0.024366957446921137,0.0009976058832317765,0.038640716243497894,0.00659938430854114,0.20018920674561977,0.0053940682178566825,0.008975465790402074,0.016671755065785616
146,0.006502339770962767,0.026203800455095096,0.36140558847259185,0.021281114447070735,0.043673000758491815,0.00103629243828395,0.039305700682642636,0.03275475056886886,0.03023515437126356,0.010078384790421188,0.02312100040155449,0.200987455267894,0.014037750243800941,0.043673000758491815,0.008933113791509689,0.0075587885928158904,0.013101900227547548,0.07186159351531525,0.015722280273057054,0.017296789977279906,0.011230200195040752
147,0.009952865290714081,0.01592458446514253,0.02843675797346881,0.022117478423809074,0.02654097410857089,0.008846991369523627,0.014744985615872714,0.3661570454380239,0.015312100447252435,0.12322676755555291,0.06715406635684586,0.017309330940372316,0.012064079140259495,0.016588108817856807,0.004926128275894622,0.012842406826727848,0.0027173539731966895,0.1840866400845801,0.013728090056157355,0.02488216322678521,0.012441081613392602
148,0.01573362386620466,0.06205332874408318,0.1332557069500124,0.018073609595012835,0.010283260631645235,0.5486785370153225,0.025931700723279282,0.017542032842218336,0.020566521263290467,0.005522491820698366,0.014200693253224367,0.016119705855011445,0.014200693253224367,0.024851213193142648,0.0064829251808198205,0.0044404519018000094,0.008771016421109168,0.012674863582280824,0.015293054272703168,0.017040831903869243,0.008283737731047548
149,0.014492338160257094,0.019970307865884253,0.016487482584170602,0.6813685455606354,0.018472534775942934,0.03484967071747774,0.03694506955188587,0.026389335394204187,0.008669908311647972,0.005911211128301739,0.02239095124356719,0.019444773448360982,0.0090109925736307,0.014778027820754344,0.008493119437215141,0.007104821067670359,0.010866196927025255,0.006550349246108829,0.010262519319968298,0.02111146831536335,0.006430376549927747
150,0.05887427241510328,0.13282897101824326,0.0316259454805341,0.19299935959915684,0.0024462739696911894,0.07511162051626849,0.07058544353626452,0.00278369106895894,0.07888310539397586,0.00184125702213542,0.05270990913422351,0.03459087786933417,0.0002199999567315538,0.0737938727879129,0.05479743028805414,0.0741719879650445,0.03267535978505002,0.022614251338231375,0.0014415543035680223,0.0035098713478177936,0.0014949452037001712
151,0.45594315621416126,0.014793507274816108,0.011084612591278761,0.005542306295639381,0.005733420305833843,0.08876104364889664,0.007917580422341973,0.007917580422341973,0.006927882869549226,0.0016761601051931568,0.1134168891069235,0.006394968802660825,0.031042156867969104,0.007557690403144612,0.0017502019880966467,0.1527377357388972,0.019792968791766917,0.04568583128987326,0.003260180173905519,0.009237177159398967,0.0028269495273110733
152,0.1468256990495416,0.062215550988424434,0.004994730572137604,0.004328766495852589,0.0022729767537486437,0.14354254122684915,0.067630620385727,0.006834894467135669,0.006834894467135669,0.00196762113447845,0.023187641275106398,0.19967135542452744,0.06933310607177358,0.034099472463391775,0.0023189820513496015,0.11919198163887117,0.09027632378801857,0.0028231085842516886,0.003509810672312911,0.004081703899504195,0.004058218589861803
153,0.019121659933844723,0.028003189304609186,0.0066386381424925235,0.0049254412024944535,0.03885035669098611,0.07948469526298932,0.03399406210461285,0.21023807353923354,0.0072708893941584776,0.07446318365772338,0.1174340327250262,0.002619991483572433,0.0036354446970792388,0.0177360324024067,0.0014103972302750192,0.14014858928012813,0.022199149530192752,0.14092083927003143,0.004241352146592446,0.042939867921616234,0.00372411407993483
154,0.11053431109871684,0.10023776923194197,0.012491168165826613,0.00527347984422245,0.0827846047068509,0.07353291448562083,0.07904628946723878,0.009413633980043247,0.02095292724590271,0.029767950907080492,0.008660543261639788,0.024982336331653227,0.11131909936209561,0.007732627912178382,0.01252071906197246,0.1381658387604526,0.0461782875657279,0.0660102382746935,0.03608559692349912,0.022288162805690633,0.0020215006069519395
155,0.031425401973147,0.06586773225617858,0.20066888765879012,0.12599409478442,0.02588486320242806,0.02352303874444361,0.05854909533882541,0.05880365662290723,0.003963065113724437,0.03688593006346,0.004898664826563436,0.05511690699137701,0.01756472860164762,0.013716261514377623,0.0016328882755211455,0.06902630187314152,0.06403807302684028,0.10480697797523145,0.017564728601647612,0.004286331723243007,0.01578237083208486
156,0.03427798485415281,0.011405821910582007,0.009980094171759258,0.004466076000184191,0.02661358445802469,0.0032570625820177745,0.01260643474327485,0.5695611740489861,0.015968150674814812,0.006177391320304864,0.004403510137245565,0.015968150674814812,0.004354950184040403,0.015968150674814812,0.004202144914424952,0.004990047085879629,0.007984075337407406,0.2201058800575702,0.008259388280076625,0.01260643474327485,0.006843493146349206
157,0.049827058395205084,0.032030640457828136,0.015741313391596057,0.44162099242077,0.08007660114457033,0.05791302464798229,0.018479215648747,0.028262329815730708,0.005765801696902408,0.010676880152609376,0.04003830057228516,0.02287902889844867,0.01000957514307129,0.032030640457828136,0.008735629215771307,0.012319477099164665,0.014131164907865352,0.021237240847255607,0.04003830057228516,0.036958431297494,0.021228353216589016
158,0.010957847950355109,0.0357823149679973,0.057203728963471034,0.3952550944061493,0.042938777961596765,0.023454006295307164,0.017175511184638708,0.02862585197439784,0.1423261941871381,0.01192743832266577,0.021469388980798382,0.04770975329066307,0.011605075124755884,0.0636636738223274,0.008419368227764071,0.00692560934864464,0.01192743832266577,0.012661121539711903,0.01651491460061414,0.022599356821893037,0.01085753370644468
159,0.11337715301090244,0.05043098530560079,0.018491361278720295,0.09245680639360146,0.0326318140212711,0.06431777836076623,0.010404124132631816,0.024866408994419074,0.011560137925146463,0.027737041918080435,0.06934260479520109,0.08321112575424132,0.011531187755630086,0.1512929559168024,0.003356169075042522,0.07719136222573712,0.09553680955241978,0.028250690842489337,0.01734020688771969,0.008670103443859847,0.00800317240971678
160,0.00852565383167639,0.02858601578856201,0.026997903800308566,0.02858601578856201,0.034711590600396726,0.007497531185795864,0.02208919401843428,0.06074528355069427,0.04417838803686857,0.008257334674046808,0.030372641775347136,0.0373817129542734,0.012519539607678142,0.101068720874757,0.44649817900492966,0.012788480747514581,0.017998602533539045,0.00952867192952067,0.020248427850231426,0.03239748456037029,0.00902262688649305
161,0.06894754633794604,0.3388968743704252,0.02560770638275333,0.06828721702067553,0.018623786460184238,0.008110352549035818,0.009311893230092117,0.0025410953874928414,0.030646896720080457,0.005391096080579647,0.015758588543232813,0.014632975075859042,0.004112244682012898,0.013657443404135106,0.004764224443302945,0.12574987771538637,0.18828848629484315,0.0060253426782949,0.013657443404135106,0.02560770638275333,0.011381202836779255
162,0.13680428128921626,0.021600675993034148,0.012555969786211443,0.0226007456151806,0.01837380904512864,0.04244343353017237,0.05930287787373016,0.13920435639955342,0.012555969786211443,0.10364547636617023,0.10080315463415934,0.060481892780495615,0.0007612236452400916,0.008692594467377154,0.009314297064624924,0.005600175257453295,0.048534852231261916,0.12053230666845033,0.00941697733965858,0.010273066188718453,0.05650186403795149
163,0.09823762617771863,0.10387806404438191,0.00542338754851551,0.003254032529109306,0.01658557325078367,0.047857278653606894,0.09287921020438851,0.011288980889813654,0.12674808882744504,0.021645578649327833,0.02764262208463944,0.07739934183699045,0.0026563530849871885,0.03166336711513245,0.11950523351637196,0.06552753767220233,0.05144115020518887,0.00542338754851551,0.010554455705044152,0.07739934183699043,0.002989388618846232
164,0.17862074479590337,0.08284023138987831,0.006292694920952194,0.0038303360388404657,0.004404886444666536,0.0015116219907891477,0.0056837244447310135,0.053846150403420896,0.0056837244447310135,0.0813519312361348,0.05224085110370638,0.03632225530171588,0.001532134415536187,0.014990137108644648,0.001295554836666628,0.0857362719994432,0.2098619195210251,0.16266343054787183,0.002936590963111024,0.005873181926222046,0.0024816261660093163
165,0.0024203630662921207,0.024677623464831083,0.005833695595678446,0.0075838042743819785,0.07593706630178215,0.002774562539408041,0.0031792116019850616,0.14257883414772815,0.0066915920068076305,0.21072274022866563,0.459901164571852,0.004945959309379552,0.009980833266507899,0.003554908253616553,0.01014137177791545,0.001636792289434959,0.0025853878208120383,0.011401865234315044,0.005055869516254654,0.005687853205786484,0.002708501526564993
166,0.17697141107983555,0.04314976746200357,0.09681738228306047,0.09520196433617958,0.0022136255505740927,0.055453109995817415,0.08055550828445965,0.00518952677148862,0.004115831577387526,0.009450426216032004,0.00542541435201083,0.06667543656102738,0.01395336084095451,0.01633643174999531,0.008258973829164297,0.11024199060178715,0.1230322196099833,0.01249256545587877,0.027529912763880993,0.04444849243380749,0.0024866482446716303
167,0.048655585294135065,0.06775645166955149,0.006402888470886329,0.004908881161012853,0.06164508544053312,0.01047966452489063,0.005664093647322521,0.0835558195528354,0.015775217666852952,0.10423529233249468,0.1358882731219061,0.06113137639519534,0.002414203849678452,0.003980173914334745,0.0010790482247883515,0.06946747317635833,0.20208358682319594,0.0999818589020759,0.0035063436864377516,0.008187237910070807,0.003201444235443165
168,0.1014151886031425,0.16234584920895517,0.006928535431056521,0.004875488632863576,0.011669112304937302,0.020600017815638652,0.007152036573993829,0.20293231151119398,0.009639701469296031,0.20415713411385558,0.01679178354603243,0.006928535431056521,0.002091633337677441,0.00583455615246865,0.002608389809338926,0.003079349080469565,0.004808152328488219,0.20477053240842732,0.008868525351752348,0.008868525351752348,0.003634641537603421
169,0.08547612824608798,0.06801674110432689,0.07274012590323847,0.08139535231996943,0.010536101018413947,0.09669609547785812,0.10627615797551075,0.008104693091087653,0.022267385480583206,0.0016209386182175307,0.005545316325481025,0.09777406533746989,0.0021502246976354993,0.07855933597549755,0.0005265818321747377,0.08016258773009956,0.16085959271173308,0.007082727940727294,0.006410396810645935,0.004789136826551794,0.0030103145766896995
170,0.07487993586954382,0.1271256179943665,0.1458572545288487,0.0819268490753654,0.022579639510407847,0.08595930901239908,0.022784961404395707,0.009878592285803437,0.009878592285803437,0.0032256627872011222,0.12489534399446535,0.012407128952804485,0.013820386425617066,0.013597476967139373,0.002000727551555126,0.10839131639519672,0.07835790872102384,0.01272674484281734,0.0052685825524285,0.040582908438601316,0.0038550604042159754
171,0.007428404165234693,0.027977944200466287,0.01586977253481957,0.011637833192201017,0.30251857866249243,0.0032616601193489413,0.03173954506963914,0.016625475988858596,0.015179782424610025,0.004860855100033734,0.01246910699164395,0.012039137785035533,0.007273645745125635,0.011294145020034512,0.0011623258464667312,0.0050599274748700076,0.006714134533962124,0.008312737994429298,0.3229397624245308,0.17430832389600753,0.00132690083018936
172,0.0027193299586169483,0.018088589810961606,0.017464845334721556,0.015347894385058335,0.005046889684284291,0.0069467608454097576,0.01219131458275667,0.037304619575269954,0.014470871848769289,0.46703789546095476,0.27103649241034694,0.028137806372606954,0.0270936270450414,0.010776181163977131,0.004272497326358246,0.006411145755783863,0.007673947192529169,0.007350004166106944,0.012662012867673126,0.01875853758173797,0.009208736631035
173,0.06167727691490219,0.03915937403628531,0.04036014784795092,0.16798204667340233,0.003793068654649728,0.01799976937949344,0.06841637762661341,0.0033716165819108698,0.03550418182341504,0.012316830962168302,0.08266978963215788,0.0757806404961447,0.0018769824270431648,0.13746779900805053,0.007645760890835411,0.06692316303555637,0.1343384081522566,0.034808332476698046,0.0027585953851998034,0.004137893077799704,0.0010119449174663168
174,0.007687813834207516,0.014784257373475995,0.014784257373475995,0.0025259746822988904,0.017472304168653446,0.007392128686737997,0.012813023057012525,0.026267354791190075,0.3533618055490586,0.00835631938500817,0.02402441823189849,0.013598297524725609,0.006627425719144411,0.015546430067869562,0.3495097128993678,0.007537072386477956,0.0063204595244597,0.008939318411869205,0.0202310890373882,0.0202310890373882,0.061989448258291786
175,0.05749301391394174,0.013551924708286265,0.005990874158269702,0.004680370436148206,0.006807811543488299,0.012769630484914137,0.17863900751831896,0.005164546688163536,0.0873957902437934,0.0022354008053245165,0.013551924708286265,0.09239948664740634,0.002995437079134851,0.09938078119409928,0.13774571241134245,0.07833043649709513,0.045261221982678575,0.003403905771744149,0.009360740872296412,0.13551924708286262,0.00732273525240516
176,0.013595022807268169,0.03625339415271511,0.03198828895827804,0.03198828895827804,0.03625339415271511,0.02265837134544695,0.01699377850908521,0.02265837134544695,0.03625339415271511,0.020534439527405603,0.030211161793929263,0.016478815523961417,0.49963515040440076,0.026123005870895506,0.011097977801851566,0.005895480289184946,0.050548984551267946,0.018126697076357556,0.025895281537653653,0.025895281537653653,0.02091541970348949
177,0.030195507669981074,0.017754279191145635,0.010266792029912954,0.0851977015308054,0.010266792029912954,0.1698466479468904,0.04216641307897088,0.010870720972849008,0.006600080590658326,0.03594513901813911,0.012493752023398778,0.007700094022434716,0.00674662609263534,0.15333241119625773,0.005487522877623484,0.05826631625457794,0.16355457194267486,0.07487317325139767,0.009995915309826724,0.08433282615794177,0.004106716811965181
178,0.18065453270012508,0.027783024078203808,0.013109704947457553,0.09029482825416241,0.019688008056490368,0.12626894306240152,0.18844138070433888,0.02812572579498624,0.016406673380408642,0.00428000175141095,0.02461001007061296,0.01789818914226397,0.0036459274178685876,0.007572310790957835,0.0028952953024250546,0.05472093229622042,0.1117923950137983,0.04585512698605528,0.007572310790957835,0.019009437527192086,0.009375241931662082
179,0.009724096789254483,0.035288283781082355,0.020096466697792602,0.012560291686120375,0.2772471105505111,0.007536175011672225,0.020096466697792602,0.010078980262831938,0.043063857209555585,0.04397087121045584,0.020096466697792602,0.016747055581493833,0.009134757589905729,0.02318823080514531,0.006553195662323674,0.021284184606668064,0.012057880018675561,0.005932015136632536,0.3117923868520143,0.07471078962309856,0.01884043752918056
180,0.06769085845688448,0.4487093323972509,0.019504089673719666,0.024380112092149582,0.019648290190091917,0.020415419559869523,0.028682484814293623,0.017414365780106845,0.014775825510393688,0.007066699157144807,0.018753932378576598,0.023219154373475794,0.014341242407146817,0.02566327588647324,0.0015823196587233387,0.00591394534841883,0.008554425295491084,0.20357773103077936,0.009988467299440775,0.009517979953851867,0.010600048735717212
181,0.009634253697956341,0.012291978856013262,0.018761441411809722,0.039607487424931635,0.029705615568698728,0.00828993922847406,0.008911684670609616,0.3273818169652556,0.07129347736487693,0.0074264038921746794,0.006169630631885766,0.010802042024981352,0.008694326507911819,0.032406126074944065,0.008307724038465967,0.006725799751403484,0.003481643731577727,0.3306973770206316,0.02546195620174177,0.016974637467827843,0.016974637467827843
182,0.013377565187898942,0.035952206442478395,0.02054411796713051,0.004109211836577284,0.04424886946766573,0.01743137282059559,0.019174510102655144,0.03383737076939143,0.5293663999976439,0.007989379209439646,0.01647839435297561,0.014447009478831957,0.010272058983565258,0.07924889842782508,0.0029009894923601866,0.011984068814159466,0.006071881659156748,0.019174510102655144,0.08217647186852206,0.02054411796713051,0.010670595051341401
183,0.0013271491137471143,0.041197377105105716,0.024557479107130634,0.0388402800203417,0.04911495821426127,0.007640104611107309,0.01637165273808709,0.22766971558084745,0.03820052305553655,0.04950652900110448,0.006254367981182386,0.02148779421873931,0.007314993776592103,0.014948030760862126,0.007813743352268839,0.011855334741373413,0.014948030760862126,0.31590049745812504,0.03820052305553655,0.02865039229165241,0.03820052305553655
184,0.0713539389543479,0.1297344344624507,0.019570399231707853,0.01118308527526163,0.015656319385366286,0.028541575581739153,0.05257658659794056,0.02609386564227714,0.008697955214092381,0.1437504281841606,0.1009620449263934,0.09234039158797963,0.0006722773581392802,0.0629683517524853,0.002213711455683909,0.05648853500552539,0.0060726756556891805,0.008742590943114968,0.009209599638450758,0.1433860335313401,0.009785199615853928
185,0.3679324310805487,0.11825165668725603,0.042956552868879096,0.042956552868879096,0.07128768885619988,0.009202962831284146,0.006443482930331864,0.01431885095629303,0.018409951229519616,0.009913050662049023,0.025773931721327456,0.010739138217219774,0.004602487807379903,0.01610870732582966,0.0036528747449594903,0.0757570785154166,0.006782613610875646,0.11798384388992755,0.014693106580564259,0.016041984368175746,0.006191052247083586
186,0.007913322055693305,0.03956661027846654,0.01978330513923327,0.017585160123762905,0.14487508857184195,0.013188870092822179,0.011304745793847581,0.07913322055693307,0.03165328822277323,0.001438893037798139,0.14487508857184195,0.03956661027846654,0.14510400093525108,0.031194791728791076,0.008427548137983102,0.009291660377172968,0.05702759815109667,0.017585160123762905,0.14487508857184195,0.015826644111386616,0.01978330513923327
187,0.03958250427843304,0.0013167159543076424,0.01979125213921652,0.03958250427843304,0.19036375371800596,0.011874751283529912,0.0011588764841540288,0.03958250427843304,0.10877742442578339,0.01696393040504273,0.03958250427843304,0.01718899788904826,0.05937375641764958,0.10877742442578339,0.10877742442578339,0.007965171163344458,0.01484343910441239,0.010795228439572646,0.03958250427843304,0.10893301685254175,0.015186315479658692
188,0.0012608079672184998,0.01806163643204294,0.019124085633927822,0.05418490929612882,0.027092454648064413,0.008336139891712127,0.16255472788838643,0.00276108917182845,0.03612327286408588,0.008555511994125605,0.027092454648064413,0.011210670888854241,0.010518673183920605,0.021673963718451532,0.08200596964167864,0.13443011399594978,0.2986444991083014,0.008786742048020891,0.02500841967513638,0.027092454648064413,0.015481402656036808
189,0.28565522309731356,0.1542152935322225,0.008935607584699629,0.010560263509190471,0.009293031888087614,0.1359684146943877,0.012227673536957386,0.01941164365227022,0.010101121617486537,0.003520087836396823,0.011616289860109518,0.002583428608153532,0.03826959926662573,0.013666223364834725,0.006891394796047024,0.2133407078679007,0.024852850989597414,0.005957071723133085,0.013666223364834725,0.012227673536957386,0.007040175672793646
190,0.025927079639856118,0.08825509306462909,0.0537204914306438,0.13179427230984606,0.02059285504841345,0.07329660271469193,0.04804999511296472,0.03645173073807,0.025741068810516812,0.008075629430750372,0.03861160321577522,0.04519622290988193,0.041738314724708445,0.04029036857298285,0.009193238860898864,0.10528834377995193,0.10484300421586841,0.0812875857174215,0.008790456731828801,0.0057137968756887205,0.007142246094610902
191,0.07879388766100356,0.0810451415941751,0.027402614236547752,0.014353750314382152,0.023186827430925018,0.10437631871977096,0.015864671400106594,0.005968714527315228,0.008657798631946729,0.1602394410992018,0.2769409216999227,0.018839297287626577,0.01205715026408101,0.023186827430925018,0.006130164614790437,0.00753571891505063,0.08551891455237969,0.001833087146571337,0.020095250440135017,0.018839297287626577,0.009134204745515915
192,0.01606044584855329,0.044969248375949206,0.022484624187974603,0.02645249904467601,0.037474373646624336,0.01405289011748413,0.07144665342043632,0.14512121860342053,0.020440567443613278,0.03098585905590623,0.4133796976733755,0.044969248375949206,0.008993849675189841,0.023668025461025904,0.007765657654826053,0.008817499681558668,0.003849267272675259,0.012493081499957088,0.012848356678842631,0.022484624187974603,0.011242312093987301
193,0.03495487434317722,0.04806133223120208,0.015676767766324387,0.48605701234973003,0.02403066611560104,0.0016021317527306416,0.033042165908951426,0.04066728111870945,0.060181444906116585,0.011014055302983808,0.029370814141290162,0.03524497696954819,0.01355576037290315,0.04095771597135836,0.008527010557148756,0.0128945037693469,0.013216866363580571,0.013070834111417183,0.03109850909077782,0.03109850909077782,0.015676767766324387
194,0.06338300408825809,0.12793946746190454,0.0048929163634418345,0.020794894544627802,0.21560169516728359,0.0037808899172050536,0.018657839004861083,0.0010441995353947155,0.01148174707991451,0.021323244576984084,0.09328919502430538,0.01755207303127441,0.0008756943855984772,0.17911525444666637,0.024877118673148103,0.009806601918227966,0.07630464979185743,0.023161455316379274,0.0059413984413222275,0.07463135601944432,0.0055453052119007465
195,0.005111643127815748,0.03234185447527481,0.021907041976353212,0.009020546696145439,0.05727203396663249,0.003932033175242884,0.017038810426052497,0.2598044332019211,0.006693989495454965,0.18390347507178992,0.1406862715533188,0.009020546696145439,0.003566262647313313,0.008519405213026247,0.0026607425725649787,0.005111643127815748,0.00535952989406409,0.20564389592487364,0.007667464691723622,0.008071015464972235,0.006667360601498803
196,0.12028682196368824,0.055218608898632456,0.039267996521905595,0.1388382121926724,0.010779042047824558,0.022557521061194664,0.05999058744542785,0.00887685815703199,0.008692416938971744,0.08169770790265506,0.07104148513274351,0.04294780692115858,0.0018630443045622696,0.048783595343618376,0.0019102099831587826,0.1578565881508928,0.004078556450528212,0.001683577381101395,0.004572926929380116,0.115696132930468,0.003360303342383629
197,0.03625782200927331,0.02266032998162094,0.017734171289964212,0.015687920756506803,0.03453125905645076,0.007178781252875666,0.00849762374310785,0.06906251811290152,0.04265626118738036,0.025544521793273954,0.08701877282225594,0.02146768103521984,0.003641838747046222,0.004082488704080092,0.37546373596903176,0.011330569377897906,0.014503128803709322,0.06305708175525793,0.010458613837671202,0.029134709976369775,0.10003016978810485
198,0.005575776898346513,0.017523870251946187,0.021647133840639404,0.014153895203494995,0.02628580537791928,0.0044337503047092745,0.01268969914796103,0.028307790406989997,0.01533338647045291,0.33852173437224176,0.11583294458092408,0.01672733069503954,0.0015442232160251949,0.008032117891785241,0.0030737384641977613,0.006032807791653603,0.007829814367890847,0.01099844792483345,0.008177806117574885,0.3294481123074831,0.007829814367890847
199,0.084515146592038,0.1400459320130886,0.004077081292411613,0.004077081292411613,0.00372255248437582,0.001902637936458753,0.002249666975733861,0.05499985693604934,0.012843224680593074,0.0224796195420308,0.38194345094478704,0.003567446130860161,0.0010338232806354863,0.07868023135075385,0.0017841265545415247,0.005092579345930493,0.08986904728112635,0.08647776247806498,0.004506247744244414,0.01527773803779148,0.0008547471060726452
200,0.004965273238441598,0.11078977786266689,0.011327029575194892,0.014214311623773982,0.011327029575194892,0.008986680475487393,0.06340733910168116,0.012286947335804628,0.01318054350568133,0.0075874501525614105,0.009930546476883195,0.010068470733506573,0.002125894113819569,0.008734095094126183,0.6709283375996699,0.0035710832158249908,0.004142456530356989,0.004931495869472607,0.010660733717830488,0.00979634990287126,0.007038154299150225
201,0.034259444956406294,0.03369965010417744,0.007205296665101558,0.005257919188047083,0.019256942916672824,0.0006808497871742394,0.09332210798079907,0.03610676796876154,0.18965221325544085,0.03390896470109779,0.06648289364001181,0.03249609117188538,0.001870605864978289,0.06932499450002216,0.17892082167068044,0.05896383426573833,0.059076734254917045,0.028489723767132394,0.0030450401856673185,0.04456606789287138,0.0034130352624165278
