site,A,C,D,E,F,G,H,I,K,L,M,N,P,Q,R,S,T,V,W,Y,*
111,0.02016,0.20391,0.08320,0.42333,0.01403,0.00372,0.01124,0.01128,0.03340,0.00426,0.01339,0.01509,0.00754,0.01079,0.00475,0.09024,0.00770,0.00507,0.01059,0.00960,0.01672
112,0.04568,0.06091,0.10518,0.22903,0.00655,0.03039,0.01341,0.03915,0.04602,0.03679,0.08591,0.04414,0.01494,0.04695,0.01444,0.06274,0.05661,0.03638,0.00472,0.00975,0.01032
113,0.00570,0.01489,0.01450,0.01918,0.02195,0.00560,0.03725,0.02199,0.01905,0.01767,0.02229,0.01521,0.69023,0.02049,0.00538,0.01196,0.00961,0.00789,0.01293,0.01654,0.00970
114,0.06783,0.07161,0.00853,0.03251,0.02559,0.00200,0.02644,0.11159,0.05142,0.10745,0.13693,0.01343,0.00330,0.04292,0.01942,0.04892,0.07295,0.09566,0.02069,0.03718,0.00362
115,0.06577,0.09881,0.00918,0.00812,0.04325,0.04660,0.08570,0.04356,0.01181,0.12236,0.07340,0.08212,0.02858,0.07624,0.02483,0.03589,0.02089,0.05974,0.02837,0.02975,0.00501
116,0.02478,0.03126,0.01112,0.00935,0.03171,0.00220,0.02915,0.05508,0.00911,0.02162,0.10213,0.01916,0.00610,0.06572,0.00628,0.00766,0.32126,0.16759,0.05712,0.01384,0.00776
117,0.00762,0.02852,0.01405,0.16476,0.02503,0.00379,0.01305,0.03140,0.08926,0.03810,0.01788,0.09804,0.01703,0.27909,0.05892,0.03885,0.01808,0.00651,0.01074,0.01939,0.01990
118,0.00982,0.02490,0.02067,0.02278,0.02725,0.06444,0.01792,0.05629,0.02583,0.00890,0.01923,0.02618,0.01198,0.05048,0.01262,0.40038,0.14033,0.00809,0.01597,0.02481,0.01114
119,0.01889,0.04361,0.01786,0.02485,0.03837,0.01245,0.01286,0.03706,0.02429,0.00805,0.03006,0.04142,0.01786,0.02474,0.00875,0.01855,0.04069,0.01016,0.02058,0.50732,0.04158
120,0.01525,0.03131,0.02489,0.03281,0.03456,0.49309,0.03614,0.03300,0.02357,0.00834,0.03081,0.02475,0.01279,0.02714,0.01589,0.00963,0.01478,0.04094,0.04802,0.02924,0.01306
121,0.01270,0.05085,0.02362,0.01786,0.04599,0.00594,0.04542,0.02580,0.03384,0.02129,0.03687,0.02885,0.01167,0.02856,0.02750,0.01420,0.01786,0.00885,0.46423,0.05661,0.02149
122,0.01652,0.03190,0.02359,0.02385,0.03465,0.00638,0.01874,0.04518,0.05315,0.01282,0.03246,0.48562,0.01656,0.03634,0.00864,0.01752,0.03218,0.01285,0.02113,0.05415,0.01577
123,0.05761,0.10640,0.02733,0.02121,0.01915,0.00950,0.02099,0.44250,0.01976,0.05893,0.02041,0.02099,0.01316,0.02419,0.01441,0.00764,0.00369,0.06512,0.01831,0.01944,0.00925
124,0.08105,0.20211,0.00973,0.00580,0.01683,0.00174,0.00836,0.14115,0.00920,0.01439,0.03829,0.00741,0.00430,0.00924,0.00263,0.01027,0.18317,0.23437,0.00712,0.00802,0.00483
125,0.01213,0.02107,0.01260,0.01214,0.01685,0.01780,0.03887,0.02015,0.24708,0.01418,0.01479,0.01893,0.01240,0.03078,0.42002,0.04183,0.01284,0.00487,0.00712,0.01768,0.00587
126,0.00786,0.09647,0.01171,0.01064,0.02158,0.00390,0.00787,0.03095,0.02094,0.27529,0.35258,0.01173,0.00584,0.01367,0.00365,0.00489,0.01795,0.01986,0.01926,0.05599,0.00735
127,0.02876,0.01560,0.01159,0.00336,0.01570,0.02704,0.03009,0.04757,0.21420,0.02206,0.02875,0.07802,0.00499,0.09116,0.18710,0.06334,0.07189,0.02672,0.01213,0.01276,0.00718
128,0.14706,0.03963,0.03946,0.03529,0.01056,0.10230,0.00673,0.02811,0.06015,0.00425,0.03166,0.05923,0.04595,0.03338,0.03424,0.15630,0.12016,0.02670,0.00627,0.00806,0.00448
129,0.07068,0.04443,0.07484,0.06288,0.03541,0.08739,0.06299,0.00679,0.05605,0.03606,0.03593,0.05703,0.05971,0.09234,0.06795,0.06945,0.01783,0.00619,0.00749,0.04023,0.00832
130,0.05032,0.09122,0.00720,0.02275,0.02701,0.00392,0.11848,0.12411,0.03845,0.04064,0.04779,0.02110,0.00237,0.05689,0.02553,0.05410,0.08787,0.07433,0.05783,0.04600,0.00208
131,0.00807,0.01687,0.43645,0.08015,0.02700,0.00925,0.01942,0.02675,0.02518,0.00870,0.03519,0.17221,0.00835,0.02048,0.00657,0.01075,0.01243,0.00773,0.02653,0.02835,0.01355
132,0.13303,0.19560,0.00511,0.00727,0.03556,0.00147,0.01304,0.12040,0.01483,0.08430,0.02502,0.01134,0.00382,0.01906,0.00295,0.02320,0.09268,0.18297,0.00914,0.01151,0.00770
133,0.01762,0.07249,0.00748,0.00823,0.14987,0.01008,0.11953,0.00723,0.00828,0.06964,0.08140,0.13855,0.00319,0.04575,0.00317,0.02063,0.07699,0.00609,0.02990,0.12036,0.00354
134,0.01969,0.03935,0.01755,0.02110,0.04867,0.01839,0.22973,0.01880,0.03496,0.02372,0.02779,0.07625,0.00591,0.07183,0.11772,0.02760,0.02744,0.02518,0.05343,0.08710,0.00778
135,0.06788,0.10920,0.00917,0.00939,0.06171,0.01097,0.05331,0.07869,0.04734,0.06160,0.08479,0.03874,0.00190,0.08936,0.03862,0.06558,0.06355,0.05033,0.00742,0.04825,0.00219
136,0.13327,0.05044,0.02398,0.02613,0.02821,0.08839,0.17295,0.02214,0.02958,0.00794,0.02004,0.03753,0.10974,0.02348,0.00431,0.06910,0.01317,0.04220,0.02049,0.05763,0.01927
137,0.07437,0.07561,0.05009,0.01483,0.07434,0.01821,0.01911,0.06242,0.03627,0.03067,0.06242,0.04111,0.02120,0.02738,0.03175,0.08523,0.11943,0.00858,0.06307,0.05339,0.03053
138,0.06260,0.02747,0.10365,0.22555,0.03053,0.06461,0.02291,0.04860,0.01803,0.03385,0.05344,0.03241,0.01112,0.09230,0.00455,0.04140,0.02358,0.02928,0.01502,0.04712,0.01197
139,0.06370,0.05950,0.00503,0.00229,0.02050,0.07373,0.03373,0.01565,0.04627,0.03033,0.06600,0.07099,0.05435,0.08507,0.10406,0.10846,0.06560,0.03997,0.00974,0.04380,0.00123
140,0.06936,0.09246,0.00711,0.00798,0.01128,0.00211,0.22697,0.04376,0.01026,0.11889,0.06944,0.02047,0.00474,0.01137,0.00777,0.07977,0.06855,0.13963,0.00189,0.00370,0.00248
141,0.01489,0.02228,0.39654,0.03658,0.02006,0.01582,0.01992,0.02548,0.03663,0.00925,0.03270,0.04313,0.00995,0.03834,0.01461,0.00873,0.01090,0.00705,0.04340,0.17245,0.02128
142,0.01028,0.21916,0.01853,0.02209,0.02215,0.00838,0.01551,0.05590,0.01514,0.00491,0.01850,0.02944,0.01696,0.02132,0.00832,0.00600,0.25283,0.19730,0.03018,0.01726,0.00984
143,0.01190,0.01836,0.02079,0.01484,0.13265,0.00673,0.02245,0.12122,0.01971,0.24286,0.03035,0.02510,0.01125,0.01525,0.01154,0.00792,0.01062,0.21672,0.01501,0.03550,0.00922
144,0.00643,0.01069,0.01825,0.01307,0.24639,0.00489,0.01316,0.10056,0.01466,0.30135,0.07284,0.01679,0.00570,0.01715,0.00392,0.00508,0.00786,0.11083,0.01060,0.01276,0.00703
145,0.18542,0.31313,0.01212,0.01172,0.03190,0.00342,0.01724,0.01495,0.01414,0.00543,0.01527,0.02278,0.00725,0.02368,0.01132,0.06863,0.00819,0.18519,0.01287,0.02484,0.01051
146,0.01417,0.01955,0.40050,0.01979,0.03422,0.00284,0.10457,0.04006,0.04132,0.00925,0.02543,0.10345,0.01395,0.04751,0.00804,0.00723,0.01279,0.03261,0.01200,0.03939,0.01131
147,0.00697,0.01110,0.01819,0.01443,0.01593,0.00506,0.01293,0.27814,0.01700,0.16952,0.19235,0.01489,0.00731,0.01166,0.00409,0.00777,0.00637,0.17275,0.00967,0.01607,0.00780
148,0.02213,0.06348,0.08617,0.01870,0.01183,0.58828,0.02428,0.01620,0.02032,0.00514,0.01474,0.01743,0.01159,0.02014,0.00671,0.00991,0.01042,0.01344,0.01379,0.01739,0.00790
149,0.01759,0.01719,0.04541,0.66034,0.01613,0.02813,0.03391,0.02085,0.01149,0.00472,0.01779,0.01894,0.00901,0.02140,0.00629,0.00590,0.00874,0.01089,0.01063,0.01834,0.01629
150,0.09047,0.10963,0.04428,0.12172,0.00284,0.06880,0.04615,0.00341,0.08885,0.01554,0.04683,0.05688,0.00202,0.09731,0.03808,0.08822,0.04794,0.02269,0.00161,0.00376,0.00297
151,0.32949,0.07298,0.01115,0.00631,0.00844,0.16752,0.00785,0.01007,0.01003,0.01341,0.03185,0.00868,0.01531,0.00853,0.00225,0.21199,0.02347,0.03583,0.00463,0.00969,0.01052
152,0.12782,0.06286,0.00597,0.00483,0.03580,0.11163,0.05670,0.00575,0.00852,0.00233,0.00813,0.15192,0.07413,0.08867,0.00194,0.13554,0.07646,0.00787,0.00429,0.02503,0.00380
153,0.03439,0.03809,0.01261,0.00346,0.02820,0.04525,0.06531,0.15662,0.00685,0.09117,0.14390,0.02394,0.00327,0.04067,0.00597,0.10701,0.04938,0.11180,0.00755,0.02217,0.00238
154,0.09264,0.08940,0.01274,0.00992,0.05965,0.05477,0.10529,0.01154,0.01885,0.01483,0.01508,0.04784,0.10130,0.01054,0.01370,0.11686,0.05978,0.05431,0.03355,0.07540,0.00201
155,0.05363,0.04050,0.07154,0.09907,0.02289,0.02437,0.05122,0.09455,0.02160,0.05024,0.05123,0.04786,0.02999,0.08367,0.01118,0.05544,0.07467,0.08167,0.01735,0.00403,0.01331
156,0.01914,0.09016,0.01030,0.01547,0.01834,0.01270,0.02428,0.34582,0.01837,0.02912,0.04460,0.03344,0.00508,0.01237,0.00509,0.00652,0.03341,0.24425,0.00970,0.01449,0.00735
157,0.06248,0.02405,0.09108,0.36730,0.05565,0.02606,0.01612,0.04166,0.02902,0.00986,0.03435,0.02329,0.00863,0.04259,0.00660,0.00968,0.01239,0.02788,0.02717,0.02666,0.05748
158,0.06277,0.04607,0.07636,0.27256,0.02183,0.01531,0.01442,0.01918,0.04158,0.00646,0.04060,0.03877,0.00819,0.15795,0.00580,0.03626,0.05855,0.02098,0.01100,0.02113,0.02421
159,0.06294,0.09129,0.03355,0.05514,0.04359,0.03807,0.03958,0.02598,0.04378,0.02469,0.06312,0.06258,0.00756,0.13686,0.01677,0.08531,0.07746,0.04324,0.02381,0.01988,0.00478
160,0.00719,0.02239,0.02630,0.02314,0.02369,0.00728,0.01766,0.04180,0.08500,0.02902,0.02922,0.04288,0.03345,0.08911,0.42039,0.00957,0.01445,0.00810,0.01519,0.04148,0.01268
161,0.03492,0.22443,0.02036,0.17243,0.01897,0.00521,0.01027,0.01111,0.03897,0.00484,0.01822,0.01472,0.00617,0.01511,0.00730,0.12786,0.21470,0.00627,0.01684,0.02125,0.01006
162,0.09810,0.05575,0.02746,0.10375,0.03238,0.02639,0.05764,0.07542,0.03746,0.09386,0.10923,0.04965,0.00470,0.03831,0.01591,0.02561,0.03135,0.06049,0.01486,0.01355,0.02814
163,0.06308,0.05241,0.00787,0.00315,0.01497,0.04501,0.10786,0.02454,0.12808,0.02319,0.05760,0.07605,0.00246,0.06644,0.12736,0.08355,0.04492,0.02349,0.01008,0.03348,0.00439
164,0.14832,0.13312,0.00518,0.00549,0.00453,0.00485,0.00552,0.10242,0.00546,0.08098,0.07543,0.03321,0.00153,0.00797,0.00112,0.06041,0.15788,0.15701,0.00277,0.00459,0.00221
165,0.00276,0.03573,0.00676,0.00890,0.03872,0.00305,0.00901,0.12585,0.00769,0.27139,0.38134,0.00644,0.01888,0.00491,0.00319,0.00199,0.00304,0.05399,0.00627,0.00628,0.00379
166,0.08513,0.05191,0.07205,0.08947,0.00368,0.07268,0.06590,0.00381,0.03497,0.00426,0.02959,0.08186,0.01275,0.09195,0.03471,0.09358,0.09900,0.00811,0.01183,0.05106,0.00172
167,0.10785,0.13277,0.00523,0.00412,0.02944,0.00473,0.01189,0.08925,0.01917,0.10420,0.12844,0.01558,0.00283,0.00544,0.00594,0.05889,0.15978,0.09308,0.00314,0.01544,0.00279
168,0.12842,0.13836,0.00755,0.00815,0.00946,0.00561,0.00815,0.18244,0.00789,0.20020,0.04332,0.00723,0.00221,0.00562,0.00242,0.00283,0.01158,0.20907,0.00723,0.00782,0.00442
169,0.08377,0.05798,0.09174,0.11024,0.00994,0.09583,0.08990,0.00942,0.02222,0.00529,0.00657,0.08565,0.00224,0.06863,0.00343,0.11572,0.07669,0.04086,0.01426,0.00649,0.00311
170,0.10910,0.06301,0.10842,0.05738,0.02271,0.06699,0.05368,0.02050,0.00644,0.00316,0.04992,0.05143,0.05047,0.05057,0.00176,0.08056,0.07344,0.03497,0.01391,0.07887,0.00272
171,0.00721,0.05092,0.01371,0.01286,0.16985,0.00305,0.02736,0.02149,0.01355,0.00865,0.01115,0.01361,0.00774,0.01141,0.00450,0.00509,0.00697,0.00634,0.33237,0.26711,0.00509
172,0.00254,0.01411,0.02002,0.01333,0.04603,0.00556,0.02287,0.09297,0.01493,0.44128,0.20651,0.02251,0.02220,0.01193,0.00510,0.00663,0.00661,0.00590,0.01172,0.01617,0.01107
173,0.09223,0.03260,0.08516,0.15336,0.00357,0.04127,0.05331,0.00446,0.03591,0.01739,0.06005,0.10411,0.00152,0.09224,0.02536,0.07288,0.09256,0.02278,0.00298,0.00540,0.00086
174,0.00860,0.01409,0.01575,0.03113,0.01665,0.00607,0.01684,0.03626,0.33401,0.00681,0.02271,0.03318,0.00666,0.02671,0.30669,0.00614,0.00633,0.00888,0.01502,0.01662,0.06485
175,0.02595,0.05021,0.00823,0.01042,0.02152,0.02050,0.17183,0.02225,0.07556,0.00905,0.02664,0.10379,0.00423,0.08143,0.16562,0.08928,0.03062,0.01309,0.01252,0.04585,0.01140
176,0.01448,0.03679,0.03033,0.03989,0.02921,0.01523,0.01434,0.02883,0.02345,0.04435,0.02955,0.01717,0.44827,0.08649,0.00964,0.00766,0.03290,0.01606,0.02434,0.03180,0.01918
177,0.09440,0.04546,0.03324,0.06991,0.02766,0.12650,0.05597,0.01549,0.00450,0.04554,0.06157,0.02851,0.00882,0.07951,0.01075,0.07559,0.11210,0.03961,0.01859,0.04340,0.00289
178,0.11724,0.06125,0.03252,0.13797,0.01024,0.07585,0.16134,0.01638,0.00944,0.00267,0.04197,0.08261,0.00244,0.02187,0.00189,0.08022,0.08063,0.03842,0.00578,0.01224,0.00702
179,0.00931,0.02461,0.02186,0.02242,0.32646,0.00744,0.02618,0.01625,0.03855,0.03070,0.02594,0.02207,0.01209,0.02386,0.00858,0.01305,0.01327,0.00661,0.25167,0.08214,0.01693
180,0.11597,0.39116,0.01353,0.01788,0.02779,0.00995,0.02314,0.01594,0.01417,0.00599,0.01299,0.02205,0.01136,0.02145,0.01488,0.01232,0.00895,0.14465,0.01056,0.09574,0.00955
181,0.00864,0.01829,0.01824,0.04000,0.02650,0.00817,0.01536,0.36244,0.05146,0.01292,0.01304,0.01199,0.01026,0.03057,0.00732,0.00738,0.00563,0.28452,0.03065,0.01946,0.01715
182,0.01237,0.02977,0.02379,0.01659,0.03878,0.01249,0.01627,0.02967,0.46968,0.00758,0.02414,0.07151,0.00746,0.03237,0.02755,0.01023,0.01244,0.01401,0.10704,0.02326,0.01300
183,0.01197,0.03736,0.02409,0.02181,0.03272,0.00637,0.02351,0.26734,0.02295,0.09654,0.03669,0.02179,0.00696,0.01397,0.00695,0.00919,0.02081,0.26740,0.02794,0.02155,0.02210
184,0.05222,0.06075,0.02348,0.05233,0.02306,0.06058,0.06992,0.03358,0.01217,0.16944,0.12947,0.06663,0.00149,0.06645,0.00287,0.03477,0.01401,0.01572,0.01507,0.08190,0.01407
185,0.14926,0.16887,0.04238,0.06302,0.05238,0.02118,0.00997,0.02272,0.02604,0.01233,0.03612,0.10674,0.00704,0.02460,0.00433,0.06647,0.01283,0.08750,0.01083,0.01687,0.05855
186,0.05551,0.03715,0.08881,0.02243,0.07329,0.01230,0.01407,0.05737,0.03805,0.00806,0.07502,0.03615,0.17841,0.08840,0.01772,0.01175,0.04163,0.01779,0.07867,0.02782,0.01960
187,0.04249,0.02250,0.01454,0.04515,0.08478,0.03225,0.00195,0.07071,0.08628,0.01591,0.04678,0.02001,0.03871,0.10608,0.05681,0.02961,0.02626,0.01683,0.04835,0.16081,0.03318
188,0.00943,0.02099,0.01898,0.03713,0.02421,0.00901,0.12276,0.02327,0.03006,0.00832,0.03800,0.04928,0.01535,0.02341,0.02465,0.14329,0.31976,0.00816,0.03275,0.02467,0.01652
189,0.15038,0.13534,0.01043,0.01036,0.01374,0.13680,0.00991,0.05684,0.01409,0.00405,0.01247,0.03301,0.05021,0.01314,0.01216,0.22044,0.07521,0.00544,0.01257,0.01363,0.00980
190,0.04011,0.05605,0.03096,0.09549,0.01992,0.04954,0.06021,0.05228,0.05685,0.03371,0.04875,0.11344,0.03544,0.05490,0.02493,0.05324,0.08336,0.07335,0.00585,0.00705,0.00456
191,0.16302,0.17614,0.01387,0.01276,0.01422,0.04077,0.01578,0.03168,0.00712,0.13413,0.19796,0.01767,0.00762,0.01151,0.00391,0.03128,0.07663,0.01329,0.01065,0.01460,0.00540
192,0.01264,0.03166,0.04185,0.02483,0.07946,0.00979,0.05227,0.13125,0.02325,0.03548,0.35049,0.04055,0.00906,0.03106,0.00620,0.00802,0.03272,0.02031,0.01257,0.03563,0.01092
193,0.02533,0.03074,0.02868,0.46646,0.02874,0.02647,0.03344,0.04083,0.03470,0.01021,0.03115,0.03244,0.01152,0.04785,0.00917,0.01127,0.01259,0.03545,0.02735,0.03315,0.02247
194,0.07773,0.06532,0.00502,0.04532,0.10881,0.00493,0.04838,0.00939,0.03208,0.04870,0.07426,0.04462,0.00264,0.17566,0.02716,0.04365,0.08182,0.03279,0.01056,0.05633,0.00481
195,0.00695,0.03219,0.01625,0.01063,0.08751,0.00371,0.01764,0.22204,0.01208,0.20213,0.15787,0.01341,0.00427,0.01285,0.00416,0.00474,0.00754,0.15526,0.00753,0.01443,0.00682
196,0.05704,0.08656,0.12797,0.11232,0.06246,0.01478,0.04276,0.00899,0.01787,0.08723,0.04561,0.04877,0.00173,0.07156,0.00140,0.09361,0.00281,0.00225,0.02315,0.08218,0.00892
197,0.02334,0.01877,0.01211,0.01124,0.03605,0.01486,0.00814,0.06573,0.19814,0.10173,0.04440,0.01836,0.00316,0.06229,0.27149,0.00712,0.00742,0.03101,0.01017,0.02067,0.03381
198,0.00613,0.02724,0.01575,0.01260,0.10284,0.00326,0.01141,0.01919,0.01329,0.29648,0.23183,0.01804,0.00797,0.02271,0.00359,0.00469,0.00663,0.01572,0.02959,0.14349,0.00756
199,0.05034,0.21772,0.00278,0.00460,0.00363,0.00176,0.00529,0.13865,0.02927,0.03967,0.13494,0.00305,0.00097,0.07966,0.01632,0.03084,0.10968,0.11541,0.00474,0.00550,0.00516
200,0.00438,0.07816,0.01121,0.01267,0.01039,0.00754,0.11075,0.01299,0.02234,0.00829,0.01174,0.01158,0.00239,0.00919,0.63870,0.00876,0.00407,0.00520,0.01062,0.01148,0.00755
201,0.06807,0.03477,0.00629,0.00616,0.01730,0.00221,0.08289,0.02648,0.17694,0.03093,0.06112,0.04115,0.00214,0.09767,0.17716,0.04715,0.05761,0.03225,0.00833,0.02016,0.00321
202,0.00391,0.02289,0.01671,0.01183,0.28676,0.00798,0.22996,0.01202,0.01087,0.00338,0.01116,0.04585,0.00381,0.01336,0.01181,0.00417,0.00423,0.00573,0.17406,0.11163,0.00788
203,0.01526,0.02227,0.01879,0.04128,0.03356,0.53542,0.01980,0.03044,0.02053,0.00791,0.02193,0.02279,0.00843,0.02028,0.02198,0.00844,0.01160,0.04575,0.05410,0.02613,0.01330
204,0.00870,0.02361,0.01917,0.06549,0.02563,0.53438,0.01698,0.03236,0.02283,0.00767,0.02520,0.02080,0.00665,0.02562,0.02195,0.00737,0.01164,0.03512,0.02204,0.02374,0.04304
205,0.41081,0.09614,0.00418,0.00535,0.00454,0.07854,0.00281,0.00486,0.00322,0.00096,0.00331,0.00336,0.00110,0.00369,0.00114,0.09583,0.25265,0.00871,0.00249,0.00393,0.01237
206,0.00209,0.00517,0.00449,0.00693,0.19019,0.00256,0.00295,0.34222,0.00597,0.18491,0.12091,0.00354,0.00113,0.00488,0.00180,0.00261,0.00198,0.09317,0.00536,0.01101,0.00613
207,0.05528,0.02540,0.01046,0.01426,0.03512,0.00904,0.00776,0.24120,0.01653,0.05893,0.02219,0.01136,0.00212,0.01099,0.00346,0.00333,0.00472,0.42509,0.02132,0.01193,0.00950
208,0.00700,0.01463,0.01630,0.02000,0.01924,0.02037,0.01102,0.04501,0.04724,0.00556,0.01594,0.01566,0.00412,0.01525,0.65068,0.02174,0.00680,0.01041,0.01852,0.01679,0.01773
209,0.01199,0.09105,0.00547,0.00400,0.00544,0.00285,0.00924,0.15807,0.00386,0.30350,0.07743,0.01362,0.01173,0.00266,0.00105,0.02784,0.13636,0.12345,0.00370,0.00414,0.00253
210,0.01632,0.01905,0.02908,0.28363,0.01640,0.01004,0.00745,0.01958,0.03250,0.03060,0.01925,0.01316,0.34461,0.04427,0.00892,0.01562,0.02883,0.01188,0.01883,0.01642,0.01355
211,0.01326,0.03961,0.01548,0.01350,0.01724,0.00529,0.01770,0.06285,0.01504,0.38870,0.12136,0.01924,0.00338,0.02782,0.00413,0.02061,0.02427,0.15278,0.00710,0.02402,0.00659
212,0.01535,0.07597,0.01930,0.02289,0.01054,0.01048,0.02398,0.02048,0.02088,0.01373,0.02477,0.02314,0.01474,0.02181,0.00784,0.54104,0.01557,0.01103,0.02696,0.06637,0.01313
213,0.00857,0.03673,0.02458,0.02575,0.02666,0.01091,0.02933,0.02334,0.02299,0.02649,0.02335,0.01751,0.01238,0.02231,0.59687,0.01482,0.00874,0.00895,0.02245,0.02003,0.01723
214,0.00796,0.02147,0.06019,0.02192,0.02295,0.00831,0.00869,0.02191,0.05633,0.00542,0.02799,0.60714,0.00445,0.01759,0.00490,0.01698,0.01374,0.01696,0.01602,0.02713,0.01195
215,0.13940,0.01186,0.00823,0.02207,0.04715,0.03562,0.00869,0.01342,0.01726,0.00387,0.01509,0.01116,0.00925,0.01325,0.00328,0.28532,0.28992,0.01445,0.00926,0.03275,0.00870
216,0.03155,0.18726,0.01388,0.01813,0.01056,0.04245,0.00929,0.02367,0.01677,0.00327,0.02099,0.15004,0.00686,0.01886,0.00414,0.14452,0.23253,0.03806,0.01136,0.00814,0.00767
217,0.03192,0.03188,0.01361,0.01318,0.01560,0.07339,0.43516,0.01297,0.01206,0.04101,0.19368,0.01951,0.00469,0.02983,0.00872,0.01285,0.00490,0.00603,0.01108,0.02075,0.00719
218,0.00681,0.02532,0.04431,0.60874,0.01902,0.02351,0.01394,0.02091,0.05837,0.00507,0.02642,0.01711,0.00456,0.03687,0.00630,0.00478,0.00711,0.00740,0.01790,0.01927,0.02628
219,0.00729,0.01757,0.01706,0.01885,0.01294,0.00729,0.01026,0.06993,0.01273,0.13876,0.51240,0.01805,0.00435,0.01141,0.00428,0.00489,0.02041,0.07707,0.01439,0.01251,0.00754
220,0.00409,0.02873,0.00668,0.00966,0.28924,0.00410,0.02154,0.00804,0.00889,0.00467,0.03719,0.01169,0.00288,0.00872,0.00262,0.00207,0.00300,0.00508,0.01028,0.51323,0.01758
221,0.00801,0.05879,0.01533,0.01441,0.02203,0.02192,0.01235,0.01442,0.01374,0.01852,0.00968,0.01282,0.00535,0.01447,0.01184,0.00919,0.00548,0.00605,0.56968,0.14272,0.01322
222,0.02800,0.12025,0.01388,0.01340,0.03136,0.00509,0.01794,0.22251,0.02147,0.00617,0.01513,0.01560,0.01316,0.01292,0.00481,0.00574,0.00781,0.40930,0.01140,0.01493,0.00911
223,0.00523,0.03519,0.00964,0.00952,0.05484,0.04285,0.00615,0.01088,0.06713,0.00283,0.01045,0.28616,0.00714,0.01230,0.00459,0.38273,0.01215,0.00461,0.00893,0.02161,0.00506
224,0.08728,0.07810,0.11360,0.06300,0.00373,0.02233,0.08124,0.00613,0.04156,0.00980,0.05532,0.19262,0.00029,0.07425,0.03140,0.06413,0.04887,0.01135,0.00565,0.00873,0.00062
