site,A,C,D,E,F,G,H,I,K,L,M,N,P,Q,R,S,T,V,W,Y,*
111,0.00884,0.24592,0.07124,0.42518,0.01425,0.00177,0.01167,0.01152,0.06144,0.00435,0.01374,0.01556,0.00769,0.01109,0.00488,0.04970,0.00786,0.00629,0.01080,0.00981,0.00641
112,0.06294,0.05791,0.07672,0.11030,0.00327,0.02470,0.01200,0.05215,0.05757,0.04750,0.10819,0.05779,0.02307,0.05890,0.02624,0.07405,0.08311,0.04783,0.00212,0.01246,0.00118
113,0.00620,0.01553,0.01512,0.02000,0.02281,0.00582,0.01900,0.02282,0.01981,0.01511,0.02313,0.01591,0.71161,0.02121,0.00559,0.00382,0.00741,0.00820,0.01355,0.01724,0.01010
114,0.06043,0.06555,0.00733,0.03670,0.03622,0.00170,0.03071,0.09673,0.04442,0.10930,0.11630,0.01801,0.00275,0.04236,0.02505,0.06802,0.08413,0.08423,0.02843,0.03855,0.00306
115,0.07657,0.13150,0.00892,0.00639,0.02715,0.04943,0.05963,0.05726,0.01107,0.09376,0.05057,0.07594,0.04441,0.08034,0.03174,0.04010,0.02065,0.07849,0.01850,0.03366,0.00391
116,0.01465,0.04763,0.01136,0.00722,0.03335,0.00194,0.03425,0.08823,0.00953,0.00381,0.11426,0.02122,0.00636,0.10585,0.00957,0.01058,0.20485,0.16643,0.08693,0.01422,0.00777
117,0.00755,0.03080,0.01201,0.18764,0.02132,0.00326,0.01595,0.02710,0.05476,0.03945,0.01756,0.12511,0.00929,0.23695,0.07704,0.06155,0.02395,0.00564,0.00920,0.01670,0.01718
118,0.01135,0.01650,0.02098,0.02365,0.02909,0.03762,0.01821,0.01599,0.02639,0.00917,0.01975,0.03922,0.01234,0.05164,0.00427,0.40801,0.19422,0.00815,0.01628,0.02574,0.01142
119,0.01872,0.05188,0.01780,0.02493,0.03513,0.01249,0.00642,0.03737,0.02430,0.00803,0.03053,0.03518,0.01779,0.02487,0.00881,0.02418,0.04053,0.01028,0.02070,0.49932,0.05073
120,0.01027,0.03378,0.02673,0.04098,0.03791,0.52846,0.03938,0.03554,0.02629,0.00896,0.03292,0.02685,0.01369,0.02839,0.00521,0.01032,0.01563,0.02086,0.01229,0.03124,0.01431
121,0.01296,0.01662,0.02450,0.01828,0.05462,0.00467,0.06502,0.02651,0.03537,0.00705,0.03751,0.02905,0.01193,0.02917,0.02164,0.00902,0.01827,0.00899,0.46756,0.08619,0.01507
122,0.01780,0.03388,0.04355,0.02533,0.03693,0.00685,0.02003,0.03047,0.03055,0.01366,0.03498,0.51420,0.01793,0.03945,0.00921,0.00202,0.01238,0.01359,0.02259,0.05784,0.01674
123,0.09802,0.18538,0.02253,0.01744,0.01573,0.00782,0.01725,0.35497,0.01633,0.04042,0.00604,0.01728,0.01086,0.01963,0.01038,0.00627,0.00304,0.11185,0.01512,0.01601,0.00763
124,0.06820,0.19843,0.00946,0.00647,0.00839,0.00170,0.00941,0.18457,0.01025,0.01909,0.04525,0.00826,0.00481,0.01023,0.00293,0.00454,0.12496,0.26076,0.00793,0.00899,0.00534
125,0.01781,0.02270,0.00939,0.00899,0.01248,0.03120,0.02575,0.01477,0.37982,0.00407,0.01140,0.01767,0.00733,0.04429,0.30553,0.04375,0.01680,0.00358,0.00524,0.01312,0.00431
126,0.00768,0.16611,0.01313,0.01181,0.02693,0.00431,0.00876,0.02230,0.02346,0.30061,0.28912,0.01282,0.00407,0.01539,0.00321,0.00544,0.01377,0.03125,0.01282,0.01883,0.00819
127,0.05256,0.02047,0.01137,0.00477,0.01306,0.02496,0.04574,0.05541,0.17591,0.02788,0.01475,0.08557,0.00419,0.08736,0.14982,0.08139,0.07000,0.03844,0.01544,0.01401,0.00689
128,0.11035,0.04852,0.05495,0.03960,0.00738,0.09064,0.00504,0.00602,0.09706,0.00454,0.04235,0.06088,0.05574,0.05004,0.05516,0.10722,0.11504,0.03599,0.00455,0.00573,0.00322
129,0.08058,0.06604,0.08509,0.05746,0.01918,0.08729,0.05265,0.00695,0.08149,0.01508,0.02516,0.06897,0.05072,0.10779,0.06962,0.07565,0.00600,0.00468,0.00317,0.03465,0.00180
130,0.05555,0.08819,0.00854,0.03765,0.03556,0.00103,0.08110,0.12489,0.03880,0.05065,0.06437,0.00926,0.00186,0.05439,0.02860,0.04684,0.09718,0.08673,0.03955,0.04680,0.00246
131,0.00792,0.01621,0.42822,0.03804,0.02673,0.00156,0.01402,0.02695,0.02456,0.00857,0.03421,0.24918,0.00820,0.02004,0.00644,0.01237,0.01223,0.00731,0.02680,0.01738,0.01305
132,0.11939,0.19910,0.00553,0.00788,0.01465,0.00121,0.01413,0.17103,0.01601,0.10100,0.02774,0.01227,0.00415,0.02064,0.00320,0.00429,0.05299,0.19409,0.00989,0.01246,0.00834
133,0.01992,0.04062,0.00854,0.01208,0.13447,0.00452,0.09549,0.00580,0.00756,0.08962,0.08664,0.11614,0.00296,0.04744,0.00308,0.02661,0.08856,0.00657,0.04002,0.16008,0.00328
134,0.02870,0.06060,0.00741,0.01414,0.04425,0.02860,0.14962,0.02269,0.04826,0.02978,0.03610,0.07764,0.00463,0.07264,0.10523,0.04954,0.04768,0.03627,0.06341,0.06777,0.00503
135,0.06376,0.12452,0.01062,0.01038,0.05671,0.00162,0.03974,0.08076,0.05966,0.08381,0.09720,0.00981,0.00222,0.10305,0.03624,0.04817,0.06845,0.05174,0.00424,0.04474,0.00254
136,0.11311,0.05114,0.02029,0.00573,0.01987,0.10413,0.28449,0.01929,0.02492,0.00699,0.01703,0.02581,0.07048,0.02043,0.00368,0.07614,0.01627,0.02639,0.01792,0.05916,0.01673
137,0.07610,0.06728,0.01286,0.01504,0.07608,0.00727,0.01956,0.06449,0.03825,0.03262,0.06449,0.04157,0.03333,0.02785,0.04983,0.07505,0.13794,0.00855,0.06561,0.05489,0.03134
138,0.05137,0.03616,0.06732,0.24798,0.03372,0.07748,0.02234,0.06137,0.02512,0.04551,0.02329,0.02886,0.01247,0.10758,0.00507,0.02824,0.02914,0.04024,0.01665,0.03255,0.00752
139,0.05615,0.06886,0.00489,0.00229,0.01800,0.07837,0.02111,0.02034,0.07120,0.03364,0.07217,0.06655,0.05270,0.08247,0.11239,0.09656,0.05138,0.03547,0.00665,0.04757,0.00123
140,0.06007,0.10272,0.00802,0.00902,0.00609,0.00232,0.20412,0.05494,0.01164,0.10646,0.05415,0.01271,0.00537,0.01300,0.00228,0.09033,0.08087,0.16832,0.00252,0.00225,0.00282
141,0.01537,0.02537,0.45175,0.03344,0.02280,0.00373,0.01904,0.02888,0.04116,0.01061,0.03720,0.06471,0.01129,0.04324,0.01649,0.00874,0.01282,0.00922,0.04833,0.07193,0.02388
142,0.00137,0.22583,0.02276,0.02739,0.02695,0.01038,0.01885,0.04273,0.01859,0.00600,0.02228,0.01859,0.02933,0.02603,0.01020,0.00733,0.30147,0.11459,0.03617,0.02117,0.01197
143,0.01232,0.01940,0.02206,0.01559,0.17327,0.00713,0.02361,0.08181,0.02088,0.25140,0.01048,0.02623,0.02106,0.01658,0.01897,0.00828,0.01129,0.19704,0.01575,0.03728,0.00957
144,0.00637,0.01058,0.01807,0.01296,0.26447,0.00485,0.01311,0.15535,0.01454,0.29326,0.07001,0.01670,0.00131,0.02347,0.00282,0.00504,0.00782,0.04906,0.01048,0.01274,0.00697
145,0.21469,0.30634,0.01200,0.01168,0.01898,0.00387,0.01956,0.01479,0.01418,0.00546,0.01555,0.02278,0.00728,0.02330,0.00543,0.09520,0.00817,0.17107,0.01745,0.00424,0.00798
146,0.02210,0.02250,0.46220,0.01782,0.03879,0.00136,0.06478,0.04660,0.04870,0.01070,0.02935,0.05788,0.01614,0.05425,0.00920,0.00826,0.01516,0.02971,0.01374,0.01792,0.01283
147,0.00524,0.00793,0.01301,0.01034,0.01130,0.00359,0.00931,0.19297,0.01181,0.22218,0.28769,0.01066,0.00521,0.00832,0.00239,0.00553,0.00215,0.16639,0.00693,0.01148,0.00556
148,0.02180,0.02067,0.04453,0.02117,0.01333,0.65500,0.02710,0.01844,0.02296,0.00579,0.01656,0.01949,0.01296,0.02242,0.00670,0.00481,0.01170,0.01062,0.01537,0.01968,0.00889
149,0.02365,0.01825,0.01752,0.69089,0.01722,0.02671,0.03564,0.02176,0.00849,0.00497,0.01863,0.02052,0.00955,0.02155,0.00659,0.00623,0.00922,0.00576,0.01116,0.01944,0.00626
150,0.10514,0.08832,0.05321,0.07630,0.00366,0.07548,0.04741,0.00444,0.06558,0.02451,0.04356,0.08095,0.00269,0.07853,0.02950,0.11363,0.07021,0.02796,0.00208,0.00494,0.00188
151,0.26367,0.10419,0.01291,0.00730,0.00963,0.21402,0.00912,0.01156,0.01185,0.01535,0.02176,0.00997,0.00212,0.00992,0.00259,0.23887,0.00999,0.02322,0.00531,0.01118,0.00547
152,0.11600,0.06298,0.00657,0.00532,0.06297,0.09357,0.04805,0.00630,0.00684,0.00259,0.00549,0.10680,0.10765,0.11082,0.00215,0.14672,0.07841,0.00679,0.00467,0.01509,0.00422
153,0.04421,0.05000,0.01892,0.00273,0.02502,0.02055,0.09495,0.12955,0.00798,0.09202,0.14925,0.03112,0.00258,0.05443,0.00784,0.08199,0.05578,0.09804,0.00934,0.02181,0.00189
154,0.09141,0.08143,0.00643,0.00395,0.08054,0.04851,0.11765,0.01359,0.02533,0.00733,0.00851,0.03932,0.09226,0.01224,0.01947,0.09835,0.06877,0.05224,0.03830,0.09250,0.00187
155,0.06670,0.04237,0.02331,0.08106,0.02276,0.02101,0.06752,0.06628,0.03234,0.05408,0.07404,0.05744,0.03897,0.10045,0.02086,0.05932,0.07726,0.06286,0.02419,0.00381,0.00334
156,0.01641,0.13963,0.00844,0.01769,0.01942,0.01348,0.03448,0.31157,0.01495,0.02646,0.07501,0.02924,0.00409,0.01027,0.00456,0.00612,0.05014,0.19274,0.00776,0.01157,0.00597
157,0.05947,0.02651,0.04411,0.39899,0.06079,0.01384,0.01788,0.04472,0.04272,0.01085,0.03858,0.02681,0.00944,0.04914,0.00719,0.01065,0.01387,0.04431,0.02906,0.02875,0.02231
158,0.10622,0.06014,0.01057,0.20364,0.01648,0.01688,0.01114,0.01459,0.00327,0.00500,0.03217,0.04719,0.00645,0.23828,0.00443,0.06378,0.10578,0.02350,0.00836,0.01629,0.00586
159,0.04207,0.08847,0.05384,0.07128,0.03682,0.03851,0.07076,0.03096,0.05830,0.02544,0.08199,0.07769,0.00326,0.09146,0.03086,0.04874,0.06595,0.02543,0.02828,0.02574,0.00414
160,0.00744,0.02358,0.02702,0.02390,0.02434,0.00598,0.01803,0.04312,0.13637,0.00729,0.03012,0.04629,0.01090,0.05934,0.43099,0.00996,0.01498,0.00826,0.01470,0.04573,0.01165
161,0.01458,0.27792,0.02040,0.15323,0.01784,0.00401,0.00958,0.01792,0.01537,0.00460,0.01631,0.01415,0.00601,0.01452,0.00468,0.16004,0.19720,0.00593,0.01536,0.02084,0.00951
162,0.09765,0.08576,0.02993,0.09312,0.03210,0.03501,0.03672,0.04107,0.05536,0.06792,0.13785,0.04764,0.00851,0.04788,0.01990,0.04075,0.03872,0.03426,0.01036,0.01744,0.02208
163,0.05914,0.03844,0.00994,0.00291,0.00813,0.05393,0.11023,0.01654,0.14130,0.02479,0.07371,0.09643,0.00228,0.05039,0.11420,0.08351,0.04515,0.03120,0.01247,0.01946,0.00585
164,0.11764,0.12978,0.00592,0.00613,0.00521,0.00293,0.00633,0.11035,0.00626,0.09084,0.09296,0.00493,0.00177,0.00441,0.00129,0.04425,0.18125,0.17682,0.00318,0.00524,0.00254
165,0.00315,0.02150,0.00774,0.01019,0.00331,0.00349,0.01405,0.10720,0.00873,0.30338,0.41399,0.00734,0.00478,0.00561,0.00188,0.00227,0.00348,0.05926,0.00716,0.00716,0.00434
166,0.05847,0.04857,0.07892,0.09107,0.00446,0.05692,0.07946,0.00319,0.05837,0.00411,0.02571,0.08523,0.00629,0.09479,0.06137,0.07545,0.10927,0.00547,0.01199,0.03945,0.00144
167,0.11085,0.15239,0.00578,0.00452,0.01116,0.00229,0.01649,0.06897,0.02700,0.12163,0.13925,0.00774,0.00349,0.00683,0.00626,0.04666,0.14508,0.10041,0.00347,0.01666,0.00307
168,0.14195,0.12342,0.00762,0.01136,0.00966,0.00192,0.00819,0.18194,0.00805,0.22129,0.02701,0.00729,0.00223,0.00569,0.00246,0.00288,0.01214,0.20511,0.00738,0.00797,0.00444
169,0.09007,0.05454,0.06521,0.11285,0.01072,0.09937,0.08970,0.01127,0.03290,0.00792,0.00782,0.08189,0.00247,0.09641,0.00407,0.11668,0.07320,0.02833,0.00274,0.00852,0.00331
170,0.09939,0.06127,0.06742,0.04021,0.02737,0.06554,0.06043,0.03078,0.00420,0.00345,0.05252,0.08430,0.06071,0.07413,0.00158,0.07634,0.07481,0.04693,0.02179,0.04506,0.00176
171,0.00984,0.02600,0.01838,0.01769,0.12043,0.00401,0.03660,0.03047,0.01822,0.00604,0.01502,0.01856,0.01067,0.01552,0.00782,0.00625,0.00946,0.00835,0.44809,0.16968,0.00291
172,0.00273,0.01479,0.02157,0.01432,0.04383,0.00583,0.02995,0.04621,0.01575,0.46304,0.21087,0.02339,0.02918,0.01237,0.00492,0.00706,0.00714,0.00623,0.01393,0.01748,0.00942
173,0.10474,0.03474,0.08516,0.11839,0.00284,0.03937,0.05297,0.00250,0.03103,0.02476,0.04998,0.12150,0.00122,0.09783,0.03676,0.07966,0.08893,0.02166,0.00236,0.00292,0.00067
174,0.00871,0.01427,0.01589,0.04532,0.01682,0.00634,0.02094,0.04497,0.32982,0.00691,0.02301,0.01244,0.00674,0.03602,0.30704,0.00623,0.00642,0.00897,0.01526,0.01687,0.05099
175,0.02219,0.05461,0.00819,0.01361,0.01137,0.03019,0.16160,0.01076,0.08496,0.00955,0.03165,0.10096,0.00422,0.10240,0.16281,0.09060,0.02729,0.01671,0.01267,0.03457,0.00907
176,0.01280,0.04438,0.03227,0.04256,0.03180,0.01579,0.01525,0.03201,0.02427,0.05804,0.03106,0.01813,0.47654,0.02812,0.00859,0.00550,0.02193,0.01998,0.02618,0.03423,0.02056
177,0.10785,0.05560,0.03295,0.08646,0.02291,0.12854,0.04805,0.01726,0.00463,0.04656,0.03352,0.03854,0.00917,0.09299,0.01318,0.08437,0.10690,0.01820,0.00394,0.04542,0.00299
178,0.10513,0.09130,0.01674,0.16548,0.00916,0.05683,0.13006,0.01471,0.00864,0.00243,0.06470,0.10903,0.00213,0.01245,0.00174,0.08502,0.06204,0.04086,0.00540,0.00961,0.00653
179,0.00940,0.02548,0.02185,0.02187,0.31642,0.00749,0.02588,0.01590,0.03898,0.01500,0.02575,0.02180,0.01197,0.02392,0.00850,0.01746,0.01323,0.00659,0.23814,0.11715,0.01720
180,0.12592,0.38030,0.01353,0.01768,0.01582,0.00972,0.02273,0.01571,0.01391,0.00596,0.01295,0.02211,0.01143,0.02133,0.02789,0.01599,0.00878,0.10976,0.01242,0.12653,0.00955
181,0.00862,0.01742,0.01787,0.03909,0.02634,0.00814,0.01473,0.34705,0.04970,0.00760,0.00573,0.01174,0.00999,0.03035,0.00731,0.00721,0.00466,0.32083,0.02966,0.01891,0.01705
182,0.01383,0.03180,0.02636,0.00677,0.04092,0.01356,0.01808,0.03318,0.50640,0.00822,0.01782,0.01597,0.00799,0.02195,0.05207,0.01121,0.00889,0.01529,0.11394,0.02547,0.01027
183,0.01785,0.04369,0.02328,0.01956,0.03171,0.00602,0.02289,0.26995,0.02219,0.12383,0.02927,0.02115,0.00676,0.01351,0.00673,0.00891,0.01034,0.25283,0.02714,0.02095,0.02144
184,0.01602,0.04507,0.02477,0.05565,0.02486,0.03580,0.08376,0.03348,0.01308,0.17883,0.17075,0.05886,0.00095,0.07576,0.00256,0.02081,0.01591,0.02055,0.01580,0.09196,0.01477
185,0.09905,0.20216,0.05360,0.07646,0.02600,0.00526,0.01251,0.02800,0.03052,0.01643,0.04723,0.16923,0.00827,0.03008,0.00090,0.04254,0.01128,0.10428,0.00886,0.00652,0.02082
186,0.01921,0.04359,0.10532,0.02670,0.08151,0.01429,0.01769,0.06814,0.04485,0.01046,0.08345,0.04212,0.21476,0.01816,0.01000,0.00245,0.03016,0.02167,0.08673,0.03486,0.02386
187,0.04611,0.02654,0.01583,0.04879,0.03178,0.03486,0.00212,0.07705,0.09340,0.01734,0.05117,0.02173,0.04226,0.11437,0.06093,0.03140,0.02838,0.01814,0.05284,0.17077,0.01420
188,0.01508,0.02328,0.02081,0.04051,0.02657,0.00999,0.13318,0.00415,0.03243,0.00912,0.04157,0.01431,0.01288,0.02569,0.01230,0.14144,0.34555,0.00903,0.03666,0.02737,0.01808
189,0.12119,0.12885,0.01280,0.01244,0.01699,0.11540,0.01188,0.01535,0.01699,0.00491,0.01512,0.03501,0.05975,0.01577,0.00252,0.26169,0.10355,0.00650,0.01495,0.01651,0.01182
190,0.03944,0.05610,0.03218,0.04798,0.00555,0.04269,0.05370,0.04517,0.08729,0.05246,0.07725,0.08432,0.03597,0.07350,0.04449,0.04619,0.07757,0.08092,0.00525,0.00764,0.00433
191,0.21272,0.26086,0.00965,0.00893,0.00985,0.01804,0.01119,0.03362,0.00502,0.11587,0.13355,0.00934,0.00529,0.00804,0.00287,0.04709,0.06233,0.02450,0.00745,0.01004,0.00373
192,0.01214,0.03100,0.04319,0.02311,0.12392,0.00920,0.04755,0.08023,0.02677,0.04105,0.32979,0.03813,0.00862,0.03136,0.00515,0.00762,0.06122,0.01707,0.01240,0.03987,0.01063
193,0.01110,0.03045,0.04001,0.45877,0.02907,0.05116,0.03352,0.04082,0.03563,0.01039,0.03139,0.03255,0.01168,0.02916,0.00928,0.01144,0.01258,0.04403,0.02744,0.03341,0.01611
194,0.07635,0.05657,0.00555,0.04150,0.09204,0.00317,0.04986,0.01360,0.05053,0.05820,0.09229,0.01863,0.00363,0.12618,0.04163,0.06592,0.08682,0.04182,0.00978,0.06074,0.00518
195,0.00653,0.03476,0.01633,0.01071,0.09399,0.00374,0.01775,0.20146,0.01321,0.22935,0.15505,0.01351,0.00430,0.01294,0.00549,0.00477,0.00145,0.14570,0.00757,0.01454,0.00686
196,0.03993,0.08955,0.14587,0.10385,0.06469,0.01161,0.03840,0.00965,0.02856,0.11572,0.04784,0.05602,0.00165,0.07875,0.00132,0.06405,0.00276,0.00138,0.02278,0.07235,0.00327
197,0.01176,0.01495,0.01108,0.01039,0.03188,0.00826,0.00819,0.07285,0.24913,0.11037,0.03597,0.01739,0.00248,0.10047,0.24465,0.00439,0.00691,0.02642,0.00951,0.02140,0.00155
198,0.00655,0.03446,0.01511,0.01208,0.16346,0.00313,0.01094,0.01843,0.01276,0.27688,0.21282,0.01730,0.01155,0.00989,0.00238,0.00451,0.00636,0.02025,0.03639,0.11752,0.00725
199,0.03786,0.30313,0.00186,0.00270,0.00242,0.00137,0.00686,0.16661,0.00408,0.04240,0.09745,0.00203,0.00065,0.05145,0.01530,0.03206,0.11515,0.11133,0.00238,0.00243,0.00048
200,0.00478,0.02525,0.01232,0.01385,0.01138,0.00954,0.11275,0.01427,0.02316,0.00280,0.01300,0.01277,0.00271,0.01011,0.68509,0.00350,0.00446,0.00571,0.01163,0.01263,0.00830
201,0.05896,0.03473,0.00620,0.00591,0.01692,0.00070,0.11811,0.02887,0.18977,0.03916,0.04917,0.03455,0.00208,0.08737,0.16880,0.03594,0.04974,0.04435,0.00897,0.01653,0.00317
202,0.00379,0.01553,0.01585,0.01162,0.22717,0.00762,0.21946,0.01351,0.01074,0.00286,0.01069,0.01846,0.00401,0.00478,0.02183,0.00408,0.00418,0.00546,0.24497,0.14563,0.00776
203,0.00848,0.02509,0.02104,0.04119,0.03707,0.58657,0.02254,0.03422,0.02337,0.00879,0.02409,0.02503,0.00978,0.02300,0.02300,0.00913,0.01311,0.00872,0.01299,0.02823,0.01457
204,0.00955,0.02534,0.02133,0.04808,0.02815,0.57772,0.01857,0.03552,0.02491,0.00836,0.02729,0.02281,0.00729,0.02823,0.02199,0.00808,0.01280,0.01080,0.02335,0.02636,0.01347
205,0.33913,0.12437,0.00267,0.00560,0.00284,0.04838,0.00178,0.00415,0.00205,0.00061,0.00212,0.00215,0.00071,0.00234,0.00153,0.11400,0.33683,0.00154,0.00161,0.00248,0.00308
206,0.00228,0.00517,0.00496,0.00759,0.14080,0.00282,0.00326,0.37032,0.00655,0.19820,0.14828,0.00389,0.00123,0.00537,0.00197,0.00395,0.00217,0.07585,0.00595,0.00398,0.00541
207,0.05028,0.03546,0.01048,0.01448,0.01081,0.01099,0.00785,0.26628,0.01669,0.06036,0.02215,0.01138,0.00214,0.01101,0.00346,0.00336,0.00469,0.41555,0.02116,0.01193,0.00951
208,0.00742,0.01549,0.01745,0.02121,0.02021,0.03334,0.01155,0.01624,0.02631,0.00590,0.01677,0.01686,0.00440,0.01636,0.67288,0.02608,0.00717,0.01103,0.01963,0.01776,0.01594
209,0.00898,0.11978,0.00602,0.00386,0.00619,0.00122,0.00916,0.16108,0.00426,0.27194,0.07730,0.01746,0.00260,0.00297,0.00116,0.03292,0.12733,0.13418,0.00413,0.00461,0.00284
210,0.01365,0.02004,0.03036,0.29580,0.01690,0.01041,0.00788,0.02068,0.03348,0.04411,0.01996,0.01385,0.35091,0.02112,0.00498,0.02789,0.00626,0.01119,0.01972,0.01695,0.01387
211,0.01162,0.05668,0.01687,0.01258,0.01533,0.00426,0.01918,0.05939,0.01599,0.41100,0.11378,0.02036,0.00365,0.03374,0.00444,0.01177,0.01399,0.13079,0.00755,0.03116,0.00586
212,0.01014,0.08327,0.02107,0.02486,0.01164,0.01148,0.02604,0.02240,0.02241,0.01298,0.02681,0.02508,0.00321,0.02343,0.00859,0.57549,0.01491,0.01200,0.02919,0.02074,0.01427
213,0.00950,0.00706,0.02719,0.02797,0.02990,0.01063,0.00835,0.02584,0.02542,0.01401,0.02592,0.01947,0.00684,0.02478,0.64604,0.00628,0.00976,0.00986,0.02445,0.02205,0.01868
214,0.00782,0.02089,0.11491,0.02148,0.02259,0.00812,0.00853,0.01812,0.02479,0.00531,0.02755,0.58056,0.00437,0.01728,0.00480,0.01407,0.01975,0.01669,0.01564,0.03500,0.01174
215,0.14269,0.01285,0.01006,0.02709,0.07054,0.01052,0.01063,0.01633,0.02100,0.00469,0.01831,0.01358,0.00177,0.01625,0.00400,0.34232,0.23906,0.00707,0.01128,0.00943,0.01054
216,0.00119,0.14914,0.01480,0.01933,0.01123,0.00574,0.00905,0.02386,0.01477,0.00351,0.01194,0.20210,0.00310,0.02727,0.00418,0.16359,0.24305,0.06315,0.01210,0.00870,0.00818
217,0.00728,0.01874,0.01820,0.01735,0.01524,0.00937,0.55751,0.01682,0.01583,0.00718,0.17877,0.01287,0.00458,0.04964,0.00239,0.00627,0.00646,0.00788,0.01435,0.02380,0.00947
218,0.00644,0.03018,0.01274,0.69736,0.02211,0.00219,0.01646,0.02441,0.01156,0.00596,0.03093,0.02028,0.00536,0.02011,0.00739,0.00559,0.00865,0.00862,0.02120,0.02227,0.02019
219,0.00926,0.01868,0.01928,0.02131,0.01474,0.00828,0.01169,0.09405,0.01339,0.12573,0.56956,0.02053,0.00493,0.01304,0.00399,0.00555,0.00317,0.00374,0.01635,0.01418,0.00857
220,0.00440,0.03950,0.00718,0.01041,0.24965,0.00441,0.01457,0.00866,0.00957,0.00503,0.04013,0.01376,0.00311,0.00940,0.00283,0.00223,0.00324,0.00547,0.01107,0.53982,0.01557
221,0.00885,0.02085,0.01687,0.01579,0.02090,0.02908,0.01372,0.01550,0.01498,0.00334,0.01064,0.01404,0.00591,0.01577,0.00160,0.00424,0.00599,0.00670,0.61246,0.15905,0.00372
222,0.00739,0.13481,0.01706,0.01380,0.01383,0.00511,0.01880,0.24216,0.02177,0.00564,0.01540,0.01610,0.01302,0.01307,0.00493,0.00583,0.00798,0.40742,0.01159,0.01501,0.00928
223,0.00612,0.01436,0.01072,0.01046,0.08030,0.01053,0.00691,0.01206,0.02082,0.00317,0.01163,0.34629,0.00420,0.01095,0.00314,0.41516,0.00413,0.00509,0.01000,0.00831,0.00565
224,0.09269,0.09138,0.12286,0.05733,0.00296,0.02458,0.08617,0.00228,0.04395,0.00661,0.03851,0.18417,0.00032,0.08680,0.03626,0.06298,0.05232,0.00340,0.00194,0.00180,0.00069
