site,A,C,D,E,F,G,H,I,K,L,M,N,P,Q,R,S,T,V,W,Y,*
111,0.03148,0.16190,0.09516,0.42148,0.01382,0.00568,0.01080,0.01103,0.00535,0.00416,0.01305,0.01462,0.00739,0.01049,0.00461,0.13078,0.00755,0.00384,0.01038,0.00940,0.02703
112,0.02841,0.06391,0.13365,0.34776,0.00983,0.03608,0.01482,0.02614,0.03447,0.02608,0.06364,0.03049,0.00681,0.03499,0.00265,0.05142,0.03010,0.02493,0.00731,0.00705,0.01946
113,0.00519,0.01424,0.01387,0.01837,0.02108,0.00539,0.05549,0.02116,0.01829,0.02023,0.02144,0.01452,0.66885,0.01977,0.00518,0.02010,0.01180,0.00759,0.01231,0.01585,0.00930
114,0.07522,0.07767,0.00974,0.02832,0.01495,0.00229,0.02218,0.12645,0.05842,0.10561,0.15757,0.00885,0.00385,0.04349,0.01379,0.02982,0.06177,0.10709,0.01294,0.03582,0.00417
115,0.05497,0.06612,0.00944,0.00986,0.05934,0.04376,0.11178,0.02986,0.01255,0.15097,0.09623,0.08830,0.01276,0.07214,0.01792,0.03169,0.02112,0.04100,0.03825,0.02584,0.00610
116,0.03491,0.01489,0.01087,0.01148,0.03007,0.00247,0.02404,0.02193,0.00869,0.03943,0.09000,0.01711,0.00583,0.02559,0.00299,0.00473,0.43767,0.16875,0.02732,0.01347,0.00776
117,0.00770,0.02623,0.01609,0.14187,0.02874,0.00432,0.01014,0.03569,0.12376,0.03676,0.01821,0.07097,0.02477,0.32122,0.04081,0.01615,0.01221,0.00738,0.01229,0.02207,0.02263
118,0.00830,0.03331,0.02036,0.02190,0.02540,0.09126,0.01762,0.09659,0.02527,0.00864,0.01870,0.01315,0.01161,0.04932,0.02097,0.39274,0.08644,0.00803,0.01566,0.02388,0.01086
119,0.01907,0.03533,0.01792,0.02477,0.04160,0.01241,0.01930,0.03674,0.02429,0.00807,0.02959,0.04765,0.01793,0.02460,0.00870,0.01292,0.04086,0.01005,0.02046,0.51532,0.03242
120,0.02022,0.02883,0.02306,0.02463,0.03121,0.45772,0.03290,0.03047,0.02085,0.00771,0.02871,0.02264,0.01190,0.02589,0.02656,0.00894,0.01393,0.06103,0.08376,0.02724,0.01181
121,0.01244,0.08507,0.02274,0.01745,0.03736,0.00721,0.02581,0.02510,0.03231,0.03552,0.03622,0.02865,0.01140,0.02796,0.03336,0.01938,0.01745,0.00871,0.46091,0.02703,0.02791
122,0.01524,0.02993,0.00362,0.02237,0.03237,0.00590,0.01746,0.05989,0.07575,0.01198,0.02994,0.45704,0.01518,0.03324,0.00806,0.03302,0.05198,0.01210,0.01967,0.05047,0.01481
123,0.01720,0.02742,0.03213,0.02498,0.02257,0.01118,0.02474,0.53003,0.02319,0.07744,0.03478,0.02470,0.01547,0.02874,0.01844,0.00901,0.00433,0.01840,0.02149,0.02287,0.01088
124,0.09390,0.20579,0.01001,0.00513,0.02526,0.00178,0.00730,0.09773,0.00815,0.00968,0.03132,0.00656,0.00379,0.00825,0.00233,0.01600,0.24137,0.20799,0.00631,0.00705,0.00431
125,0.00645,0.01944,0.01582,0.01530,0.02121,0.00440,0.05199,0.02552,0.11434,0.02430,0.01818,0.02019,0.01746,0.01728,0.53451,0.03991,0.00888,0.00616,0.00900,0.02224,0.00742
126,0.00804,0.02683,0.01030,0.00948,0.01624,0.00349,0.00699,0.03960,0.01842,0.24997,0.41603,0.01065,0.00762,0.01196,0.00410,0.00434,0.02213,0.00847,0.02570,0.09314,0.00651
127,0.00496,0.01072,0.01180,0.00196,0.01834,0.02912,0.01445,0.03972,0.25249,0.01625,0.04276,0.07046,0.00578,0.09495,0.22439,0.04528,0.07378,0.01499,0.00881,0.01151,0.00748
128,0.18377,0.03074,0.02396,0.03097,0.01375,0.11397,0.00843,0.05020,0.02325,0.00396,0.02097,0.05759,0.03617,0.01671,0.01333,0.20538,0.12528,0.01741,0.00800,0.01040,0.00575
129,0.06078,0.02282,0.06459,0.06829,0.05164,0.08749,0.07334,0.00663,0.03062,0.05704,0.04670,0.04509,0.06870,0.07689,0.06629,0.06325,0.02967,0.00770,0.01182,0.04581,0.01483
130,0.04509,0.09424,0.00586,0.00784,0.01847,0.00682,0.15586,0.12333,0.03810,0.03064,0.03122,0.03293,0.00287,0.05938,0.02246,0.06137,0.07856,0.06192,0.07610,0.04521,0.00171
131,0.00822,0.01754,0.44468,0.12227,0.02727,0.01694,0.02482,0.02655,0.02581,0.00882,0.03618,0.09525,0.00849,0.02091,0.00670,0.00913,0.01262,0.00816,0.02627,0.03933,0.01405
132,0.14668,0.19209,0.00468,0.00666,0.05647,0.00173,0.01195,0.06977,0.01365,0.06759,0.02230,0.01040,0.00350,0.01748,0.00271,0.04211,0.13237,0.17185,0.00839,0.01055,0.00707
133,0.01532,0.10435,0.00642,0.00438,0.16528,0.01564,0.14356,0.00865,0.00900,0.04966,0.07616,0.16097,0.00342,0.04407,0.00327,0.01465,0.06542,0.00561,0.01978,0.08063,0.00379
134,0.01068,0.01810,0.02770,0.02805,0.05309,0.00819,0.30984,0.01491,0.02167,0.01765,0.01948,0.07486,0.00718,0.07103,0.13022,0.00567,0.00720,0.01409,0.04345,0.10643,0.01054
135,0.07199,0.09388,0.00773,0.00841,0.06670,0.02031,0.06688,0.07663,0.03503,0.03938,0.07237,0.06767,0.00158,0.07568,0.04100,0.08299,0.05866,0.04892,0.01060,0.05176,0.00184
136,0.15343,0.04973,0.02768,0.04652,0.03655,0.07265,0.06142,0.02500,0.03424,0.00890,0.02306,0.04924,0.14900,0.02653,0.00494,0.06207,0.01008,0.05801,0.02306,0.05610,0.02181
137,0.07263,0.08393,0.08732,0.01462,0.07261,0.02915,0.01867,0.06034,0.03429,0.02873,0.06034,0.04065,0.00906,0.02690,0.01366,0.09541,0.10093,0.00862,0.06054,0.05188,0.02972
138,0.07382,0.01878,0.13997,0.20312,0.02735,0.05174,0.02347,0.03583,0.01094,0.02220,0.08358,0.03595,0.00977,0.07703,0.00403,0.05455,0.01803,0.01831,0.01339,0.06170,0.01642
139,0.07126,0.05015,0.00517,0.00229,0.02300,0.06909,0.04636,0.01095,0.02134,0.02701,0.05983,0.07543,0.05600,0.08766,0.09574,0.12036,0.07981,0.04447,0.01282,0.04004,0.00123
140,0.07865,0.08221,0.00619,0.00694,0.01647,0.00190,0.24982,0.03257,0.00887,0.13133,0.08474,0.02823,0.00410,0.00975,0.01327,0.06922,0.05623,0.11093,0.00127,0.00516,0.00215
141,0.01441,0.01919,0.34133,0.03973,0.01732,0.02791,0.02080,0.02208,0.03211,0.00790,0.02820,0.02155,0.00860,0.03345,0.01273,0.00871,0.00899,0.00488,0.03848,0.27297,0.01867
142,0.01920,0.21249,0.01430,0.01678,0.01736,0.00638,0.01216,0.06908,0.01169,0.00382,0.01472,0.04029,0.00459,0.01661,0.00643,0.00467,0.20418,0.28000,0.02419,0.01334,0.00772
143,0.01148,0.01733,0.01953,0.01409,0.09203,0.00633,0.02128,0.16063,0.01854,0.23431,0.05022,0.02398,0.00144,0.01391,0.00411,0.00757,0.00994,0.23641,0.01427,0.03372,0.00886
144,0.00649,0.01079,0.01844,0.01318,0.22831,0.00493,0.01321,0.04577,0.01478,0.30943,0.07566,0.01689,0.01009,0.01082,0.00502,0.00512,0.00790,0.17259,0.01072,0.01279,0.00708
145,0.15615,0.31992,0.01224,0.01176,0.04482,0.00296,0.01491,0.01512,0.01410,0.00540,0.01500,0.02277,0.00723,0.02406,0.01720,0.04205,0.00822,0.19931,0.00830,0.04544,0.01304
146,0.00625,0.01661,0.33881,0.02176,0.02965,0.00433,0.14436,0.03353,0.03394,0.00780,0.02150,0.14902,0.01177,0.04077,0.00687,0.00620,0.01043,0.03550,0.01026,0.06087,0.00978
147,0.00870,0.01426,0.02337,0.01853,0.02055,0.00652,0.01656,0.36332,0.02219,0.11685,0.09701,0.01912,0.00941,0.01499,0.00578,0.01001,0.01059,0.17912,0.01241,0.02065,0.01005
148,0.02245,0.10628,0.12780,0.01624,0.01034,0.52156,0.02146,0.01396,0.01767,0.00449,0.01293,0.01537,0.01022,0.01787,0.00672,0.01502,0.00914,0.01625,0.01220,0.01511,0.00692
149,0.01153,0.01614,0.07331,0.62980,0.01505,0.02954,0.03219,0.01994,0.01449,0.00447,0.01695,0.01737,0.00847,0.02125,0.00599,0.00557,0.00826,0.01602,0.01009,0.01725,0.02632
150,0.07581,0.13095,0.03535,0.16714,0.00202,0.06212,0.04488,0.00238,0.11212,0.00657,0.05009,0.03281,0.00134,0.11609,0.04665,0.06281,0.02568,0.01741,0.00114,0.00258,0.00407
151,0.39530,0.04176,0.00940,0.00533,0.00725,0.12101,0.00659,0.00857,0.00821,0.01148,0.04193,0.00738,0.02850,0.00714,0.00191,0.18512,0.03696,0.04844,0.00395,0.00820,0.01557
152,0.13964,0.06275,0.00537,0.00433,0.00863,0.12969,0.06536,0.00521,0.01019,0.00208,0.01078,0.19703,0.04061,0.06653,0.00174,0.12437,0.07451,0.00894,0.00390,0.03496,0.00338
153,0.02456,0.02619,0.00630,0.00419,0.03139,0.06995,0.03567,0.18370,0.00573,0.09032,0.13855,0.01676,0.00395,0.02690,0.00410,0.13203,0.04299,0.12555,0.00577,0.02254,0.00287
154,0.09388,0.09736,0.01904,0.01588,0.03876,0.06103,0.09294,0.00949,0.01237,0.02232,0.02165,0.05637,0.11035,0.00884,0.00792,0.13537,0.05079,0.05639,0.02881,0.05829,0.00215
155,0.04056,0.03864,0.11976,0.11707,0.02301,0.02772,0.03491,0.12282,0.01086,0.04640,0.02842,0.03827,0.02101,0.06689,0.00150,0.05155,0.07208,0.10048,0.01050,0.00424,0.02328
156,0.02186,0.04069,0.01217,0.01326,0.01727,0.01192,0.01408,0.38008,0.02179,0.03178,0.01418,0.03765,0.00606,0.01446,0.00563,0.00692,0.01668,0.29576,0.01164,0.01740,0.00873
157,0.06548,0.02159,0.13805,0.33560,0.05051,0.03827,0.01436,0.03861,0.01532,0.00887,0.03013,0.01978,0.00783,0.03604,0.00600,0.00870,0.01091,0.01145,0.02529,0.02457,0.09264
158,0.01932,0.03200,0.14215,0.34148,0.02718,0.01374,0.01771,0.02378,0.07989,0.00793,0.04903,0.03036,0.00993,0.07762,0.00718,0.00874,0.01133,0.01847,0.01365,0.02596,0.04256
159,0.08381,0.09410,0.01327,0.03901,0.05037,0.03763,0.00840,0.02101,0.02926,0.02394,0.04425,0.04747,0.01185,0.18225,0.00268,0.12188,0.08897,0.06106,0.01935,0.01402,0.00542
160,0.00694,0.02120,0.02559,0.02238,0.02303,0.00857,0.01729,0.04049,0.03362,0.05074,0.02832,0.03947,0.05600,0.11889,0.40979,0.00919,0.01393,0.00794,0.01569,0.03723,0.01371
161,0.05526,0.17093,0.02032,0.19162,0.02011,0.00641,0.01096,0.00430,0.06258,0.00508,0.02012,0.01530,0.00632,0.01570,0.00991,0.09568,0.23220,0.00662,0.01833,0.02165,0.01061
162,0.09856,0.02574,0.02498,0.11439,0.03266,0.01777,0.07856,0.10978,0.01956,0.11981,0.08060,0.05165,0.00089,0.02874,0.01192,0.01047,0.02398,0.08672,0.01937,0.00965,0.03421
163,0.06703,0.06637,0.00581,0.00339,0.02182,0.03609,0.10549,0.03254,0.11485,0.02158,0.04150,0.05566,0.00265,0.08248,0.14052,0.08360,0.04470,0.01579,0.00769,0.04750,0.00294
164,0.17900,0.13645,0.00444,0.00485,0.00385,0.00677,0.00471,0.09448,0.00467,0.07112,0.05790,0.06149,0.00130,0.01153,0.00096,0.07656,0.13452,0.13720,0.00236,0.00394,0.00188
165,0.00237,0.04997,0.00579,0.00761,0.07414,0.00262,0.00397,0.14451,0.00664,0.23940,0.34869,0.00554,0.03299,0.00422,0.00449,0.00171,0.00260,0.04872,0.00539,0.00540,0.00324
166,0.11179,0.05524,0.06519,0.08787,0.00290,0.08843,0.05234,0.00443,0.01158,0.00440,0.03347,0.07849,0.01920,0.08911,0.00804,0.11172,0.08873,0.01074,0.01167,0.06267,0.00199
167,0.10485,0.11315,0.00467,0.00371,0.04772,0.00717,0.00729,0.10953,0.01135,0.08678,0.11763,0.02343,0.00217,0.00405,0.00561,0.07112,0.17448,0.08576,0.00280,0.01422,0.00250
168,0.11490,0.15331,0.00747,0.00494,0.00926,0.00931,0.00812,0.18293,0.00772,0.17912,0.05964,0.00717,0.00219,0.00554,0.00239,0.00279,0.01103,0.21303,0.00708,0.00768,0.00440
169,0.07746,0.06143,0.11827,0.10763,0.00916,0.09230,0.09011,0.00757,0.01155,0.00267,0.00531,0.08941,0.00201,0.04086,0.00280,0.11476,0.08019,0.05338,0.02579,0.00445,0.00291
170,0.11881,0.06474,0.14942,0.07455,0.01805,0.06844,0.04692,0.01021,0.00869,0.00286,0.04732,0.01855,0.04023,0.02701,0.00195,0.08478,0.07207,0.02301,0.00603,0.11267,0.00368
171,0.00457,0.07584,0.00903,0.00804,0.21927,0.00209,0.01813,0.01251,0.00888,0.01125,0.00728,0.00866,0.00481,0.00729,0.00117,0.00394,0.00447,0.00432,0.21664,0.36453,0.00727
172,0.00236,0.01343,0.01847,0.01233,0.04823,0.00529,0.01579,0.13973,0.01411,0.41953,0.20216,0.02163,0.01521,0.01149,0.00527,0.00619,0.00608,0.00558,0.00952,0.01487,0.01273
173,0.07972,0.03046,0.08516,0.18833,0.00430,0.04317,0.05365,0.00641,0.04079,0.01002,0.07011,0.08673,0.00183,0.08664,0.01396,0.06610,0.09619,0.02390,0.00361,0.00787,0.00105
174,0.00850,0.01390,0.01562,0.01694,0.01647,0.00581,0.01273,0.02755,0.33819,0.00671,0.02241,0.05392,0.00659,0.01740,0.30633,0.00605,0.00624,0.00879,0.01479,0.01636,0.07871
175,0.02972,0.04581,0.00827,0.00722,0.03168,0.01081,0.18206,0.03373,0.06617,0.00855,0.02163,0.10661,0.00424,0.06046,0.16843,0.08796,0.03395,0.00947,0.01236,0.05713,0.01372
176,0.01617,0.02920,0.02840,0.03722,0.02662,0.01466,0.01343,0.02565,0.02264,0.03065,0.02804,0.01621,0.42000,0.14487,0.01070,0.00981,0.04388,0.01215,0.02250,0.02937,0.01781
177,0.08096,0.03531,0.03353,0.05337,0.03241,0.12445,0.06389,0.01373,0.00437,0.04451,0.08962,0.01848,0.00847,0.06603,0.00831,0.06681,0.11731,0.06101,0.03324,0.04139,0.00279
178,0.12935,0.03119,0.04829,0.11046,0.01132,0.09488,0.19262,0.01806,0.01024,0.00291,0.01923,0.05620,0.00276,0.03130,0.00205,0.07542,0.09921,0.03598,0.00615,0.01487,0.00750
179,0.00921,0.02374,0.02186,0.02296,0.33650,0.00739,0.02648,0.01660,0.03811,0.04641,0.02614,0.02234,0.01221,0.02379,0.00867,0.00864,0.01331,0.00662,0.26521,0.04714,0.01666
180,0.10601,0.40201,0.01354,0.01808,0.03976,0.01018,0.02356,0.01616,0.01443,0.00601,0.01302,0.02199,0.01129,0.02157,0.00187,0.00864,0.00911,0.17953,0.00871,0.06496,0.00956
181,0.00867,0.01916,0.01862,0.04091,0.02666,0.00820,0.01599,0.37783,0.05323,0.01824,0.02034,0.01223,0.01053,0.03079,0.00733,0.00755,0.00660,0.24821,0.03164,0.02002,0.01726
182,0.01092,0.02774,0.02123,0.02642,0.03664,0.01142,0.01446,0.02617,0.43296,0.00693,0.03047,0.12704,0.00694,0.04278,0.00303,0.00925,0.01599,0.01272,0.10014,0.02105,0.01572
183,0.00609,0.03103,0.02491,0.02407,0.03373,0.00672,0.02413,0.26472,0.02370,0.06925,0.04411,0.02242,0.00716,0.01444,0.00717,0.00946,0.03129,0.28197,0.02874,0.02215,0.02276
184,0.08842,0.07644,0.02220,0.04901,0.02126,0.08536,0.05608,0.03369,0.01126,0.16005,0.08818,0.07440,0.00203,0.05715,0.00319,0.04874,0.01210,0.01088,0.01434,0.07184,0.01337
185,0.19946,0.13559,0.03117,0.04958,0.07876,0.03710,0.00742,0.01745,0.02157,0.00822,0.02501,0.04425,0.00581,0.01911,0.00775,0.09040,0.01437,0.07072,0.01279,0.02721,0.09628
186,0.09180,0.03072,0.07229,0.01815,0.06508,0.01031,0.01045,0.04660,0.03126,0.00566,0.06659,0.03018,0.14207,0.15863,0.02543,0.02104,0.05311,0.01390,0.07060,0.02078,0.01534
187,0.03888,0.01847,0.01325,0.04151,0.13778,0.02964,0.00178,0.06437,0.07916,0.01448,0.04238,0.01829,0.03517,0.09778,0.05270,0.02783,0.02414,0.01552,0.04386,0.15085,0.05215
188,0.00377,0.01871,0.01716,0.03375,0.02185,0.00802,0.11235,0.04238,0.02770,0.00752,0.03443,0.08426,0.01781,0.02112,0.03700,0.14514,0.29397,0.00730,0.02884,0.02197,0.01496
189,0.17958,0.14182,0.00805,0.00827,0.01048,0.15819,0.00794,0.09833,0.01119,0.00319,0.00983,0.03100,0.04066,0.01051,0.02179,0.17920,0.04687,0.00439,0.01019,0.01075,0.00777
190,0.04079,0.05600,0.02974,0.14300,0.03429,0.05638,0.06672,0.05940,0.02641,0.01496,0.02024,0.14257,0.03491,0.03630,0.00538,0.06029,0.08914,0.06579,0.00644,0.00646,0.00479
191,0.11331,0.09142,0.01808,0.01659,0.01858,0.06351,0.02037,0.02975,0.00921,0.15239,0.26238,0.02600,0.00995,0.01499,0.00496,0.01547,0.09092,0.00207,0.01385,0.01915,0.00707
192,0.01314,0.03232,0.04051,0.02655,0.03500,0.01039,0.05699,0.18226,0.01973,0.02991,0.37119,0.04296,0.00951,0.03077,0.00725,0.00842,0.00423,0.02356,0.01273,0.03139,0.01121
193,0.03955,0.03103,0.01735,0.47416,0.02840,0.00179,0.03336,0.04084,0.03378,0.01003,0.03090,0.03234,0.01136,0.06653,0.00906,0.01110,0.01260,0.02687,0.02726,0.03289,0.02882
194,0.07911,0.07408,0.00450,0.04915,0.12559,0.00669,0.04691,0.00518,0.01364,0.03920,0.05623,0.07061,0.00164,0.22514,0.01268,0.02138,0.07683,0.02376,0.01133,0.05192,0.00445
195,0.00737,0.02963,0.01616,0.01056,0.08102,0.00369,0.01752,0.24262,0.01094,0.17491,0.16070,0.01331,0.00424,0.01276,0.00282,0.00471,0.01362,0.16482,0.00748,0.01432,0.00677
196,0.07416,0.08357,0.11008,0.12079,0.06023,0.01795,0.04712,0.00834,0.00718,0.05875,0.04339,0.04152,0.00181,0.06437,0.00148,0.12317,0.00286,0.00311,0.02353,0.09201,0.01457
197,0.03492,0.02258,0.01314,0.01209,0.04023,0.02147,0.00809,0.05860,0.14715,0.09308,0.05283,0.01933,0.00385,0.02411,0.29832,0.00985,0.00792,0.03560,0.01082,0.01993,0.06608
198,0.00571,0.02003,0.01639,0.01312,0.04222,0.00338,0.01189,0.01995,0.01382,0.31608,0.25084,0.01879,0.00439,0.03552,0.00480,0.00487,0.00690,0.01119,0.02279,0.16947,0.00787
199,0.06282,0.13232,0.00369,0.00650,0.00485,0.00215,0.00373,0.11070,0.05445,0.03694,0.17244,0.00406,0.00129,0.10788,0.01733,0.02963,0.10422,0.11948,0.00710,0.00857,0.00984
200,0.00398,0.13108,0.01011,0.01148,0.00941,0.00554,0.10875,0.01171,0.02152,0.01378,0.01049,0.01039,0.00206,0.00826,0.59231,0.01402,0.00367,0.00468,0.00960,0.01032,0.00681
201,0.07718,0.03480,0.00637,0.00641,0.01769,0.00371,0.04767,0.02409,0.16412,0.02271,0.07306,0.04776,0.00219,0.10798,0.18553,0.05837,0.06547,0.02015,0.00769,0.02379,0.00326
202,0.00403,0.03026,0.01757,0.01204,0.34636,0.00833,0.24046,0.01052,0.01100,0.00390,0.01164,0.07323,0.00361,0.02194,0.00179,0.00427,0.00428,0.00600,0.10315,0.07763,0.00800
203,0.02204,0.01945,0.01653,0.04138,0.03005,0.48428,0.01706,0.02666,0.01769,0.00704,0.01976,0.02055,0.00709,0.01757,0.02095,0.00776,0.01009,0.08278,0.09520,0.02404,0.01203
204,0.00785,0.02188,0.01702,0.08290,0.02311,0.49104,0.01540,0.02920,0.02075,0.00698,0.02311,0.01879,0.00601,0.02301,0.02190,0.00666,0.01048,0.05944,0.02073,0.02112,0.07261
205,0.48248,0.06791,0.00568,0.00510,0.00624,0.10870,0.00384,0.00558,0.00439,0.00130,0.00451,0.00458,0.00150,0.00504,0.00075,0.07766,0.16846,0.01588,0.00338,0.00539,0.02165
206,0.00189,0.00517,0.00403,0.00627,0.23958,0.00231,0.00264,0.31413,0.00540,0.17162,0.09353,0.00320,0.00102,0.00440,0.00162,0.00127,0.00179,0.11048,0.00477,0.01804,0.00685
207,0.06029,0.01534,0.01045,0.01404,0.05943,0.00708,0.00767,0.21612,0.01636,0.05751,0.02223,0.01135,0.00211,0.01096,0.00346,0.00331,0.00474,0.43464,0.02148,0.01193,0.00950
208,0.00657,0.01378,0.01514,0.01878,0.01827,0.00741,0.01049,0.07377,0.06818,0.00523,0.01511,0.01446,0.00385,0.01413,0.62848,0.01739,0.00644,0.00979,0.01740,0.01581,0.01952
209,0.01499,0.06232,0.00492,0.00414,0.00470,0.00448,0.00932,0.15506,0.00346,0.33506,0.07756,0.00979,0.02086,0.00234,0.00094,0.02276,0.14540,0.11273,0.00326,0.00367,0.00223
210,0.01899,0.01806,0.02780,0.27145,0.01590,0.00966,0.00703,0.01849,0.03152,0.01709,0.01855,0.01247,0.33831,0.06742,0.01287,0.00335,0.05141,0.01258,0.01794,0.01589,0.01323
211,0.01489,0.02254,0.01410,0.01443,0.01914,0.00632,0.01623,0.06631,0.01409,0.36639,0.12895,0.01813,0.00311,0.02190,0.00383,0.02945,0.03456,0.17478,0.00664,0.01688,0.00733
212,0.02056,0.06867,0.01752,0.02092,0.00945,0.00949,0.02192,0.01857,0.01935,0.01447,0.02273,0.02119,0.02626,0.02019,0.00710,0.50658,0.01624,0.01006,0.02474,0.11199,0.01199
213,0.00764,0.06639,0.02198,0.02353,0.02341,0.01118,0.05032,0.02084,0.02057,0.03897,0.02078,0.01555,0.01793,0.01984,0.54769,0.02337,0.00773,0.00805,0.02046,0.01801,0.01577
214,0.00810,0.02205,0.00548,0.02236,0.02331,0.00849,0.00885,0.02570,0.08787,0.00553,0.02843,0.63371,0.00453,0.01791,0.00499,0.01989,0.00773,0.01722,0.01640,0.01925,0.01217
215,0.13612,0.01087,0.00641,0.01705,0.02375,0.06072,0.00675,0.01052,0.01353,0.00304,0.01186,0.00873,0.01673,0.01024,0.00257,0.22831,0.34079,0.02183,0.00724,0.05607,0.00687
216,0.06190,0.22538,0.01296,0.01694,0.00988,0.07916,0.00953,0.02348,0.01877,0.00304,0.03003,0.09797,0.01061,0.01045,0.00410,0.12546,0.22201,0.01298,0.01061,0.00758,0.00715
217,0.05657,0.04501,0.00901,0.00900,0.01597,0.13740,0.31282,0.00911,0.00829,0.07484,0.20859,0.02615,0.00481,0.01002,0.01505,0.01943,0.00334,0.00418,0.00780,0.01770,0.00491
218,0.00717,0.02046,0.07588,0.52012,0.01594,0.04484,0.01141,0.01742,0.10518,0.00419,0.02190,0.01395,0.00377,0.05363,0.00520,0.00397,0.00558,0.00618,0.01461,0.01626,0.03236
219,0.00531,0.01645,0.01484,0.01639,0.01115,0.00631,0.00884,0.04581,0.01207,0.15179,0.45524,0.01558,0.00377,0.00979,0.00457,0.00424,0.03764,0.15041,0.01244,0.01083,0.00650
220,0.00378,0.01797,0.00618,0.00891,0.32882,0.00378,0.02852,0.00742,0.00821,0.00431,0.03426,0.00962,0.00266,0.00804,0.00242,0.00191,0.00277,0.00469,0.00949,0.48664,0.01960
221,0.00717,0.09673,0.01379,0.01303,0.02315,0.01476,0.01097,0.01333,0.01251,0.03370,0.00872,0.01160,0.00478,0.01317,0.02207,0.01414,0.00497,0.00540,0.52689,0.12640,0.02271
222,0.04862,0.10568,0.01070,0.01299,0.04890,0.00507,0.01708,0.20287,0.02118,0.00671,0.01485,0.01509,0.01330,0.01277,0.00469,0.00565,0.00765,0.41118,0.01122,0.01485,0.00893
223,0.00433,0.05602,0.00855,0.00858,0.02938,0.07518,0.00538,0.00970,0.11344,0.00249,0.00927,0.22603,0.01009,0.01365,0.00604,0.35031,0.02017,0.00413,0.00787,0.03492,0.00447
224,0.08186,0.06481,0.10435,0.06866,0.00451,0.02008,0.07631,0.00998,0.03917,0.01300,0.07214,0.20107,0.00025,0.06171,0.02653,0.06528,0.04542,0.01930,0.00936,0.01565,0.00054
