site,A,C,D,E,F,G,H,I,K,L,M,N,P,Q,R,S,T,V,W,Y,*
111,0.02016057829211766,0.20390592472816735,0.08319897017290463,0.42333013490472865,0.01403290952464697,0.0037218346537114025,0.011235500986513804,0.011277121149949054,0.0333979121284767,0.00425521451317711,0.013390639878046472,0.01509035228402258,0.007542452979208236,0.010790867251184612,0.004745002449869695,0.09024124352957813,0.007700644763960541,0.005066013671983907,0.010591592044407643,0.009603510687454464,0.016721579405890474
112,0.04567638666454108,0.06091083219274466,0.10518297430223134,0.22902599013796876,0.006549373361869508,0.03038785953225175,0.013410461184224481,0.03914909300847298,0.046020877211735874,0.03679322544974794,0.08591205021876147,0.04414053466490697,0.014941162404390985,0.04694695619236119,0.01444175740198945,0.06273907677805741,0.05660512101197553,0.03638037773437199,0.00471516959027935,0.009752857573672167,0.010317863383445149
113,0.005697083735953244,0.014888660418789043,0.014496840474871974,0.019183337397533085,0.02194603090366012,0.005604950458025192,0.03724553837401994,0.02198844514118049,0.019050436412439326,0.017668077498145886,0.022288134736599394,0.0152141842064802,0.6902285527174362,0.02048651886525787,0.005381257670222988,0.011960644229444727,0.009605776054008102,0.007893787748048579,0.012927459053846707,0.016544307895733083,0.009699976008303836
114,0.06782513221319025,0.07161108554220379,0.008532118410985442,0.032513519664228115,0.02558506924034405,0.001996130646234943,0.026441926912057753,0.1115890720144308,0.05142397492915241,0.10745242623632596,0.13693373358970684,0.013430806874741212,0.0032995007318678063,0.04292331752512555,0.019420825549315616,0.04892113634113209,0.07295377299473325,0.09565874886162795,0.02068881067128381,0.03718087098473089,0.003618020066581432
115,0.06577219271535763,0.09881160826415182,0.009178334952743235,0.008121429926158392,0.043245793910899444,0.046595191072583066,0.08570259923714468,0.04356316702693717,0.011810936650513549,0.12236365452104286,0.07340288414511797,0.08212050621026751,0.02858437807429386,0.07624319612680334,0.024828624522053585,0.035894794772123956,0.020886556843136162,0.05974439805763223,0.02837299665273169,0.02975014196000869,0.005006614358299157
116,0.024781096545162796,0.03126112022318463,0.011116971739158361,0.00935060501880246,0.031709224145613564,0.0022042297330900616,0.029147119570497575,0.055080442484785656,0.009108996733894849,0.021619693499400686,0.10212996956943153,0.019163982032444373,0.0060953394481105165,0.06572207411054216,0.006277798093830022,0.007657130847012598,0.32125707966894373,0.16758661894470897,0.05712414307651905,0.013841720471732951,0.007764644043133447
117,0.007620609104373468,0.02851506040847536,0.014051908823883468,0.16475954250176736,0.02503017696222995,0.0037894340858958685,0.013045790822071834,0.031395543619836104,0.08926001030285742,0.03810147833482488,0.01788217498831891,0.09803812434706076,0.01702618491836556,0.2790874969144119,0.05892128263969675,0.038849506943910095,0.018081534331308706,0.006510004986731842,0.010744695190063236,0.019386014130577525,0.019903425643339013
118,0.009820519475078272,0.02490140066314393,0.020670125638113074,0.02277568875355399,0.027246138311614338,0.06443731112439549,0.017917948460524497,0.05628968431486881,0.025834395465094136,0.008901902756509492,0.019226242974949417,0.026184774203502542,0.011975461455524028,0.050481556868381905,0.012618280185215684,0.4003750633850416,0.14032889114417155,0.00808959668502636,0.015970917957936245,0.024812985028033252,0.011141115149321474
119,0.018892815219283956,0.04360569017589986,0.017861641701920436,0.024846485778396512,0.03836583382327041,0.012446280644112724,0.012858985515196894,0.03705559233154343,0.024294666430784442,0.008050012229196636,0.030064376880243215,0.04141524888293525,0.017860941888509563,0.02473920652257397,0.008752474536466555,0.018551545540806454,0.04069227691226597,0.010164233758675026,0.02058006286477717,0.5073245252780755,0.041577103085066035
120,0.015246425127790104,0.031306007475754564,0.02489354075263453,0.032805808342660996,0.03455897358668622,0.4930877917982743,0.0361384354580451,0.03300122573194424,0.023574146196640944,0.008337665071115599,0.030814675039921528,0.024745983553769713,0.012793242163900828,0.02713682998846055,0.015886134427864275,0.00962997570935679,0.014781844720174441,0.04094345514266239,0.0480233921306872,0.029235076303359055,0.013059371278296499
121,0.012699407830117984,0.05084620270594434,0.02361987278189087,0.01786407887822199,0.045991211823699814,0.005942251939631441,0.04541560433845352,0.02580152663117059,0.033842642757955156,0.021287261124620847,0.03686591938278786,0.028852327060598173,0.011665579435837918,0.028564289654101686,0.027499234911335185,0.014202338380562623,0.017857839890914873,0.008846995447209084,0.4642349408306594,0.056608795727264793,0.021491678467021828
122,0.016518473325150575,0.03190454707515553,0.023585172044151923,0.023852384915170836,0.034645289348751156,0.0063787522677354255,0.018744801342469062,0.045179475631726286,0.05315056698746859,0.012822701059114858,0.03246180308359004,0.485618002138005,0.016555570291630798,0.036343638680177294,0.008637040984206876,0.017519727210063087,0.03217970457313823,0.012845671128371998,0.021129197842247555,0.054153788702394824,0.01577369136928018
123,0.05760986447132346,0.10639940785434247,0.027329235715087108,0.02120761202823925,0.019153217375444686,0.009504041128876333,0.020993829648676698,0.4424997096553997,0.01975578206957047,0.05892847109890659,0.020409027776830683,0.020986433525293696,0.013164667171427558,0.02418837290993861,0.014412493954647878,0.00764195173177134,0.00368796686364173,0.06512320794217999,0.018308573041818033,0.019443475146930043,0.00925265888965385
124,0.08105069862261785,0.20210932465630152,0.009732752147819384,0.005801465775046714,0.016825232677687995,0.0017357255230199058,0.008358387812592419,0.1411476237478142,0.009198754734712947,0.01438704453085439,0.03828846820062342,0.00741187790212991,0.004297544540079199,0.00923991714170763,0.00263121299079234,0.010272541439994128,0.1831688187824343,0.2343737048103642,0.007119709420323035,0.008021362480100306,0.004827832062984182
125,0.01213104851244854,0.0210700862797127,0.01260219113232254,0.012143629415019971,0.01684671886659071,0.01780409951362621,0.038867416269553506,0.02014564870222903,0.24708447572355297,0.014183438107685917,0.014789053282523263,0.01892946421359473,0.012397169449647806,0.03078319800532957,0.4200224971489255,0.04182731022251344,0.012835794900899927,0.004872907217158284,0.007119263891157433,0.017679401839314157,0.005865187306193735
126,0.007864092903316708,0.09646982716532661,0.011712575435466678,0.010643437766694639,0.02158443529542159,0.0038998927982833685,0.007872653223067095,0.03094950673109162,0.02094214140235709,0.2752918409753497,0.3525750095695153,0.011734295021750477,0.005840869233361248,0.01367347451915932,0.0036533744947133823,0.004891256810688306,0.017948356820490074,0.01986005547878204,0.01925713682576572,0.05598546810599448,0.007350299423404559
127,0.028756549453582952,0.015599121294303612,0.01158695890755515,0.0033607027594300155,0.015699698723829734,0.027039122000192192,0.030094989798954485,0.047566565893361286,0.21420324049343398,0.022063491876756408,0.02875417498478142,0.07801504628533394,0.004986695628544203,0.09115711697783252,0.18710355995138647,0.06333549654379567,0.07188625052616915,0.026715426555551525,0.012129296514229565,0.012761518626685996,0.007184976204289766
128,0.1470589391057922,0.03962992771685702,0.0394584998485136,0.035289458129023,0.01056387292409937,0.10230317752021974,0.006732009375807548,0.028109504238318334,0.06015082496800283,0.00424991306719738,0.03165985979966689,0.05923349635893157,0.045953717577487924,0.03337645413365496,0.03424450206302059,0.156303658967644,0.12015878556381111,0.026700737768409612,0.006274563455819822,0.008063911807079544,0.0044841856106430725
129,0.07067999042916726,0.04443285856400945,0.0748433034945664,0.06287519441278881,0.03541105070334034,0.08738949745268476,0.06299461357756705,0.006787032625460786,0.05605123569191741,0.03605770610381533,0.035927415557040876,0.0570284165382205,0.05970895610383356,0.09234166908969983,0.06795350662599392,0.06945252364604056,0.017830535947262038,0.006189749345112586,0.007494445674056621,0.04023324322141201,0.008317055196009917
130,0.05032337286373454,0.0912185088715614,0.00719937314368499,0.022747085054940955,0.027014389140901245,0.003924137529718595,0.11848104997273295,0.12410594015341186,0.03845129492020343,0.040642056050125955,0.04779397469555943,0.02109636561941948,0.0023687518271177433,0.05688751103687096,0.02553174573182802,0.054104763428451046,0.08787263186920041,0.07432502264022404,0.05782532594384795,0.04600445459681495,0.0020822449096500923
131,0.008071757256973186,0.01687476201357534,0.4364523325591138,0.08015486773963573,0.027000299206655944,0.00925064442301463,0.019420863120731366,0.026748274001867616,0.02518415071272358,0.008695864974588291,0.035192404319833004,0.17221248912921439,0.008347147839190095,0.02047705612598356,0.0065692726948436975,0.010748842307520564,0.012426302589213659,0.0077347153452095516,0.026534190696501966,0.028353895432697396,0.013549867510912549
132,0.1330339389115326,0.1955963769624651,0.005107924941591724,0.007270032227814632,0.03555676975529575,0.0014693486152778455,0.013040070840870832,0.12039870655413071,0.014829137161538367,0.08429698866227142,0.02501728164376241,0.011339138670453075,0.0038248459422329443,0.019057985995926025,0.0029547004113861523,0.023200861084733692,0.09267984985790162,0.1829712170295004,0.009142705073155502,0.01150905950764009,0.007703060150519091
133,0.01762145935225898,0.0724850079300413,0.007478219812168497,0.00822909713252882,0.14987056634642665,0.010079772675168616,0.11952528017243468,0.007225745256980438,0.00827961648276183,0.06963616003528021,0.08139793399427363,0.13855339163110825,0.00318974581728537,0.0457524542839094,0.0031718656659412083,0.020629759982031853,0.07698685281381427,0.006092236494313505,0.02990020501117548,0.12035576641617281,0.0035388626939242356
134,0.01968897439236621,0.03935188073213646,0.0175547877295433,0.021097596940261518,0.04866756610191331,0.01839132417957665,0.2297302362574171,0.018798609298128228,0.03496428261506148,0.02371827795508609,0.027787597798150113,0.0762483795084085,0.005906520888597937,0.07183412711850908,0.11772474760289096,0.02760317042534888,0.02743915214532526,0.025177490179100356,0.053430269671224516,0.08710114978544635,0.007783858675507667
135,0.06787746799574366,0.1092022310166656,0.00917460074522019,0.009394270875212522,0.06170520159539106,0.010965240921580861,0.05330952289015614,0.07869364400168352,0.0473443012728639,0.0615958912178424,0.08478837821496692,0.03874190325950886,0.00190116746454457,0.08936382986851471,0.03861624632511081,0.06557875079780458,0.06355248679498507,0.05033193434742047,0.007419658641454265,0.04825329283154342,0.0021899789217863673
136,0.13326933232280724,0.05043612889249705,0.023982466817007293,0.02612616053978599,0.02821158300521608,0.08838973487459963,0.1729543403274326,0.022143280541461568,0.029577077659208334,0.007943445723664068,0.02004364525359117,0.03752680603820836,0.10973907665093173,0.02347824502587711,0.004313571239958712,0.0691024450917585,0.013174585821839968,0.04219866892280102,0.020487716412798174,0.05762871104349065,0.01927297779506472
137,0.07436626627654418,0.07560621300878692,0.05008973315149803,0.014830053545062153,0.0743412221214152,0.018207794006056474,0.019113956845783143,0.06241666767272933,0.036267381369376156,0.030673478214309245,0.06241666767272933,0.041111231322789314,0.02119725909647897,0.027376053413242934,0.03174630932199181,0.08522965577630548,0.11943435954056526,0.008584483276510338,0.06307471113741607,0.053386894440262296,0.030529608790147444
138,0.06259843145121531,0.02747138824452756,0.10364725414558161,0.22555208737836477,0.030533620602157086,0.06461075942694003,0.02290511770043457,0.04860069387640781,0.018033583852460094,0.033854303576485945,0.05343592963533566,0.03240851252282032,0.011121250985506004,0.09230428542086928,0.004549871613610128,0.04139849823950343,0.02358410434784244,0.029276594124396673,0.015018225107348663,0.04712447744023809,0.011971010307954527
139,0.06370345950877586,0.059501065638630786,0.0050298002773372765,0.002289775141032811,0.020502166724091324,0.0737300951129553,0.033730757412423804,0.015645602945253228,0.046269515804216045,0.0303275433877921,0.06600183540637444,0.07099116798741471,0.054354170319536814,0.0850676857986356,0.1040627226623385,0.10845826528073028,0.06559773693462573,0.0399692122761845,0.00973635263030508,0.043801090784243296,0.0012299779671026056
140,0.06935852299951407,0.09246275180990533,0.0071067647189339495,0.007976120885857243,0.011282151432039257,0.002112308189536597,0.2269703541839042,0.0437561223660839,0.010258154322931015,0.11889291202731932,0.0694432630874376,0.02046903480427471,0.004737332483037424,0.011374960041247427,0.007773247854057054,0.07977268285780618,0.06854853788692393,0.13962615909159692,0.001890827727889974,0.0037035519670662737,0.002484239262637651
141,0.01488868139301356,0.02228117103273085,0.39654019343113217,0.03658347113607468,0.02006122932293054,0.015821190589520927,0.019918324038863688,0.02547849128460131,0.036633186773144984,0.00925185183597714,0.03270169044164183,0.043129044301621906,0.009945169900123023,0.038343204183792494,0.014611011399191976,0.00872643193351973,0.010903533781758672,0.007051304178433648,0.04340352519881565,0.1724499716705381,0.02127732217257314
142,0.010283231364789187,0.2191565911323247,0.018531884191683706,0.02208554475003081,0.0221532289715376,0.00837762385096082,0.015505132158382277,0.05590311379571309,0.015141901317060438,0.004908772181271695,0.01849973776129921,0.029439403056659458,0.016961612108678827,0.02132393184418831,0.008319389333797073,0.006002068458684222,0.25282784019873267,0.19729566531048678,0.030182396302546332,0.017257494249236106,0.009843437661936776
143,0.011899776033832596,0.018362253079978425,0.020793686903160403,0.01484078014785762,0.1326528751935748,0.0067294459840534495,0.022446656140627602,0.12122048582914542,0.019708912118475405,0.24285637851220868,0.0303511169188683,0.025104848333961833,0.01125324546386739,0.015247269722594999,0.011541070833123349,0.007920887812334484,0.010616840269591754,0.2167242871724723,0.015009647246746874,0.035501547180841565,0.00921798910268271
144,0.006426858562238167,0.010685350065022923,0.018254705765839974,0.01307236329887824,0.24638691464193116,0.004892975068766317,0.013158439101062078,0.10056414675367754,0.014659932015537558,0.3013470208434524,0.07283933925415258,0.016794392619948178,0.005697324651074295,0.01714516542893897,0.003918265098229221,0.005080901500365823,0.007856584523842247,0.11082683477836701,0.010602648865452624,0.012764560102141448,0.00702527706108132
145,0.18542253373688755,0.3131265432549304,0.01212238134509666,0.011720384957929481,0.0319033548044469,0.0034157284333628615,0.017235694052132294,0.01495467120875224,0.01414259138309915,0.0054295712902655184,0.015274961390300906,0.022778526673022003,0.007252928332248054,0.023676582175024066,0.011318667524475981,0.06862534897698468,0.008191990525057207,0.18518811612900407,0.012872682184454429,0.024836923586877443,0.010509818035648098
146,0.014173154390751319,0.019554736389074758,0.40050287745454805,0.019786875756232378,0.03422181238263218,0.002842114610971107,0.1045717801735533,0.040061551222896126,0.04131742541287854,0.009251462393880448,0.02542728353864813,0.10344609611048929,0.013951576674619513,0.047513874050039734,0.00803876512387902,0.0072331494922912515,0.01279421196196148,0.03260863002086969,0.012003911875507861,0.039391786543580116,0.011306924420695641
147,0.00697111931270136,0.011096134901393157,0.018194265773521158,0.014434872238469698,0.01592803579970623,0.0050566465763299375,0.01293463605321908,0.27814439158091403,0.017001402952738696,0.16951686944889585,0.1923499523009818,0.01488986402570182,0.007306876254104922,0.011657350264521969,0.004086999198064832,0.007767597248918846,0.006369396455019493,0.17275327000876003,0.009670389951150384,0.016066350786922774,0.007803578867964001
148,0.022125618551475157,0.06347654311486123,0.08616735818445531,0.01870439934022905,0.011831636357092001,0.5882797160739126,0.02427996021814352,0.01620248054853276,0.020318117286508074,0.005142185917243754,0.014742817927670486,0.017429678885920806,0.011591372207474956,0.020144361756532215,0.006707509570949288,0.00991296548820856,0.010420798994383293,0.013439013348922101,0.013785142072881848,0.017393985882941224,0.007904338271661843
149,0.01759067300513962,0.017194417641874585,0.04541167327528602,0.6603433369387732,0.01613311253734323,0.028126855590288987,0.03391250137522059,0.020849695727103545,0.01148854561511869,0.004719850593750219,0.017790549116070958,0.01894096681237586,0.009010810676018884,0.021400567975977017,0.006285857716187272,0.005903042837679798,0.008743969991919264,0.010891811636266083,0.010627847223276468,0.018344138405065605,0.016289775309263958
150,0.09047472888962953,0.10963233148192046,0.04428224635667769,0.12171859700681038,0.002839585626674185,0.06879914446443992,0.046145655851369094,0.003414037186373033,0.08885103774228957,0.015541759163487755,0.04682826474735669,0.05687856681444812,0.002015149640941663,0.0973092141176985,0.03807563574862643,0.08821883244999353,0.047943406630686525,0.022687211522526996,0.001610865272031388,0.0037607355937933694,0.002972993692225208
151,0.32948571700687573,0.0729750776166194,0.011151480477352316,0.006314804958894529,0.008441502496564347,0.16751519952101715,0.007852971312140732,0.010068342834249903,0.010027534737425856,0.013410828805046841,0.03184678013411257,0.008677734208460774,0.015308341538887748,0.008531920839192337,0.0022486387206053604,0.21199398449659068,0.02347478269295758,0.03583035993697664,0.00463281456163839,0.009689259807849218,0.010521923296541913
152,0.12781935014556553,0.06286366341896003,0.00597231653963418,0.0048258167903664296,0.035799850986175434,0.11163157036241701,0.056704645146895716,0.00575474482161359,0.00851510647011109,0.002333356361044994,0.008132588845881862,0.1519178916932791,0.07413151615940228,0.0886749272040107,0.001940536203519439,0.13554433380313471,0.07645629556309926,0.007869517730822393,0.004285323321902677,0.025026091894923188,0.0038005565372403356
153,0.03438646946288241,0.038094603945717447,0.012607096470778378,0.0034615563037410243,0.028204170493505838,0.04524697538168171,0.06531243476408846,0.15662123424091717,0.006852345193872848,0.09117329799905315,0.14390120749847551,0.023942195702994686,0.0032673164210115548,0.040665562860572456,0.005970898133776759,0.10701236562358833,0.04938142721981259,0.11179590772278596,0.007553054368388923,0.022170058243815977,0.0023798219485388684
154,0.09264439582167117,0.08939603519370044,0.012735040247485627,0.009916643127066952,0.0596486624098459,0.054772295568603045,0.1052939785633679,0.011540892252737004,0.018847123331316263,0.014827416897792415,0.01508253980833719,0.04784096235819577,0.10130350779793096,0.010538630667501115,0.013696251587540545,0.11686056102957053,0.05978253133811572,0.05431283308015791,0.03355436582305254,0.07539542953897997,0.0020099035570310076
155,0.053631909979001156,0.040504014721585956,0.0715357809710044,0.09906665333241417,0.02288774964680913,0.024367209608403342,0.05121905773623469,0.09454838680852966,0.021599769711753203,0.05024337680104388,0.05122655487603433,0.04785758103843746,0.029992785474295514,0.08367002518992946,0.011177786877141315,0.05543805711072556,0.07467284215032634,0.08167453213938063,0.017346825728179447,0.004025842529707754,0.01331325756906262
156,0.019138731643748103,0.09016085620148927,0.010304788910794662,0.015474730905594758,0.018342708579795197,0.012701458127217867,0.024283706761846987,0.3458242989751989,0.01836629011516127,0.02912108195420346,0.04459506228283506,0.03344403631900293,0.005077640063533361,0.012365130289031306,0.005094814837441455,0.006515683917045764,0.03340832405433441,0.24424901068577468,0.00969710477909242,0.014486432753675206,0.007348107843182937
157,0.062476387542245986,0.02404934701430587,0.09108068052775666,0.3672973356848366,0.055653396689822054,0.026055666508168953,0.01612095471712076,0.04166350530182666,0.029019645242491093,0.009860260072448498,0.03435223358993749,0.02329295107485266,0.008634644204119071,0.04258791953787602,0.006598902543504184,0.009676575046609686,0.01238695607094023,0.027881273332700244,0.027174852650818603,0.026658888181906166,0.05747762446571251
158,0.06277164860809274,0.046069844078252244,0.07635717262713967,0.2725627148374652,0.021829064874644866,0.015308162561253537,0.014421615307926251,0.01918126098144358,0.0415802831600108,0.006463853760468453,0.04059981809767517,0.03877496425971141,0.00819191227691914,0.15795048853450425,0.005804746145372442,0.03625791591958256,0.05855472650589502,0.020980949379417486,0.011002607085016011,0.021125925786665483,0.02421032521254372
159,0.06293789863629302,0.09128850242583943,0.03355174572950811,0.05514265355735673,0.04359479045587611,0.03807333347244041,0.03957990386715697,0.025982332201504133,0.04378305994104099,0.024691474304132602,0.06311908131187399,0.06258190965960596,0.007558359418775582,0.1368555858914594,0.016770394554721676,0.08531051717837135,0.07745789017923856,0.04324304650410785,0.023814990209556075,0.01988281306205668,0.004779717439084431
160,0.007188858373494082,0.02239034939556817,0.02630445620564366,0.023140499212183502,0.02368641090480716,0.007275200661139884,0.017659232753017298,0.041803337065218514,0.08499596758912371,0.02901667956939483,0.029221969999132305,0.042879737986971096,0.03344921649142003,0.0891145819644212,0.4203919642117137,0.00957254043132058,0.01445277197769601,0.008103951982993464,0.015194700800240463,0.04147677332600614,0.012680799098494266
161,0.03492190378109901,0.2244254182358535,0.020358012124551853,0.17242565746639102,0.018973423234846666,0.005211248157515544,0.010268450471074568,0.011112765695010391,0.03897393747890756,0.004838980881398509,0.01821746424902838,0.014723443730867675,0.006166586527374681,0.01510804831461944,0.007295872333731875,0.1278582049354205,0.214698605182254,0.006272973617263281,0.0168420824369962,0.02124563302909338,0.010061288116701945
162,0.09810186245214246,0.05574801608718563,0.027456530158628523,0.10375355089304233,0.03237868055217278,0.02638844921355012,0.057636654165119434,0.07542325865969329,0.037457729835722466,0.09386476161172108,0.10922556510387348,0.04964732084347326,0.0046963682172940545,0.03830845550594938,0.015910688573574538,0.02560806655908199,0.031350475494558494,0.06049250630272578,0.014864910030096523,0.013545540655794412,0.02814060908459999
163,0.0630846631654521,0.05240618502179653,0.007871762033201585,0.003150982921700525,0.014971617335768274,0.04501242740725086,0.10786137033928354,0.02454155106555805,0.12807783593018562,0.0231862939025681,0.057603712479661395,0.07604818937510137,0.00246490938843418,0.06643562322138992,0.12736102246560912,0.0835540542528161,0.04492411765976576,0.023494552143682134,0.010078701394737509,0.03347693085784358,0.004393497638193654
164,0.14831837638031198,0.13311723741839515,0.0051801180900770665,0.005490145881951849,0.0045314848649229056,0.0048529859352409235,0.005520568801941391,0.10241722629132188,0.005463845649440593,0.08098233172031326,0.07542642704139009,0.03321124830548789,0.0015349548176258271,0.007967509425085366,0.0011246385411411038,0.060406026596830364,0.15788208169488632,0.157007927458698,0.0027675513950156504,0.004586959180539506,0.002210354509382875
165,0.0027600858623606935,0.0357329855532654,0.006763955167130007,0.008899392940239316,0.03872195118284671,0.0030526007443566817,0.009008859221480087,0.12585402498977968,0.007685620361330576,0.2713887913636432,0.38134100194296083,0.006440395612285246,0.01888303643437238,0.004914634230136604,0.0031851662709315464,0.001990482922204272,0.0030418533720459003,0.05399221742678668,0.006272723110604961,0.006281407572835302,0.003788813718403987
166,0.08512979823694145,0.05190512317492931,0.0720541082605094,0.08946770447877822,0.0036774862797888455,0.07267782318074661,0.06589766967050646,0.003813921657424803,0.034972959338739555,0.004258661798886588,0.029592515847145815,0.08185772988099702,0.012745411977452424,0.09195150593924391,0.0347077905833905,0.09358277050235232,0.09899827386413512,0.008105252249283676,0.011827601152839517,0.051058178847255525,0.001717713078652982
167,0.10784665042181128,0.1327702106153582,0.005228028102049233,0.004116665955814296,0.029436477549844697,0.004729519785552585,0.011888156762964524,0.08925378023292446,0.01917459789333393,0.10420060936123525,0.12844127969316993,0.015584603896973788,0.0028304669670637396,0.005439827298728593,0.005935538084181038,0.05889225250662339,0.1597821316367077,0.09308291549614801,0.0031390055820084434,0.01544118651960188,0.00278609563790498
168,0.128424337072937,0.13836263491122014,0.007547391743625331,0.00814886071840638,0.009458236560320415,0.005612095377036236,0.008154590105706336,0.1824362797812936,0.007887926779984436,0.20020269733311388,0.04332364267530209,0.00723049193822396,0.002210892916183512,0.0056156123663765505,0.0024232650303332545,0.0028326784914148987,0.011584361630017822,0.20906916531866024,0.007231198698335319,0.007821602449397396,0.004422038102111331
169,0.08376661891182423,0.05798367841614691,0.09174032592089089,0.1102421389322733,0.009940787149769212,0.09583140575097078,0.08990494111048748,0.009420407665974942,0.02222324558498547,0.005293544064235327,0.006567463976351728,0.08565083577572365,0.0022419858780381463,0.0686349867511747,0.0034316538698904984,0.11571987903053747,0.07669322324123046,0.0408566977970381,0.014261974682882423,0.006487616000868588,0.0031065894887056804
170,0.10910147443885583,0.0630063814508181,0.10841683163008865,0.05738121467664221,0.022710208602434927,0.06699170102301087,0.0536792250976206,0.020496707937905565,0.006441747027990735,0.00315513906370209,0.049918801182621014,0.05142577325038546,0.05047118953738067,0.05057192858769536,0.001763929990974818,0.08056140941053551,0.07343760209548153,0.034972227403836785,0.01391071953116708,0.07886586128329888,0.002719926777553349
171,0.007205674486096099,0.050920598055587046,0.013706598550653239,0.012862901261612136,0.16984676289874567,0.0030500494648994405,0.027360622464993743,0.021490057857440393,0.013549510238249532,0.008646557281791305,0.011149709127795742,0.013607100924071283,0.007742413384193256,0.011407671892196181,0.004497816365351073,0.005091315584617814,0.006966073823418874,0.006336254545860679,0.3323683469142333,0.2671053466801573,0.005088618198036
172,0.0025433111509774405,0.014113199997282576,0.02001905007218972,0.013327457409604,0.046026314281118634,0.005562589135629316,0.022869921004775445,0.09296988807268618,0.014927034739858612,0.4412835417261236,0.20651100222305896,0.022511472590546824,0.02219543479785709,0.01193152339707164,0.005096193390261519,0.006628013347456625,0.006608959371217255,0.005904136744793068,0.011724915531538947,0.016172339476255574,0.011073701539696968
173,0.09222816912533181,0.03260419775998193,0.0851602713367552,0.15335862642864462,0.0035671469403241473,0.0412723925214784,0.05331173231234355,0.00445662646221524,0.03591066597997327,0.0173931402639437,0.06004543654328784,0.10411381859848268,0.00152245585775178,0.0922366950938463,0.02536106676547302,0.0728787603627592,0.09256087876696158,0.02277578741249005,0.0029831562057171454,0.00539583973482607,0.000863135527412446
174,0.0086042521751612,0.014085736016160888,0.01575494688884892,0.031129014643392,0.016645658890049205,0.006073664020834382,0.016838483154063357,0.036260263112940776,0.3340067124258072,0.006810030265403346,0.022713504645786472,0.033179045823590665,0.006660631150106815,0.026709246197525984,0.3066876057871571,0.006143374822685917,0.0063278973395307385,0.008877836959119425,0.015024549087968924,0.016615666032747892,0.0648518805611188
175,0.02595432239352709,0.05021002724123913,0.008234561561699856,0.010416614549017848,0.02152316264465295,0.020501458661080035,0.1718312167102065,0.022246332761682683,0.07556284065328,0.009052489673548849,0.026641326568662926,0.10378739218792775,0.0042289293996259905,0.08143073889417854,0.1656188736328221,0.08928223987107319,0.03062207701196422,0.013085470254322487,0.012518784609290233,0.04585372767914383,0.011397413041053807
176,0.014484052966263409,0.03678807373446767,0.030334458636688613,0.039892266402727146,0.029214167512222052,0.015229473284756665,0.014340238093655762,0.02883196238029929,0.02345450567612799,0.04434732668332314,0.029552385952146727,0.017170310735483658,0.44826998984369787,0.08649415314753589,0.009643596953217618,0.0076572268751973665,0.03290468321196741,0.01606364548046484,0.02433968415591942,0.03180288416812647,0.019184914105711038
177,0.09440314482338585,0.04545519350979973,0.033240068791226866,0.0699142941061449,0.027657968243115685,0.12649721948974665,0.05597018523972775,0.015493189499732956,0.004497528955219823,0.045536088479665136,0.061568427706389116,0.02851226934747866,0.008818083840633527,0.07950984831296631,0.01074517895395719,0.07558958362240296,0.11210163497630955,0.039607599312539786,0.018589296161811125,0.04340494847225231,0.0028882481554940707
178,0.11723699028623441,0.061249686913863094,0.03251702507768143,0.13796823596026564,0.010240731834390398,0.07585402830428874,0.16134137041203814,0.01638377500376778,0.009441977586470572,0.0026678533465497143,0.041966326329776676,0.08261467819588342,0.002441579573707837,0.021874656429852257,0.0018927682905224748,0.08022246672243574,0.08062805613613133,0.03841820830119696,0.005778635409968127,0.012243119179265592,0.007017830705709711
179,0.009306695616814784,0.024609900640080107,0.021858474916883388,0.022415405361498848,0.32645979499447453,0.0074375003092509015,0.026181705684756054,0.01625281673414528,0.03854639963284836,0.03070192445296757,0.025944010995021527,0.022070802697483193,0.012089494609899913,0.023857461078645018,0.00858294786101829,0.013054556478169584,0.013273014743626493,0.0066060076405366356,0.25167374324026176,0.08214433902237642,0.016933003289241185
180,0.11596667088217909,0.3911573425604982,0.013531853624464222,0.017877664462869484,0.027789266938269233,0.009950574092573149,0.023144892851528615,0.015935610105469882,0.014167383622460223,0.005986559201876011,0.012986826117318946,0.022053977110878243,0.011356966548600573,0.021449132478576393,0.014882707204339507,0.012315206380468862,0.008947944617149511,0.14464507974467714,0.010560881145161823,0.09574172953835865,0.009551730772282128
181,0.00864362025368881,0.01828784586707417,0.018242612166405783,0.04000432640628528,0.026502082266718907,0.00816754192648071,0.015360271100002827,0.3624422269925757,0.05146170151951934,0.012917688826483682,0.013035900752115822,0.011985507594785956,0.010259366577771583,0.030571782384787815,0.007318145263750416,0.007379030531746686,0.005632714962350887,0.2845213902551782,0.03064753971103126,0.019464757518826703,0.01715394712241954
182,0.012372489382000676,0.029766315056229842,0.023794044809255937,0.01659239071354399,0.03878149977112332,0.012492912861904447,0.0162723950281366,0.029673798255186613,0.46968048399169265,0.007576646779535845,0.0241447190745428,0.07150636164111412,0.007464504920279776,0.03236710846132188,0.02754971884837612,0.010228745260158123,0.01243854378559457,0.014005809137768123,0.10703745811414245,0.02325741420996216,0.01299663989813002
183,0.01197034518072348,0.03735637164159892,0.024094846038095277,0.021814399809895732,0.03271856630162224,0.006366179637553582,0.023511385771752224,0.26733634682904545,0.022946109318317847,0.0965397268531486,0.036687472423673484,0.02178516039618146,0.006955751116132096,0.013972235483301164,0.006949245253762631,0.009187783925904644,0.020814502395792182,0.26739992491966175,0.027943452101916594,0.021550250455758518,0.022099944146162166
184,0.05222245035557208,0.060754654290114174,0.023484549252560622,0.05233134489537072,0.023062686980606668,0.06058302731216363,0.0699206357864277,0.033584617797812445,0.012170618168947206,0.16943792546126812,0.12946575013250805,0.06663151955982187,0.001489880054451119,0.06645491594944127,0.0028737011701488505,0.03477459346044857,0.014006735950038486,0.01571672751081071,0.015068247018307982,0.08189611608894376,0.014069302804235934
185,0.14925513602921617,0.16887206969546362,0.042381462498169764,0.06301860835925742,0.052379148739031316,0.021177454498283,0.009965662834548318,0.02272204562629505,0.026044010285812564,0.012325658299869834,0.03611912185041716,0.10673852186074656,0.007036728538911664,0.024597139732151732,0.004325446914637209,0.06647155937272718,0.012826864967680145,0.08749988346915105,0.010825446689293097,0.016869602635650523,0.0585484271026866
186,0.05550738371544429,0.03715226978236833,0.08880555023707616,0.022427489766967627,0.07329239697083141,0.012301253252951871,0.014068921399723955,0.057372593496967196,0.03805193300504666,0.008062446824976458,0.0750201465695834,0.036152701062440847,0.17841466900906963,0.08839594671692343,0.017717196801278277,0.011748385182875102,0.04163202423220034,0.017789460272490305,0.07866830523738937,0.027818544101043504,0.01960038236235185
187,0.04249133176083797,0.022504828364890747,0.014538367815129906,0.0451526390574841,0.08478419897371792,0.03225066639927191,0.0019506330964158731,0.07070992353351935,0.08627614451262189,0.015913119469255138,0.04677740341189087,0.020006057670837577,0.038714886100628385,0.10607976457096206,0.05681463884281315,0.029612271428579074,0.026261012835277247,0.016827802817403682,0.04834911928953691,0.1608087974072349,0.03317639264169136
188,0.009425408378675016,0.020991792796079184,0.018981113543246626,0.03713143891576645,0.024211655855173733,0.009008227099922682,0.12276438643665022,0.023265218863013956,0.0300611804391467,0.008321657485392485,0.0379962404380993,0.04928454215840605,0.015347962259292797,0.02340673581609347,0.024647479519558747,0.1432898178704031,0.3197606100990053,0.008163873431021004,0.03274914307464986,0.02466910892078808,0.01652240659961534
189,0.1503833910186619,0.13533589497192128,0.010425965561339387,0.010357761008272653,0.013736881036128898,0.1367983200874899,0.009911776163854719,0.05684113523151412,0.014091665005134785,0.004048098232474202,0.01247382594865914,0.03300655935855695,0.050206703454794215,0.013140448316019836,0.012155359080729138,0.2204425005337537,0.0752068524899383,0.005440634558659102,0.0125684213518389,0.01363243451130935,0.009795372078949562
190,0.0401113303562444,0.056051440568075095,0.0309574580059695,0.0954904488454378,0.01991691291357422,0.0495360194188251,0.06021148659182277,0.05228372146575295,0.05685262305648849,0.0337112004326098,0.04874674745241567,0.11344458611745424,0.03544021674695518,0.05490098475636418,0.024933922853724148,0.053244357876341804,0.08335649119308375,0.07335081284507992,0.005846548776356327,0.007052092489945473,0.004560597237479115
191,0.1630155185149448,0.17614267698492636,0.013865717597668687,0.01276024877550066,0.014215664263824986,0.040770802641549204,0.01578078693665731,0.03168423647905098,0.007115328068756292,0.13412881314292754,0.19796481069395025,0.017671890212721184,0.007617266795800173,0.01151433332881125,0.003913698665558616,0.03128113322811991,0.07662686750269547,0.013286910156895067,0.010650011068219877,0.014596105536746921,0.005397179404674444
192,0.012637129247101567,0.031659651389988684,0.041848764030228074,0.0248271161295518,0.07945940311161832,0.009790932556918125,0.05226800787728353,0.13124615122874186,0.023250299732081984,0.03547760553304045,0.3504878287397919,0.040545086991750315,0.009061855938263691,0.031064645535439403,0.006202367768646781,0.008016495654328288,0.032724846653084574,0.020314465537627276,0.012568384424894151,0.03562933902318294,0.010919622896436136
193,0.025328411358715285,0.030739564807837294,0.02868081867788591,0.46646088473434344,0.028737248563344753,0.026474990933004164,0.03344187301212171,0.04082805167950757,0.034704989257968076,0.010206041603897967,0.031145104320698187,0.032443847136561434,0.011521890380861441,0.04784512085181127,0.00917046787714277,0.01126608229039854,0.012590828224250289,0.03545421693903391,0.027346005518910133,0.033147810606855295,0.022465751224850516
194,0.07773048529084538,0.06532329070830477,0.005024763026999471,0.04532225666131858,0.10881420306968248,0.004929102106689924,0.0483836198752619,0.009391104582822178,0.03208491644669174,0.04869964730205794,0.07425971728070076,0.044618233459221716,0.002637915987688335,0.17565759740886336,0.02715594820328358,0.04365218256601052,0.08182376686034876,0.03278988734437035,0.010555134125991537,0.05633259957105285,0.004813628121793937
195,0.006950135471145421,0.03219169398284799,0.01624643064894163,0.010632474953011261,0.0875079641183963,0.0037130325120499747,0.017639515647416316,0.22204213120732694,0.012075495126707704,0.2021333747066679,0.1578741514739905,0.013409367465734706,0.004268835220047863,0.01284961720071307,0.004158620226729454,0.004738594046614308,0.007536203493534707,0.1552609190791853,0.007528534334144192,0.01442721585921299,0.006815693225581373
196,0.05704348715992985,0.08656177248966478,0.12797345377572902,0.11232425274282436,0.062459870409080555,0.014783209021038258,0.042758695405575746,0.008994970498343163,0.017870255057694403,0.08723497847377265,0.04561170703992354,0.0487687847371522,0.0017299654681403873,0.07156308962279688,0.001404585158094416,0.09360912146445238,0.0028083543844291893,0.0022450274141524937,0.02315091690999804,0.08218451837130354,0.008918984395904174
197,0.023341789722450535,0.018768823827578725,0.012111373001618103,0.011236676248662883,0.036052751212994345,0.014864127505356898,0.008144939663364078,0.0657262094517029,0.19814208130048003,0.10172623439526192,0.04440018237743973,0.018357786238723185,0.003161884794055264,0.062287940622430545,0.27148611591239885,0.007117799002176561,0.007416376929968615,0.031009094105035412,0.010168499713451695,0.020665740915373924,0.033813573059475764
198,0.006126995093246415,0.027243553377994483,0.0157462079992554,0.012596711229763398,0.10284050294655507,0.003256198189651784,0.011411755024231305,0.019188869334304703,0.013289025503433494,0.2964789048502358,0.23183051471211738,0.01804389732970496,0.007968089361413928,0.022706703367089548,0.003590145431399242,0.0046914585382003575,0.006631174005101985,0.015719319253181895,0.02959002971441767,0.143491658725219,0.00755828601348221
199,0.05034120546368732,0.2177231635509389,0.002777764477857683,0.004601348459607962,0.00363396906453743,0.0017624493376641927,0.0052941878991027555,0.13865258657635274,0.029268438987887783,0.03966747019857177,0.1349448648395165,0.0030479707279276818,0.0009671674335586666,0.07966097282248484,0.01631552763940125,0.030842883306310426,0.10968271034682818,0.11540534667173624,0.004742665394265508,0.0055043825723048,0.005162924229457302
200,0.004379675298269562,0.07816467805419254,0.011211312449457186,0.012669528961511448,0.010394435389195215,0.007535187674143108,0.11074806909712472,0.012994055675520387,0.022336487234846342,0.00829439977652084,0.011744959230009358,0.01158331307244805,0.0023871940526318607,0.009187024197560378,0.6387012186575816,0.008759219764102865,0.004066428908566059,0.005196760698012046,0.01061700054356534,0.011475232726879994,0.007553818537861206
201,0.068071160817537,0.03476753847222704,0.00628534956639274,0.006157768356949988,0.017303194878781434,0.0022055020922076927,0.0828931735194073,0.026479179017442792,0.17694434857669872,0.030934246052388037,0.061115848426428455,0.041154441118220385,0.0021363331952798923,0.09767427128063222,0.17716411603728735,0.04715423994581061,0.05760570840772656,0.03224836511019157,0.00833004553377,0.020160926899874507,0.003214242694745699
202,0.003906763888037975,0.022892759957574005,0.016709730103806598,0.011832416944536248,0.28676479260546417,0.007977406796984951,0.2299584234857567,0.012017120542760265,0.010873605922339187,0.0033823209625474444,0.011161943076184145,0.04584681648041167,0.0038131075947692313,0.013362502651149572,0.011811895971982116,0.004171130543068045,0.0042291012904785074,0.005726178496740404,0.17405848423859327,0.111626269528036,0.007877228918779467
