site,A,C,D,E,F,G,H,I,K,L,M,N,P,Q,R,S,T,V,W,Y,*
225,0.28687954065443444,0.21885892345207303,0.009512497206984029,0.00671239988936905,0.01158043138241534,0.020763121659839793,0.012388368455607106,0.11329167802224954,0.02316086276483068,0.0030096036361079415,0.03668492431196653,0.015667642458561927,0.026263070814248765,0.01158043138241534,0.0027178563448525795,0.010106125760860181,0.011950734167994968,0.15149450878833434,0.008732784321165664,0.013317496089777638,0.005326998435911056
226,0.006042283383340042,0.010376964940953552,0.021215128323727257,0.10349424672144036,0.01097334223641065,0.0024416388096361293,0.026518910404659073,0.012084566766680084,0.520734286801133,0.02108612388030768,0.010577851973360133,0.020110502606767385,0.010376964940953552,0.018626899338507245,0.14656081433395327,0.004011263758687927,0.00989249063957345,0.015834790346897724,0.0055183859801602704,0.015911346242795443,0.0076111975700558126
227,0.049941775625645626,0.29502506354575947,0.0078403943150213,0.006884248666847971,0.00613596076827754,0.0007123961977942516,0.008820443604398962,0.017530574168304492,0.010080506976455957,0.002433225821903162,0.0078403943150213,0.11689585681198361,0.008820443604398962,0.00613596076827754,0.00130491829008593,0.1482832062860703,0.2077767662178996,0.08188843517108363,0.0038142458829833353,0.008553157434568692,0.0032820255272182188
228,0.008487908655728271,0.012003103149514726,0.006910591932921975,0.015234707843614845,0.012508496966336399,0.0037965086639040187,0.030323003505299134,0.021891180984806653,0.05089895090059136,0.0062215037267118216,0.018281649412337814,0.6368482463604468,0.04951280049174825,0.04243954327864135,0.005552837438326907,0.003456013399413313,0.036200170185085145,0.00594153605900979,0.010415145458909595,0.011426030882711134,0.011650070703940762
229,0.027255324223096903,0.10719899871022905,0.0010044205379967166,0.0008796885757618302,0.000628936224726916,0.00022620563376732767,0.0014629603488213049,0.07550271529314591,0.0013195328636427452,0.20289491335273271,0.2385775199841927,0.006989932730655321,0.026736563042372798,0.0014020036676204168,0.00043415599549558595,0.009968350933798156,0.24518595105809762,0.04990330820133122,0.0006196735723009393,0.0010353257853196924,0.0007735192648940231
230,0.010254816176229345,0.019266624331097562,0.022707092961650695,0.015894965073155486,0.02445379242023921,0.0047447656934792495,0.02445379242023921,0.34714039282677955,0.028899936496646333,0.00478044062350541,0.016599301221216,0.03178993014631097,0.008954909900369288,0.02119328676420731,0.006046384656709616,0.006357986029262193,0.06633661749228577,0.2986613643163586,0.01042292791682327,0.019266624331097562,0.011774048202337396
231,0.010084017248021559,0.020818616253979995,0.011136024682411217,0.037538547871776136,0.015493599558137344,0.04974781842357305,0.01548905049296112,0.04616050659624187,0.19150038062628266,0.0054823506128793675,0.012726885351327103,0.07226932239464075,0.006852938266099209,0.021783370524799152,0.38184298884211465,0.013052570640135777,0.05633167890735292,0.005318698355778492,0.007581974251854444,0.009137251021465611,0.009651409078167791
232,0.030775882576690873,0.2186274024777402,0.009756306338297684,0.006968790241641202,0.006097691461436051,0.1701252766038829,0.00886936939845244,0.023135358665527857,0.005912912932301627,0.02513825844102078,0.10657574151557768,0.07161238358772579,0.0025341055424149828,0.00886936939845244,0.004373291883283469,0.10931638625845691,0.11658839790272692,0.05927207014770096,0.003484395120820601,0.00886936939845244,0.00309724010739609
233,0.05366324525864836,0.10733291743655457,0.018906747182776733,0.003490476402974166,0.01418006038708255,0.0008371991372447262,0.022688096619332077,0.45024067963645625,0.009864389834492207,0.004064396937474778,0.0035569012124406483,0.025208996243702302,0.006262601402411264,0.015125397746221386,0.0025208996243702305,0.003490476402974166,0.09956302610697233,0.12884989196378546,0.005970551741929494,0.018906747182776733,0.005276301539379552
234,0.11393049680845385,0.16208587051780332,0.0048188847994284955,0.011200651155428391,0.0267106392695649,0.018718933142452945,0.011200651155428391,0.01657696371003402,0.017267670531285445,0.005382131074686372,0.01593938818272502,0.07710417699153237,0.0011680352097673719,0.02302356070838059,0.004062981301478927,0.23683214736835012,0.1915021996386717,0.03526361633732515,0.0071452429784629404,0.014309868941644552,0.005755890177095147
235,0.045481586620466405,0.10856638134702302,0.016468187054749516,0.016468187054749516,0.016468187054749516,0.026205678256177974,0.018094396891170508,0.09748996244799722,0.02927677698622136,0.09267861822306843,0.02505378031085147,0.011456130125043141,0.003969979127883499,0.01756606619173282,0.0033353290237467374,0.08583955434865494,0.14977383268396272,0.17642036968891242,0.027141595336755753,0.020268537913537863,0.011976863312545102
236,0.013511102935894418,0.16048306627635572,0.004740486096643255,0.006399656230468396,0.012799312460936792,0.0015999140576170984,0.007999570288085494,0.004529971425143301,0.004660233155434703,0.42813654977394633,0.11283965597556267,0.007999570288085494,0.0047591628407383174,0.016202617268285917,0.0018822518324907041,0.029621022465951642,0.07251236829683973,0.08776417686988207,0.0034592736380910246,0.014221458289929767,0.00387857953361721
237,0.15188827102509736,0.011041367987543727,0.013261462674898245,0.011419592858940156,0.02569408393261535,0.15012115137813006,0.029364667351560406,0.01275410077532104,0.01054116263902168,0.0067394318511777955,0.011041367987543727,0.10926553153241306,0.01054116263902168,0.01417604630764985,0.0018054726561141025,0.23426866084473774,0.1548144949726989,0.00513881678652307,0.004327424662335217,0.0241826672306968,0.007613061905960103
238,0.09115912700839335,0.043159988397087234,0.08095615248079378,0.0030549491502186335,0.026985384160264598,0.17609275266011595,0.02812178767762638,0.05717297164289477,0.042889563511595376,0.017795064971150177,0.03861683172370963,0.02668072010001757,0.009804287117190206,0.09205865998840301,0.01649395263983438,0.11791925401347049,0.058364075218788426,0.0528055918646181,0.0037654024409671523,0.014719300451053416,0.0013841827818073067
239,0.006385690620475307,0.12284993501103447,0.02234991717166357,0.010315346386921647,0.30146137925171723,0.0051576731934608235,0.025966844669911192,0.17131897544171715,0.013409950302998144,0.07616491957768276,0.029767484252673726,0.021262488751909808,0.0005512347287868146,0.01842749025165517,0.001672604253503417,0.005363980121199257,0.024569987002206892,0.10907082067871574,0.012190863911816495,0.01658474122648965,0.0051576731934608235
240,0.014286464206446511,0.022661288051604812,0.020536792296766863,0.0597433957724127,0.017399887424756344,0.007384015207826287,0.017761550094501068,0.07436800769602663,0.08214716918706745,0.37431616125937717,0.06372978944445067,0.03285886767482698,0.0035442842112089292,0.041073584593533725,0.00925874222802418,0.016028715938939987,0.025276052057559218,0.009808617216366262,0.04694123953546711,0.03458828176297577,0.026287094139861588
241,0.012101148084958786,0.12483975821703651,0.05515990967687773,0.010029074486705043,0.1361379159557863,0.002723946156882852,0.07563217553099241,0.04950469671119502,0.012978802276912412,0.12535955965945578,0.05685282928489994,0.073546546235837,0.001728732665620524,0.01825704483406471,0.00825517022563675,0.05294252287169468,0.03737119261531389,0.03361430023599663,0.03300313114079668,0.07260688850975269,0.0073546546235837
242,0.034644594541466116,0.0534863915727898,0.006511494595907948,0.0024466469754841668,0.10028698419898088,0.05525515564121378,0.055202206663187946,0.012209052367327404,0.017192054434111006,0.08424106672714396,0.024418104734654812,0.13603175727696218,0.010852490993179916,0.055202206663187946,0.019860976382661193,0.04011479367959236,0.06418366988734778,0.01634306409168577,0.09627550483102167,0.05014349209949045,0.06509829164260285
243,0.03301751490252016,0.010146074238644318,0.03301751490252016,0.09340731307755658,0.08254378725630043,0.003588860315491323,0.007046128214472088,0.08254378725630043,0.05502919150420028,0.00843677716759522,0.09340731307755658,0.09340731307755658,0.007546785397409946,0.08254378725630043,0.09360362959918907,0.004266069506532134,0.018343063834733428,0.03301751490252016,0.05502919150420028,0.05502919150420028,0.05502919150420028
244,0.0535693342548461,0.0437657959598416,0.0956741430010614,0.009567414300106141,0.10826271267614346,0.004071240127704741,0.06378276200070761,0.11930993451781964,0.009111823142958228,0.0812213260168556,0.10858472867596022,0.02391853575026535,0.006598216758693891,0.049754799617504133,0.008116947445525269,0.012756552400141521,0.04371049820835356,0.03594314802967777,0.009567414300106141,0.10826271267614346,0.0044499601395842515
245,0.05882353837801041,0.15826974105304312,0.15879667644048445,0.10300152429807302,0.04665321054498308,0.028296042453371348,0.04665321054498308,0.09330642108996616,0.031102140363322057,0.06713556010533799,0.02153225102076142,0.007334485309903268,0.01166330263624577,0.02153225102076142,0.005712638025916295,0.035965478627859634,0.017494953954368654,0.03556656049338116,0.012723602875904478,0.022885340581662077,0.015551070181661028
246,0.06758351322260911,0.05512595014890668,0.0311066665228481,0.0024882518402691138,0.018800125015366636,0.09570340419158269,0.05174356037890764,0.039423665050596295,0.03449570691927176,0.053311547057056353,0.09855916262649074,0.08377528823251715,0.03449570691927178,0.05749284486545293,0.033027804497175094,0.06955252473508314,0.054207539444569915,0.05696936315787614,0.012383074278712946,0.04599427589236235,0.003760025003073327
247,0.07741715945792664,0.04074587339890877,0.0051554017832156785,0.023199308024470552,0.023199308024470552,0.05276590605158685,0.03713052360685761,0.010707372934371023,0.06959792407341166,0.06416829704397795,0.046398616048941105,0.09059964791051478,0.07872369634983409,0.1331031864364353,0.025612258943754976,0.06200912118151729,0.06884511724277592,0.03802948183898151,0.019885121163831905,0.009507370459745377,0.023199308024470552
248,0.04703940614105836,0.07276618223719214,0.07276618223719214,0.03214128230497735,0.07276618223719214,0.04441636281379912,0.06428256460995471,0.03175159914521439,0.018804785654531166,0.01763977730289688,0.03653456727522635,0.07276618223719214,0.02351970307052918,0.02142752153665157,0.07286509469870876,0.042379345140232394,0.08599391435162228,0.052919331908690644,0.03276609383995417,0.07276618223719214,0.011687739019991764
249,0.021267882083967505,0.047852734688926896,0.10826662997197956,0.021267882083967505,0.10826662997197956,0.0012759806770693603,0.09570546937785378,0.10826662997197956,0.04884691704151825,0.013672209911121967,0.013709993595934947,0.047852734688926896,0.03190182312595126,0.02734441982224394,0.10850065245669248,0.028585335075867847,0.021267882083967505,0.014723918365823655,0.016577711750803213,0.09570546937785378,0.019141093875570756
250,0.1060336976347961,0.07900550019847549,0.01927885411541747,0.014494621359220814,0.03478709126212996,0.06395683349400397,0.05301684881739802,0.035344565878265365,0.06126391418899326,0.014425157407459945,0.0706891317565307,0.05437625519733132,0.09813200548027488,0.03579262859189893,0.02441988187952879,0.08956068501291506,0.08227537384168693,0.028612267615738627,0.012423961165046411,0.0163128765591994,0.005797848543688325
251,0.05886265360237743,0.07864232895505033,0.009725063987327788,0.040354847458805215,0.057671041233703556,0.009967834287306788,0.03003700064255394,0.13456576287864166,0.005835038392396673,0.04612646121746602,0.08036642470043578,0.04805920102808631,0.051062901092341705,0.10145831328151556,0.0018822704491602163,0.07552160161556422,0.06608140141361867,0.06620223214199561,0.013216280282723728,0.020596800440608413,0.003764540898320433
252,0.01762887433545485,0.052886623006364555,0.04701033156121294,0.005177489749934468,0.0325456141577628,0.007294706621567525,0.060441854864416646,0.03525774867090971,0.23957611726389708,0.015110463716104161,0.03525774867090971,0.034908408256097964,0.030220927432208323,0.05681920763037533,0.1251426471569854,0.012088370972883327,0.0666542177972417,0.014103099468363883,0.026443311503182274,0.052886623006364555,0.0325456141577628
253,0.07749364754701338,0.06726417569665244,0.0274750204939411,0.016310354656300038,0.08395145150926449,0.04649618852820801,0.12030419176009689,0.054950040987882184,0.014391489402617677,0.042815240269724886,0.03358058060370579,0.02224139271313641,0.0335805806037058,0.017475379988892894,0.005318593909663057,0.02345660321346156,0.014391489402617677,0.1201151536978707,0.035259609633891076,0.13875997038413077,0.0043688449972232235
254,0.007782812818606452,0.02685070422419226,0.15315603203966163,0.3056776963816961,0.05370140844838452,0.0021328877946106494,0.05370140844838452,0.07369980599134458,0.021975484594847973,0.015343259556681291,0.02826389918336027,0.031589063793167366,0.019179074445851613,0.03356338028024032,0.010740281689676905,0.01342535211209613,0.03158563113914768,0.04685446873989368,0.017323034983349844,0.03356338028024032,0.019890933054565758
255,0.06358079911832515,0.036661553230563367,0.17172490355851605,0.14485247243691923,0.012115757152309236,0.02383418384480784,0.01611496845299488,0.08010087260459224,0.025151809305714215,0.03261000691667361,0.04047054577399852,0.04761240679293943,0.058192941635814864,0.03237643661919881,0.0038089925434351543,0.06030904860438996,0.08340988301133463,0.04817314464134719,0.005192467350989672,0.008207448393499807,0.005499358011636254
256,0.013918735933001586,0.051878924841187724,0.324359657614924,0.0211697672569282,0.04755568110442208,0.003964720187815684,0.0570668173253065,0.0570668173253065,0.030035167013319205,0.015423464141974732,0.04389755178869731,0.011080629405394176,0.114133634650613,0.04755568110442208,0.015851893701474027,0.015423464141974732,0.03566676082831655,0.020381006187609463,0.021135858268632034,0.03129790891004853,0.021135858268632034
257,0.09561087075258796,0.09102107367150615,0.014482678607560293,0.06215590610247042,0.023176662277466845,0.007784059166917077,0.015596730808141855,0.2085899604972016,0.007798365404070927,0.049079990705223904,0.061667910269233996,0.009216250022992914,0.06314074479915291,0.00863130871022903,0.0025344687563230513,0.012696780204177489,0.12872980419255867,0.11519164676837235,0.005632152791829002,0.011926911794461419,0.005335723697522213
258,0.031114651572813918,0.05642123485203591,0.09899402709799264,0.04978344251650227,0.02036595375675093,0.029266207556308134,0.0208995492317182,0.029711850122987486,0.050120957381020924,0.08671954502874586,0.053339402696252425,0.12397254670477226,0.0045372251407445096,0.06623362352195519,0.019913377006600907,0.10030680094212019,0.04095902591070549,0.06720764739727805,0.010928072747524886,0.03388911313455541,0.005315745680614318
259,0.012263609436221828,0.0220001074119849,0.020439349060369715,0.025084655664999192,0.07381698245562023,0.008361551888333065,0.014428938597628681,0.03388366991860166,0.021225477870383935,0.3143375949021807,0.11366722162858864,0.11366722162858865,0.0045910530106093,0.017802013697741363,0.005327699854294529,0.007998006154057713,0.011741753715531537,0.031000151353251442,0.03449140153937389,0.10103753033652324,0.012834009875115869
260,0.010180367859300848,0.02071563593858578,0.04609506406409715,0.03461325072162288,0.04719988734766757,0.295084217483506,0.0576887512027048,0.037085625773167374,0.05191987608243432,0.017903405545667005,0.04719988734766757,0.037085625773167374,0.019969183108628583,0.06489984510304289,0.007866647891277929,0.06936022665025783,0.016748347123365908,0.019108787529513168,0.02472375051544491,0.03461325072162288,0.039938366217257174
261,0.08654393257865589,0.08454393302652939,0.010064753931729693,0.047103048400494923,0.009777129019286741,0.06495121203942893,0.009777129019286741,0.0780405535629502,0.014493245661690753,0.04289335068220927,0.03623311415422688,0.08051803145383751,0.007934829504133661,0.025050054230082785,0.005574325254496443,0.0665432842611903,0.14706791257463195,0.15858551412429736,0.011272524403537251,0.009025042171649301,0.004007079945654107
262,0.0054492252117197965,0.018463005728940746,0.023234122068533883,0.012785177688149699,0.13018636559830193,0.13045166379594983,0.13018636559830193,0.07671106612889818,0.04602663967733891,0.023013319838669458,0.04602663967733891,0.07671106612889818,0.025570355376299394,0.04602663967733891,0.005351934846202199,0.04055464586902684,0.028766649798336822,0.0057201134325324905,0.03287617119809922,0.03835553306444909,0.05753329959667364
263,0.06856283688937317,0.033907226861081136,0.04315465236864871,0.0206391815676146,0.15823372535171193,0.009307866197159523,0.029668823503445987,0.022356730491175883,0.021577326184324352,0.011578077464759409,0.05701487792583727,0.04315465236864871,0.01737971795418449,0.03164674507034239,0.0066859320571145886,0.014370606628150965,0.26978283269312475,0.03800991861722485,0.029668823503445987,0.05933764700689198,0.013961799295739286
264,0.018661824628858882,0.060132546026323064,0.09019881903948461,0.060132546026323064,0.04163022417206982,0.016399785279906296,0.021647716569476307,0.03183487730805339,0.060132546026323064,0.009417998174129418,0.06764911427961345,0.03183487730805339,0.017452556717787338,0.011586354232676661,0.3071054922601044,0.015033136506580771,0.015033136506580771,0.02081511208603491,0.030066273013161532,0.04919935583971887,0.024035707998739924
265,0.3223003160943867,0.02980293422341386,0.03702625430544834,0.015729326395690645,0.02980293422341386,0.00524310879856355,0.025738897738402877,0.03775038334965756,0.04044683930320452,0.008206605076012511,0.0629173055827626,0.04044683930320452,0.014156393756121584,0.03330916177910961,0.007259689105703377,0.12596655314390415,0.0716679325179185,0.011587113885673687,0.02177906731711013,0.04355813463422026,0.015304209466077384
266,0.0013611842933317756,0.06528533439996684,0.04843877071671223,0.011773491681766057,0.16453910448233636,0.008165575385280486,0.16453910448233636,0.09687754143342447,0.01816453901876709,0.007427189406713167,0.0074897836179174835,0.03632907803753418,0.01816453901876709,0.05812652486005468,0.007854935791899283,0.011178177857702826,0.023937955946654512,0.16523332959518353,0.024219385358356115,0.04151894632861048,0.019375508286684894
267,0.058450919496971926,0.2712785824307703,0.005159858367057523,0.011492697171022243,0.010319716734115044,0.004085520819740516,0.014742452477307207,0.012899645917643806,0.011466351926794495,0.005159858367057523,0.011466351926794495,0.012899645917643806,0.00579401134435928,0.00859976394509587,0.004299881972547936,0.4655404470300105,0.026264089029678646,0.01998520179695486,0.009381560667377314,0.025799291835287615,0.004914150825769069
268,0.0031662891139310526,0.049230239616595346,0.004956451627277166,0.004956451627277166,0.03825932679333354,0.002313639710235016,0.011437965293716539,0.025478442221183232,0.007080645181824521,0.021042629736333456,0.036728953721600205,0.40313099235593336,0.0042483871090947135,0.008260752712128611,0.003120803489891342,0.08437358566501954,0.14809592065159022,0.04208525947266692,0.008744988981333383,0.08903988780993989,0.0042483871090947135
269,0.027000087160010094,0.023950818730078174,0.04045967106894619,0.009227644278882466,0.040298013719099475,0.07096636113284663,0.07792232946611857,0.0075139389128042935,0.03019490266812096,0.019517338182315557,0.015027877825608585,0.03116893178644744,0.0014220420610493608,0.016323384534712777,0.01994032978469631,0.06331691423307306,0.20267597894137454,0.016625669433503753,0.17652150436872394,0.10891611012030243,0.0010101515912855458
270,0.12158344391714614,0.014692359370794234,0.008360396181917674,0.011274530212346073,0.023801786003841714,0.01129666148517957,0.020343266821099704,0.026446246867429617,0.05037380355700879,0.005637265106173036,0.008925669751440641,0.023801786003841714,0.37960259109031635,0.027124355761466278,0.03647758188610982,0.06705070502682828,0.0257893785497286,0.019035605177698017,0.07140535801152513,0.011274530212346073,0.035702679005762565
271,0.028509195598540676,0.04400742196424717,0.09708889409928247,0.19983360659186308,0.029338281309498115,0.01331446047887746,0.029338281309498115,0.039117708412664154,0.017321667445813003,0.01213997847289577,0.04400742196424717,0.07041187514279547,0.01213997847289577,0.02280580222971856,0.01213997847289577,0.012573549132642048,0.020709375041998667,0.07769457622024417,0.029338281309498115,0.1760296878569887,0.01213997847289577
272,0.0199460866004166,0.051760313565547146,0.014291918400354695,0.046319598787350424,0.02001668376167644,0.0004169813061579058,0.08318621823034363,0.08249299974509078,0.10190311733217092,0.03927163325758082,0.04529027436985375,0.07070828549579208,0.0012221865870145517,0.04538542200508455,0.11895629206939139,0.060709790824047385,0.04759678698619396,0.10550040598239818,0.005039165142799663,0.038213668999564104,0.0017721705511710994
273,0.024700280017770714,0.023456040557609817,0.07706984754643229,0.04904444843863871,0.041499148678848144,0.009633730943304034,0.04610300597106158,0.04904444843863871,0.03596592885500172,0.05207408294475726,0.04904444843863871,0.031734643107354465,0.30651241657743167,0.033718058301564116,0.010374787169712036,0.008019141836663647,0.029971607379168104,0.014580781968243943,0.02074957433942407,0.06743611660312823,0.019267461886608068
274,0.007373503160605348,0.04104658812191437,0.36601903268581615,0.02396388527196738,0.01597592351464492,0.005045028478308922,0.017428280197794452,0.06293810178693536,0.0165052634911901,0.005638561240462913,0.0383422164351478,0.2176104229854511,0.013221453943154417,0.046278016019805406,0.008916794519801817,0.03797976727762653,0.024192471864378853,0.006184228457281905,0.01597592351464492,0.014617530711856624,0.014747006321210695
275,0.006791385523464961,0.008659016542417826,0.020374156570394885,0.01237002363202547,0.1305566790661178,0.0039359166101899205,0.034636066169671305,0.14310083345117933,0.015743666440759686,0.11716928957010064,0.19725942288497159,0.026643127822824082,0.006791385523464961,0.01924225898315073,0.006473884912369474,0.003848451796630145,0.0028469323919245756,0.04181631058759398,0.05813284411107284,0.13694756545396972,0.0066607819557060206
276,0.045350579270849414,0.03656170731913442,0.06327987805234803,0.001978995334274132,0.033749268294585605,0.05515124331066429,0.05624878049097603,0.029530609757762408,0.09330617973522581,0.030771391680357477,0.011911506456912567,0.12383725019963791,0.04078036585595763,0.10098703625226321,0.07291647075685462,0.04558342730697277,0.07366402088928992,0.032142160280557726,0.0071693219937710466,0.03133860627354378,0.013741200488061177
277,0.013050651780572776,0.04101633416751445,0.026101303561145553,0.05220260712229113,0.02496646427587836,0.009732689463478003,0.014723812265261595,0.3262023439220971,0.04417143679578479,0.03174443985462159,0.023926194931050093,0.026101303561145553,0.008972323099143784,0.05742286783452022,0.008570577288734362,0.008203266833502889,0.006570441518978682,0.18573736653180997,0.038281911889680144,0.033778157549717774,0.01852350575307104
278,0.04050070308043838,0.04786446727688171,0.05850101556063321,0.027711007370826254,0.022891701741117338,0.012244398605713929,0.027711007370826254,0.2989868041169884,0.03760779571754992,0.038028168251859285,0.032906821252856176,0.03061969149893282,0.010323708628347037,0.03510060933637992,0.011700203112126642,0.01618926552139526,0.1138235508083577,0.04074538797159035,0.025071863811699947,0.04050070308043838,0.03097112588504111
279,0.016710925034408304,0.011239625633679109,0.06945949099425379,0.03447292953535874,0.021937318795228287,0.2746168219480735,0.042638355546185114,0.03447292953535874,0.05362455705500249,0.009849408438673928,0.04387463759045658,0.0321747342330015,0.010968659397614145,0.0663263308496213,0.038512063073973646,0.08868644687382342,0.010968659397614145,0.01280011359678887,0.06283547133122017,0.04826210134950224,0.015568419790162012
280,0.010662464256322859,0.010088777538242966,0.02396084665332704,0.007986948884442348,0.03506766022079519,0.03627940007295871,0.03194779553776939,0.021917287637996993,0.13319879717354674,0.02776189767479618,0.1281437216737976,0.021040596132477114,0.003911974963808496,0.011275692542742136,0.10875024463094043,0.043863487338078086,0.12108675029414644,0.057383443997664825,0.016736837832652247,0.1434586099941621,0.005476764949331896
281,0.015100335255085244,0.07464873649170063,0.02355652299793298,0.058891307494832436,0.03464194558519556,0.006890514265421014,0.03804971579888054,0.03680706718427028,0.03926087166322164,0.040604712910593775,0.058891307494832436,0.02676877613401475,0.006991426426643157,0.03680706718427028,0.3350171328498806,0.03485205215141838,0.024538044789513516,0.016826087855666416,0.029445653747416218,0.02676877613401475,0.03464194558519556
282,0.011663929908983994,0.018099201582906198,0.01943988318163999,0.015905358966796356,0.015905358966796356,0.0072899561931149956,0.040375141992636907,0.2986670005980327,0.027625097152856822,0.20505015652125944,0.015905358966796356,0.02491355124054811,0.010711772365393463,0.037491203278877124,0.0069062742882142055,0.028274903392050636,0.0046743796494319945,0.16276565361650974,0.013458380664212297,0.01943988318163999,0.015437554291302344
283,0.0881495402800419,0.029817045100609233,0.2752010327076926,0.19020022297748512,0.01518664577161122,0.018645466171659773,0.022273747131696452,0.04220258691163153,0.03925099741482264,0.011061161892161489,0.022273747131696452,0.04840884969275383,0.006187151981026792,0.06857920373140125,0.007515529176043971,0.031865084562065216,0.026376616819769706,0.007151397397096928,0.014437727101347626,0.017584537209234044,0.017631708838152384
284,0.01090422270746009,0.019928407017082237,0.026269263795244767,0.024080158478974364,0.020640135839120884,0.015871631868964838,0.030417042289230773,0.13116072527521275,0.10483639625488667,0.012563560945551845,0.02752018111882785,0.04445567719195268,0.010507705518097906,0.04128027167824177,0.32815015630051303,0.04818649366664615,0.017512842530163178,0.013134631897622383,0.017512842530163178,0.04445567719195268,0.01061197590409018
285,0.005484383847943571,0.0075156371249597105,0.010680115914416428,0.02536527529673902,0.0069973173232383504,0.0052031333942028765,0.00882270445103966,0.10763101520338564,0.04058444047478243,0.5803570363748067,0.07134231574744977,0.0069710766163974675,0.0035600386381388098,0.020292220237391217,0.003382036706231869,0.0028898752866293414,0.015265457975635275,0.03384317114678995,0.01844747294308292,0.008455091765579674,0.016910183531159348
286,0.14015241246952462,0.033160531634921706,0.0158000248290724,0.016729438054311953,0.024796196052300518,0.003119381322812594,0.030745260561757,0.030700052255229204,0.32235054867990665,0.004286745773723938,0.07163345526220148,0.016729438054311953,0.0037252428256239496,0.053725091446651115,0.1563663032142817,0.013862484688907972,0.006936596266422027,0.00474000744872172,0.011376017876932126,0.030700052255229204,0.008364719027155973
287,0.0618722525030387,0.01088135801408138,0.07229330846166362,0.09065004436491719,0.055500027162194175,0.040842327680896746,0.04868552561923278,0.032644074042244134,0.07519219271368914,0.054390026618950295,0.07770003802707186,0.05455379135089395,0.003376973176783876,0.10360005070276244,0.03411221181676326,0.05336603707890012,0.04439619058490943,0.023310011408121556,0.009793222212673243,0.03885001901353592,0.013990317446676058
288,0.015888394642305213,0.047665183926915634,0.09808178643678815,0.241549194385208,0.04289866553422408,0.007359832865735919,0.07149777589037346,0.07149777589037346,0.059110352085894165,0.013405832979445021,0.030641903953017195,0.04289866553422408,0.020427935968678125,0.07598747253622962,0.013405832979445021,0.01383827920458841,0.028599110356149378,0.015761064047396783,0.0194993934246473,0.05362333191778009,0.0163622154405807
289,0.016216105194046905,0.06891844707469934,0.045945631383132894,0.025061253481708855,0.055134757659759476,0.004307402942168709,0.1527790246886445,0.03063042092208859,0.039381969756971044,0.008353751160569618,0.045945631383132894,0.03734184743007304,0.025866489398430212,0.02599806688949889,0.0290395433897338,0.016216105194046905,0.019690984878485526,0.02297281569156645,0.025061253481708855,0.21324723523326766,0.09189126276626579
290,0.07673947904720599,0.1462842972860954,0.023509976349551046,0.04621605399963732,0.01828553716076193,0.013374038227143491,0.039183293915918405,0.06399938006266674,0.01828553716076193,0.13569793366670696,0.0470199526991021,0.024685475167028605,0.010971322296457156,0.06854280805817337,0.04701995269910209,0.04895122393052072,0.058144626409314525,0.07169980084410905,0.01713570201454334,0.013708561611634675,0.010545047393565134
291,0.03587570626841457,0.018709454052574466,0.18442983594864046,0.13742886250937142,0.017373064477390576,0.002398575050181845,0.12191387674426972,0.017373064477390576,0.04584868000499766,0.005606888199323726,0.013512383482414889,0.025680932369742,0.006236484684191489,0.12236208952641775,0.010159489728689146,0.117065029373759,0.05751582088338531,0.008549534605764814,0.011055586485612183,0.012801205404393053,0.028103435723075443
292,0.10664483962705316,0.02549468157936705,0.15071629213535925,0.04173681936056102,0.02868151677678793,0.13062078651731138,0.04521488764060778,0.036989579194420745,0.02549468157936705,0.009354804339436095,0.017650164170331033,0.022607443820303892,0.013340093337954224,0.06782233146091168,0.005319398545953858,0.08416464362676618,0.12774781792766157,0.009178085368572137,0.01042964246428652,0.02549468157936705,0.01529680894762023
293,0.013657248683962026,0.021969952041995786,0.04011816800913845,0.02567562752584861,0.0484620153499068,0.02484234892988553,0.035660593785900856,0.049376206780478105,0.07132118757180171,0.014804228740173961,0.03775827577330679,0.06418906881462154,0.027908290788965878,0.04279271254308102,0.0038420666821816106,0.013099809962167659,0.01604726720365538,0.013372722669712822,0.3619810058312665,0.06801686364899201,0.005104338662957079
294,0.010469822014410777,0.019574015070420146,0.01875843110915264,0.01875843110915264,0.25117124306337796,0.006167155433146073,0.08875625892946022,0.037516862218305295,0.05002248295774039,0.029539607439427646,0.026482490977627258,0.03463094973997412,0.021438206981888735,0.019574015070420146,0.010004496591548076,0.06997417050631217,0.030013489774644228,0.02324449720985644,0.021438206981888735,0.19839634348938162,0.014068823331864481
295,0.016673382219419747,0.05087519190028077,0.005421089541273863,0.09597145733724366,0.09499742882008848,0.0012510206633708917,0.028653316930417196,0.061060284347295664,0.031286882719424,0.06341495031565282,0.09182019928526611,0.05386785024735611,0.00078610837773839,0.06412839315161444,0.03342659233746092,0.025478037279154927,0.06950690354497562,0.08529076289164718,0.06325391506318331,0.058092779678521306,0.004743453348614631
296,0.03743437923539877,0.04874235794952845,0.24739468758749164,0.05632035357528488,0.021934061077287795,0.01005951018785941,0.039880111049614184,0.062668745935108,0.062668745935108,0.016247452649842817,0.029245414769717072,0.009656022351680156,0.01754724886183024,0.031334372967554,0.008436177337418386,0.009333643011611832,0.029245414769717072,0.039000774818993805,0.02437117897476422,0.16473463760451582,0.03374470934967354
297,0.07751359802989334,0.018609602160908036,0.09137349890702637,0.07362581695698533,0.02454013471768093,0.06678045537941234,0.04873943423094963,0.03190217513298521,0.039311029211733385,0.03214947881618664,0.03866930319149722,0.07595755984044097,0.0901583210280017,0.04557453590426459,0.032720179623574576,0.049625605762421435,0.07771042660598962,0.05775128654224912,0.012270067358840465,0.009335196858812482,0.005682293740146728
298,0.049577700396903776,0.03246158954559176,0.020043784683818226,0.033584796902151916,0.027987330751793254,0.014739316334214632,0.14142057446054768,0.027987330751793254,0.09715774501364087,0.008838104447934713,0.022723112681914227,0.1895034009213166,0.007145701468542959,0.03731644100239102,0.055387587162165935,0.12245631054017211,0.035823506597747294,0.013433918760860765,0.013433918760860765,0.020990498063844943,0.027987330751793254
299,0.07499793440469409,0.0357088965556428,0.07141779311128561,0.031741241382793606,0.0408101674921632,0.011426846897805697,0.1609160997872979,0.0408101674921632,0.07141779311128561,0.007474496163958939,0.031741241382793606,0.13313242793732682,0.048791341051323704,0.09810879316145542,0.00664463972242749,0.013845772505481985,0.0204050837460816,0.0238059310370952,0.0476118620741904,0.010146726153057008,0.01904474482967616
300,0.017137910877167994,0.02822673990659071,0.03464190806717951,0.05080813183186328,0.07621219774779492,0.027524523529997076,0.02931238374915189,0.02822673990659071,0.02822673990659071,0.005915166030686812,0.03810609887389746,0.03464190806717951,0.42661767456168515,0.02442463646253415,0.011724953499660757,0.0271380743747879,0.013755223725529819,0.018145761368522605,0.031755082394914556,0.02931238374915189,0.018145761368522605
301,0.01134302754112297,0.0648998494757961,0.014956916587372379,0.038460642653243254,0.022435374881058574,0.01022371513567226,0.04046958703445228,0.023755102815238485,0.038460642653243254,0.011375683038283221,0.05047959348238179,0.01682653116079393,0.012820214217747756,0.026053983732842213,0.00997127772491492,0.02773892859409683,0.013925405098588079,0.015532182609963623,0.05384489971454058,0.4528589669496911,0.0435674748989564
302,0.013876097703685732,0.02787405463133122,0.03484256828916402,0.040991256810781196,0.040991256810781196,0.04210636102068536,0.0316750620810582,0.021116708054038803,0.07137604018917577,0.012014678720401385,0.02256774922475873,0.03484256828916402,0.021776605180727514,0.02402935744080277,0.39354675122964405,0.046703029730574434,0.01620584571589024,0.0165916991853162,0.030737060781699282,0.0387139647657378,0.01742128414458201
303,0.0027451004254740573,0.0314136542386862,0.05425994823045796,0.03730371440843986,0.03979062870233585,0.019895314351167925,0.04591226388731059,0.022983226934340347,0.05425994823045796,0.010290679836810994,0.03979062870233585,0.05425994823045796,0.018404375512573654,0.03510937826676693,0.009784580828443242,0.007555182665000476,0.33599935248657353,0.042632816466788404,0.0746074288168797,0.03315885725194655,0.02984297152675189
304,0.024862350142358713,0.0827352029858288,0.0714792566592813,0.038122270218283356,0.057183405327425045,0.005895196425507737,0.0476528377728542,0.03573962832964065,0.03573962832964065,0.014873028276293073,0.038122270218283356,0.06353711703047227,0.02599245696701138,0.0238264188864271,0.028996109589281012,0.015048264559848697,0.020422644759794654,0.016338115807835726,0.32365332876583935,0.022873362130970017,0.006907106817122923
305,0.2814352897833474,0.031103226492122358,0.04486047410388231,0.023697696374950367,0.049765162387395784,0.07520505506698597,0.017773272281212775,0.031103226492122358,0.04147096865616314,0.009389653280640712,0.08294193731232628,0.031103226492122358,0.0050780777946322206,0.03317677492493051,0.010818513562477343,0.014993983836469342,0.045652108513847156,0.01674482174211976,0.08294193731232628,0.02927362493376221,0.04147096865616314
306,0.020232645676105478,0.022636663443860044,0.018255847681561427,0.039453659068405686,0.029224932643263476,0.01213958740566329,0.005706878393094276,0.0563623700977224,0.05260487875787425,0.020232645676105478,0.060697937028316454,0.0200038457045389,0.027209420047176334,0.05260487875787425,0.014888173233360637,0.012329268458876778,0.015472023164080662,0.019245687350441795,0.03757491339848162,0.446684719401361,0.016439024611835704
307,0.017124370375237213,0.06278935804253646,0.06278935804253646,0.03767361482552187,0.03767361482552187,0.011532739232302615,0.3173629288924354,0.05651042223828281,0.031394679021268225,0.009418403706380467,0.035319013898926756,0.04627712664581597,0.018449303583856238,0.018512456728618835,0.004033974342315475,0.010274622225142329,0.024569748799253388,0.017124370375237213,0.04709201853190235,0.10716815079153531,0.026909724875372763
308,0.008121258608360727,0.03373445883472917,0.03654566373762327,0.01194551714765434,0.03986799680467993,0.498581006119874,0.03508383718811834,0.02579693910891054,0.028293417087192203,0.013704623901608724,0.023081471834288374,0.046162943668576754,0.023705295397377254,0.03248503443344291,0.006095310030420146,0.013289332268226641,0.020397579760533916,0.010055069425526994,0.015662427316124255,0.05159387821782109,0.02579693910891054
309,0.03247190162286404,0.06485052274575033,0.05276684013715408,0.04966290836438031,0.036707367051933275,0.005622761501030762,0.01722998861621357,0.023587005027173605,0.02483145418219015,0.016885388843889307,0.028142314739815502,0.007326671231700687,0.012415727091095076,0.027234498135305322,0.014217530525425601,0.4786896195348763,0.010378190648980724,0.033770777687778614,0.023451928949846254,0.024121984062699005,0.015634619299897505
310,0.015752040112303103,0.007523828073090027,0.03272562846907836,0.036137033198813,0.10145482068195377,0.013889997047671562,0.024297811042822696,0.03412942024332338,0.06825884048664678,0.01307084179531534,0.07679119554747763,0.027596347071517254,0.010591889041031397,0.08776136633997443,0.016603501739995162,0.016117912993071516,0.009908541360964855,0.01396203555408684,0.03071647821899106,0.34882047393420035,0.013889997047671562
311,0.04313983192554512,0.08714880550433993,0.10631016998620303,0.24216266682696932,0.02257773391009164,0.030583659394679098,0.03574807869097843,0.03485952220173597,0.03327324295078127,0.009127169027483853,0.02383205246065229,0.04289769442917411,0.029879590458630832,0.08714880550433991,0.013837965944894877,0.02658777117081557,0.06338094945770176,0.009075707756703078,0.025233937899514187,0.017874039345489215,0.015320605153276469
312,0.28977446634385656,0.020503449032229122,0.015532915933506912,0.022286357643727307,0.03661330184326629,0.0057593957955699784,0.09410899739494988,0.021357759408572003,0.046598747800520736,0.013489111205413898,0.06407327822571601,0.022286357643727307,0.005960304951229397,0.03661330184326629,0.011920609902458792,0.15310943224406176,0.004795447401882702,0.019848355589314207,0.0394297096773637,0.01898467502984178,0.056954025089525344
313,0.11537814042133727,0.05353774754042201,0.04380361162398164,0.09038840493837484,0.01767528869446587,0.016328227988867707,0.03768244140500827,0.014601203874660547,0.1012350135309798,0.0017464979666974693,0.09490782518529356,0.024335339791100908,0.08878971485310164,0.06722637617291626,0.054124929802144915,0.03610525976061036,0.06140659375365834,0.017255968215507924,0.02651293304169881,0.02812083709193883,0.008837644347232936
314,0.10144091573730589,0.044117479544454136,0.008943477390922815,0.009649541395469353,0.010476644943652438,0.008333301691730226,0.019565143102323136,0.01018562702855098,0.00685966960944418,0.00370386437401854,0.013171915254241691,0.009402117257123983,0.22609071141823037,0.010714245032224574,0.005921844820031043,0.2615021209542622,0.2081479519951393,0.014383507029561758,0.010784781559642216,0.010784781559642216,0.005820358302029134
315,0.1069737376598231,0.03694481466046021,0.03141057116881231,0.2735337239284073,0.033155602900413,0.03014145718219364,0.01635573252901924,0.011101175148636452,0.007400783432424302,0.0026175475974010267,0.034430818396582734,0.029840042610371702,0.0060078500161867944,0.13815543889850943,0.048863394469572066,0.1380101970729691,0.017298575426302434,0.010470190389604103,0.00939330204884623,0.014209544100177,0.0036855003632878204
316,0.011082864837612635,0.017903089353066563,0.015516010772657685,0.12266766136748052,0.02327401615898653,0.5304006106981345,0.01662429725641895,0.04841973791598603,0.025161098550255705,0.0066975586069026,0.01939501346582211,0.024498964377880555,0.009903836663398525,0.01939501346582211,0.02471726878101345,0.007693889639334391,0.009799585751152225,0.014485177313649759,0.01662429725641895,0.02586001795442948,0.009879989813576733
