site,A,C,D,E,F,G,H,I,K,L,M,N,P,Q,R,S,T,V,W,Y,*
225,0.41744770040451534,0.16986679552249728,0.013831591147350554,0.009760125955055082,0.016838458788078936,0.02897973106461369,0.01801323498259607,0.03846983310362438,0.03367691757615787,0.004376096634190007,0.01844212152980074,0.022781444242695025,0.00927950235985885,0.016838458788078936,0.003951883184957301,0.009661953634696002,0.008943633115722749,0.11903274514864444,0.012697854168059526,0.019364227606290776,0.0077456910425163115
226,0.006781125113242841,0.011645845303177924,0.02380928373094153,0.011488009104075093,0.01231514675738355,0.0027401988948653933,0.029761604663676913,0.013562250226485682,0.5846199304260349,0.0043881383120040795,0.011871296513250779,0.017744814897603885,0.011645845303177924,0.04964494556496622,0.1568857295341337,0.004501755327278861,0.012519467140245735,0.00410504891912785,0.006193166288395197,0.017856962798206148,0.005919435181725796
227,0.05002840752210817,0.11015860072716593,0.011882003266962442,0.010432978478308486,0.009298959078492347,0.0010796260506114512,0.013367253675332747,0.01065381346178762,0.015276861343237426,0.0036875182552642063,0.011882003266962442,0.15612711792497566,0.013367253675332747,0.009298959078492347,0.0019775846421670623,0.22501573251953622,0.28941230817432373,0.033336537622350663,0.005780434021765512,0.012962185382140846,0.0049738618326819525
228,0.008457901394307014,0.01196066863841396,0.0068861609514967856,0.015180848656448488,0.012464275738978759,0.003783086885632531,0.030215802741227874,0.06331724448418936,0.018474480400613974,0.0061995088754082835,0.018217018387738187,0.634336623787004,0.04933775813345759,0.04228950697153507,0.005533206519640104,0.02148084105528229,0.012571689796813107,0.0059205309760149115,0.01037832484676564,0.011385636492336367,0.011608884266695901
229,0.02883841395799172,0.105633527269828,0.001587870249217285,0.0013906837476804978,0.0009942738943697017,0.0003576043922606993,0.0023127675369034365,0.12057812454629979,0.002086025621520747,0.17330601230775786,0.2529053890731188,0.00683986202623987,0.02236631916730906,0.0022164022228657932,0.00043690885707416046,0.009390796155217469,0.19704253885694892,0.06787727898153274,0.0009796307347969366,0.0016367277953470473,0.0012228426057190585
230,0.010567659273424665,0.019854390150070587,0.02339981696258319,0.01637987187380823,0.025199802882781893,0.004889513992181562,0.025199802882781893,0.35779911044409557,0.029781585225105874,0.004926277255280672,0.02087766248087907,0.03275974374761646,0.009228096830314498,0.021839829165077644,0.006230841371518795,0.006551948749523292,0.009517345527414959,0.3322681730210449,0.010740899589382447,0.019854390150070587,0.012133238425043135
231,0.01319958594073971,0.02244386319988023,0.021742492474883978,0.011784349442409955,0.03025042431288205,0.007247497491627992,0.027830390367851485,0.032927385184233667,0.3747958305695525,0.010703996295327495,0.02484856282843883,0.03837589458452031,0.013379995369159367,0.03904409045779167,0.2525705969796789,0.007817525384227947,0.015125212156441026,0.010384474017855033,0.014803399131835896,0.01783999382554582,0.01288443998511643
232,0.040809245143223975,0.05633637590604596,0.014233340274769404,0.01016667162483529,0.008895837671730878,0.23183397360030303,0.012939400249790367,0.017784224639352652,0.008626266833193579,0.08035797306194685,0.09663046260699107,0.059063716619451805,0.003696971499940105,0.01801966668661838,0.0018131643662126628,0.15959356286366602,0.11701462285701061,0.03964326671056043,0.005083335812417645,0.012939400249790367,0.0045185207221490175
233,0.12025895431619364,0.07011643214863715,0.013175990112371675,0.0024324904822840016,0.009881992584278755,0.0006184232108138234,0.01581118813484601,0.32813108640987837,0.006874429623846091,0.003993017807388579,0.005410131760185883,0.017567986816495563,0.0043643665067391625,0.01054079208989734,0.0017567986816495564,0.06926090008528507,0.2091550060861595,0.08963616355134811,0.004160838982854213,0.013175990112371675,0.0036770204964758158
234,0.15077531229328975,0.15066965641096214,0.005963818145051157,0.013861847580389173,0.0227158437881235,0.014805688780267955,0.013861847580389173,0.020515534418975977,0.021370348353099984,0.006660887798368825,0.040564907495259026,0.012211627630342845,0.001445552211353014,0.02849379780413331,0.005028317259552936,0.29321790075358717,0.12273885910587452,0.051955053934814525,0.00884290276679999,0.007176846438331704,0.007123449451033326
235,0.001765032126999752,0.08956179372588124,0.017665978181524798,0.017665978181524798,0.017665978181524798,0.0036459542465037856,0.015703091716910932,0.1530674703030942,0.03140618343382186,0.06601844957571733,0.05855963435923004,0.012289376126278121,0.003768742012058623,0.01884371006029312,0.0035779196317012253,0.02554423748448205,0.16075977284327267,0.25023399311837646,0.017665978181524798,0.02174274237726129,0.012847984132018037
236,0.03681596947830298,0.11641450562807924,0.00522365178178139,0.007051929905404876,0.014103859810809753,0.0017629824763512188,0.008814912381756095,0.0049916807736498535,0.005135219201073243,0.19636905186637685,0.23677526568422894,0.031076753621055046,0.0022748160985177016,0.08446502266235476,0.0020740970310014336,0.09928841720621423,0.07998866182215743,0.043616496310252696,0.0038118540029215544,0.015670955345344167,0.004273896912366592
237,0.23649275113908888,0.020304613540704175,0.014874501885484653,0.012808598845834004,0.028819347403126513,0.16435301555992973,0.03293639703214459,0.014305427740581394,0.011823322011539081,0.007559173089344658,0.012384369128446024,0.014402938537350437,0.011823322011539081,0.015900329601724973,0.0036656961421625894,0.2627973214162637,0.08846806303756682,0.005763869480625302,0.004853784825789728,0.027124091673530838,0.008539065897222668
238,0.06845057852219735,0.06776312651408345,0.08508846397760574,0.003210885433117197,0.028362821325868575,0.23640492484739378,0.05478608312977857,0.02862045095004766,0.041976158546507436,0.04099674483923827,0.015816564998710553,0.04507721024632507,0.002861682588495274,0.09676122493552647,0.020434014237486874,0.052768956439150395,0.041738157635486196,0.04799888128080911,0.003957602975702592,0.015470629814110131,0.0014548367623594145
239,0.009511066464191826,0.08494322594093068,0.03328873262467139,0.015364030442156024,0.28428670003542866,0.007682015221078012,0.013155841956109837,0.1600547654595405,0.019973239574802834,0.11354124913965978,0.04523603748333584,0.015364030442156024,0.0008210278972882511,0.01960228290944553,0.003520372551885124,0.007989295829921134,0.02613637721259405,0.09371696349637576,0.018157490522548034,0.019973239574802834,0.007682015221078012
240,0.008805558068100204,0.013967436935607223,0.012657989722894046,0.03682324283023723,0.0057258367738743975,0.0045511873160967355,0.010947450571151606,0.21972823468723165,0.050631958891576186,0.23058347735634932,0.20328239346826135,0.020252783556630474,0.055191737783721447,0.025315979445788093,0.0035771603566853447,0.009879406612990473,0.015579064274331134,0.0060456070318299915,0.02893254793804353,0.021318719533295238,0.016202226845304382
241,0.02397073571355622,0.18083791098128252,0.068108620283898,0.032687366882122114,0.13621724056779602,0.003945800117457814,0.05326830158568049,0.02476677101232655,0.01602555771385836,0.15482148162281578,0.04710361993268264,0.09081149371186403,0.0021345502083821343,0.014436624203901292,0.0032736886069715137,0.03995122618926037,0.008012778856929179,0.02367480070474689,0.012383385506163275,0.05448689622711841,0.009081149371186403
242,0.06130314613897639,0.011614550024198705,0.009291640019358963,0.003491266500464992,0.06968730014519223,0.0788797350129732,0.07877132124334978,0.01742182503629806,0.019910657184340638,0.03678188768338584,0.03484365007259613,0.13858851778388143,0.015486066698931608,0.07877132124334978,0.004333998081093622,0.010721123099260342,0.21251757328178486,0.016225137592333058,0.0278749200580769,0.03484365007259613,0.03864071302755715
243,0.033317183664064644,0.0017099852874471477,0.033317183664064644,0.09425508293279218,0.08329295916016163,0.003621433006963549,0.0033851516676623233,0.08329295916016163,0.05552863944010775,0.013128431025792206,0.09425508293279218,0.09425508293279218,0.006169848826678641,0.08329295916016163,0.09446058008846848,0.004304788585465224,0.01850954648003592,0.033317183664064644,0.05552863944010775,0.05552863944010775,0.05552863944010775
244,0.18141162992710472,0.013485575578323382,0.06068509010245521,0.006068509010245521,0.08081942062218322,0.006078459706051424,0.040456726734970146,0.04924603254487477,0.00577953239071002,0.05052382392974107,0.06868908699356713,0.015171272525613802,0.004185178627755532,0.04134952194774455,0.003335509026893155,0.07856409170071463,0.04864956504538929,0.16794001644933207,0.006068509010245521,0.06866988579573793,0.002822562330346754
245,0.018824183695201765,0.12793428351779462,0.1283691372267485,0.04034321054101626,0.0377112202570478,0.027327291498772836,0.0377112202570478,0.0754224405140956,0.025140813504698538,0.12207588392503399,0.03073239035874982,0.020595725161845935,0.009427805064261953,0.017405178580175908,0.004617700439638506,0.014141707596392928,0.20392221519295453,0.01694338531247716,0.01028487825192213,0.018498922351774156,0.01257040675234927
246,0.080580814274351,0.04952553072790247,0.002829582070521579,0.003472042311101868,0.02623320857276967,0.13366476376825265,0.01967490642957725,0.049151923514258365,0.0236098877154927,0.028150647103620703,0.08847346232566507,0.16220134759705263,0.019660769405703344,0.0393498128591545,0.015373048418289318,0.10031022976982218,0.08355826997423924,0.04320438765514741,0.006053817362946847,0.01967490642957725,0.005246641714553934
247,0.0966263916442362,0.0888962803126973,0.006859456849895604,0.03086755582453022,0.03086755582453022,0.01893877276227029,0.007745640136024079,0.01664947056023762,0.09260266747359065,0.05237086102516675,0.06173511164906044,0.035012857207558534,0.10482181693724645,0.07214770576102968,0.0398476582686291,0.04481989223220541,0.09149360068313589,0.0400820587561276,0.026457904992454474,0.010289185274843404,0.03086755582453022
248,0.07040874854854035,0.0677987481929454,0.0677987481929454,0.02994713531198196,0.0677987481929454,0.04404873425648943,0.05989427062396393,0.02395770824958557,0.030712780795986223,0.03227067641808099,0.007046384779289874,0.0677987481929454,0.013309837916436428,0.04107176998664855,0.06788650387893545,0.023091914467611493,0.09210165660745043,0.09241148246995921,0.021956787338137992,0.0677987481929454,0.01088986738617526
249,0.020178511486950115,0.04540165084563777,0.10272106211223739,0.020178511486950115,0.10272106211223739,0.001210623166317994,0.09080330169127553,0.10272106211223739,0.08958411100482812,0.012971900241610788,0.011030472180059602,0.04540165084563777,0.03026776723042518,0.025943800483221577,0.102921362078336,0.04616208114582485,0.020178511486950115,0.013969738721734692,0.006668857537996973,0.09080330169127553,0.018160660338255107
250,0.08649175472018363,0.07064145577824948,0.019933395726882974,0.01827227941630939,0.04385347059914255,0.15951867583008222,0.03160275653237479,0.027408419124464088,0.014617823533047507,0.028539192734665313,0.05171360159843147,0.03403373780409593,0.12375551998295942,0.04321472452402373,0.010342720319686294,0.0919708091275673,0.06061017575665203,0.043641901878041366,0.015661953785408047,0.01686671946120867,0.0073089117665237555
251,0.04352369677987101,0.20166221026478592,0.00937040796211733,0.02586618835019409,0.013243488435299378,0.014400510932947428,0.01655436054412422,0.03973046530589812,0.0056222447772703976,0.030309145336431628,0.028911258002067137,0.02248897910908159,0.05794026190443476,0.18025859259157484,0.002670058152278099,0.11635350553870166,0.10346475340077638,0.06380047127461491,0.004138590136031054,0.01606355650648685,0.0036272546950131593
252,0.020895077698622738,0.06268523309586822,0.05572020719632731,0.06171310379566808,0.03857552805899583,0.00864623904770596,0.07164026639527799,0.04179015539724548,0.28405570007822417,0.01791006659881949,0.04179015539724548,0.022560096152950997,0.03582013319763899,0.03582013319763899,0.006548964164053789,0.01699895118585742,0.027510549480162932,0.016716062158898193,0.031342616547934105,0.06268523309586822,0.03857552805899583
253,0.061073723407996126,0.06607211646602218,0.02134097260296326,0.015650046575506393,0.14958636602828038,0.09293827475129846,0.013092014784709756,0.06276351022165609,0.013808864625446815,0.0241639514353376,0.03221860191378346,0.02134097260296326,0.015342191387515934,0.01676790704518542,0.005103276057230347,0.011880819080289652,0.013808864625446815,0.19118730805981396,0.03451993062191086,0.1331483109453468,0.004191976761296355
254,0.01795626600568012,0.025585636360067037,0.10586666700971936,0.29121754184539844,0.051171272720134074,0.008177069262496938,0.051171272720134074,0.05685696968903786,0.1289310221602893,0.01462036363432402,0.02693224880007056,0.030100748658902398,0.018275454542905026,0.03198204545008379,0.010234254544026817,0.015062133203320244,0.05020711067773414,0.005262719116380257,0.016506862167785186,0.03198204545008379,0.01190029598142653
255,0.057947948613700284,0.046186770524169404,0.10949053923625236,0.17015170971112556,0.014221361494721349,0.0014286375778214872,0.013534584768987376,0.05174988294024586,0.027904651689061713,0.020748773820381584,0.03399026402211601,0.02399312754502307,0.16617462410812278,0.09277342650742253,0.00399885459083718,0.051540792504123634,0.0505040524250177,0.0421611801051158,0.006094869212023435,0.011351587225602316,0.004052361378128528
256,0.022140702643589666,0.04959925586306575,0.31006055666150256,0.023382126925108094,0.0454659845411436,0.0037905020511298263,0.05455918144937232,0.05455918144937232,0.028715358657564378,0.014745724716046576,0.04196860111490179,0.033807281273584996,0.10911836289874464,0.0454659845411436,0.015155328180381202,0.014745724716046576,0.0340994884058577,0.02828383240865632,0.020207104240508266,0.029922613021771374,0.020207104240508266
257,0.08638137545909916,0.06812319556665247,0.027309560539443174,0.00735257399138855,0.021240769308455806,0.0031084052646520688,0.0294102959655542,0.11942847722778765,0.014705147982777096,0.10692716464738332,0.14413484851670683,0.017378811252372933,0.05468267319809673,0.013183925777662224,0.004779173094402556,0.008311605381569664,0.012846088306854471,0.2175238804974654,0.010620384654227901,0.022490226326600263,0.010061417040847486
258,0.019266710903084534,0.024745414935163045,0.010794045232943602,0.01855906120137228,0.03036937287497283,0.014761101866906134,0.012372707467581522,0.016295761054863467,0.04923963862025755,0.08949697967884429,0.061338916344514015,0.38118599533181813,0.00845729371201775,0.03446467540427543,0.006748749527771739,0.10159454577550876,0.018265447440976315,0.02477148544682297,0.043501145174908634,0.01747519095053347,0.016295761054863467
259,0.018249518182628155,0.026491236071556998,0.030415863637713595,0.037328559919012134,0.010876729433167736,0.01244285330633738,0.01815529247029457,0.01815529247029457,0.03158570454685642,0.46793744598035875,0.06724301019099671,0.06602041000570584,0.006831961326741051,0.026491236071556998,0.007019045454856983,0.011901859684322709,0.017472942940814192,0.009332139979753034,0.05132676988864168,0.04562379545657038,0.019098332981820166
260,0.011444934109461175,0.014592290989562997,0.009032780342981224,0.03891277597216798,0.05306287632568363,0.3318512406370712,0.06485462662027998,0.041692259970179994,0.058369163958251986,0.020127297916638615,0.05306287632568363,0.041692259970179994,0.02244967844548153,0.07296145494781497,0.008843812720947272,0.005131527509734088,0.01882876256717806,0.021482407827450655,0.027794839980119994,0.03891277597216798,0.04489935689096307
261,0.08829616790480407,0.1204974492205501,0.008008016002992002,0.0048048096017952,0.016016032005984,0.03906322536823061,0.016016032005984,0.1352188570438752,0.006406412802393601,0.012325846146654992,0.02551710689376355,0.041583433456503546,0.009902260337122241,0.010500867034470597,0.0024640049239975387,0.10923170191572344,0.23032641937283865,0.08505702297921182,0.009318821709891156,0.026171391685911326,0.0032741215873022473
262,0.0057081698704096115,0.0193403592115214,0.013672381274115271,0.013392723411462117,0.13637276140617136,0.136677585102926,0.13637276140617136,0.08035634046877269,0.0482138042812636,0.024106902140631804,0.0482138042812636,0.08035634046877269,0.02678544682292423,0.0482138042812636,0.005606256311774837,0.005601143795290943,0.030133627675789757,0.005991930574035196,0.034438431629474006,0.04017817023438634,0.06026725535157951
263,0.025213473530895775,0.042707468891239345,0.0461434475537659,0.022068605351801076,0.169192641030475,0.009952508295910288,0.03172362019321405,0.034986865843675316,0.023071723776882946,0.012379949343693289,0.024912690186556282,0.0461434475537659,0.012085188645033922,0.033838528206094995,0.007148984832273589,0.04572482833413848,0.2885070186545369,0.014099386752539578,0.03172362019321405,0.06344724038642811,0.014928762443865434
264,0.01903901126893219,0.061347925199892614,0.09202188779983893,0.061347925199892614,0.04247164052300258,0.016731252327243446,0.022085253071961342,0.03247831334111962,0.061347925199892614,0.009608351644819685,0.06901641584987918,0.03247831334111962,0.014441660792644237,0.011820533800357535,0.3133696054595103,0.015336981299973157,0.015336981299973157,0.02123582026150129,0.030673962599946307,0.050193756981730314,0.0076164827367692185
265,0.3138155108565338,0.029017539194879597,0.01752065350536848,0.015314812352853119,0.029017539194879597,0.00510493745095104,0.025060602031941468,0.03675554964684749,0.03938094605019373,0.007990336879749453,0.06125924941141248,0.03938094605019373,0.013783331117567807,0.03243136733545367,0.0070683749320860564,0.23704775451714763,0.007347238242951972,0.004187038334735557,0.021205124796258166,0.04241024959251633,0.014900898505478708
266,0.009680299551560415,0.032541148032366296,0.05056004718806495,0.00798316534548394,0.17174475660338417,0.0023335406394491523,0.17174475660338417,0.10112009437612993,0.01896001769552436,0.00656145993961734,0.007817783307610883,0.037920035391048726,0.01896001769552436,0.06067205662567794,0.008198926571037561,0.011667703197245761,0.020224018875225985,0.17246894658834971,0.025280023594032475,0.04333718330405568,0.020224018875225985
267,0.08087910786572562,0.1650576146418619,0.0071346902133027175,0.00792743357033635,0.014269380426605433,0.0032364238165070967,0.020384829180864903,0.01783672553325679,0.015854867140672704,0.0071346902133027175,0.015854867140672704,0.01783672553325679,0.00648608201209338,0.011891150355504526,0.005945575177752264,0.49443381750610665,0.05041735436036371,0.001978107160825002,0.012972164024186758,0.03567345106651359,0.006794943060288301
268,0.003675383212465209,0.026764521650255092,0.007105740877432737,0.007105740877432737,0.044522144653651424,0.0013232152287830513,0.016397863563306317,0.040968440362120856,0.010151058396332478,0.006661632072593191,0.014211481754865474,0.33965955908164985,0.006090635037799489,0.011842901462387896,0.001628095280103786,0.12113076564106671,0.24563622380041247,0.0343737146223044,0.006090635037799489,0.048569612349437914,0.006090635037799489
269,0.047501220297530206,0.028737286640524,0.020235427341937163,0.007516015869862376,0.05232316285527599,0.03963806601568455,0.1160806895456522,0.01073716552837482,0.037580079349311866,0.028362324037216505,0.014495173463306008,0.07181970720090715,0.0017010402470651659,0.01140361028530843,0.028830308417958528,0.08005383630830219,0.12506650407450992,0.02669481498606292,0.15766129533767365,0.09235393345743918,0.0012083387400972177
270,0.13584044831624517,0.019633001233062566,0.007913253993336276,0.01259185147225651,0.026582797552541525,0.010033014203979514,0.05436831110694247,0.023924517797287367,0.09087274856446097,0.006295925736128255,0.023559601479675077,0.026582797552541525,0.2365576311836762,0.018403475228682593,0.058492803673676035,0.05597011326039748,0.044825667853470294,0.015337599332946818,0.07974839265762457,0.01259185147225651,0.03987419632881228
271,0.022766504277361994,0.050859847548783275,0.04558328762894972,0.23098938213295056,0.03390656503252218,0.006054685741076608,0.03390656503252218,0.04520875337669624,0.020018836056802,0.014030302772078144,0.050859847548783275,0.08137575607805324,0.014030302772078144,0.021414672652119274,0.014030302772078144,0.014531385013938079,0.023934045905309773,0.016125817811436745,0.03390656503252218,0.20343939019513307,0.023027184618805048
272,0.02288022393141434,0.04579755395107741,0.025309328403000493,0.08580253190834267,0.014933984984046982,0.000983886069537213,0.06485616335928976,0.11349828587875707,0.11349828587875706,0.055012633057512604,0.11548948387663002,0.02560111711550912,0.0013991844924252435,0.05270818229663642,0.0959188521261075,0.03875293069143146,0.04860176721162995,0.05900600527302179,0.005973593993618793,0.011947187987237587,0.0020288175140166028
273,0.04029863169082373,0.022889837276537255,0.07520946533719385,0.04786056885094153,0.040497404412335146,0.009401183167149229,0.0911203933402384,0.04786056885094153,0.03509775049069046,0.007908065724919802,0.04786056885094153,0.03096860337413864,0.29914829240206336,0.0329041410850223,0.010124351103083786,0.007825568483643835,0.03393643708232906,0.014228817766496132,0.02024870220616757,0.0658082821700446,0.018802366334298458
274,0.007956901833204725,0.13190822484011344,0.1780935482953797,0.025859930957915354,0.01723995397194357,0.005444195991140075,0.01880722251484753,0.017720816072265323,0.017811175837320125,0.006084689637156554,0.041375889532664564,0.2348648006080179,0.01426754811471192,0.14277125512106395,0.01975555739465885,0.05332341737045965,0.011113499876873219,0.006673530569784608,0.01723995397194357,0.015774083822125813,0.01591380366640945
275,0.006261121762554157,0.00798293024725655,0.018783365287662473,0.013439623527752438,0.16855527841056184,0.0036286046578438863,0.0319317209890262,0.05617380771060296,0.014514418631375548,0.15587858620497733,0.1818550993569068,0.024562862299250924,0.006261121762554157,0.017739844993903447,0.003124529776045792,0.003547968998780689,0.0026246471053678333,0.0019983789810605612,0.09407736469426704,0.18091800902743668,0.006140715574812731
276,0.034209404334861165,0.06841880866972234,0.041051285201833404,0.017296758483228123,0.01741569675229296,0.04939504235667759,0.05291054537125195,0.03917499713968444,0.10538893893175924,0.0434660666842942,0.03863650371937261,0.08276751555415698,0.022806269556574117,0.0656096801760934,0.11011518732277392,0.0789037689593681,0.06515669566553174,0.02215466185495771,0.008097983695619905,0.021503054153341302,0.01552113541660482
277,0.014680261494940821,0.046137964698385436,0.029360522989881642,0.05872104597976329,0.028083978512060702,0.010947991623345697,0.016562346301984516,0.3670469100628817,0.04968703890595355,0.012421759726488386,0.026913812740724838,0.029360522989881642,0.010092679777771814,0.06459315057773961,0.00964076874294621,0.013346031055415708,0.007390879877693732,0.10311776244253157,0.043062100385159736,0.03799597092808212,0.020836500186367613
278,0.04593040171387514,0.05428138384367062,0.06634391358670855,0.03142606433054615,0.025960661838277253,0.01388593540186923,0.03142606433054615,0.3391892647883806,0.04264965873431263,0.010618327920557436,0.03731845139252356,0.028121745630171266,0.011707749456477979,0.03980634815202513,0.013268782717341708,0.011941904445607537,0.00837968065676909,0.07825690515415609,0.028433105822875088,0.04593040171387514,0.03512324836943393
279,0.01351129491416484,0.013156427139846497,0.02290071844046911,0.040351929905031066,0.02567850084865613,0.32153400685295735,0.040351929905031066,0.040351929905031066,0.07384656783158298,0.011529122830008875,0.05135700169731227,0.05459961282229144,0.012839250424328067,0.04707725155586958,0.018379420190412228,0.0779978597581948,0.015104979783732882,0.014983040130206458,0.029733000982654467,0.05649270186704349,0.018223452215175316
280,0.018720162275838045,0.012408574443683859,0.029470364303749153,0.009823454767916386,0.07696066713400085,0.0014976940166160115,0.03929381907166554,0.038480333567000424,0.0856142870867087,0.03206694463916702,0.02977702889309631,0.015717527628666222,0.004811488049591698,0.013868406731176074,0.1338610772049758,0.02549830071211342,0.14172856358329528,0.07870977320522814,0.02234877557995343,0.1826066738361293,0.006736083269428379
281,0.01767248568890655,0.009393469415465462,0.027569077674694215,0.06892269418673554,0.040542761286315024,0.00806422590543814,0.015783508578606248,0.04307668386670972,0.04594846279115704,0.013020389587343481,0.06892269418673554,0.031328497357607066,0.01149496688142669,0.04307668386670972,0.39218334852279624,0.008257456882522883,0.02871778924447314,0.0196921983390673,0.03446134709336777,0.031328497357607066,0.040542761286315024
282,0.010668501919212686,0.016554571943605892,0.017780836532021144,0.014547957162562755,0.014547957162562755,0.006667813699507928,0.03692942972035161,0.2731111030722512,0.02526750454550373,0.1617403148419792,0.031201246394129592,0.02170159832891419,0.009797603803358588,0.03429161331175506,0.006316876136375932,0.00571526888529251,0.004275456784311031,0.26467362324795307,0.012309809906783866,0.017780836532021144,0.014120076069546201
283,0.08432985595371256,0.01722627060372869,0.20558065239545573,0.12825688009050717,0.010248032367912363,0.015370857506731275,0.10565445970286934,0.025397706659343593,0.02990153693932711,0.04153753960092646,0.035218153234289784,0.06214968217815843,0.004175124298038369,0.05044000571757252,0.0072366068289636525,0.06736805827013764,0.05714483998352307,0.0022220097892475268,0.015639640416543154,0.031279280833086315,0.0036228066299252384
284,0.011113363845070421,0.020310630475473528,0.02677310380857874,0.02454201182453051,0.021036010135311867,0.0029467251629083594,0.03100043598888064,0.2543609312304786,0.018778524790711074,0.012804527908450703,0.028048013513749158,0.04530832952221017,0.010709241523431496,0.04207202027062373,0.3345132435565031,0.010475021474117378,0.017848735872385828,0.01338655190428937,0.017848735872385828,0.04530832952221017,0.010815511797699214
285,0.0033990055270238795,0.0046578964629586505,0.0066191160263096615,0.015720400562485443,0.004336662224133917,0.003224697551279066,0.005467965413038417,0.06665496920181002,0.025152640899976708,0.49683843755418805,0.30063497834744934,0.004320399265512117,0.002206372008769887,0.012576320449988358,0.0020960534083313926,0.0017910311065017772,0.0013397121861701488,0.015809922650689274,0.011433018590898505,0.005240133520828482,0.010480267041656964
286,0.11220911570161655,0.011000017817647369,0.012930148503317978,0.03658128506218543,0.017903282543055666,0.0025527848328584734,0.05086874537225612,0.022210065930612574,0.25652626149857527,0.008207932627845757,0.07773523075714403,0.013690745474101389,0.0030485991931865487,0.04836858802666739,0.12790241899195173,0.05158194071652286,0.007583924951916487,0.02280233435542891,0.04726302030034356,0.06218818460571521,0.006845372737050694
287,0.12575476578238892,0.04031832185389569,0.06728694916968016,0.06911712317810689,0.05554054541097876,0.038546087926251915,0.02796698542988352,0.03050473911907138,0.05566554079283329,0.06306937490002254,0.03050473911907138,0.05096543814022368,0.0031556626674901426,0.060477482780843535,0.025918921191790085,0.03785373308601243,0.055027591057957764,0.05054189632399066,0.05961351874111719,0.03909712370593057,0.013073459622459161
288,0.01641352798083035,0.04924058394249107,0.03024113975516871,0.2496011944179809,0.04431652554824196,0.0032581622422624404,0.07386087591373659,0.07386087591373659,0.007857622790427465,0.01384891423382561,0.05518175166186512,0.04431652554824196,0.021103107403924737,0.13658804860423107,0.01384891423382561,0.014295653402658695,0.029544350365494635,0.01628198893428751,0.020143875249200884,0.05539565693530245,0.03080070492226554
289,0.018311219788379993,0.07782268410061495,0.05188178940040997,0.02829915785476908,0.10346411121455099,0.004863917756288435,0.17259549678613706,0.03458785960027331,0.044470105200351405,0.00943305261825636,0.05188178940040997,0.046716339135276036,0.012104299681512692,0.047355768248719864,0.0025947021580547554,0.018311219788379993,0.022235052600175702,0.025940894700204987,0.02829915785476908,0.09506780331164551,0.10376357880081993
290,0.055858187284709905,0.04728915282357103,0.10538725486395828,0.06018958815851903,0.014186745847071315,0.01862010392428109,0.04053355956306088,0.10403613621185627,0.03073794933532117,0.0955738667592173,0.0364802036067548,0.03688553920238541,0.010275856134257775,0.07093372923535655,0.04458691551936697,0.04432991361637904,0.05191601639892411,0.03583381964028693,0.060293669850053064,0.028373491694142616,0.007678300330526483
291,0.03852983891186899,0.024563160900776985,0.059009222214825845,0.18046507461162528,0.02280864940786434,0.08021546221561278,0.10089195810178171,0.02280864940786434,0.006455144069230193,0.006024926258681147,0.017740060650561152,0.10409487740660014,0.019217515828910806,0.11499301018358961,0.02161970530752465,0.09709213110833799,0.015110546720312935,0.011224464036098641,0.014514595077731852,0.01680637324790004,0.025814634332300686
292,0.033229078590934664,0.02942247076723018,0.11138902960523205,0.020369402838851663,0.03310027961313396,0.04538071576509455,0.051053305235731365,0.005858186313968076,0.06546574251131441,0.023046006125220425,0.020369402838851663,0.01655013980656698,0.015395309215618169,0.09282419133769342,0.018928854704157082,0.19318927518742443,0.14749394626470455,0.017822244736837134,0.012036465313866894,0.02942247076723018,0.01765348246033811
293,0.013086455467704938,0.021051736383977414,0.03844146293638325,0.024602536279285287,0.1000941043634479,0.007743122766307612,0.034170189276785126,0.04731256976785632,0.06834037855357025,0.014204603475841,0.03618020041071366,0.061506340698213216,0.026741887260092696,0.04100422713214214,0.010033447691495384,0.01255231442820678,0.015376585174553302,0.012813820978794422,0.346774015163778,0.056193181397023374,0.01177682039382795
294,0.010205748160682477,0.02150329475060784,0.018285298787889433,0.018285298787889433,0.24483252945942008,0.006011605080949952,0.13997686026540324,0.041214648271998375,0.048760796767705165,0.06975143465712624,0.025814539465255675,0.03375747468533435,0.0208974843290165,0.019080311778667237,0.009752159353541031,0.0052138459550828,0.029256478060623096,0.00910493417558569,0.04241723038345552,0.17216405273284888,0.013713974090917076
295,0.06576737776721141,0.0582748916924658,0.027749948424983715,0.09444551412227217,0.04523674123831338,0.0011323688795661234,0.041924528062668574,0.0740528336431825,0.0406158336038398,0.057373842313509005,0.05695046233581885,0.07138674232327061,0.0007115507273226032,0.054112399428718254,0.04841431282786924,0.051974903401388425,0.07049382059572477,0.06769828130628766,0.03311073391617375,0.03427934805439165,0.004293565335021551
296,0.01324130775367516,0.048876588240023285,0.24810075495368691,0.014189977230974503,0.02199446470801047,0.02705456686327173,0.039989935832746314,0.06284132773717278,0.06284132773717278,0.016292196080007763,0.02932595294401397,0.009682613816266925,0.01759557176640838,0.03142066386858639,0.008459409503080953,0.00935934668425978,0.02932595294401397,0.02414190449999633,0.02443829412001164,0.22699020470429615,0.033837638012323805
297,0.04442520594090468,0.02849478807448534,0.0348112362769749,0.0644790732772709,0.020629710823156806,0.009284799025782506,0.03911049343556812,0.0737512161927856,0.04018162486101664,0.06782617134008821,0.018285425502343532,0.10535888027540802,0.06996162800896656,0.06609807690361888,0.054955815332678966,0.08269075754948685,0.09799112640999484,0.043758804150973156,0.008803391472697524,0.023945200062592726,0.00515657508320524
298,0.06946034722593859,0.06973598352445423,0.003137083006987456,0.06367198495711039,0.01815305800599957,0.03590832743233085,0.1687853870168852,0.01815305800599957,0.019803336006544985,0.021782521169537765,0.01210203867066638,0.12283730677031782,0.004634823320680741,0.03537332497617244,0.12137472132449167,0.10298704381818209,0.06290486757144145,0.008713467842879795,0.008713467842879795,0.013614793504499678,0.01815305800599957
299,0.14942278870067655,0.03345286314194251,0.0384631373578751,0.017094727714611156,0.021978935633071486,0.006154101977260015,0.08661990288323744,0.044603817522590024,0.0384631373578751,0.004284698442604951,0.017094727714611156,0.11918526691464239,0.040789788582047036,0.21460802274249338,0.0009364722000165618,0.08742348234427644,0.010989467816535743,0.029735878348393353,0.02564209157191673,0.0027998544045562987,0.010256836628766692
300,0.014839390530126095,0.02912917400358085,0.03574944082257649,0.05243251320644553,0.0786487698096683,0.011916480274192166,0.03024952684987242,0.02912917400358085,0.02912917400358085,0.006104279174220728,0.03932438490483415,0.03574944082257649,0.44026815421180354,0.025205513915024964,0.01209981073994897,0.015358139457506033,0.014194990519099468,0.01872589757373055,0.032770320754028456,0.03024952684987242,0.01872589757373055
301,0.01120910988867139,0.08249041286196392,0.014780332765281382,0.0380065699678664,0.022170499147922074,0.010103012269939171,0.0757400972885521,0.023474646156623365,0.0380065699678664,0.011241379849650629,0.04988362308282466,0.016627874360941552,0.01266885665595547,0.025746386107264343,0.009853555176854253,0.010120903000147483,0.013760999471124045,0.015348807102407587,0.05320919795501298,0.44750154511208584,0.018055621811044937
302,0.015331520511302342,0.0307976816997984,0.038497102124747995,0.04529070838205646,0.04529070838205646,0.01874853221496114,0.03499736556795272,0.023331577045301814,0.047351487874267954,0.01327486280163724,0.024934813628576063,0.038497102124747995,0.0240606888279675,0.02654972560327448,0.4349009145028455,0.01977916697102503,0.020599177043485642,0.01833195339273714,0.01741180232249744,0.04277455791638666,0.019248551062373997
303,0.05638256915015162,0.02977218627700781,0.05142468538755893,0.03535447120394677,0.037711435950876566,0.018855717975438283,0.04351319532793449,0.020350126819353238,0.05142468538755893,0.009752957573502556,0.037711435950876566,0.05142468538755893,0.01744268565220129,0.03327479642724403,0.009273303922346694,0.007160399231179093,0.3183468364311152,0.040405109947367734,0.07070894240789354,0.03142619662573047,0.028283576963157423
304,0.02717937160305422,0.022590885174154852,0.07814069335878088,0.04167503645801647,0.06251255468702471,0.006444593266703578,0.052093795572520585,0.03907034667939044,0.03907034667939044,0.022817642915770295,0.04167503645801647,0.06945839409669412,0.028414797585011232,0.026046897786260292,0.0037702310069559633,0.016450672286059134,0.02232591238822311,0.017860729910578486,0.3538774125131249,0.025005021874809883,0.0035196276994597935
305,0.2983290986344568,0.032963842173180685,0.0199424330944914,0.025115308322423376,0.05274214747708911,0.083076963292802,0.018836481241817533,0.032963842173180685,0.043951789564240916,0.00995134858058285,0.08790357912848183,0.032963842173180685,0.005381851783376437,0.03516143165139273,0.011465684234149804,0.014600412871255084,0.004968981357632793,0.02680080091996079,0.08790357912848183,0.031024792633581814,0.043951789564240916
306,0.01995147412194447,0.008256859543108393,0.0180021475403479,0.03890537453779173,0.028818795953919795,0.011970884473166684,0.03362806220860385,0.05557910648255959,0.05187383271705563,0.01995147412194447,0.05985442236583342,0.01972585376636224,0.026831292784683942,0.05187383271705563,0.014681273410487443,0.012157929543059914,0.01525700962266342,0.018978231481849617,0.03705273765503974,0.4404388322284423,0.016210572724079886
307,0.018489392451998068,0.0677944389906596,0.0677944389906596,0.04067666339439575,0.04067666339439575,0.012452039814610946,0.3426796783974789,0.06101499509159363,0.03389721949532979,0.010169165848598937,0.03813437193224602,0.08402742981240388,0.012655743702304871,0.01517359144176169,0.004355531509889362,0.011093635471198841,0.026528258735475485,0.018489392451998068,0.05084582924299469,0.013996760262580597,0.029054759567425533
308,0.008134270476827387,0.033788508134513756,0.03660421714572324,0.010365707996553758,0.039931873249879894,0.4993765815943613,0.03514004845989431,0.025838270926392876,0.028338748757979277,0.013726581429646213,0.023118452934140984,0.046236905868281976,0.023743275986415072,0.03253708190730955,0.006105075927087651,0.01331062441662663,0.02043026073249669,0.010071179642809498,0.015687521633881384,0.05167654185278576,0.025838270926392876
309,0.032142721546706894,0.04132526846487325,0.0522319225133987,0.04915945648319878,0.03633525044410345,0.0326045564680066,0.017055321637028147,0.01570213281015773,0.024579728241599385,0.016714215204287584,0.027857025340479305,0.007252397965476837,0.012289864120799692,0.02695841161981868,0.012274574163138737,0.47365534037555546,0.025865618928068306,0.03342843040857517,0.023214187783732756,0.023877450291839405,0.015476125189155173
310,0.01508497526919157,0.031203903095633402,0.01623911867156772,0.0346067079704983,0.13828407052359687,0.013301785702641535,0.03585378661085062,0.032684113083248395,0.06536822616649679,0.012517319904222788,0.07353925443730888,0.01613746948605883,0.010143345439628812,0.0840448622140673,0.015900379337796516,0.005498262014004405,0.009488936056426953,0.013370773534056161,0.029415701774923562,0.33401522300513903,0.013301785702641535
311,0.032783943591262646,0.21416471730432143,0.13291711809479642,0.20611783088119767,0.019216073596470786,0.0037220797426982745,0.03042544986107875,0.01825526991664725,0.016391471670249527,0.020505132507860565,0.02028363324071917,0.0365105398332945,0.010431582809512714,0.0608508997221575,0.01177759349461113,0.025409373239495762,0.03407165957114205,0.01799216745880887,0.021476788137232063,0.022308824719200152,0.04438785060724245
312,0.27314965121119045,0.019330109593321248,0.014644022419182764,0.02101098868839266,0.034518052845216515,0.005429806065539677,0.09669115403839504,0.020135530826376303,0.0439320672575483,0.012717177364027138,0.060406592479128905,0.02101098868839266,0.005619217905035248,0.034518052845216515,0.011238435810070493,0.1817030299680073,0.02998889771135853,0.005189938110353764,0.03717328767946394,0.017898249623445602,0.0536947488703368
313,0.07408016362886817,0.086110275671163,0.021527568917790743,0.04569116668265792,0.015577885235242003,0.005158680109332344,0.03963160583368393,0.024602935906046567,0.16791503755876785,0.03235943736371841,0.023366827852863006,0.0738088077181397,0.07822136712432377,0.0274860924575364,0.07862848033223312,0.03351416666739776,0.027832048910293727,0.09449764018458798,0.033316475706104735,0.008884393521627926,0.007788942617621001
314,0.06297848173657614,0.02769584503494578,0.011483643063270203,0.01239024646300206,0.013452267588402232,0.010197230824222882,0.02047084198235123,0.013078593488724392,0.008807983056654313,0.004755852177717962,0.005604891925100017,0.012072547835745595,0.17898818428686403,0.011210222990335198,0.007221320120936379,0.29052687256779425,0.2674459304919497,0.006449717336905181,0.013847922517472888,0.013847922517472888,0.007473481993556798
315,0.12589286562994179,0.05222952546682514,0.016506428863495647,0.058758216150178275,0.017423452689245406,0.019388232938442666,0.021886589938572044,0.014255552200291694,0.01070340452481438,0.002751071477249275,0.07733987424895261,0.0731213356535552,0.004735737614341901,0.1774762186840354,0.052758778031383624,0.19765611043851639,0.03576587070010852,0.009621228375467788,0.012062390323323744,0.014934388019353205,0.004732728031905418
316,0.012517250411292669,0.020220173741318924,0.017524150575809732,0.029208259323567385,0.0262862258637146,0.5991891613829669,0.018775875616939,0.05468640042298988,0.028417541474286052,0.0075643815435149945,0.021905188219762166,0.027669711435489047,0.011185628027112596,0.021905188219762166,0.004249940297459781,0.00868966144255028,0.011067884574195622,0.019795889354656055,0.018775875616939,0.02920691762634955,0.011158694829323624
