site,A,C,D,E,F,G,H,I,K,L,M,N,P,Q,R,S,T,V,W,Y,*
225,0.2850188520251685,0.2510356718451963,0.012239873139822138,0.02093290627460752,0.016690736099757467,0.02687305446300685,0.01619983209682342,0.11998028433777763,0.016690736099757467,0.006424141208636913,0.0407932966748444,0.021184395818922938,0.019036871781594057,0.011474881068583258,0.0033585017761707096,0.003931676146124655,0.029799442925491124,0.06762138763936436,0.007545127277972553,0.015299841424777673,0.00786848987559995
226,0.007884893761063131,0.010459552948349052,0.021354920602879312,0.030109096628338324,0.015074061602032457,0.003317269219864748,0.028473227470505742,0.0209191058966981,0.5340314113904739,0.017667937955532082,0.010241503010531063,0.04661767728460276,0.013487318275502726,0.025570608415416737,0.1293282880166618,0.005570848852925038,0.016733518442461553,0.018919416894048937,0.006101405886536947,0.029286748255377335,0.008851189190198335
227,0.05121091095978499,0.30077523105345216,0.008264598644295459,0.006493613220517859,0.00580280330344149,0.0006183295284280606,0.009740419830776786,0.007435161938833566,0.009404543284887932,0.002097936578936539,0.006818293881543752,0.13355634511294956,0.006493613220517859,0.006818293881543752,0.001604251644538003,0.13791671712088743,0.21091239696223726,0.07949831517481677,0.003064401744514045,0.008021522213580884,0.0034523006995158235
228,0.009232128524954438,0.011882937705386903,0.06725107061501767,0.0162186041654605,0.013795134577518128,0.003759011860650555,0.03999156728509614,0.019997573535473427,0.021053747406518,0.005797955112290229,0.017145381546343957,0.6142089909668611,0.041385403732554386,0.04000589027480257,0.005912200533222055,0.0032061732538045374,0.031150432720433677,0.005883219158059202,0.01017052601354236,0.012501840710875803,0.009450210301134467
229,0.02411141181404345,0.09769720545015038,0.0013256392142928148,0.0008837594761952097,0.0014350588675138408,0.00024389954879663374,0.0013899906324623687,0.07625945382303712,0.0015230748419534468,0.21003475236124527,0.2691037706406046,0.004473095012208654,0.028046622574269833,0.001475969434470351,0.00042927338955977597,0.010249551802539832,0.22069090613609132,0.04841557026240951,0.0005938076973090209,0.000948139305586914,0.000669047715259831
230,0.013899081064557606,0.012612129114135607,0.032531505983341015,0.01792249926745586,0.02270183240544409,0.004379241190065139,0.04540366481088818,0.35409202161168357,0.03783638734240682,0.007168999706982346,0.010998115823416532,0.02270183240544409,0.010477768802512657,0.021969515231074925,0.005919044214253371,0.008305548441016133,0.052005618187267885,0.2759118419955978,0.014188645253402557,0.017026374304083068,0.011948332844970573
231,0.017510817875893297,0.023347757167857724,0.015282937770533129,0.00728458208762474,0.020377250360710836,0.02864964369139209,0.020377250360710836,0.013562755189267934,0.1883652464293419,0.005557431916557501,0.011831951822348228,0.09514154505720636,0.007191970715545,0.04869255774374204,0.4095700275625659,0.012565633197978984,0.038768061490211364,0.005094312590177709,0.007973706662886848,0.013584833573807225,0.009269726733640397
232,0.03520378038150945,0.13154618793615627,0.008894704874944153,0.007782866765576134,0.012452586824921811,0.1630605186708092,0.022652867375927817,0.030726914667676082,0.010828336369497227,0.021434200460134233,0.11207901242392192,0.060177751280296676,0.0038914333827880657,0.010377155687434842,0.0016827820033678126,0.13208404525263812,0.15245891013405036,0.060266770294912425,0.004789456471123775,0.013836207583246458,0.003773511159067216
233,0.028967908078935945,0.11356710536096597,0.017541587575632563,0.0048886391604221905,0.021300499198982404,0.0012582573366487493,0.02710972625325033,0.28391776340241487,0.013554863126625162,0.005603305961191928,0.006009017074038591,0.029820698878575354,0.007079084983294137,0.02710972625325033,0.004029824172780454,0.012891401149082621,0.14574445187990634,0.15995288519213122,0.007646333045788555,0.07455174719643841,0.007455174719643841
234,0.08907610800284693,0.2687295333201652,0.006520097439727446,0.007451539931117083,0.026721305299173,0.016382788416867904,0.01738692650593986,0.012645037458865352,0.02086431180712783,0.004346731626484965,0.02086431180712783,0.014413010337420441,0.0012941424284585936,0.023182568674586485,0.004852165536541357,0.22501807524219677,0.1905761206743516,0.028888145719398742,0.005795642168646619,0.009275187792784018,0.005716249810172008
235,0.04620117586583996,0.01689238497744763,0.010851622314745948,0.01978825245630143,0.03058184470519312,0.010757339687130827,0.02102501823482027,0.20771441505476995,0.022426686117141624,0.02184065936478077,0.10510817319300744,0.010851622314745948,0.008322013879456837,0.01978825245630143,0.0058000050302952485,0.08891277939423563,0.18060972251022653,0.11295206671487366,0.0146260996416141,0.022523179969930168,0.022426686117141624
236,0.030952522960487547,0.08929258979982273,0.009266687856089122,0.005560012713653474,0.009266687856089122,0.0020850047676200527,0.015163671037236747,0.013298939763446578,0.017413633396791868,0.43481608946000627,0.07305757347258224,0.010425023838100261,0.004170009535240105,0.05102433702847013,0.002780006356826737,0.02934382925156257,0.08924100325005763,0.08763902332204822,0.0064153992849847775,0.012830798569969552,0.005957156478914436
237,0.18500617190756882,0.013419452784597498,0.021777676030280226,0.009450689598046133,0.02504432743482226,0.1268059376360507,0.031305409293527826,0.024883999079465386,0.015178380263528638,0.008635974977524913,0.015589925671430846,0.012994403999910788,0.0100177309739289,0.023851740414116435,0.002392161638891036,0.2695790321623011,0.16276816416929585,0.0049106524382004435,0.00527248998627837,0.022767570395292962,0.008348109144940751
238,0.11549457361429231,0.02199896640272235,0.02640185347198937,0.005435675714821341,0.02640185347198937,0.19538555686628403,0.045426573010373776,0.07424651160918794,0.01681176268836213,0.01441588051734366,0.014999295274583418,0.032998449604083525,0.013440776198910268,0.09919082136331585,0.018504426753018884,0.11785160572886971,0.0824961240102088,0.049497674406125285,0.004399793280544471,0.023101621787990696,0.0015002042249827297
239,0.02794859344671199,0.19722814239100164,0.017598334976250653,0.025140478537500937,0.16645211440929356,0.006285119634375234,0.03324311095213743,0.10849850733890379,0.01599848634204605,0.09445750169190635,0.034751869483082676,0.012576867051020395,0.0006535269223797157,0.02245869116253642,0.0017838363554927832,0.016263190152181545,0.04438894253301317,0.13882013631786666,0.011732223317500437,0.015721083813775495,0.007999243171023025
240,0.01881399446303278,0.03762798892606556,0.021708455149653208,0.051310893990089396,0.03833640796465845,0.007144554859379536,0.010854227574826602,0.026318721944331068,0.051310893990089396,0.30367758027842123,0.14110495847274585,0.021708455149653208,0.06360989943943228,0.04031570242078453,0.00437091844969,0.009103545707919087,0.02822099169454917,0.006271331487677593,0.043416910299306416,0.03135665743838796,0.043416910299306416
241,0.04490623354620158,0.08382496928624296,0.05220508321533833,0.017401694405112772,0.04350423601278194,0.003262817700958645,0.05239060580390184,0.029002824008521288,0.017401694405112772,0.14008296111736718,0.1316665836215346,0.06985414107186912,0.0017465224760825333,0.005767475539320447,0.0019174845073028474,0.02910589211327879,0.07522753653893596,0.040360170397079925,0.016120186401200564,0.1305127080383458,0.013738179793510084
242,0.049330139022305576,0.09575850516094611,0.01627494331458071,0.004401152459158394,0.017410637301990203,0.052218955586220556,0.03254988662916142,0.05218179725613357,0.055823134264227414,0.06790148547776179,0.12187446111393142,0.031339147143582366,0.010849962209720471,0.05218179725613357,0.007216343266003648,0.02984680680341178,0.22633828492587266,0.026115955952985305,0.01492340340170589,0.01952993197749685,0.01593326947667025
243,0.016338834295512784,0.031422402918165476,0.04084708573878196,0.08730020879138604,0.08730020879138604,0.0024755809538655736,0.003083883016849241,0.08169417147756393,0.08730020879138604,0.007006545685561685,0.08730020879138604,0.08169417147756393,0.004084708573878197,0.03267766859102557,0.0874795443100941,0.006700281928206244,0.01021177143469549,0.08169417147756393,0.04084708573878196,0.08169417147756393,0.04084708573878196
244,0.13016348908827602,0.04259896006525397,0.04373727183118868,0.008099494783553459,0.05467158978898584,0.005085729282696357,0.04373727183118868,0.08257551413774482,0.012863903479761378,0.036233985034129244,0.11728559185127997,0.11690897218831683,0.008411013813690131,0.0669412229596848,0.0035774316464795134,0.00662685936836192,0.05695464079316582,0.03952598197268307,0.008747454366237736,0.10934317957797166,0.005910442139349821
245,0.011196640550602795,0.13603363979846228,0.14578039816833357,0.08393483370763849,0.054413455919384915,0.013546494217055385,0.04158752204509609,0.14526492856865503,0.054413455919384915,0.016003957623348504,0.036389081789459085,0.029867108553542288,0.014319330505101296,0.06801681989923114,0.004534454659948743,0.03234585047951918,0.027206727959692454,0.026719442427636138,0.016172925239759595,0.03347656811018275,0.008776363857965309
246,0.04900929599281379,0.02426229710811004,0.01973177249316344,0.002677405992104537,0.020317820665379013,0.08155867712716834,0.10449164913623493,0.040635641330758025,0.021801734507136943,0.03724933788652819,0.03815303538748964,0.19301929632110065,0.029025458093398588,0.06772606888459672,0.02306347210664645,0.022755304923058873,0.05418085510767735,0.04079192153888173,0.03301645858124089,0.08127128266151608,0.015261214154995859
247,0.09632852406545202,0.0665427304399504,0.00692204385919615,0.03548945623464021,0.016612905262070755,0.04613629310503228,0.03828460759306673,0.06654273043995042,0.025349611596171582,0.06701882849335634,0.08865791978391117,0.039432729149600235,0.08878330888946442,0.04436182029330027,0.02143715321898459,0.04864346887320669,0.09106404213218458,0.041589206524969,0.03322581052414151,0.013844087718392298,0.023732721802958226
248,0.061409172042588576,0.02866756838447867,0.06128562778004149,0.022934054707582936,0.06128562778004149,0.04723612088394246,0.06128562778004149,0.06128562778004149,0.030339576596384515,0.05024386803484522,0.020902217721441692,0.057335136768957344,0.02791326001935845,0.038223424512638236,0.061331889297183306,0.08309847307371443,0.015352293010647148,0.10234862007098099,0.03741539570290132,0.06128562778004149,0.008820790272147284
249,0.044908215816526154,0.08981643163305232,0.09600462029825421,0.01995920702956718,0.09600462029825421,0.0015648760656284703,0.09600462029825421,0.035926572653220926,0.04931930439047197,0.029938810544350776,0.012598893279450825,0.08981643163305232,0.02566183760944352,0.035926572653220926,0.09625658956878205,0.0344797357037511,0.014969405272175385,0.007484702636087692,0.009390645991591052,0.09600462029825421,0.01796328632661046
250,0.12706533408013854,0.035528136173722955,0.1060768637186871,0.018410034199110987,0.02116255018087815,0.1561017483132952,0.02812644113753067,0.04500230582004906,0.022501152910024535,0.005575737306224851,0.05625288227506134,0.06750345873007361,0.06774021063986585,0.08117132543029322,0.02545212378347037,0.055551683392333795,0.033126675374854954,0.021775309267765677,0.00577160459478495,0.01587191263565861,0.004232510036175629
251,0.08808479391011079,0.0997239037523428,0.016090087603226576,0.05491085032873837,0.0609423856264317,0.011435575857640448,0.021153555341406047,0.03878151812591109,0.015512607250364433,0.03310047169080092,0.07407207786947724,0.07739985166946829,0.042013311303070344,0.07756303625182218,0.01421988997950073,0.04935829579661411,0.10664917484625551,0.07757010192926592,0.010481491385381375,0.028204740455208065,0.0027322790269630032
252,0.015345542278193307,0.01972998292910568,0.04603662683457992,0.034270894934998276,0.1381098805037398,0.007672771139096654,0.04603662683457992,0.029594974393658526,0.22167991044564372,0.016573185660448773,0.03452747012593494,0.024194238315465827,0.021806823237432594,0.025895602594451207,0.10903113113099058,0.01726373506296747,0.0517204176651488,0.012555443682158161,0.024372331853601135,0.08286592830224386,0.020716482075560965
253,0.1506022197815852,0.0030820146954078247,0.022590332967237774,0.006589413691211578,0.13648326167706162,0.03012044395631704,0.10535451861931609,0.13177694230888706,0.021086123811877047,0.04161377125543802,0.022590332967237774,0.02635765476484631,0.012101964089591665,0.017571769843230875,0.005944824465062571,0.0119729831056522,0.02259033296723778,0.08025513027834473,0.035053964949162075,0.11296729295968894,0.003294706845605789
254,0.006952259421313754,0.019863598346610726,0.1593316208302713,0.2989685789181697,0.04278313490039234,0.0018687532320154896,0.055618075370510035,0.0794543933864429,0.016142557390960897,0.013852452685470288,0.05056188670046367,0.04278313490039234,0.019178646679486218,0.03271651492382943,0.009426792435679668,0.011454912797600431,0.013537624215345963,0.04051164125393847,0.022247230148204015,0.03707871691367336,0.025667474549228936
255,0.08609269716631131,0.032911438543280644,0.11846642419023108,0.13585273637762174,0.013300816792608833,0.0225137562423814,0.04199045607246151,0.059533135498289876,0.025057667152325224,0.0397083660685234,0.0832631265710348,0.05496667340040969,0.0430508211247964,0.0984018768566775,0.0037584050188314323,0.03979487666997987,0.04329682581693809,0.036012841953688014,0.0056376075282471485,0.013530258067793153,0.002859192887568748
256,0.017158181856167527,0.09069324695402835,0.34081119030045837,0.014428471106322692,0.04534662347701418,0.0032997580407390704,0.05290439405651654,0.057713884425290775,0.037344278157541086,0.016706650754689432,0.0396782955423874,0.01297248469959799,0.037344278157541086,0.05290439405651654,0.015484212894590208,0.01923796147509692,0.021891473402696496,0.0198391477711937,0.027602292551226017,0.05679963254919188,0.0198391477711937
257,0.12238280076180184,0.08652762083085119,0.013053735901205999,0.030111042967948747,0.007502715533759878,0.0011210954245848097,0.01773369126161426,0.15664483081447203,0.007224837180657661,0.07219844054000356,0.05088805457032238,0.024383825484719606,0.05623147772827199,0.010992619706278735,0.0025009051779199595,0.017829492938232588,0.197256453618224,0.10459887589700621,0.004644538187565639,0.012191912742359803,0.003981032732199119
258,0.04029939515984888,0.012554811569029847,0.06827692827179897,0.0954165679246268,0.0109172274513303,0.0396940499112853,0.04539137383152543,0.016454433684870175,0.03442448333443666,0.08220412336864778,0.053357949168376835,0.12611411353437493,0.004708054338386192,0.052649209805609026,0.024041128536440127,0.11769940013398529,0.07715114609576154,0.031717418700706976,0.00991169334397093,0.05289966324823554,0.004116828586752455
259,0.014555053317232055,0.04009112664024553,0.021128303202433623,0.021128303202433623,0.01130445789158741,0.006484924745301409,0.03391030929957035,0.055996717706798364,0.02847727822936706,0.35225544067283554,0.12592725675461738,0.03050411809583899,0.004634458999746295,0.027290724969810096,0.006615933326014567,0.008972293140759483,0.017702091872309252,0.04188625171368934,0.022585427561222147,0.10429110646280086,0.02425842219538675
260,0.009097910489857865,0.01514448876885832,0.05007908537361479,0.02801730422238789,0.043103544957519835,0.30077576917162857,0.040024720317696987,0.03735640562985052,0.031130338024875432,0.013031304289482739,0.050940553131614344,0.03735640562985052,0.021551772478759917,0.0933910140746263,0.010006180079424247,0.023942474031093217,0.021551772478759917,0.04663074999927591,0.013666977669457507,0.062260676049750864,0.050940553131614344
261,0.07380106348589272,0.03665587461557094,0.012059941431962736,0.03303375261798488,0.010552448752967392,0.061470575260004226,0.06331469251780435,0.05276224376483695,0.008793707294139494,0.027932594522292596,0.02665881790223341,0.0914545558590507,0.00710127750525553,0.051254751085841634,0.004432028476246305,0.0633093623359151,0.21725055126156684,0.1266293850356087,0.017267643413946644,0.010552448752967392,0.0037122841079115622
262,0.005695357155422313,0.010958467222960228,0.009789900240445891,0.00909407139649702,0.10690549925851729,0.1071220127642674,0.10003478536146719,0.10690549925851729,0.10003478536146719,0.033344928453822406,0.033344928453822406,0.033344928453822406,0.028581367246133485,0.0666898569076448,0.004001391414458688,0.010039846891594902,0.01538996697868726,0.005113136869702912,0.040013914144586875,0.0666898569076448,0.10690549925851729
263,0.02313023258010849,0.03887589618086889,0.05654675808126385,0.03658907875846484,0.08885919127055746,0.00914726968961621,0.02591726412057926,0.009309471471980685,0.02144877030668628,0.015550358472347555,0.019599671052845154,0.05654675808126385,0.024966470583713624,0.05654675808126385,0.01054261591345597,0.055768985657380254,0.3340668395805489,0.018860060824435906,0.02704410169103923,0.05183452824115852,0.018848919360421282
264,0.01703637777351024,0.03407275554702048,0.04336532524166243,0.05300206418425407,0.04770185776582868,0.010600412836850814,0.026501032092127036,0.06814551109404096,0.039267362695179296,0.010540247973805745,0.05300206418425407,0.15900619255276227,0.01219109860306984,0.03915083627669404,0.2557241251979443,0.012892393990764504,0.019080743106331465,0.017667354728084693,0.02385092888291434,0.05300206418425407,0.0041992510886466805
265,0.31845235361487734,0.015199373617379242,0.06294929119113687,0.020440536933716915,0.023711022843111617,0.005869065060176145,0.03486915123987003,0.039518371405186034,0.03486915123987003,0.007503488241491022,0.026944344139899577,0.049397964256482546,0.014457940757994892,0.025772850916425675,0.008010480690240414,0.1378258569150926,0.05555886186367753,0.025065180372079218,0.019759185702593017,0.04559812085213773,0.028227408146561453
266,0.0012162459092807175,0.10053174050198892,0.03822043931273962,0.011466131793821888,0.08599598845366413,0.0035684278824479805,0.11466131793821885,0.06879679076293131,0.012285141207666309,0.006239570305285377,0.00630548185684481,0.11466131793821885,0.009052209310912017,0.04914056483066523,0.008389852532064796,0.016380188276888412,0.01719919769073283,0.1847732543650951,0.014955824078898115,0.11466131793821885,0.02149899711341604
267,0.06675240496051597,0.27528706559348093,0.005199565085475477,0.004303088346600393,0.010399130170950953,0.014675582242439922,0.017827080293058774,0.020798260341901905,0.015598695256426428,0.005942360097686259,0.009599197080877803,0.04159652068380381,0.004621835631533756,0.008913540146529387,0.0033726908662543636,0.425113608480005,0.01613427407444756,0.016724703518040576,0.011142571702593274,0.020798260341901905,0.005199565085475477
268,0.005712419493059356,0.040259314657738465,0.007618032126764359,0.007618032126764359,0.02499183528213469,0.007736857996484269,0.013529414588824795,0.04082257025267764,0.0069555945505239795,0.02181105624622664,0.0428431461979452,0.5201266377840607,0.004443852073945875,0.009019609725883199,0.0011069838509121554,0.0857169851334651,0.04763065805980164,0.030847065262520543,0.005332622488735051,0.07215687780706559,0.003720434294466314
269,0.02785568654697134,0.021756595658466358,0.09776348391416387,0.013063633661999547,0.10044189577457394,0.08296696962232417,0.08778761820863697,0.018811632473279348,0.016038122557347136,0.014907331393919485,0.013586179008479528,0.047270255958496835,0.001366711195776599,0.02493966426381732,0.012022963544967378,0.05036065893713402,0.09295159575032147,0.010834547816888739,0.16594751474695443,0.0982790594621846,0.0010478795032969437
270,0.059279804277802745,0.012468348417201186,0.005234205300055292,0.006912308085247406,0.0065057017272916766,0.010904217690569968,0.02181960973010208,0.012288547707106499,0.5626342223262035,0.0031170871043002964,0.006144273853553249,0.00846066499738652,0.13051359153375872,0.01005426630581441,0.029183163324318723,0.021272400748647086,0.016575548281287062,0.007308600980785368,0.03686564312131949,0.004808562146259065,0.02764923234098962
271,0.013823854243602,0.12039908482643785,0.15416557205689102,0.1936641961042965,0.0722394508958627,0.0018274019541128512,0.05159960778275908,0.027784404190716427,0.01809911109296448,0.009029931361982838,0.05159960778275908,0.060199542413218926,0.010623448661156281,0.024079816965287573,0.012455077740665989,0.01641805702178698,0.022574828404957097,0.008650222702939093,0.0722394508958627,0.04514965680991418,0.013377676091826428
272,0.020497048688254083,0.04499127846165097,0.029236758289950853,0.04787018467273877,0.06598720841042142,0.0004590065506755022,0.050406895313516366,0.09898081261563214,0.07790156548452527,0.04949040630781607,0.05891715036644771,0.06873667542752229,0.00098862949376262,0.08248401051302678,0.0919353033843111,0.03111228183012403,0.049248254670893415,0.09088343849646496,0.007498546410275164,0.028869403679559365,0.0035051409324311084
273,0.030529741062138127,0.029331016219700735,0.045329752339537496,0.04155227297790937,0.04155227297790937,0.010609090973083246,0.053105207185027994,0.0332418183823275,0.0554030306372125,0.006123544416356229,0.045329752339537496,0.12465681893372811,0.2674988270757351,0.03561623398106518,0.0110806061274425,0.00649107968648471,0.03591343608546141,0.013850757659303124,0.027701515318606252,0.07123246796213036,0.013850757659303124
274,0.010338534747077893,0.06579829916090593,0.27687226745209464,0.02022756798341327,0.02326170318092526,0.00547334192492359,0.01257389361131095,0.07767854762051395,0.024324639535140344,0.006841677406154487,0.06646200908835788,0.24947790676493578,0.015507802120616837,0.027366709624617947,0.008021276958939746,0.029349459234246,0.01320500813562291,0.013809519576980255,0.021147002891750238,0.01287808033070113,0.01938475265077105
275,0.007687679985344158,0.019219199963360394,0.02629995784459844,0.013505383758037037,0.1411856148499443,0.004947516822251191,0.022713599956698655,0.00874035284221855,0.028158903792786672,0.20276074057610027,0.2692295829636038,0.035692799931955024,0.008059664500764037,0.015615599970230324,0.00442211680572894,0.007571199985566215,0.00561951066651951,0.004293380090818953,0.07334940262153303,0.09259947208781771,0.008328319984122838
276,0.06531745960098535,0.0414660517724965,0.06248703635160933,0.01876727367305046,0.017853438957602663,0.06005247649375441,0.05218697541453087,0.02316121810716021,0.10737713428026725,0.04539009904475253,0.06301213749742117,0.05374655090867467,0.03740720543497701,0.08837809450959233,0.05577007731750441,0.07910446799676256,0.03348690944009854,0.024047489208199505,0.0247201462489883,0.035706877915205326,0.01056087982636645
277,0.017297759456892537,0.018971736178527297,0.02450515923059776,0.11793233843268341,0.01960412738447821,0.00996820036498892,0.025570600936275917,0.3156619611002338,0.05881238215343462,0.010367678103972171,0.02352495286137385,0.018378869422948318,0.007637971708238262,0.028005896263540293,0.008283434106117551,0.007947619209923597,0.0045797874888799045,0.19066722036036166,0.026732900978833914,0.03095388534391296,0.034595518913785074
278,0.029336703225129133,0.024447252687607612,0.058673406450258266,0.058673406450258266,0.024447252687607612,0.013969858678632919,0.020954788017949384,0.3147570138182899,0.03259633691681015,0.01848353875734965,0.024447252687607612,0.019558290297251504,0.016298168458405076,0.07334175806282285,0.01303853476672406,0.009167719757852856,0.12489582832974697,0.00659485284101116,0.03451376850015193,0.036670879031411426,0.04513338957712175
279,0.09325159784321138,0.015533774968811054,0.05346038285469774,0.07755906477566794,0.02946781216968893,0.2850486666427625,0.02652103095272003,0.02652103095272003,0.024110028138836392,0.011050429563633347,0.04739720625179707,0.04420171825453339,0.01293708826961953,0.060939265180881934,0.04121496195808441,0.01882471146577548,0.01515487483012573,0.009405973220372477,0.03877953238783395,0.04822005627767279,0.02040079304055387
280,0.007350149048801673,0.015019869795377335,0.015361393296939056,0.011947750342063712,0.01654303893516514,0.02190487401013729,0.019192055849648806,0.14394041887236605,0.07037621912429134,0.050066232651257765,0.010355251006619009,0.04301190123142935,0.0036450763755448605,0.010468394099808442,0.11529752874556523,0.030751171730565224,0.15805241574775733,0.08529802599843916,0.037145914547707375,0.12794703899765872,0.006325279592857259
281,0.016175379797566596,0.054560589799313844,0.022868640403456222,0.06631905717002304,0.0368439206500128,0.013562625779892885,0.010734335245454472,0.04421270478001538,0.0552658809750192,0.027390300323156227,0.0368439206500128,0.04144941073126441,0.024930037808194448,0.022106352390007685,0.3563378634181102,0.04024754521266497,0.01745238346579554,0.018421960325006398,0.03315952858501152,0.03901121010001356,0.022106352390007685
282,0.013542781972150425,0.01660082951424891,0.02708556394430085,0.013908803106532867,0.02237503108442244,0.006771390986075213,0.0214427381225715,0.27643300336536675,0.019793296728527542,0.26434404804519357,0.011436126998704804,0.02708556394430085,0.01050256561105543,0.030272100878924475,0.008883206735858839,0.01943854650434993,0.026084567469313702,0.12165449747903387,0.01660082951424891,0.028590317496762004,0.017154190498057203
283,0.12608184572330064,0.01756443464493619,0.17692733378634487,0.19429284748749714,0.015702296852754517,0.03950728589747709,0.06440292703143272,0.025796630543810997,0.011999310649014315,0.009311266558761355,0.03409566725193496,0.03997423057123409,0.006449157635952748,0.10595320253558282,0.00594488557213225,0.056596511633683275,0.025201145360125837,0.003713315757792174,0.007370465869660284,0.024076855174223588,0.009038383462348091
284,0.012698513356440762,0.02267591670792993,0.03341714041168622,0.02189398854558752,0.05772051525654892,0.002309519386719963,0.03734856869541401,0.028529589379144283,0.13224572591601091,0.015485991898098492,0.03341714041168622,0.07054729642467092,0.013802731909174741,0.03527364821233545,0.3410756459316796,0.02056247409009533,0.013227618079625794,0.012698513356440762,0.018140733366343944,0.06349256678220382,0.013436161882162134
285,0.0034867582886085706,0.010983288609117,0.010460274865825715,0.027458221522792498,0.014644384812155997,0.0035429963255216123,0.012203654010129999,0.11224190086187255,0.043933154436468,0.574095570491064,0.07322192406078,0.005104302120120357,0.0037873408996955166,0.021966577218234,0.002852802236134285,0.0035969014183682073,0.0037782509717705416,0.026643308659312654,0.01689736709094923,0.012203654010129999,0.01689736709094923
286,0.08068031388801195,0.008364056861670074,0.031913687641530075,0.015365849605181144,0.02353175821733682,0.004710237758838165,0.06123977193420733,0.02765852928932606,0.2470834612820366,0.005111847099199885,0.11146622313475339,0.021835681017889,0.00475995341999789,0.05882939554334206,0.21732983667120653,0.005371274774034712,0.01011897413024124,0.006382737528306014,0.014306135839306584,0.029634138524277927,0.014306135839306584
287,0.07400792917773609,0.04297234597416933,0.05785752958274193,0.08863046357172424,0.038675111376752405,0.10829031185490674,0.07299999032959316,0.010237919234869745,0.034031572697437944,0.05640120409109725,0.046041799258038564,0.06491981943951941,0.005584319582656225,0.11133744184216603,0.020438066987714686,0.03664200750574695,0.04803762732681358,0.034125098273605055,0.016114629740313503,0.021486172987084672,0.01116863916531245
288,0.012116394494068733,0.033925904583392445,0.054330854575116626,0.18110191418042274,0.033925904583392445,0.015974051518215134,0.06785180916678489,0.04846557797627493,0.006483956699531109,0.050330341607035006,0.03084173143944768,0.03084173143944768,0.016962952291696223,0.2798365974370544,0.008077596329379155,0.009978207230409545,0.018847724768551365,0.00889970477402963,0.014750393297127152,0.04846557797627493,0.027991073632347912
289,0.03208148863354692,0.04010186079193365,0.0802037215838673,0.06416297726709384,0.053469147722578214,0.006053111062933382,0.16900959181480643,0.053469147722578214,0.0499230695788508,0.015128202902682061,0.02916498966686084,0.031473290138130314,0.06072643515391983,0.05750123797291504,0.024911758663360116,0.020050930395966823,0.018871463902086424,0.016884994017656273,0.03208148863354692,0.09890039432676248,0.045830698047924175
290,0.05705880361252363,0.06613587457162948,0.0076836347221633005,0.01872338520725569,0.035429932806230094,0.007177418645907258,0.08503183873495222,0.1196744397010438,0.11337578497993625,0.06276159525675046,0.0728844332013876,0.023619955204153397,0.007085986561246017,0.05699918311350627,0.0901852835067675,0.04263313998883668,0.010985368032984437,0.03810259330473858,0.04535031399197451,0.028343946244984076,0.010757088611028622
291,0.03464588587179296,0.015266638032633607,0.19967815080852952,0.14675320414463994,0.013085689742257375,0.05537775419033321,0.07798456566186591,0.016164675563964996,0.062272641443766784,0.006702426453351338,0.018319965639160326,0.12313352472926198,0.023711523343134915,0.013925815296761773,0.01772376492315134,0.05483289773099947,0.06993181159895585,0.009086632478509169,0.021138421891338837,0.013739974229370244,0.006524036226220724
292,0.05472535040437441,0.019935766786139494,0.2623766145227426,0.0336380275029157,0.02537279409145026,0.08400004608072736,0.02146928730815022,0.01349665732946049,0.041898840097203266,0.006977518375148823,0.014576478584596807,0.02537279409145026,0.00713737814575665,0.029152957169193614,0.018608270533527836,0.1295807007214856,0.14767779837734918,0.008721897968936028,0.012134814565476212,0.031011192778439212,0.012134814565476212
293,0.015347558864849674,0.02291056953986273,0.0789303027335126,0.01973257568337815,0.2125892934517122,0.007231763237502765,0.05525121191345882,0.03683414127563922,0.042500932241122176,0.009866287841689076,0.03453200744591177,0.04604267659454902,0.012557093616695188,0.032500712890269894,0.002442053231596822,0.010231705909899783,0.021250466120561088,0.008246449539322213,0.2950314026885178,0.032500712890269894,0.0034700822896791403
294,0.01189728052842303,0.02442073371623675,0.028999621288031147,0.02442073371623675,0.24590451633661903,0.00662848486583569,0.08077786041608828,0.033142424329178445,0.0356918415852691,0.02709918304587287,0.033142424329178445,0.033142424329178445,0.01933308085868743,0.05155488228983314,0.012888720572458282,0.0034195622285761525,0.028999621288031147,0.011865824258744363,0.018559757624339927,0.24233358124826487,0.02577744114491657
295,0.030887574345845163,0.052508876387936776,0.004118343246112688,0.0736153855242643,0.08964036352610373,0.0013839817877187052,0.057319298961207965,0.04261813953827144,0.023431952952020465,0.06887019886165953,0.06595405580906936,0.02548224883532226,0.002462978692973881,0.0951337289852031,0.040415699142290706,0.02135655140484151,0.11260727104370975,0.09098746476793035,0.057335059879475084,0.040153846649598715,0.0037169796584445225
296,0.046986307868554955,0.03636249527896298,0.2913087840712615,0.027271871459222233,0.10908748583688894,0.003656344417826663,0.04958522083494952,0.05454374291844447,0.04545311909870372,0.01652840694498317,0.04545311909870372,0.010627337810274548,0.027271871459222233,0.04958522083494952,0.010908748583688892,0.01880818721325671,0.023714670834106288,0.03201705955517165,0.019479908185158733,0.05264286458069885,0.028707233114970768
297,0.07551526714614538,0.021479542667228124,0.06417763648300726,0.07178149596671177,0.020456707302122023,0.04806086076264752,0.05369885666807029,0.06137012190636606,0.06284508759905758,0.0312095919096477,0.02863939022297083,0.033412621926799294,0.046027591429774535,0.14319695111485412,0.04570115461112366,0.045296994740413044,0.05369885666807029,0.04711887100888682,0.010358669650796227,0.02983269814892794,0.006121032066379588
298,0.09121827021365422,0.0271482947064447,0.031924330300068006,0.051090220433207205,0.02786739296356757,0.030006009938702043,0.27001873320027564,0.030654132259924333,0.023580101738403327,0.009581751072862837,0.02043608817328289,0.16382555623475648,0.010218044086641443,0.030654132259924333,0.02111534032723477,0.05835320533073196,0.03702688209524383,0.009015921252918922,0.021895808757088808,0.013933696481783789,0.02043608817328289
299,0.12465068711541054,0.023762706683549996,0.020594345792410002,0.038614398360768735,0.03432390965401666,0.012356607475445999,0.16464833658886108,0.019307199180384375,0.038614398360768735,0.00669839294980537,0.06178303737722998,0.1402320230048368,0.036916011074999644,0.045934804228281056,0.008622982827324446,0.014710246994578572,0.017161954827008333,0.025742932240512495,0.10297172896204997,0.03146177761314209,0.03089151868861499
300,0.0197865771392049,0.029313447613636887,0.03768871836039028,0.029313447613636887,0.04655665209224681,0.02514566878264037,0.028266538770292712,0.03597559479855436,0.041655951872010315,0.007295053081025586,0.025531067276393416,0.03441143850296503,0.4204355572883318,0.02023857971565821,0.007759442015374471,0.056941416658127034,0.01750509319129289,0.020293925270979386,0.039573154278409794,0.041655951872010315,0.014656723806818444
301,0.019416685260544974,0.007403001956569014,0.019873491610026193,0.049160742403749,0.025244705558681916,0.011119691734181323,0.03810588401612678,0.02830466986882518,0.04245700480323778,0.013537016024220739,0.04061104807266221,0.025945947379756414,0.01831478638571041,0.04061104807266221,0.010420572259522769,0.010203477004116043,0.016104381132262605,0.014370063164172785,0.03891892106963463,0.4965637258999582,0.03331313632337877
302,0.019559333451472982,0.031221709231246394,0.06244341846249279,0.04579184020582805,0.05723980025728507,0.06430927371853348,0.042929850192963796,0.03434388015437104,0.024703077606114156,0.009674332437850998,0.02427254043440688,0.03615145279407477,0.01635422864493859,0.02543991122546003,0.3667754919784758,0.02398858154763981,0.01635422864493859,0.014017910267090223,0.015569228660864593,0.03615145279407477,0.03270845728987718
303,0.0022001720581635935,0.053266531148130715,0.04261322491850457,0.037599904339856965,0.03195991868887843,0.015590204238477281,0.03043801779893184,0.12364823876041925,0.03994989836109803,0.012750797521365482,0.037599904339856965,0.022828513349198876,0.014450023065718645,0.035511020765420474,0.010309651189960783,0.012060346675048463,0.3414331788307047,0.029054471535344028,0.045657026698397746,0.035511020765420474,0.025567934951102742
304,0.017861164535844715,0.030568763120184857,0.08420263281183936,0.02455910123678648,0.04911820247357296,0.01724921407859143,0.02455910123678648,0.11788368593657507,0.031022022614888185,0.009623265950397987,0.04533987920637504,0.058941842968287556,0.016840526562367873,0.025626888247081543,0.027870847721900165,0.011121102446846706,0.016372734157857654,0.026791746803767065,0.3160571837001055,0.04533987920637504,0.0030502149835684228
305,0.2688619965022235,0.04114423259649305,0.03848037987450111,0.01619868766936644,0.03347728785002397,0.12305578978756991,0.03347728785002397,0.03347728785002397,0.02953878339707998,0.012553982943758993,0.04565084706821451,0.023912348464302836,0.006521549581173502,0.04565084706821451,0.009846261132359995,0.006785936726356212,0.011992497408492649,0.03524891305468893,0.10043186355007194,0.02789773987501998,0.055795479750039956
306,0.012102127763214827,0.004925579136233843,0.03155785347751135,0.0500221280879546,0.022068585921156444,0.012717490191852868,0.0038330039873046124,0.027790071159974786,0.09379149016491489,0.015964508964240832,0.10719027447418845,0.030947064312455603,0.015964508964240832,0.06252766010994326,0.019239280033828698,0.009872788438412095,0.018758298032982984,0.012936757264126192,0.03126383005497163,0.40236949339786243,0.014157206062628661
307,0.01882801832379333,0.02510402443172444,0.030124829318069323,0.03765603664758666,0.028690313636256497,0.013388813030253036,0.32068025525058963,0.10041609772689777,0.05020804886344889,0.011367860120026163,0.05020804886344889,0.06307808416870017,0.010737437158766844,0.017159391706442116,0.0029417911263183816,0.011586472814642052,0.017214188181753902,0.019435373753593117,0.027386208470972118,0.11366387708864739,0.030124829318069323
308,0.010236635063625375,0.031227481131486365,0.02408977115857519,0.008144814225928434,0.0766492718681938,0.452965941799303,0.031227481131486365,0.06434456325707379,0.046841221697229554,0.01040916037716212,0.027198128727423602,0.031227481131486365,0.016532195893139836,0.04014961859762532,0.00610301404260529,0.008875178847896124,0.014290542212714098,0.009053720818362011,0.021078549763753292,0.04215709952750659,0.027198128727423602
309,0.05171470856926981,0.04162536867115995,0.054946877854849176,0.029305001522586225,0.0382239150294603,0.0030602424345472627,0.02197875114193967,0.03528580317375101,0.028359678892825382,0.015157759408234257,0.03663125190323278,0.0090363716401462,0.011567763758915618,0.03516600182710347,0.006053040291239178,0.47167505418300043,0.006417153618084576,0.03139821591705667,0.027473438927424588,0.03139821591705667,0.013525385318116723
310,0.01634394139122564,0.011447984758235231,0.0275266645133122,0.03268788278245128,0.12019985364362848,0.01886252835364622,0.004770394722146711,0.0359566710606964,0.06537576556490256,0.023197852297223487,0.059927785101160674,0.023802809896023024,0.009339395080700363,0.05136667294385201,0.0167240330514867,0.009339395080700363,0.01843931849266482,0.01239885208989531,0.039951856734107116,0.3856647751671142,0.016675567274827212
311,0.017077732372176933,0.041671285717644675,0.09758714116067262,0.29342666417163243,0.02386161155868348,0.05832953098531445,0.04221669737305538,0.04989246053179272,0.007041901056308122,0.01988856818342132,0.060979673983302216,0.036587804389981333,0.028597941178775753,0.05833980000470255,0.011433688871869166,0.02352411290512199,0.027346781252204324,0.00911020803337542,0.04989246053179272,0.02032655799443408,0.022867377743738333
312,0.2483408598195558,0.023223109954524784,0.013660652914426346,0.02902888744315598,0.02732130582885269,0.004994217194521459,0.12345420410935211,0.038705183257541305,0.05160691101005507,0.009676295814385326,0.038705183257541305,0.04222383628095415,0.004889075779899954,0.04222383628095415,0.009107101942950897,0.14744682560536146,0.00682742059382975,0.036825754063743145,0.033175871363606835,0.022117247575737894,0.04644621990904957
313,0.07443148076017723,0.010600148962749694,0.1132890920393874,0.044756184509387606,0.023238788110643564,0.025987461973192804,0.05208362485619154,0.03661869641677168,0.04405686912642842,0.012811176407930327,0.03873131351773927,0.06293838446632632,0.1016256436393773,0.06293838446632631,0.016470936677522925,0.06994562166745648,0.09904540015080043,0.07292171441615743,0.010662058201054297,0.012084169817534653,0.014762849816844413
314,0.11536180733805673,0.025279223555388187,0.014217069913738112,0.009918885986328917,0.010155049938384368,0.0195011153141566,0.012186059926061239,0.01332850304412948,0.006851491237902705,0.004505208158386013,0.03144720247593536,0.012298000648567222,0.19921217994679433,0.011847558261448426,0.003306295328776305,0.246818538043328,0.22902603346752792,0.006408817239394187,0.009693456759366895,0.012544473453298333,0.006093029963030621
315,0.09284974046798347,0.018054116202107902,0.01299896366551769,0.15821107092899814,0.031247508811340606,0.020310880727371385,0.006912644840773372,0.01695398539723107,0.02547972698834958,0.002708117430316186,0.1384148908828272,0.034466949113115083,0.003543443592582678,0.1634040851771046,0.032952570082194155,0.15088082826047317,0.04779030759381503,0.009536616785942479,0.012206869486006373,0.013268336397833013,0.007808347168116767
316,0.011984979417520154,0.01629208139569146,0.01829286332147813,0.07194055131125639,0.024826028793434603,0.5616651723727045,0.021722775194255278,0.027349789434821543,0.020853864186485067,0.008210182750584672,0.028180897549304147,0.01829286332147813,0.010426932093242537,0.02005179248700487,0.06643220340579145,0.008477180563611816,0.01184878646959379,0.008901724882503112,0.01629208139569146,0.015562585213794824,0.012394664439751993
