site,A,C,D,E,F,G,H,I,K,L,M,N,P,Q,R,S,T,V,W,Y,*
225,0.40909950335233886,0.10883213939192127,0.01756033527277872,0.013830131961693835,0.023945911735607346,0.03765588938429398,0.023241620213971834,0.05739626012555685,0.023945911735607346,0.006222166041535767,0.01975537718187606,0.03039288797211702,0.008963633460788326,0.016462814318230053,0.004818384678506356,0.02324031019218823,0.06196044947915445,0.06861220324054108,0.010824864209247158,0.021950419090973394,0.011288786961072036
226,0.008313052850504012,0.011027519087403282,0.022514518136781698,0.011819614281896648,0.01589260103772826,0.0034974008756165744,0.030019357515708923,0.02205503817480656,0.5630921451875887,0.006221182519759406,0.010797628779168405,0.01925354872520807,0.014219695665335812,0.03264717289067114,0.16592047536716778,0.005873352557421312,0.008703155067346912,0.0045029036273563396,0.006432719467651914,0.03087705344472918,0.006319864740149249
227,0.04473669556633321,0.16951191428617263,0.011888828067380751,0.009341222052942017,0.008347475026033292,0.02226381679998023,0.014011833079413026,0.0106027477124208,0.01352866642150223,0.003017933278642806,0.009808283155589117,0.17673895939431444,0.009341222052942017,0.009808283155589117,0.0023077553792512145,0.19858337102418566,0.24229693063499547,0.0229504697908127,0.004408217148579379,0.011539156653634256,0.004966219319285629
228,0.009222415361371325,0.011870435613646261,0.058306245007989616,0.01620154049970638,0.013780620654922669,0.003677650297479363,0.03994949197885064,0.019976533999196355,0.02103159666500218,0.00579185505786605,0.017127342813975318,0.6133856028281183,0.041341861964768016,0.039963799899275745,0.005905980280681144,0.028584354104639317,0.015916862856515435,0.005877029396952315,0.010159825557777601,0.01248868746852367,0.009440267692742301
229,0.01892116183955296,0.1248813870120066,0.0021960472816017784,0.0014640315210678522,0.00114576379909658,0.00040404277072059977,0.0023026515185727383,0.1277768576807625,0.002523118153329703,0.18397444220972486,0.2511837991399408,0.012779143377674995,0.02123785309767418,0.00244508357126796,0.0004569809372119307,0.008853379072824033,0.1792035044260081,0.05462802358417029,0.0009836988566797524,0.0015706828239270998,0.0010683473261846488
230,0.013478145895641511,0.012230169423822854,0.03144900708983019,0.017379714444379843,0.022014304962881138,0.004233520185169451,0.044028609925762276,0.34340011781785573,0.03669050827146856,0.00695188577775194,0.010665036699668291,0.022014304962881138,0.010160448444406679,0.02130416609311078,0.005739785321915378,0.008054014010810174,0.011243307606389134,0.33710680744604,0.013758940601800712,0.016510728722160854,0.011586476296253229
231,0.01106275091971665,0.0221255018394333,0.028578773209268014,0.01362201577552202,0.03810503094569069,0.005715754641853602,0.03810503094569069,0.025362067847600086,0.3530191877397282,0.01039228116700655,0.0221255018394333,0.019572294475338727,0.013448834451420241,0.02738307148004577,0.27805218924657504,0.009526257736422673,0.01905251547284534,0.009526257736422673,0.014910664283096354,0.02540335396379379,0.014910664283096354
232,0.04042134179798531,0.04397616005508917,0.01012924274864117,0.008863087405061023,0.014180939848097634,0.20301005243436468,0.03163409358103198,0.041859910247968084,0.012331252041824031,0.04911960522286822,0.12220405659856023,0.0475672195371987,0.004431543702530511,0.011817449873414697,0.0019163432227158968,0.15043173770999632,0.15284593599756846,0.02775196601055708,0.005454207633883707,0.015756599831219596,0.0042972544994235255
233,0.1411739077657042,0.11881844325438512,0.01495344092551517,0.004167352389077999,0.018157749695268424,0.0010726096866403288,0.02310986324852345,0.16202514989234337,0.011554931624261721,0.002986293926865041,0.005122425860807973,0.025420849573375787,0.00603461224065252,0.02310986324852345,0.00343524994234808,0.09400378065826047,0.13222488883661904,0.1362030843467686,0.006518166557275844,0.06355212393343948,0.006355212393343948
234,0.11871967401943805,0.27161272657108076,0.006448502384466396,0.0073697170108187405,0.016643060825800554,0.009101724479799133,0.017196006358577057,0.012506186442601496,0.02063520763029247,0.004299001589644264,0.02063520763029247,0.03603322008131621,0.004314151572586287,0.02292800847810275,0.004798885495416854,0.22252532942811717,0.16126769883432449,0.02353894262017017,0.005732002119525686,0.008041264885082888,0.0056534815425458825
235,0.008740872511548706,0.05858997816666767,0.009377515653645719,0.017100175603706896,0.026427544114819748,0.0021694252631568453,0.022319991682540063,0.32268251290244904,0.019380199017534485,0.0514036172082741,0.024225248771918104,0.009377515653645719,0.004927169241746056,0.017100175603706896,0.005012120435569264,0.05501247669047247,0.15604869988215167,0.1399163657711467,0.012639260228826837,0.018168936578938578,0.019380199017534485
236,0.059342248050367245,0.09153213179677136,0.009862441263189426,0.005917464757913656,0.009862441263189426,0.0022190492842176215,0.01613854024885543,0.0037147942919803075,0.01731015342321532,0.26387342825953286,0.05824772023430906,0.011095246421088105,0.012746979700343332,0.1601812306443499,0.002958732378956828,0.103705661626014,0.09502941225589796,0.04943865143344132,0.006827843951438835,0.013655687902877668,0.006340140812050346
237,0.20291334013485324,0.023166998745059154,0.02041667852146997,0.008860068037619042,0.023479180299690466,0.17194452951371939,0.02934897537461308,0.023328871677014387,0.014229806242236642,0.00809626906885878,0.01461563208877985,0.012182317740212441,0.009391672119876184,0.0223611240949433,0.005706971774435323,0.2525950920159747,0.11864462358473182,0.004603760843076563,0.004942985326250623,0.021344709363354968,0.007826393433230152
238,0.0949690778835844,0.04850571182226084,0.021777302004870124,0.00448356217747326,0.021777302004870124,0.14753260825718123,0.03703706146060432,0.2297638981054462,0.021522734216524807,0.026426061515717917,0.013925084733663402,0.03063518641405949,0.0037132531405543257,0.08180462419888683,0.016321415169246407,0.11925840425473155,0.03676222369687138,0.020104341084226537,0.003387580311868686,0.019055139254261354,0.0012374282930966256
239,0.014006773717004935,0.2131576291115114,0.025095171715231103,0.03585024530747301,0.13316528754112233,0.008962561326868252,0.009437829681831544,0.05086813441065158,0.02281379246839191,0.1348295637083928,0.11942617590288418,0.01673011447682074,0.0009319273874362625,0.011950081769157671,0.0055357708579183915,0.008653507488010725,0.02669526284887999,0.11981139750537897,0.01673011447682074,0.013941762064017284,0.011406896234195956
240,0.010301136699965106,0.020602273399930204,0.011885926961498199,0.02809400918172301,0.004409011304267253,0.003911824063277888,0.005942963480749098,0.09620238655576065,0.02809400918172301,0.16628377583721568,0.48862052997602645,0.011885926961498199,0.00794607370823123,0.02207386435706808,0.0023931881421101592,0.004984420983854082,0.015451705049947655,0.006204705142552718,0.023771853922996397,0.017168561166608504,0.023771853922996397
241,0.010395840209402648,0.058216705172654856,0.058216705172654856,0.07574654224969223,0.04851392097721237,0.0043699928220976274,0.08739985644195254,0.03234261398480825,0.019405568390884947,0.15621700389465296,0.08403991142379412,0.08739985644195254,0.0019476414518507733,0.006431623175048721,0.008955151543694828,0.018208303425406778,0.040030899496667646,0.030104394996672543,0.011195520225510545,0.1455417629316371,0.015320185571751273
242,0.010216907047581644,0.03065072114274493,0.025522874271441415,0.00690202470714036,0.03831340142843117,0.08192419342327097,0.05104574854288283,0.08183312377088027,0.09827436480175587,0.041378473542705636,0.05104574854288283,0.036780865371293915,0.017015249514294277,0.1965487296035117,0.002800985227117035,0.08538415175478943,0.05104574854288283,0.015825439572666043,0.021876749375521212,0.0306274491257297,0.024987050690475885
243,0.01656019637785746,0.0022549227538228387,0.041400490944643646,0.0884829710165035,0.0884829710165035,0.0025091206633117364,0.005477790080240491,0.0828009818892873,0.0884829710165035,0.020797477841082282,0.0884829710165035,0.0828009818892873,0.004140049094464366,0.03312039275571492,0.08866158443450847,0.0067910588057422065,0.010350122736160912,0.0828009818892873,0.041400490944643646,0.0828009818892873,0.041400490944643646
244,0.16775348459745276,0.014020121879851834,0.030844268135674036,0.005711901506606302,0.03855533516959254,0.003586542806473725,0.030844268135674036,0.06717835793295698,0.009071843569315893,0.04333603768514099,0.08256810993672307,0.08244619599412498,0.005931590026091161,0.1128188270040012,0.002522865654880081,0.012669493941625804,0.07504171553088297,0.12765137218395298,0.006168853627134808,0.07711067033918508,0.004168144342658653
245,0.06156388804552897,0.12533787587891934,0.13427435875364688,0.07490038257957536,0.05013515035156775,0.03814089674503271,0.03581082167969124,0.1338433464948277,0.05013515035156775,0.014745632456343454,0.03773072018033485,0.01865694307326151,0.015886619023298888,0.06266893793945967,0.004177929195963978,0.027852861306426523,0.02506757517578387,0.036213721882591546,0.013926430653213265,0.03084444366013138,0.008086314572833507
246,0.12116748636967625,0.011443439228985925,0.002183404924998155,0.004058393478970347,0.01927736902510915,0.12368310975868516,0.07901214122658506,0.0385547380502183,0.03304691832875854,0.009638684512554575,0.05783210707532743,0.1382712471465239,0.01652345916437927,0.057613019644384936,0.00560559110053475,0.06296318604099908,0.08888865887990817,0.04228955611333682,0.012962929419986608,0.05185171767994645,0.02313284283013098
247,0.10487490971858361,0.07768511831006192,0.00811067555720674,0.038931242674592345,0.019465621337296173,0.06758605292975388,0.03997778329598685,0.024332026671620217,0.027808030481851674,0.01253382119359142,0.10388198017394097,0.05179007887337462,0.10408701313342175,0.058263838732546445,0.016059439404385246,0.023878150042893335,0.11592465367333028,0.021848939524704913,0.038931242674592345,0.016221351114413477,0.027808030481851674
248,0.09527914085241145,0.027222611672117553,0.048329515846176146,0.01808567196839849,0.048329515846176146,0.048525562038432994,0.048329515846176146,0.10184403998220762,0.05602399034067705,0.019798263034267318,0.011303544980249058,0.045214179920996224,0.022273045913550737,0.030142786613997486,0.04834991174998384,0.05282871707356132,0.033875231129201204,0.17240987392341123,0.016549337741678723,0.048329515846176146,0.006956027680153265
249,0.04424821531795334,0.08849643063590668,0.09459367363493064,0.019665873474645927,0.09459367363493064,0.013638720856582664,0.09459367363493064,0.035398572254362666,0.05304607263460704,0.02949881021196889,0.012413731707237054,0.08849643063590668,0.02528469446740191,0.035398572254362666,0.09482115007859121,0.032142002225667994,0.014749405105984444,0.007374702552992222,0.009252634918924696,0.09459367363493064,0.01769928612718133
250,0.18908525618208513,0.020506853940002862,0.0235730303490811,0.011069040478978817,0.027501868740594616,0.05783573650266432,0.02841053722937896,0.05500373748118923,0.07034990171084314,0.0022314463561121565,0.013750934370297308,0.15306901690930708,0.08807461644623976,0.06484418774268037,0.005588958143484385,0.07032466253485559,0.04116242066372144,0.04399050925839322,0.007500509656525805,0.020626401555445963,0.005500373748118923
251,0.0440819069790224,0.12652351871950848,0.014403033551836912,0.022496828863228117,0.030700559689292514,0.011726281231322529,0.011784300178775653,0.03256119967046177,0.015629375841821645,0.019698076778771122,0.061930825903840865,0.14619041327596044,0.00814029991761544,0.1041958389454776,0.00390734396045541,0.10922802434909441,0.12943076869008546,0.06945298685115575,0.0035034405936900594,0.031969177858271546,0.0024457981503119277
252,0.016651760094129005,0.02140940583530872,0.04995528028238702,0.0037117426305888985,0.14986584084716106,0.008325880047064502,0.04995528028238702,0.03211410875296309,0.24062630527781748,0.017983900901659328,0.037466460211790266,0.026253660169561183,0.023663027502183322,0.028099845158842698,0.09646015065491188,0.018733230105895133,0.026253660169561183,0.013624167349741916,0.02644691309067548,0.08991950450829664,0.02247987612707416
253,0.16139679460586856,0.06094895976679533,0.01838575920609891,0.008618324627858866,0.10721358498818415,0.03043482412567808,0.010023070737589814,0.08300406579730385,0.027578638809148365,0.048054985461596963,0.03320162631892153,0.05416889111893721,0.017786585527993684,0.022982199007623643,0.010921587604908403,0.013743916546659199,0.013789319404574186,0.0655295256294504,0.060106392473909684,0.14780178592696983,0.004309162313929433
254,0.007153425406185977,0.019335991310849412,0.07778298201580082,0.2909359141492982,0.04164675051567566,0.034248136579607104,0.05414077567037835,0.07734396524339765,0.09662328368008799,0.022777976454331487,0.04921888697307123,0.04164675051567566,0.01866923298978564,0.03184751510022256,0.00917640265599633,0.018835634375697196,0.029680393561704665,0.007303571915271844,0.021656310268151343,0.0360938504469189,0.013882250171891885
255,0.0810279567465547,0.03466560179175377,0.12460530398567916,0.12030957606750292,0.011779862927843783,0.005218224713629129,0.007717841228587307,0.03240321514850247,0.003068721401652306,0.0484287182925988,0.10904928174976791,0.06539711390648285,0.07978064335805532,0.12273945132008512,0.005625558185503902,0.01985491124295494,0.06480643029700495,0.045135612439251446,0.004662862408938164,0.011190869781451594,0.002532243006199585
256,0.019565596499423594,0.09098445723730252,0.34186693460686135,0.017046966354333004,0.045492228618651265,0.0033103533552310844,0.0530742667217598,0.05789920006010161,0.037464188274183394,0.016760294754239936,0.03980570004131985,0.013014138527981207,0.037464188274183394,0.0530742667217598,0.015533931723441894,0.0192997333533672,0.021961765540038532,0.02371186466545765,0.027690921767874677,0.04507615288182824,0.019902850020659925
257,0.09050332431703949,0.050239519017829644,0.018253714307220906,0.005035507395095422,0.013526024350954137,0.0016785024650318077,0.026550857174139502,0.2386377153346909,0.010817015885760537,0.07913701332565551,0.08651981760970343,0.03650742861444181,0.03719656696512388,0.015371548890291289,0.003744351652763263,0.007123400705256941,0.0911754234027279,0.1568143618440123,0.006953795926560345,0.018253714307220906,0.005960396508480295
258,0.016885978973219765,0.05983968798634757,0.06921478233689195,0.027355285936616024,0.03716750806605438,0.010283004118245152,0.043597442479275515,0.010410637230331088,0.029758954722910562,0.04884872488681432,0.05129116113115503,0.3030072202464139,0.0070271801304734845,0.03309107169751938,0.01455068400883831,0.14123812037462863,0.05367111081054989,0.005917625373030302,0.014794063432575756,0.012187047103058578,0.009862708955050504
259,0.020892767675616535,0.026862129868649824,0.030328211142023997,0.030328211142023997,0.027128777024524885,0.0093086588653737,0.02083290027000226,0.0223163969493301,0.040877154147945384,0.5058446069711122,0.024107039625711386,0.040877154147945384,0.006652443867672697,0.03917393939178099,0.009496712579825692,0.01287910336168142,0.025410122848722808,0.014032455901533488,0.032419811910439446,0.025410122848722808,0.03482127945936088
260,0.009270941695130623,0.016537355456178945,0.006944219489278404,0.030594107593931046,0.047067857836817,0.32853254134566,0.043705867991330076,0.04079214345857474,0.033993452882145614,0.014229817485549323,0.05562565017078372,0.04079214345857474,0.0235339289184085,0.10198035864643684,0.010926466997832519,0.005138588368829726,0.0235339289184085,0.028264118427185896,0.014923954923868804,0.06798690576429123,0.05562565017078372
261,0.04945244183134645,0.07676781655170806,0.008844914919453783,0.02073244543996798,0.015478601109044116,0.02723279526666268,0.020399839363390952,0.05609955824932512,0.005159533703014706,0.0038137221317035373,0.05019434159150142,0.024933136999700053,0.001044923010507637,0.0160284452140929,0.0018574321330852939,0.09965846839408432,0.2538823667065095,0.22299574404106737,0.027447845991594205,0.015478601109044116,0.00249702624319579
262,0.005722882313009467,0.018928730869140223,0.003244807114999235,0.009138022239519936,0.1074221640845717,0.1076546505652792,0.10051824463471927,0.1074221640845717,0.10051824463471927,0.03350608154490643,0.03350608154490643,0.03350608154490643,0.02871949846706265,0.06701216308981285,0.004020729785388771,0.003915634917670843,0.015464345328418349,0.005137848208125168,0.04020729785388771,0.06701216308981285,0.1074221640845717
263,0.0045880297434724255,0.07484367971279692,0.05156546281651958,0.03336588770480678,0.08103144156881646,0.008341471926201695,0.023634170457571473,0.008489385091537693,0.019559313482128114,0.014180502274542883,0.055346586678370814,0.05156546281651958,0.009003493507646274,0.05156546281651958,0.009613899847147715,0.09884016572839135,0.3046447463526202,0.010702265867579533,0.024661743086161533,0.047268340915142947,0.017188487605506526
264,0.017503635205100107,0.035007270410200214,0.04455470779480027,0.05445575397142255,0.04901017857428031,0.010891150794284508,0.027227876985711275,0.07001454082040043,0.037700137364831,0.015601398047726166,0.05445575397142255,0.1633672619142677,0.012525464364222805,0.010641681747872129,0.2627659370250433,0.013245994209264944,0.01960407142971212,0.018151917990474185,0.024505089287140156,0.05445575397142255,0.004314424120400701
265,0.30344481832020187,0.014483402781512238,0.01866773715874489,0.01947767960272336,0.022594108339159095,0.005592601074049282,0.033226629910528084,0.03765684723193183,0.033226629910528084,0.00715003428454402,0.025675123112680796,0.04707105903991478,0.013776895328755546,0.02455881341212945,0.007633144709175371,0.2852061769401397,0.007089148073899438,0.0042927707860712224,0.018828423615965914,0.04345020834453672,0.02689774802280845
266,0.004700657682759812,0.03351036639313042,0.04095711448049273,0.01228713434414782,0.09215350758110864,0.0030214264780691366,0.1228713434414782,0.07372280606488692,0.01316478679730124,0.006686338511485261,0.00675696948829632,0.1228713434414782,0.009700369219064068,0.05265914718920495,0.008990586105474015,0.017553049063068316,0.01843070151622173,0.19802593489494946,0.016026696970627592,0.1228713434414782,0.023038376895277164
267,0.08715213639474022,0.34973540497630845,0.006782397372467481,0.005613018515145502,0.01356479474493496,0.004793793093809508,0.023253933848459935,0.02712958948986992,0.020347192117402442,0.0077513112828199796,0.012521348995324581,0.05425917897973984,0.006028797664415538,0.011626966924229968,0.0043993928902491776,0.28739709941164415,0.026533727592516237,0.0036331340986496896,0.01356479474493496,0.02712958948986992,0.006782397372467481
268,0.005249161484594087,0.019202269380590834,0.011248203181273047,0.011248203181273047,0.029737233231739737,0.0013417581932294814,0.015025128369721133,0.02744450114789645,0.010270098556814518,0.007785748337037313,0.01476326667542087,0.479183573116658,0.006561451855742608,0.01243222456877547,0.0016344876296467666,0.1267427554273961,0.07950004761337223,0.037112067073211186,0.007873742226891132,0.09015077021832678,0.00549330853038916
269,0.03661568812367497,0.02822780400735221,0.07127331805891814,0.0022857332322102028,0.11196539792880035,0.04657529189401935,0.07680063660226281,0.0037881833696766848,0.035692603549128545,0.017509579099572497,0.006857199696630608,0.030769485818214263,0.0017678189058491194,0.07054603930321489,0.021126338029444032,0.057565155739280234,0.09223605866448228,0.023898932276020596,0.158819459688891,0.10432386076244594,0.001355415249911308
270,0.08851571291789269,0.01313878519710041,0.007812467465908131,0.010317169261541696,0.009710276952039243,0.008292542656997083,0.04729962670956148,0.018341634242740792,0.4243827618663432,0.009197149637970286,0.011094974166440348,0.01179105058461908,0.12204471583084381,0.015006791653151559,0.031837751955872295,0.027167858029802573,0.030544104507642927,0.01003388536372271,0.055024902728222365,0.007177161225420311,0.04126867704616678
271,0.01497269849500965,0.1304049626402619,0.05206343635774689,0.2097154700286709,0.07824297758415716,0.034719055066350264,0.05588784113154083,0.030093452916983524,0.019603254537211526,0.009780372198019645,0.05588784113154083,0.06520248132013096,0.011506320232964289,0.026080992528052387,0.013490168548992616,0.017782494905490265,0.024450930495049112,0.008480971014209521,0.07824297758415716,0.04890186099009821,0.014489440293362438
272,0.02076937708031893,0.03426971751300442,0.028976629552544826,0.03828570003405964,0.007811866297096818,0.0012621659351887793,0.06675455390553986,0.09659776623978122,0.019633692325158783,0.062042467747501745,0.09760749898793224,0.14921606167120674,0.0010015213201406176,0.08010546468664784,0.07608055775999029,0.049537539891025176,0.04815337787975404,0.08942811870464822,0.005354643361406943,0.023560430790190538,0.0035508483168621907
273,0.042138494508076677,0.02869010840033107,0.04433925843687529,0.04064432023380235,0.04064432023380235,0.01037727325118358,0.07712982659214547,0.03251545618704188,0.05419242697840313,0.0059897397275141115,0.04433925843687529,0.12193296070140704,0.2616631598734567,0.034837988771830586,0.010838485395680627,0.0063492440372846185,0.019509273712225127,0.013548106744600783,0.02709621348920157,0.06967597754366117,0.013548106744600783
274,0.01094453637121892,0.16527726678761576,0.008089448284420745,0.05143640339385752,0.024625206835242566,0.005794166314174721,0.013310922613644633,0.044129196114260326,0.025750448068511712,0.008698803515137668,0.07035773381497876,0.2641628254739935,0.016416804556828375,0.09568683866651437,0.033145440980093546,0.03634292258395833,0.03642839216333411,0.03286214661274231,0.022386551668402335,0.013632939485034317,0.02052100569603547
275,0.00613317546903668,0.015332938672591702,0.020981916078283383,0.010774497445604981,0.18700756399603158,0.003947093123637468,0.03278704044086268,0.0390547932638875,0.020981916078283383,0.22931724088579603,0.21467332230040637,0.028475457534813158,0.006429942023990068,0.012458012671480757,0.003527932791923754,0.006040248567990668,0.0022446444641702995,0.04340971144085133,0.05429251857949304,0.0554857607460753,0.006644273424789736
276,0.07831958137353064,0.04179703748457237,0.0156266979532591,0.022555593194223917,0.05164054268927238,0.04779951058841741,0.04622370254704103,0.011629160034309744,0.10032250159761719,0.06874796438140421,0.04970747424635844,0.05220193386483086,0.01609575356548749,0.08140941154455335,0.053706358224100394,0.09013621996672998,0.06845734789139284,0.03104181044772588,0.014424644264546859,0.04828726069646248,0.009869493444163642
277,0.0217034323590916,0.02380376452287466,0.030746529175379768,0.09223958752613928,0.024597223340303814,0.01250706271540872,0.03208333479170063,0.39615317421935614,0.07379167002091144,0.008108974727572688,0.029516668008364576,0.023059896881534824,0.009583333768949539,0.0351388904861483,0.01039319296069175,0.009971847300123167,0.005746241773775668,0.04506892144852917,0.03354166819132338,0.03883772106363761,0.0434068647181832
278,0.03260180224449025,0.02716816853707521,0.0652036044889805,0.0652036044889805,0.02716816853707521,0.015524667735471547,0.023287001603207326,0.34988636463525463,0.03622422471610028,0.008796045942048124,0.032693763251976635,0.02029474903310956,0.018112112358050145,0.08150450561122564,0.014489689886440114,0.010188063201403206,0.009341975241870547,0.03304755537984413,0.03835506146410618,0.04075225280561282,0.050156618837677316
279,0.0185297254247019,0.013871497185944485,0.006376072455494413,0.0391533528225643,0.03970525080720501,0.3842166486851535,0.04306868810482072,0.035734725726484506,0.03248611429680409,0.014889469052701878,0.05955787621080751,0.05955787621080751,0.017431573525114395,0.051049608180692145,0.012200688009823314,0.014130685899712626,0.02041984327227686,0.012673710679644443,0.03248611429680409,0.0649722285936082,0.027488250558834228
280,0.007190670232805291,0.020571569622547314,0.01605412920191056,0.012486544934819328,0.025997038533988368,0.0011441411892048718,0.01872981740222899,0.21967497561220167,0.022369132011115265,0.02351036528291122,0.035686269155901604,0.04495156176534956,0.0038094543868940314,0.015361886406447669,0.1205532451951856,0.0550058471424233,0.2687242769859814,0.02002734820396141,0.036568113075461726,0.02497308986963865,0.006610523789021996
281,0.01829090405161503,0.006818987580597235,0.025859554004007454,0.0749927066116216,0.04166261478423423,0.010523990986830236,0.00613511971146622,0.04999513774108109,0.06249392217635135,0.01887972574738931,0.04166261478423423,0.04687044163226351,0.012070404838676886,0.02499756887054054,0.40307588833755276,0.008496908950172032,0.019734922792532004,0.020831307392117113,0.0374963533058108,0.04411335683036566,0.02499756887054054
282,0.011113183980499142,0.013622612621257014,0.022226367960998285,0.011413540304296416,0.021573830013123404,0.005556591990249571,0.017595874635790307,0.2267546113619826,0.01624234581765259,0.26231167821463997,0.009384466472421497,0.022226367960998285,0.008618387576713621,0.024841234779939256,0.006811306310628507,0.004968246955987852,0.0037879786008761292,0.2597908959310025,0.013622612621257014,0.02346116618105374,0.014076699708632246
283,0.08071114255820888,0.05311757201445421,0.13747982533940742,0.13964204804156702,0.011291711954976191,0.023372360412646682,0.058429329215899634,0.01855066964031803,0.004126209729766697,0.015017980200070589,0.05499230985025847,0.10208342575651427,0.0046376674100795075,0.08522034564116693,0.01078695308601224,0.09443123913680747,0.07451856479708936,0.004926726345635307,0.005300191325805151,0.01731395833096349,0.004049769212352395
284,0.01353078513181929,0.02416211630682016,0.03560732929426128,0.023328939882447046,0.06150356878099676,0.0024608873261238004,0.039796426858292024,0.07011762499169703,0.051204654303492116,0.016500957477828402,0.03560732929426128,0.07517102851010718,0.014707375143281833,0.03758551425505358,0.3634149325650463,0.006374778403357037,0.014094567845645093,0.01353078513181929,0.019329693045456127,0.06765392565909645,0.014316779793098023
285,0.0029506121846179616,0.009294428381546581,0.008851836553853886,0.02323607095386645,0.01239257117539544,0.002998202703724703,0.010327142646162865,0.09499139141472605,0.037177713526186325,0.525158962554027,0.1962408502097965,0.004319432201194711,0.003204975303981579,0.018588856763093162,0.0024141372419601505,0.0030438190070646155,0.002179658649526292,0.0037039547091235105,0.014299120586994738,0.010327142646162865,0.014299120586994738
286,0.09379173090767126,0.027359121923022582,0.01430323634063794,0.028545309406682557,0.011418123762673024,0.0021110579461079467,0.06705896948839891,0.09248680247765148,0.3168529344141764,0.0022910532314013386,0.07031160422277599,0.00978642486464701,0.0021333397600865125,0.059945149754033374,0.0972445136331548,0.052414854477393795,0.005012834822636938,0.013438253351453634,0.012402444776696562,0.014680444837722462,0.006411795600975628
287,0.06530395834992367,0.010512574844620813,0.04509523301710317,0.05050853028626907,0.029386781257465647,0.11313910784124276,0.09156728662844942,0.010512574844620813,0.014498714350446798,0.0811197607627958,0.02099055804104689,0.0666412248983091,0.005734131733429535,0.12021865059872311,0.03404566121291752,0.06713819246189957,0.09894399412031352,0.021607927395195327,0.02755010742887404,0.014016766459494416,0.01146826346685907
288,0.014405746900151343,0.04033609132042376,0.016557802819335273,0.2153737372282132,0.04033609132042376,0.002334724684404617,0.08067218264084752,0.05762298760060537,0.007709078733835418,0.016134436528169503,0.1094941752149434,0.03666917392765797,0.02016804566021188,0.17690910616673844,0.009603831266767563,0.011863556270712871,0.022408939622457647,0.010581274365365028,0.0175374310088799,0.05762298760060537,0.03565859911925007
289,0.03236470928476038,0.04045588660595048,0.08091177321190096,0.06472941856952076,0.053941182141267315,0.006106548921652904,0.17052139034991798,0.053941182141267315,0.101568537095125,0.009807487662048602,0.02942246298614581,0.03623382118539458,0.01618235464238019,0.02489593021904645,0.015992231934850835,0.02022794330297524,0.019038064285153172,0.01703405751829494,0.03236470928476038,0.12802500967935745,0.04623529897822913
290,0.032478240543677844,0.010212853797278543,0.028138529372613283,0.012444195392660692,0.007659640347958909,0.012534435811436822,0.1924931213899226,0.06366697555015528,0.1611570318613306,0.03964974593413689,0.028138529372613283,0.05521120535990029,0.009986280223885867,0.1423219531673198,0.061858254653844064,0.046355173079026174,0.014443437968978503,0.017822405899753587,0.03223140637226612,0.025068871622873655,0.0061277122783671275
291,0.018248762972851492,0.015022657948558704,0.09691289997481889,0.1444127346364433,0.012876563955907458,0.06502447695955935,0.10326650317090696,0.015906343710238625,0.005481395400327723,0.0065953132457086975,0.018027189538270445,0.26603281980316756,0.013220462710357933,0.012876563955907458,0.02470490506481027,0.05732310003319259,0.05316925220470037,0.00894141665880312,0.020800603313388972,0.02038154667846848,0.020774488063611537
292,0.05248449573299429,0.024821600742210983,0.10023574307622772,0.03084176710037775,0.03159112821735944,0.06455861418468904,0.02673095464545798,0.006538750494214496,0.039852718505196574,0.012529467884528465,0.01737512051954769,0.03159112821735944,0.008886598272373777,0.03475024103909538,0.014928727692204132,0.23868795429818587,0.1839065592173702,0.010859450324717307,0.015108800451780598,0.03861137893232821,0.015108800451780598
293,0.013876237064096407,0.020714205888254476,0.07136350490106722,0.017840876225266804,0.27058965760883574,0.010521692538757186,0.04995445343074706,0.03330296895383138,0.0384265026390362,0.008920438112633402,0.031221533394216915,0.04162871119228922,0.011353284870624335,0.0293849726063218,0.0022079413321156945,0.009250824709397604,0.0192132513195181,0.007455888571753294,0.2667473324302997,0.0293849726063218,0.016640749604615646
294,0.009686440986991902,0.0198826946575097,0.023610699905792773,0.0198826946575097,0.20018029573170762,0.005396731407038348,0.06059437870016539,0.026983657035191736,0.029059322960975718,0.01718211682542429,0.06492254860732007,0.026983657035191736,0.015740466603861848,0.041974577610298255,0.010493644402574562,0.0027841142057057878,0.023610699905792773,0.009660830151037808,0.01817831361004961,0.35220482619471133,0.020987288805149128
295,0.06346324706333946,0.05070517162277123,0.031622580151835826,0.1819207053562509,0.021409188477098304,0.0030624949229951055,0.04671578480630043,0.06651468224736876,0.03598431534519249,0.06528022697363223,0.03704267756122756,0.07309314054492225,0.0010387094870595165,0.034185099577932865,0.0493954056298953,0.026731205685000134,0.07402487728153881,0.05792208335926601,0.03710882519972975,0.03925561674020999,0.003523961966433063
296,0.012551792271373778,0.03608252273023867,0.2890148250214517,0.027061892047678997,0.10824756819071601,0.01844982845119816,0.049203440086689094,0.05412378409535801,0.04510315341279833,0.016401146695563026,0.04510315341279833,0.010545512764163972,0.027061892047678997,0.049203440086689094,0.010824756819071597,0.018663373825985513,0.023532080041459996,0.019956880293770702,0.01932992289119928,0.0910528326586652,0.028486202155451574
297,0.16273145146264947,0.071557790218265,0.014149726839561689,0.05509796097100538,0.01777833297348199,0.016007435557999328,0.01814871491042953,0.12444833081437393,0.055100118014699884,0.03111208270359348,0.04977933232574958,0.04770519347884334,0.022963680090747566,0.11060857759616113,0.049621819743913644,0.0298422017769162,0.0357788951091325,0.06430002488915464,0.00795507450838028,0.008617997384078636,0.006695258630862699
298,0.1475181123123945,0.04390420009297455,0.0012479604251919684,0.09579098202103536,0.0174165421856428,0.05788563763813004,0.15947129081752429,0.01592783721016063,0.029201967065328405,0.07184323651577655,0.031930327340345135,0.08502893084745082,0.005309279070053543,0.01592783721016063,0.03636509502650417,0.05928135226124799,0.09202924323367848,0.00468465800298842,0.011377026578686162,0.0072399260046184695,0.010618558140107088
299,0.04245288241365658,0.01531786578203122,0.013275483677760392,0.02971701768955959,0.022125806129600648,0.007965290206656234,0.1060995865347851,0.0222877632671697,0.024891531895800723,0.0075057685164263005,0.07132084245494302,0.11402537476830117,0.06958351953787716,0.206973660266917,0.0123363395518229,0.09339634131004446,0.011062903064800327,0.039622690252746125,0.06637741838880194,0.0037486887736586675,0.019913225516640584
300,0.020450550795259627,0.035544015223716474,0.038953430086208815,0.030297112289273523,0.048118943047669706,0.012394273209248262,0.02921507256465661,0.03718281962774478,0.043053791147915,0.007539851513379233,0.026387807477754356,0.035566175296103696,0.4345527325925184,0.04846381618851416,0.008019823841278285,0.006088904712235862,0.018092507610877974,0.02097492389257398,0.040901101590519254,0.043053791147915,0.015148556144636761
301,0.020233636931040314,0.007714481219581469,0.02070966328153066,0.051229167064838994,0.026306869573836236,0.011587549693237392,0.011180596244423366,0.02949558103733154,0.04424337155599732,0.01410658223524552,0.04231974670573656,0.02703761595088725,0.019085375965332173,0.04231974670573656,0.010354831640765332,0.010139105981582717,0.01678196852124036,0.014974679603568321,0.04055642392633087,0.5175543577572053,0.022068648404551822
302,0.02056974643941435,0.03283458732810222,0.06566917465620443,0.048157394747883255,0.06019674343485408,0.003100267215650563,0.04514755757614055,0.03611804606091244,0.05682223219515493,0.010174097481947168,0.023706851975145517,0.038018995853592044,0.01719906955281545,0.026754108193268476,0.3858942428681458,0.008905102932362307,0.01719906955281545,0.014742059616698958,0.01637351735966899,0.038018995853592044,0.034398139105630894
303,0.008516015231856447,0.059586404771491366,0.04766912381719309,0.042060991603405665,0.035751842862894824,0.01743992334775357,0.034049374155137924,0.01443695813751151,0.04468980357861852,0.013491261457696156,0.042060991603405665,0.025537030616353443,0.01616446396625386,0.03972426984766091,0.011532852536417684,0.013491261457696156,0.38189595030806506,0.03250167532990438,0.05107406123270688,0.03972426984766091,0.028601474290315853
304,0.018418773489514904,0.01768255252807832,0.08683136073628453,0.025325813548082988,0.050651627096165976,0.009709365498159584,0.025325813548082988,0.12156390503079834,0.031990501323894305,0.009923695367904476,0.0467553480887686,0.06078195251539918,0.01736627214725691,0.026426935876260514,0.019456992918311183,0.011468292927433807,0.016883875698721993,0.027628160234272354,0.32590797347786243,0.0467553480887686,0.0031454398599779884
305,0.27575114492091624,0.03961351713794662,0.017025409245364963,0.01661212009010665,0.034331714852887066,0.16514426495664425,0.034331714852887066,0.034331714852887066,0.030292689576076826,0.012874393069832653,0.04681597479939146,0.024522653466347907,0.006687996399913067,0.04681597479939146,0.010097563192025611,0.006959131389098732,0.004192042451653725,0.004775548255749676,0.10299514455866123,0.028609762377405895,0.05721952475481178
306,0.011988734872198127,0.004879428106504446,0.03250164614477428,0.04955343747175225,0.021861810649302465,0.01259833156061498,0.011996851579983953,0.027529687484306807,0.09291269525953547,0.01581492685268689,0.10618593743946912,0.030657100666431684,0.01581492685268689,0.06194179683969031,0.019059014412212406,0.009780283711530051,0.0185825390519071,0.012815544173729031,0.030970898419845155,0.39852985067581437,0.014024557775024222
307,0.021487184755234288,0.02864957967364571,0.03437949560837485,0.042974369510468576,0.032742376769880815,0.015279775825944383,0.3659604295493625,0.11459831869458285,0.05729915934729143,0.01297339456919806,0.05729915934729143,0.04550029466687411,0.012253934113532235,0.01958289043185254,0.003357273631002956,0.013222882926298024,0.01964542606192849,0.02218031974733862,0.031254086916704414,0.014980152244819002,0.03437949560837485
308,0.009524239774607406,0.031041966672794515,0.023946660004727192,0.009592952065153421,0.07619391819685926,0.45020386370719045,0.031041966672794515,0.05986665001181799,0.04656295000919178,0.010347322224264838,0.02703655161824038,0.031041966672794515,0.016433982356185328,0.03991110000787867,0.01532934143903255,0.008822453685952124,0.014205645765516133,0.008999934984349546,0.020953327504136292,0.0419066550082726,0.02703655161824038
309,0.04982842867940842,0.04010709470221155,0.05294270547187145,0.028236109584998104,0.03682970815434535,0.0487013953755772,0.02117708218874858,0.01363612356044678,0.027325267340320748,0.014604884268102471,0.03529513698124763,0.008706772449245021,0.011145832730920307,0.03388333150199773,0.017185758592429726,0.4542019263036461,0.006183089690145571,0.030252974555355115,0.026471352735935726,0.030252974555355115,0.013032050577691436
310,0.01256612726922382,0.036409121894207225,0.021164024104810414,0.02513225453844764,0.2603229403721667,0.014502556405305754,0.040543076175215756,0.027645479992292398,0.05026450907689528,0.01783579354341445,0.046075799987154,0.01714451033656053,0.00718064415384218,0.039493542846132004,0.012858362787112745,0.00718064415384218,0.014177169226816614,0.00953292413527324,0.030717199991436,0.2964322193958693,0.012821099613981698
311,0.010833960598750983,0.039653836152724636,0.12346162074355536,0.2968364877670765,0.024137117658180215,0.003885675964632908,0.042704131241395764,0.05046851873983135,0.007123206825966391,0.012617129684957838,0.06168374512646054,0.03701024707587633,0.013121978787174157,0.055515370613814494,0.011565702211211351,0.02968318588550283,0.017348553316817034,0.009215394469534873,0.05046851873983135,0.02056124837548685,0.08210437002121816
312,0.24709828503400866,0.02310688642805473,0.013592286134149843,0.02888360803506841,0.02718457226829968,0.004969222887753706,0.13322450214753428,0.03851147738009122,0.05134863650678829,0.009627869345022804,0.03851147738009122,0.042012520778281326,0.004864607669064154,0.042012520778281326,0.00906152408943323,0.16878981128684192,0.00801996447620653,0.007950058261646182,0.0330098377543639,0.022006558502909272,0.04621377285610946
313,0.029471414343695115,0.0690501728256354,0.03279883209217681,0.0631681210664146,0.011425229910923497,0.004791225446516305,0.09329282175395122,0.03975616011172947,0.15852768844552126,0.03739125661787477,0.013455931114739205,0.010932944030725603,0.0786023677074317,0.04919824813826522,0.053028843317784916,0.05135284449935119,0.07015983632054297,0.0995274904866055,0.012147715589695116,0.010495626269496579,0.011425229910923497
314,0.08946436164247963,0.031038126199969474,0.01862287571998168,0.012992703990684893,0.013302054085701202,0.023921154448789984,0.01596246490284144,0.017458945987482825,0.008974737452525963,0.0055315472435589165,0.005773886658072276,0.01509962896214731,0.06526775726150869,0.01551906309998473,0.004330901330228298,0.3115618381432432,0.3001985352643122,0.007868820726752823,0.012697415263623875,0.016431949164689718,0.007981232451420722
315,0.14634172733407905,0.09890094265107961,0.012317944947959203,0.0218084655755103,0.011844177834576159,0.017265035247278987,0.008210226817229441,0.017108256872165557,0.03658187172653448,0.002566238530824834,0.06138679199032529,0.03348370472199561,0.0035756868826744676,0.16487617980987876,0.01193325089689615,0.22800808453549398,0.05958129810825688,0.009623394490593127,0.012317944947959203,0.020017432170758243,0.022251343907930553
316,0.013671498022580445,0.018584692624445294,0.020867023297622782,0.010434449401270756,0.028319531618202352,0.6408943610135982,0.024779590165927054,0.031198434235903058,0.023788406559289973,0.00936551439342125,0.032146495350391865,0.020867023297622782,0.011894203279644988,0.022873467845471125,0.0052428459953834826,0.009670083967191049,0.01351614009050567,0.01141017035067834,0.018584692624445294,0.017752542208425356,0.01413883365797884
