site,A,C,D,E,F,G,H,I,K,L,M,N,P,Q,R,S,T,V,W,Y,*
225,0.3498804542731108,0.31402592446596395,0.01357367174538918,0.011125579065430113,0.01157754354753783,0.03396493833950964,0.015745459224651447,0.035184977531200444,0.021868693367571457,0.004255529520176068,0.017494954694057166,0.025395901975244276,0.007427103407854458,0.012301140019258942,0.003784966159771983,0.0046462743363828015,0.009796088427360074,0.07378275785389868,0.008200760012839297,0.01874459431506125,0.007222687717730023
226,0.006112190896328663,0.010323952690437491,0.018900774925570175,0.010128368376616813,0.011590097831717558,0.0026139369577916198,0.03150129154261695,0.016602032029217045,0.5532720208112677,0.003875553218176849,0.008872988584870208,0.09315639007032263,0.012409599698606682,0.016651384031791595,0.13664603136672704,0.0051619763452187455,0.023341317263233855,0.0040148704907256895,0.005822513602663797,0.023180195663435113,0.005822513602663797
227,0.046925953059385475,0.18526917241798274,0.009034499316605979,0.0062444333511835455,0.0075825262121514475,0.011762999166147798,0.012132041939442314,0.012031332345938109,0.014154048929349365,0.0025275087373838154,0.009034499316605979,0.14165508657834033,0.007863360516305203,0.009436032619566244,0.0020167167580991013,0.1826257027839859,0.28909170710641285,0.03288148966462787,0.004122538523111467,0.00849242935760962,0.005115921299764832
228,0.006989152643677402,0.011709896095985824,0.10210691371900531,0.013905501613983167,0.011409642349934905,0.003013381839599061,0.032296713614777775,0.016563350593586237,0.018890503826846282,0.005426537215212943,0.015344001780946942,0.5842965092849227,0.049441783516384605,0.049441783516384605,0.006123523646524698,0.023634989978068382,0.012673378522937281,0.004801899837922245,0.009986996771450263,0.012475964064882094,0.009467575566967262
229,0.024349816984374772,0.11461332609776256,0.00154291646252496,0.0013314507544631637,0.0010883643096649095,0.0003525481164371548,0.002081712687533676,0.12357101534189593,0.002081712687533676,0.17143767328538193,0.20497117225005582,0.010996320632502858,0.016323571574899255,0.0019721488618740088,0.0004292893594586632,0.007163539203264219,0.23309853661969118,0.07895631076173654,0.000812491330111039,0.0019429318416980975,0.0008831508371354989
230,0.010242044878622123,0.015560029719445154,0.01651268460022751,0.017589598813285826,0.017215352030024424,0.004281066377836762,0.027900742945211998,0.3650858428205391,0.03371339772546449,0.004874226177175591,0.011647120935741283,0.036778252064143084,0.011396078104382364,0.023797692512092586,0.005707498866592731,0.006472972363289183,0.014664446861184038,0.32653385852108696,0.012843199133510284,0.025285048294098375,0.011898846256046293
231,0.008203515307594274,0.035424270646429834,0.022266684406327324,0.009524033815220634,0.03896669771107283,0.005566671101581831,0.029974382854671397,0.024562570882194292,0.345550328126584,0.009168634755546544,0.025977798474048547,0.019134847193638834,0.0144321102633603,0.02783335550790916,0.29456298759190624,0.00811806202314017,0.019120442286801428,0.010976534566499385,0.014987191427335698,0.024354186069420514,0.011294694988716755
232,0.03248845211428187,0.05466608148924604,0.014112222109029234,0.01092559131021618,0.01092559131021618,0.21282092160282248,0.011679080366093159,0.07573210886871393,0.014112222109029234,0.12992170524357588,0.05242454772986395,0.021144867316911658,0.004080642537550621,0.009676952303334329,0.0015536391312692733,0.15774496154055329,0.1426468172031328,0.016018611806347314,0.004342222187393609,0.01693466653083508,0.006048095189583956
233,0.18166756001152606,0.23553301268975146,0.02778844089140245,0.003379675243548947,0.031261996002827766,0.0010461502690603593,0.01667306453484147,0.11103699169659713,0.013162945685401158,0.002846013336207386,0.034600040043701215,0.01563099800141388,0.0067820989997068905,0.007355763765371237,0.0019692595907293076,0.07945168907322493,0.0771512124884147,0.11826392295175853,0.0043876485618003875,0.025009596802262207,0.005001919360452442
234,0.08472001350132208,0.26555619967720634,0.005726623014641699,0.008589934521962548,0.0035745022920625875,0.013427731255155749,0.010830787005952776,0.012774774417277635,0.01607149039592993,0.003985729618190623,0.023258748781251923,0.034076771470206296,0.007978610426286302,0.027678677904101542,0.004222171205710405,0.2377926040940762,0.1741252550909992,0.023720843127899304,0.005597934857009302,0.03087520383978109,0.005415393502976388
235,0.01992026178251551,0.0501331842259148,0.01607958121029353,0.017477805663362534,0.03654450275066711,0.009842097516744008,0.02679930201715588,0.23094470761901534,0.020099476512866914,0.034029797777590645,0.02233275168096324,0.01296740420184962,0.005088475066548585,0.04466550336192648,0.0047855896459206935,0.02922949098569743,0.19106026739903473,0.17755502746678153,0.01339965100857794,0.026737698253821225,0.010307423852752264
236,0.052965026170716356,0.14264707485781378,0.008083628966435611,0.0059975311686457766,0.013795655208686051,0.0018592346622801905,0.007436938649120763,0.003079757269855486,0.007822732603575331,0.13176533121271844,0.16960540815384614,0.0667709712100405,0.003794356453633042,0.10432964251568827,0.0021127666616820345,0.1389851986675803,0.08810217923503261,0.034885564895527944,0.005164540728556085,0.007150902547231502,0.0036455581613337074
237,0.09487225473013612,0.030505050785011534,0.021434879510003762,0.00974312705000171,0.03215231926500565,0.2141558554977728,0.02296594233214689,0.027723216397713978,0.017379632035138183,0.006183138320193393,0.012393866467202367,0.010437214188230086,0.013979269245654624,0.014954567100002624,0.008449375034864766,0.3063242807835254,0.10675905947969647,0.005543503321552697,0.006124251288572503,0.02922938115000514,0.008689816017569092
238,0.10767704932307127,0.011349905576183811,0.016214150823119732,0.0032428301646239464,0.02970401360636449,0.07426003401591123,0.020971879891933023,0.22278010204773366,0.08984904557911234,0.03581934618982222,0.007566603717455875,0.022699811152367622,0.003119276466328436,0.1079414627720379,0.019489149504632052,0.1485200680318225,0.01667061988112293,0.03005763281596407,0.005044402478303916,0.025222012391519583,0.0018006035705694058
239,0.0100448634034481,0.02142904192735595,0.0200897268068962,0.03571506987892658,0.22068253865070975,0.00824193920282921,0.027862186338824427,0.08222287038282283,0.05357260481838987,0.1526996220271079,0.03117809842235933,0.024725817608487632,0.008351651163228769,0.012362908804243816,0.0073881216639163525,0.008687449430009169,0.019383751979690503,0.2105095622344685,0.0200897268068962,0.01285742515641357,0.011905023292975526
240,0.012191187211880528,0.013041735156895449,0.014379349019141138,0.031155256208139127,0.007662649519119538,0.006231051241627824,0.009504993419432277,0.1517791961631937,0.11215892234930087,0.26704965189311086,0.1528310436886027,0.020028378990946585,0.049068746175048576,0.021569023528711706,0.00315254008579645,0.006372666042573911,0.019337745232638082,0.006676126330315526,0.0509813283405913,0.019337745232638082,0.025490664170295656
241,0.015267399669526907,0.06488644859548938,0.05687061371769335,0.11187318723360234,0.05687061371769335,0.003159478539871852,0.03317452466865445,0.03619039054762303,0.03980942960238534,0.1889791524305543,0.0528944784035426,0.14831188250397576,0.0020717099670798387,0.026829436039354254,0.011003801803359074,0.015311319077840512,0.015311319077840512,0.015026335464218587,0.013269809867461778,0.07961885920477067,0.013269809867461778
242,0.06222236276425274,0.03648842260866674,0.016788211311418475,0.012580934462727561,0.09516757026129544,0.09528790342188315,0.10946526782600025,0.06715284524567391,0.05036463393425543,0.022384281748557968,0.09516757026129544,0.051083791652133434,0.03357642262283695,0.05036463393425543,0.0026001181481313932,0.017514442852160035,0.025182316967127708,0.0601552278300903,0.018314412339729243,0.040291707147404335,0.03784692266010413
243,0.027908218983955384,0.002354692796265705,0.037210958645273844,0.10556920016578193,0.05581643796791076,0.0026579256175195604,0.005165094746493675,0.07442191729054769,0.10556920016578193,0.031492306695448884,0.10556920016578193,0.07442191729054769,0.008269101921171966,0.027908218983955384,0.10580257739556731,0.014261286504633637,0.027908218983955384,0.017174288605511002,0.02029688653378573,0.04465315037432862,0.10556920016578193
244,0.08910237233823569,0.06357574674944384,0.017346784161318022,0.006745971618290341,0.05740102329598375,0.001839810441351911,0.03035687228230653,0.2744280336925197,0.0036796208827038213,0.035417231784535666,0.05735405835480224,0.04047582970974204,0.0052794560490967875,0.07528706851907824,0.0018154781860694872,0.019867420859201207,0.04181647781748133,0.15195347306669746,0.002823895096028514,0.020237914854871024,0.003195460240242793
245,0.038586608284750884,0.12019747153093654,0.12055210434238402,0.07284709341182746,0.02826570441240457,0.048748929690377786,0.06359783492791027,0.036341619958805874,0.023126485428331008,0.018095268522134205,0.0704323528630762,0.05175711488584642,0.014964196453625948,0.02826570441240457,0.003974864682994392,0.08878745088193847,0.027746078400605778,0.012318623648961002,0.013389017879560058,0.10387262317492217,0.014132852206202284
246,0.1157035696999959,0.04592032058624396,0.0013319675951503735,0.0029715976150698833,0.028460553704678274,0.09127122902410688,0.025045287260116886,0.016096153748295202,0.02146153833106027,0.01623305655748316,0.36176526042391055,0.09107377185497048,0.0120721153112214,0.03415266444561393,0.007294743862169963,0.0516131335880706,0.03371480977323425,0.014675614111858188,0.003273793982704109,0.013796703212824456,0.0120721153112214
247,0.15259714574537644,0.017002138645833408,0.007000880618872579,0.1123204527465078,0.02644777122685197,0.016729340683162702,0.033775569508654464,0.02644777122685197,0.03967165684027795,0.0063354581064223,0.02644777122685197,0.09743291934916054,0.11254718411085209,0.05950748526041692,0.02757498729468708,0.0784874920999009,0.03946751648007865,0.03481794029683238,0.02644777122685197,0.011334759097222272,0.04760598820833355
248,0.017330548413949116,0.07373446795743903,0.07373446795743903,0.0311949871451084,0.0389937339313855,0.0456858039055465,0.07373446795743903,0.07373446795743903,0.025905561308906835,0.042479830188632696,0.030849656219493912,0.07373446795743903,0.05097579622635925,0.04078063698108741,0.07383803395196954,0.06644296763097238,0.018103770945852946,0.011141066837538717,0.024877064637177062,0.07373446795743903,0.0389937339313855
249,0.04126603741893825,0.09752856172718344,0.09752856172718344,0.022925576343854587,0.05158254677367283,0.018153690380183368,0.06877672903156376,0.09752856172718344,0.051171098658620816,0.00825320748378765,0.01757468406148564,0.02579127338683641,0.09752856172718344,0.03438836451578188,0.09777986754728575,0.007593277405525371,0.02579127338683641,0.018757289735881023,0.006680722380391354,0.09752856172718344,0.015871552853437786
250,0.10994359481078653,0.015133623268345291,0.033953168985684075,0.023559341745168546,0.01837654254013357,0.12863400592862026,0.04397743792431462,0.032983078443235954,0.023388326869260907,0.003902678218445707,0.009528577613402592,0.1078292949105791,0.12114195626422741,0.08000675278510191,0.004339878742531047,0.10665687040307444,0.052199668659784766,0.04680031400729426,0.016079474722616872,0.015133623268345291,0.006431789889046749
251,0.07586806893926284,0.1367304507631549,0.009025447265523656,0.01833702838223069,0.061772864362639644,0.01722693430649007,0.017148349804494947,0.020420781607484183,0.019820170383734643,0.03498877557562664,0.07231738221479346,0.014290291503745788,0.04036295114604294,0.1544321609065991,0.007199634541100191,0.11231429884116295,0.08111588249639548,0.08128589184667874,0.006738857930469777,0.012479366537907,0.00612441064446248
252,0.02262055327459168,0.030160737699455573,0.041761021430015415,0.07594462407193543,0.038778091327871446,0.009360228941210351,0.04935393441729095,0.08270790753055732,0.2570624803297018,0.023604055590878276,0.054289327859020034,0.034184711637382,0.04524110654918337,0.027144663929510017,0.05250258780087419,0.015511236531148583,0.037527830278219154,0.01357233196475501,0.021715731143608013,0.04524110654918337,0.021715731143608013
253,0.10753924163080389,0.03766274956071184,0.026823779651951134,0.012828764181367937,0.1688917576894035,0.0561510259331004,0.05194835213999863,0.06893541130179735,0.012294232340477607,0.026138010118598166,0.04825478791125814,0.024588464680955213,0.00951811536036976,0.022697044320881734,0.006277905875988565,0.019219270762406322,0.01053791343469509,0.09367105888655995,0.052167338282441245,0.13992062158728064,0.003934154348952833
254,0.008123784473972865,0.025184998458225104,0.20422563314896974,0.25146809533290587,0.05288849676227271,0.010181204391191957,0.0480804516020661,0.03777749768733766,0.09113736772792189,0.015555440224197862,0.027836050927511957,0.06611062095284088,0.012899633356651884,0.01888874884366883,0.006222176089679144,0.009794166067087544,0.02769700171067451,0.009071430022755015,0.016527655238210228,0.027836050927511957,0.03249349605434634
255,0.11057119127293089,0.04723139193993596,0.1169632117492954,0.14029265079537837,0.011795071916857745,0.0033466410050485202,0.014312543012101801,0.04546337192079397,0.004080668862395899,0.04604759749454249,0.0276027615233392,0.043913484241675994,0.11305386368601687,0.09870987544759341,0.03761139642684005,0.017003301098376944,0.07457588201042518,0.028656094133569527,0.004834045867564648,0.007371919948036091,0.0065630356472810925
256,0.014614553081828812,0.03619324928423025,0.2920217213973823,0.01785648099255527,0.05127376981932619,0.03383552128284661,0.0559350216210831,0.08789789111884488,0.026751532079648442,0.01367300528515365,0.03619324928423025,0.01566856073133405,0.0559350216210831,0.04394894555942245,0.017579578223768978,0.019227663682247317,0.018645007207027702,0.017579578223768978,0.019847910897803682,0.1130160338497756,0.012305704756638284
257,0.06515041170122302,0.1001056489077531,0.017590234562100918,0.009804148307119473,0.021293441838332688,0.0030377931311184963,0.057796484989760165,0.2950916518626898,0.010373728075085156,0.05197255670054145,0.0053670558455051675,0.022476410829351173,0.041338270196281966,0.01444912124744004,0.0037117008709020285,0.007690840966750137,0.02939610325068941,0.19239257542876556,0.008990564331740468,0.03371461624402675,0.008256640712822881
258,0.0071878534090450575,0.01942663083525691,0.07967836312121933,0.0167159381605699,0.024785701410500197,0.025019102812740685,0.029181581151079175,0.04939017114896997,0.03184366297762538,0.07908134386976079,0.04067040541873412,0.3427765629766053,0.00835796908028495,0.027113603612489406,0.020810879965726527,0.11337668396646533,0.017768134486844882,0.009395803232050784,0.036102352636195136,0.010746883067475822,0.010570372660360377
259,0.014437641650739718,0.02707057809513697,0.021656462476109577,0.025478191148364207,0.030595376449093614,0.008250080943279838,0.020681946359365738,0.10713089488719184,0.054141156190273945,0.4121973485853672,0.04331292495221916,0.06213984225532232,0.0045135072662338335,0.03465033996177533,0.006232075532693403,0.009733241562296439,0.020145546489404257,0.00951932416532289,0.03331763457863012,0.03465033996177533,0.020145546489404257
260,0.010633938625606376,0.024002935870455714,0.015456050932750166,0.050131424949287184,0.05398768840692467,0.33328102545153443,0.05398768840692467,0.043864996830626286,0.03899110829389004,0.021932498415313143,0.06380363175363825,0.043864996830626286,0.023394664976334023,0.050131424949287184,0.008256940579882598,0.004971672476952681,0.023394664976334023,0.03275427541678001,0.024201377561724854,0.043864996830626286,0.035091997464501035
261,0.08347735285064813,0.13925518972690346,0.007577608342501858,0.010392178337828616,0.015155216685003716,0.019752509181121057,0.016321002583850157,0.062298374351509436,0.006062086674001488,0.01950694833470856,0.024101859760425597,0.02531912540489153,0.014185224031382074,0.03899145312353297,0.001946541592569285,0.10073304616621861,0.23373077873982867,0.1372073192897431,0.01970669288522807,0.009224914503915308,0.015054577434188225
262,0.0039157132232773345,0.1194489408707725,0.0029846504164699208,0.0075351726694794854,0.09959560871377862,0.09980370967042115,0.09959560871377862,0.04219696694908512,0.030140690677917942,0.030140690677917942,0.05274620868635641,0.04219696694908512,0.0351641391242376,0.04219696694908512,0.004305812953988278,0.0038415912188925704,0.05274620868635641,0.005880031078364139,0.026373104343178203,0.09959560871377862,0.09959560871377862
263,0.021547729668022476,0.09537562759231809,0.11127156552437109,0.019636158621947838,0.06069358119511151,0.009022018826300358,0.04172683707163916,0.009221760403165653,0.03338146965731133,0.01335258786292453,0.013908945690546385,0.04450862620974843,0.012839026791273586,0.029027364919401152,0.011754869382320444,0.062035858717747805,0.31720129583787066,0.014513682459700574,0.019636158621947838,0.04450862620974843,0.014836208736582809
264,0.026775967406177745,0.03937642265614373,0.04183744907215273,0.04781422751103168,0.04781422751103168,0.01632680939401082,0.04183744907215273,0.044626612343629565,0.03523153606076018,0.05480307446718749,0.03718884361969131,0.060854471377676696,0.018654770762433315,0.05012846293286197,0.317417919034625,0.011953556877757922,0.014875537447876525,0.014552156199009644,0.02479256241312754,0.04781422751103168,0.00532371632963001
265,0.39427440785824275,0.020221296000965085,0.020335242326790473,0.018423847467545967,0.030706412445909943,0.007147182207237658,0.04363542821260886,0.03316292544158274,0.03604665808867688,0.010110648000482541,0.03454471400164868,0.03768514254725311,0.01973983657237068,0.029609754858556016,0.008128168000387927,0.14500591928188916,0.011127498318625032,0.005224067448681318,0.025123428364835408,0.046059618668864905,0.023687803886844817
266,0.014374777230275642,0.03934326365270975,0.1081939750449518,0.011696645950805603,0.1442586333932691,0.005216453218319528,0.08655518003596145,0.061825128597115316,0.02704849376123795,0.010584942687469585,0.005053908368648692,0.08655518003596145,0.01311442121756992,0.03934326365270975,0.008832161228159333,0.01881634348607858,0.025457405892929837,0.20569927012288866,0.021638795008990366,0.03934326365270975,0.02704849376123795
267,0.07140503570845848,0.2506005473540637,0.012568985175840234,0.010298123707048561,0.012568985175840234,0.0037470177534997557,0.05027594070336094,0.06594751246159565,0.012568985175840234,0.003678727368538606,0.010773415865005916,0.030165564422016566,0.005200959383106305,0.010055188140672189,0.0026461021422821552,0.3227622316265786,0.07113757068063899,0.015932479922774002,0.013711620191825714,0.015082782211008281,0.008872224830004872
268,0.005009442739929014,0.022844853643052603,0.007893667347766933,0.009647815647270694,0.061014210488940984,0.005722149682634629,0.013141522259156518,0.03969470799707751,0.01132569662940473,0.004914924952383185,0.022283450787265405,0.37915110127636487,0.005209820449526175,0.014471723470906044,0.0051502974816191455,0.12366842825962801,0.1841054680289903,0.04659266982791858,0.0053161433158430355,0.027179057399619174,0.005662848314702365
269,0.06489175207721051,0.0292415456916862,0.0377214968062177,0.008002346108176182,0.08965139079923962,0.03696814273931006,0.09585698011932968,0.018802715331099288,0.011982122514916206,0.011276033152430075,0.028340324557019212,0.0730909473409889,0.0017748545457772166,0.01728330399121247,0.02169874694800542,0.05844120757126933,0.14159361849943666,0.01194080485107167,0.15165569958051506,0.0883704020044638,0.0014155647706247595
270,0.14319921487330478,0.03451302158596258,0.010102664458091869,0.016773336855630067,0.013723639245515512,0.01244286263178757,0.022049986013253867,0.027447278491031023,0.05669996403408137,0.006861819622757753,0.01258000264172255,0.0251600052834451,0.20897373108015602,0.027447278491031023,0.05875160746952512,0.0620541488396437,0.03700060832147295,0.020651514586440475,0.07548001585033531,0.027447278491031023,0.1006400211337804
271,0.008090719043501338,0.1318331219819401,0.0586953258186017,0.18745144648125012,0.1318331219819401,0.03319714622857878,0.05649990942083147,0.04943742074322754,0.038549032523520065,0.010689172052589742,0.028249954710415737,0.06591656099097006,0.013183312198194016,0.03295828049548503,0.010141009383226164,0.009887484148645511,0.01883330314027716,0.009916466926981797,0.02636662439638802,0.02636662439638802,0.051903962937047285
272,0.022950626132573388,0.04659392159975334,0.01444732841830333,0.03961814590881885,0.011981294125650861,0.0010306489570452353,0.012780047067360916,0.0431326588523431,0.21224006736867243,0.04044748938872205,0.09669114557542799,0.018257210096229885,0.0019547837184725335,0.17359563933165242,0.06480023865140747,0.04758196172878646,0.03815115319780665,0.08563003486451363,0.006390023533680459,0.02033189306171055,0.0013936884210683114
273,0.03738957033835725,0.04551554351499693,0.034136657636247694,0.042014347859997164,0.03901332301285452,0.009582219687367775,0.15871227298068644,0.042014347859997164,0.06827331527249539,0.010407965548216287,0.027309326108998156,0.04551554351499693,0.2591769917689857,0.032128618951762535,0.008032154737940634,0.006109673850254057,0.03736990010340186,0.014004782619999054,0.027309326108998156,0.034136657636247694,0.021847460887198522
274,0.10281229120880317,0.061431940461409096,0.1256926387037883,0.017483187261280068,0.017483187261280068,0.006259412723174348,0.016900414352570736,0.01877823816952304,0.06475098000671348,0.04470099617774051,0.05070124305771221,0.24030463476080205,0.016355239696036195,0.04631023204013917,0.03727181653129912,0.04468847395848595,0.016168563116005112,0.01754175456065878,0.014486069445060631,0.02037820840839802,0.019500478099120075
275,0.004886179379315108,0.01398458236148807,0.028968063463082425,0.008276589560880693,0.13909235313315937,0.0034961455903720173,0.0202776444241577,0.11600530790399952,0.01573141324648453,0.2378036107320357,0.19316528938314778,0.022530716026841886,0.005480444438961541,0.014368699542884925,0.0028360341851968807,0.0036536296259743607,0.00238977160221645,0.02827544304750117,0.06995287935351875,0.06416367554495167,0.004661527453829356
276,0.10192095642400818,0.01509940095170492,0.0631429494344024,0.04783149014912186,0.01921741939307899,0.01647207376549628,0.06543073745738799,0.06505749484486406,0.08732741037964464,0.048729884889593164,0.037167756188812115,0.09179573315554836,0.017702745943378187,0.04340120003881324,0.0728345989452721,0.05784559237836251,0.07450220315124986,0.034225308823864486,0.01132455071377869,0.02174313737045508,0.007227355601162754
277,0.015339867158742967,0.02018403573518811,0.023968542435535884,0.033347537301615146,0.03131980985673626,0.01080272335122744,0.02255862817462201,0.3641868059481354,0.05899948907208833,0.012174497745034096,0.025566445264571615,0.02255862817462201,0.011984271217767942,0.036523493235102296,0.011279314087311003,0.006499943711331765,0.005649336136356683,0.21277992247012442,0.02474172122377898,0.023968542435535884,0.025566445264571615
278,0.0355700944546859,0.05745938334987721,0.06224766529570031,0.04979813223656025,0.02667757084101442,0.016599377412186745,0.02334287448588761,0.3548061846084435,0.06224766529570031,0.014382272428343449,0.02667757084101442,0.03127391956583861,0.01224544235325252,0.0355700944546859,0.01224544235325252,0.013273780836459494,0.006955855994247303,0.02754041333484534,0.04979813223656025,0.04393952844402374,0.037348599177420186
279,0.0353377226821479,0.12578245608555566,0.04562549713180509,0.04590184344813901,0.045126579835458945,0.30045598430096376,0.02429892760370866,0.03325116408928554,0.03509845098313474,0.009871439339006643,0.03948575735602657,0.03008438655697263,0.013734176471661422,0.03325116408928554,0.008423628235952338,0.05417496106905542,0.015794302942410632,0.008031520797117053,0.03008438655697263,0.045126579835458945,0.021059070589880845
280,0.014929264787054636,0.01894848512813538,0.021177718672621894,0.01241452473912318,0.1511588059689282,0.027772455586111338,0.04149457418754892,0.030001768119547682,0.042774042827633196,0.04950229903076012,0.06289442588854878,0.05143160249065316,0.007500442029886921,0.022501326089660764,0.1708867952128367,0.03905961555710311,0.07497310218642927,0.046105082430609914,0.038871815125312244,0.06531553344336405,0.010286320498130634
281,0.01482016453306445,0.039567553160245274,0.023288829980529852,0.06792575410987874,0.027170301643951494,0.010218066716942508,0.007079165749567198,0.03018922404883499,0.047947591136385,0.012966757936148854,0.08151090493185448,0.04290047627992342,0.007846211918270259,0.04290047627992342,0.38764929369177126,0.008423040385508774,0.015379416024878207,0.01314692015029911,0.023973795568192496,0.040755452465927246,0.05434060328790299
282,0.008985936133473716,0.011845097630488082,0.014890979878327873,0.017971872266947433,0.01579346350731744,0.00465343121197746,0.030657899749498556,0.24785544776475282,0.020847371829659022,0.28099535805471576,0.013029607393536887,0.028377435651446185,0.008985936133473716,0.05790936619349728,0.005373033976716242,0.0053182070994028125,0.028736972213334152,0.15409006340438333,0.01133009338568425,0.021716012322561474,0.010636414198805623
283,0.008027964100279667,0.015998836783264695,0.20496509094037288,0.11667904798049208,0.03764432184297576,0.04075956494327728,0.018898626040502745,0.0378919818551006,0.0241201453987178,0.033997528164437484,0.029627475524564257,0.09332654790237739,0.00372245664434145,0.052683779433031645,0.009349969548661187,0.06693390899120945,0.13380845309639566,0.014769468502193545,0.024613595051176457,0.014451890501560923,0.017729346755067005
284,0.00951386991325074,0.015272264860744606,0.02523243759601283,0.02149429869289982,0.02637936657764977,0.001742431729789893,0.02901730323541475,0.30444488026485417,0.0578117293798992,0.006594841644412445,0.02523243759601283,0.058034606470829496,0.013817763445435597,0.03868973764721967,0.27546064253902847,0.0064568332644759155,0.013817763445435597,0.00906790726106711,0.013496420109495233,0.03627162904426844,0.012150835281803642
285,0.005013644620587174,0.00862346874740994,0.006954410280169306,0.021558671868524847,0.005988519963479125,0.002661564428212944,0.010266034223107071,0.09446975914854117,0.021558671868524847,0.6369555214975241,0.10477981182270148,0.006211093708091083,0.0032664654346249767,0.015399051334660605,0.003170392921841889,0.002384284259366209,0.007940255416155477,0.011327404196228973,0.009373335595010803,0.00862346874740994,0.01347416991782803
286,0.13886601914432706,0.09921581097736838,0.009947742033186423,0.023312536644142116,0.009533252781803656,0.0019590002811864585,0.05250356343658374,0.09390224550367733,0.1889223748823985,0.01122035161574429,0.07104773072500455,0.037744343557977705,0.002525739700043221,0.04677123339263622,0.1040785961163417,0.05036587362182343,0.013232836764745858,0.018793019682462865,0.008220398596281518,0.009947742033186423,0.007889588509078888
287,0.04538329372299807,0.022228552027590887,0.03694186462663568,0.04939678228353529,0.009417490314947352,0.05541030360500916,0.041656122477425984,0.01569581719157892,0.05268467086904115,0.0758385892706042,0.22722519850426232,0.04372345729548737,0.0032474104534301216,0.04816186272644692,0.026344950551218823,0.050590270978235825,0.06377911658560906,0.02155495954190631,0.010460495071807477,0.08680523430944721,0.01345355759278193
288,0.011762184718061787,0.04557846578248944,0.014824248844071361,0.17134821259360927,0.026044837589993968,0.0066541475645710965,0.09115693156497885,0.09115693156497885,0.01829189070672573,0.04488306539924975,0.03646277262599155,0.03646277262599155,0.030385643854992955,0.04129996885468615,0.007596410963748239,0.012573369871031567,0.018231386312995774,0.022197425945579993,0.028048286635378106,0.060771287709985904,0.18426975827088804
289,0.02871402896723757,0.03509492429329037,0.03158543186396133,0.04512204551994476,0.06317086372792266,0.004102004138176797,0.14578627311383152,0.04512204551994476,0.3051291757566818,0.009870447457487915,0.03158543186396133,0.05587734174707086,0.017547462146645185,0.018579665802330197,0.0014260800847384662,0.009289832901165095,0.026321193219967776,0.01263417274558453,0.026321193219967776,0.07009647440274148,0.016623911507348068
290,0.06302078395595453,0.013509889711142349,0.014214626179415149,0.089042453242725,0.04264387853824545,0.013678225191512686,0.0781804439867833,0.16524502933570112,0.008443681069463969,0.10079462199948927,0.05248477358553287,0.02741392191744351,0.0058738650918010215,0.013509889711142349,0.01664151357590066,0.06705889393320723,0.07854168597938,0.05142679768038755,0.020394898431334782,0.06823020566119271,0.009649921222244538
291,0.025272131701933605,0.013200754419427068,0.2697104236732537,0.14955909596966685,0.015086576479345224,0.11842741017377026,0.048943059420209635,0.01980113162914061,0.013347728716254375,0.0040617705905929445,0.012672724242649987,0.04862317014295337,0.015068117830758985,0.050057316014201964,0.022960941456394643,0.05881533465368781,0.0158960363928886,0.00999951361461537,0.009318179590183813,0.01218531177177883,0.0669932715162923
292,0.07623786935357982,0.024652473202345964,0.06142120237256674,0.02303295088971252,0.016434982134897306,0.06774397320503683,0.024652473202345964,0.038099328144634834,0.024440791146730804,0.006700494804280007,0.01972197856187677,0.05264674489077147,0.006597412949536486,0.024652473202345964,0.009801255697750005,0.3348376891983468,0.13732564040931936,0.007995396714274365,0.010956654756598204,0.01972197856187677,0.012326236601172982
293,0.008705028309003915,0.012515826629988725,0.015378883345906915,0.020059413059878586,0.28393397414285465,0.004761960029074045,0.023068325018860372,0.03075776669181383,0.03844720836476729,0.04618307905290241,0.023068325018860372,0.0256314722431782,0.014417703136787733,0.028835406273575465,0.006865946761424984,0.008872432699561682,0.015909189668179568,0.008094149129424692,0.2170421369695421,0.15554643800869428,0.011905335445720162
294,0.009896017222584458,0.025000464562318622,0.04750088266840538,0.01759291950681681,0.22064150385753767,0.007197103434606877,0.0407329943179156,0.05558186740426797,0.021591310303820624,0.05603340644732465,0.027941695687297284,0.029688051667753363,0.013970847843648646,0.029688051667753363,0.00805099706244159,0.002814967445270767,0.015322865376904965,0.016419048486219178,0.025458121448697243,0.3144826767192013,0.014394206869213754
295,0.03748750197157032,0.133862254003745,0.03252120897533665,0.05536615675801154,0.04869711013097795,0.0012370825678065403,0.06757698239030475,0.13170450201056325,0.03709781899889287,0.05975573870692742,0.09204623561019418,0.016705305918365547,0.004636788145607317,0.05767307995626201,0.036157569740325184,0.05954745505484053,0.07389974313039675,0.03300668299545194,0.011873869402759826,0.005848026684176373,0.0032988868474841076
296,0.008816027752193286,0.014373856320977289,0.1489828434405518,0.009300730560632364,0.021081655937433358,0.041388547898189534,0.018601461121264727,0.014373856320977289,0.017568046614527797,0.006728188065138307,0.024324987620115417,0.005691344055125239,0.010540827968716679,0.015811241953075015,0.004864997524023083,0.010201081464977894,0.012162493810057705,0.00813559162550717,0.01129374425219644,0.5825824407334237,0.013176034960895849
297,0.09639462613918685,0.033605500946494726,0.021078244588693215,0.05500129129672836,0.008463607645783858,0.03185026529702516,0.010640738425411626,0.031365134216728416,0.044405000973193075,0.04401075975807605,0.10473714461657521,0.09002200859606464,0.03808623440602735,0.07945679968450567,0.07443675300197464,0.05245839833283013,0.05961323646160803,0.02842077723097037,0.006885183687031053,0.015869264335844735,0.07319903035924682
298,0.04846916400531095,0.04148800869590403,0.004025200106499001,0.021565168146228036,0.03769823867079741,0.015645893917076537,0.25949494197970546,0.019604698314752762,0.020917187335692908,0.025873635857907543,0.014376778764152028,0.10155210854760911,0.005259797108836106,0.1283535269029531,0.06855245186862266,0.08121923303210578,0.02792847288369606,0.03281766312859597,0.016588590881713876,0.011980648970126687,0.016588590881713876
299,0.06793436143454963,0.036314004112286524,0.012661120027986698,0.012661120027986698,0.014771306699317817,0.009329246336411252,0.0831701764306146,0.017725568039181377,0.03545113607836276,0.009587375403131046,0.0253222400559734,0.29303217702647183,0.04922390730730176,0.09463287000982246,0.006334194450975253,0.11005366552397039,0.06063141758033554,0.02038030843036489,0.016114152762892162,0.0025126922130872345,0.022156960048976725
300,0.012657662671696327,0.06672776930409073,0.04616324033206895,0.028027681630184716,0.03737024217357963,0.011890531600684425,0.019619377141129303,0.03269896190188217,0.028027681630184716,0.03614475333010586,0.03269896190188217,0.03567159480205328,0.36588860368664883,0.0674822693656308,0.008007909037195633,0.02016625709229256,0.06162499311512136,0.016015818074391265,0.028027681630184716,0.028027681630184716,0.017060327948808088
301,0.016098233937298503,0.046064331164377775,0.022487587453956886,0.022946517810160084,0.037479312423261475,0.008583048646548429,0.032202996797829266,0.028109484317446108,0.03038863169453633,0.012221514920628743,0.03212512493422412,0.03038863169453633,0.01729814419535145,0.03212512493422412,0.009216224366375774,0.010221630660889493,0.016295353227504986,0.015194315847268165,0.036270302345091744,0.5258040505128201,0.01847943811567015
302,0.023614282830194566,0.04702910777314061,0.027869100902601845,0.025947093943801725,0.028940989398855768,0.035203939204941144,0.034202987471375,0.03135273851542708,0.039274469870552414,0.010168455734733108,0.04834875297161352,0.057881978797711536,0.01672146054156111,0.034202987471375,0.3543270782884546,0.07986965498702135,0.01672146054156111,0.014470494699427884,0.01757882000232019,0.041803651353902765,0.014470494699427884
303,0.06697201390953948,0.03760300322753154,0.027229760957867666,0.03760300322753154,0.07178755161619657,0.017548068172848052,0.035893775808098285,0.014840037481261524,0.03433317685992011,0.013384119792850209,0.02392918387206553,0.02632210225927208,0.018059814622566256,0.022561801936518928,0.011964591936032762,0.011122015039129044,0.37137558756745304,0.02924678028808009,0.06074331290601248,0.035893775808098285,0.0315865227111265
304,0.020594812934817606,0.026843278193074638,0.061784438804452814,0.03707066328267168,0.03530539360254446,0.02482762136183721,0.049427551043562244,0.057031789665648744,0.039021750823864935,0.02819746632775467,0.03223535937623625,0.03707066328267168,0.024713775521781122,0.04633832910333961,0.03848195637382959,0.0154461097011132,0.019510875411932468,0.0154461097011132,0.3505384553723453,0.028515894832824372,0.011597705282584346
305,0.2646728232575107,0.03501426230194664,0.012519282086327613,0.02667753318243553,0.046685683069262185,0.20607903519231693,0.02074919247522764,0.025464918037779373,0.05092983607555875,0.015141302617058008,0.05092983607555875,0.022409127873245848,0.013497684018041706,0.037348546455409755,0.009495393166629599,0.007890537983537274,0.024870824562438717,0.0050419671695021385,0.025464918037779373,0.04309447667931895,0.05602281968311463
306,0.013265119362933259,0.056098338212609324,0.02129250851202234,0.02572629209780996,0.021768401005839193,0.009432973769196986,0.04026068506552833,0.05659784261518191,0.06530520301751758,0.021768401005839193,0.053060477451733035,0.023105361305832815,0.014894169109258396,0.07717887629342986,0.014637373090133252,0.011319568523036382,0.01974343347041229,0.018455818244081056,0.02294507133047915,0.40135286930562947,0.011791217211496232
307,0.023209271557661726,0.053559857440757835,0.04641854311532345,0.040957538042932465,0.03315610222523104,0.011604635778830863,0.32638003749829214,0.04641854311532345,0.049734153337846566,0.009946830667569314,0.04641854311532345,0.17089290954701403,0.010261110957899645,0.012928511080668436,0.003003673771110812,0.012894039754256516,0.020478769021466225,0.017406953668246298,0.023209271557661726,0.014340776026205027,0.026779928720378918
308,0.008285579668759806,0.027704907017415605,0.023330448014665772,0.011782980046442603,0.06819669419671533,0.4206124215218356,0.03283544535397405,0.0521504132092529,0.03409834709835766,0.015026390246733884,0.04432785122786497,0.026865364380524222,0.013432682190262106,0.029551900818576643,0.0061588392325003785,0.009850633606192214,0.015026390246733884,0.04934268466135625,0.055617235822502706,0.036939876023220804,0.018862915416112753
309,0.041658344635526944,0.04590795416537506,0.05988387041356997,0.04355190575532361,0.041658344635526944,0.029222712884914747,0.01680950748451087,0.014590114431204115,0.038325677064684774,0.016519688389950337,0.02456774170813127,0.006406929107964758,0.010414586158881732,0.029034603836882406,0.014919059101916593,0.45354333137225145,0.01093898162286696,0.025895727746408637,0.033039376779900674,0.02228237038644464,0.020829172317763465
310,0.01309622058237876,0.05964082726692388,0.013402875743928977,0.04936267757973532,0.1815200848486453,0.016091591676908535,0.01986620096764789,0.026738117022356636,0.04936267757973532,0.01565158069601364,0.04936267757973532,0.014337503312273661,0.007376032282029416,0.08021435106706992,0.011064048423044126,0.006826753282303822,0.011667541973391985,0.011667541973391985,0.026738117022356636,0.3042696645579349,0.03174291456219391
311,0.03315208616360796,0.01799402817456702,0.0951039822659466,0.2376267831741264,0.01625267060928634,0.04538943027799999,0.035988056349134045,0.05130757159048063,0.019824996343924043,0.014659306168708749,0.03358885259252511,0.021905773429907682,0.01119628419750837,0.03875636837599051,0.01119628419750837,0.0164184229089538,0.020153311555515058,0.015328359542372993,0.035988056349134045,0.01737354444440954,0.2107958312883927
312,0.2782785355112868,0.03469301852638878,0.02169736745969433,0.025642665867330834,0.03686133218428807,0.005173520306566748,0.09925685995387677,0.03686133218428807,0.0491484429123841,0.016850894712817407,0.05361648317714629,0.025642665867330834,0.006341734569339883,0.03104112183940048,0.010921876202752022,0.15375984221887898,0.013757128874995504,0.0037089756118824087,0.03104112183940048,0.020337286722365837,0.04536779345758532
313,0.10366007272406376,0.0239022012349176,0.02007784903733079,0.02868264148190113,0.006970706300278245,0.02151198111142585,0.06186677528262515,0.09266699555691135,0.10899403763122428,0.024765747975337576,0.022946113185520905,0.03389766720588316,0.08428592048189788,0.053540930766215446,0.12483506981517598,0.04734563566966461,0.030552038761936094,0.07929906762643256,0.01647621489156676,0.007249534552289374,0.006472798707401228
314,0.04970131009789063,0.06321658510385215,0.019466995071763343,0.011870118946197161,0.013153375048488748,0.011564009470216859,0.018024995436817914,0.011870118946197161,0.014785733842879433,0.0037436528984160283,0.02153929895824222,0.016781892303244266,0.11873765046787917,0.012478842994720095,0.004231955450383337,0.33911073400771047,0.23081310290851872,0.005530396327205497,0.015208589899815115,0.013153375048488748,0.005017266771073029
315,0.1809418799954058,0.06056791351425165,0.015591022769350942,0.13282437174177988,0.014420931789107534,0.01892747297320364,0.0040042326908496,0.010058724367323189,0.04508225296474271,0.006021474837640815,0.033648840841250915,0.008661679316306077,0.003903967340211948,0.14726801814276394,0.0203509756838131,0.2552018827847682,0.006026658061119567,0.008661679316306077,0.011136444835250673,0.010394015179567293,0.006305560854986308
316,0.010676746894598993,0.024186100108173226,0.019114821053233682,0.013668439703412251,0.02576345446305409,0.5635068631271464,0.020791559742113826,0.028993163280914086,0.03118733961317074,0.007226334788417611,0.024689977193760166,0.02370237810600976,0.010395779871056915,0.017175636308702728,0.005408116625558742,0.007848469571526413,0.01087265050734393,0.0819571249006749,0.015801585404006505,0.02116283759465157,0.03587062114247364
