site,A,C,D,E,F,G,H,I,K,L,M,N,P,Q,R,S,T,V,W,Y,*
225,0.283106667888873,0.26884020006895243,0.010988348824648901,0.007950387826918301,0.009372415173965238,0.02274265575695872,0.012746484636592725,0.10363454424426737,0.017703450884156563,0.005535962935782803,0.03982817778799294,0.020558846188052784,0.03381637736716382,0.009958191122338065,0.003064058806873251,0.005076368310127537,0.005327613268004958,0.11208905705344836,0.006638794081558712,0.015174386472134198,0.005847011301189324
226,0.00647342713504541,0.010934108018017877,0.020017828525294264,0.010726964487040054,0.012275083529661578,0.0027684230939236747,0.033363047542157104,0.017583227758704426,0.5859892587107293,0.009867681032622413,0.00939739056722655,0.021264453354685898,0.01314301872872856,0.016171581764488713,0.1375009044966584,0.005467054009008938,0.022913383325380277,0.027259737580316388,0.006166629640493493,0.024550167059323152,0.006166629640493493
227,0.05736846810142458,0.29444412039384965,0.0073557464696222775,0.005084118883415398,0.0061735729298615545,0.000623814668175289,0.011319061630793208,0.02490676354406504,0.011524002802408232,0.002057857643287184,0.0073557464696222775,0.1374767193682285,0.0064022237791156855,0.007682668534938822,0.00153254267491449,0.1485714804678792,0.1661032247176943,0.08958165735091697,0.00335650567060434,0.00691440168144494,0.004165302217737916
228,0.007923469435190284,0.013275286509836356,0.006666935047977339,0.01576440273043067,0.012934894548045679,0.003416213684246827,0.036614170018919576,0.016449833754568616,0.021415804936348776,0.0061519620411436765,0.017395203012889014,0.6630031200451921,0.056051209708197956,0.056051209708197956,0.00694212230330892,0.003484401243793458,0.01481689686801594,0.005443822525616347,0.01132206831102982,0.014143763197395744,0.010733210369654923
229,0.024484176829554685,0.11197430162222932,0.0010763293623115748,0.0009288121400658261,0.0007592364796388701,0.0003163115865034726,0.001452190409467998,0.0854734728161934,0.001452190409467998,0.20621049876474956,0.23464467257485797,0.0011881557895647254,0.02395010561171426,0.0013757593352854715,0.0002994697080081305,0.009805659181607652,0.23547925502062927,0.05659115473561695,0.0005667891272551322,0.0013553777155034647,0.0006160807797743021
230,0.011587882047474353,0.017604666956739887,0.018682503709193353,0.019900927864140744,0.019477503867031364,0.004843612072753831,0.03156698902587842,0.4132646993441634,0.03814344507293642,0.0055147149503040616,0.013177589553210021,0.04161103098865791,0.012893558897894,0.026924784757366888,0.006457482312952698,0.007323541454003792,0.01659140167151045,0.23783285305214122,0.014530836218261492,0.02860758380470232,0.013462392378683444
231,0.006644499044492675,0.017871528691576648,0.011233532320419608,0.004804870798530214,0.019658681560734317,0.0304341786591495,0.015122062739026394,0.012391806020267666,0.17385321661935613,0.004625572131937485,0.01310578770715621,0.11657663284028331,0.007280993170642337,0.02413748428383343,0.4573417709237537,0.011506749647363618,0.04232710015050417,0.005537656777671637,0.007561031369513197,0.012286675975458945,0.005698168568328785
232,0.022715579337927852,0.11440374059402765,0.011961444397894035,0.009260473082240542,0.009260473082240542,0.1778042639891571,0.012834001058298761,0.030604952881692675,0.011961444397894035,0.02427300200156505,0.07753875639388835,0.068982427674328,0.0034587309102344192,0.008202133301413051,0.002708257570390707,0.1336587434916366,0.1934569762236628,0.06375408859053042,0.0036804444301212413,0.014353733277472842,0.005126333313383157
233,0.03519258332105576,0.05464228680393208,0.04707972385862344,0.005725912361183932,0.05296468934095138,0.0013118189310452352,0.028247834315174063,0.28101747499165064,0.022300921827768994,0.008527707587419353,0.007015912322814227,0.026482344670475683,0.011490365700467766,0.012462279844929735,0.0033363583836819757,0.0068341534633485634,0.13625089696564885,0.20083699293325896,0.007433640609256334,0.0423717514727611,0.00847435029455222
234,0.11702689463052304,0.19559067137606664,0.00554298082654183,0.008314471239812745,0.019114939883527228,0.017675664971910397,0.0104834637371552,0.012365111074593314,0.015556107480939973,0.0038579146552731145,0.01722283328246926,0.014952379380307926,0.0014497748550751052,0.026791073994952178,0.004086773999229993,0.23016407499232963,0.25087778119965626,0.03264437794067226,0.00541841945965325,0.005622559150732884,0.0052417318685776
235,0.014021704990143673,0.043335436636712896,0.01335792195721563,0.01451948038827786,0.03035891353912643,0.017318982564716114,0.022263203262026052,0.1809188923762085,0.01669740244651954,0.06483431559154972,0.033017475532733646,0.02410143332869668,0.004227190492789756,0.03710533877004342,0.00397557201107608,0.08062180440114125,0.1586375272893062,0.20429562985878935,0.011131601631013026,0.01669740244651954,0.008562770485394637
236,0.02456159167960462,0.10091534913341195,0.00790175133559636,0.005862589700603752,0.008260921850850738,0.001817402807187163,0.0072696112287486524,0.03304074524835769,0.007646725011127084,0.44402753618701235,0.10210258853498146,0.009087014035935816,0.003708985320790128,0.03279748846835887,0.0020652304627126845,0.029342921083885698,0.08604125346033502,0.07794840760649749,0.005048341131075452,0.006990010796873703,0.0035635349160532607
237,0.21848945940280173,0.016468754429082032,0.017519998318899572,0.007963635599499804,0.026279997478349363,0.1274756532353249,0.018771426770249542,0.01701838512261011,0.014205404042351003,0.005053845668913337,0.010130242139626242,0.024283922702708755,0.01142608586015189,0.012223254641092723,0.00169738516072123,0.25041647495486774,0.1800457177996841,0.004531034047991269,0.005005713805399877,0.02389090679849942,0.007102702021175501
238,0.16568678030891898,0.02039221911494387,0.0163728906182496,0.00327457812364992,0.022922046865549436,0.1167380659478671,0.014528763206726074,0.10196109557471936,0.03551438568845982,0.010340956801047319,0.02379092230076785,0.0305883286724158,0.009885400878439319,0.1090022339286346,0.01459058109030777,0.11195728141537815,0.08115270872273583,0.03641467699097121,0.0050937881923443186,0.06797406371647956,0.0018182318413940942
239,0.021828555304856483,0.056915936794885054,0.010898719540161417,0.019375501404731404,0.16119494242065394,0.0044712695549380165,0.04207632572423027,0.17042099544183045,0.02906325210709711,0.08273774413415781,0.028745422623679316,0.047761625282421026,0.0006170748777696132,0.017910609480907884,0.0018465263846132473,0.0167811115857155,0.016339503386091404,0.228272473776277,0.014552370203237654,0.021731539503501564,0.006458500468243802
240,0.01701885056300517,0.018206212230191577,0.020073516048672763,0.043492618105457646,0.011959072190363651,0.008698523621091529,0.013268934337258264,0.028403826986096187,0.15657342517964754,0.3730235604383271,0.06523892715818647,0.027959540210651352,0.0026102765739138213,0.030110274073009143,0.00440093386161504,0.0088962173397527,0.026995418134421995,0.00931984673688378,0.07116973871802161,0.026995418134421995,0.03558486935901081
241,0.02770123895636883,0.10763909994474748,0.043258935574377724,0.010441812035194618,0.043258935574377724,0.0024032741985765393,0.06727443746546716,0.08562201131968548,0.0302812549020644,0.14371950726443541,0.0574483041770259,0.07688507138910537,0.0015758572333961069,0.02637375962330075,0.001620330960285621,0.011646636500793997,0.08279930764980574,0.062317373652222216,0.026909774986186862,0.0807293249585606,0.010093751634021465
242,0.0661025056343434,0.01993567630242103,0.011227123733589663,0.008413505481739757,0.0636433546688766,0.06370203935228605,0.04490849493435867,0.04490849493435867,0.033681371200769,0.11961405781452619,0.19776688653970667,0.014969498311452886,0.022454247467179327,0.1196140578145262,0.015287871506728265,0.011961405781452617,0.016840685600384497,0.021748010511732033,0.02174801051173203,0.0717684346887157,0.009704267209120697
243,0.028531056336017897,0.003916797542073894,0.03804140844802386,0.10792522442976002,0.05706211267203579,0.0027172434605731333,0.00267148322157183,0.07608281689604772,0.10792522442976002,0.008151730381719399,0.10792522442976002,0.07608281689604772,0.011269258494492796,0.028531056336017897,0.10817358228332695,0.014579560556039692,0.028531056336017897,0.017557573129857167,0.020749859153467557,0.045649690137628644,0.10792522442976002
244,0.09890432924054257,0.17484872490738776,0.03745223894287327,0.014564759588895157,0.1239305694965928,0.00397220716060777,0.0655414181500282,0.05251917810547952,0.007944414321215539,0.06204879887238648,0.12441552887103936,0.08738855753337094,0.011398507504352732,0.03681025787523954,0.003919673075305178,0.011916621481823313,0.002236339280696794,0.023497624071126884,0.006096876106979367,0.043694278766685475,0.0068990966473713895
245,0.026964936942798886,0.15162934885195103,0.15215077831106463,0.11061438378073359,0.03565724220572737,0.02324343333637468,0.08022879496288657,0.04584502569307804,0.02917410725923148,0.018590732923296126,0.024685783065503564,0.005639590151867523,0.018877363520679192,0.03565724220572737,0.00501429968518041,0.07601544128636638,0.03800772064318319,0.03274044686790843,0.016890272623765593,0.05454443457981212,0.017828621102863682
246,0.049173973539049294,0.07530245977635724,0.009280212150487695,0.0023161209088429268,0.03625695145319377,0.07110528604592047,0.015054785907479025,0.038774795304109995,0.016727539897198915,0.027080809418743492,0.28804133654481723,0.06647107766418858,0.03738998118610607,0.10877085435958131,0.01548840644602452,0.033708620006227465,0.02556579910161098,0.026441460989896828,0.019152683394766203,0.02848760471322367,0.009409241192174388
247,0.11031001447546993,0.049331186597725674,0.00572715853034538,0.09188516046757138,0.028776525515339973,0.06299725856060914,0.05187353932593781,0.028776525515339973,0.03245389833862382,0.03890591903928871,0.021635932225749218,0.06714522620245994,0.09204117099985248,0.04868084750793573,0.05950909117203304,0.0450876653046548,0.03706852824956398,0.030215351791106976,0.021635932225749218,0.03699838994829425,0.038944678006348585
248,0.017939069864650624,0.07632348039584809,0.07632348039584809,0.03229032575637111,0.0403629071954639,0.04741391452004676,0.07632348039584809,0.07632348039584809,0.01815853325820374,0.059822775359128576,0.013454302398487964,0.07632348039584809,0.023064518397407946,0.043072398258572564,0.07643224017559991,0.06595287458147404,0.0094971546342268,0.020510665837415516,0.03372453019239823,0.07632348039584809,0.0403629071954639
249,0.042250829229775966,0.09985602845088762,0.09985602845088762,0.023472682905431093,0.052813536537219964,0.0006519697178429889,0.07041804871629329,0.09985602845088762,0.0422913362818096,0.008450165845955194,0.010686226520178697,0.02640676826860998,0.09985602845088762,0.03520902435814664,0.10017884704089283,0.0076393999685144464,0.02640676826860998,0.019204922377170894,0.018389012774580854,0.09985602845088762,0.016250318934529218
250,0.11286321054625215,0.03514771262686053,0.03514771262686053,0.0161499728078563,0.02845291022174425,0.16730311210385612,0.02655604954029463,0.022609961930998814,0.027159596120755868,0.013729787285038495,0.014753360855719239,0.06128319124683375,0.1064290429454261,0.08389400587691381,0.03799961036193474,0.09894096072035719,0.05427268431904271,0.024223423567160635,0.014131226206874263,0.013299977606469893,0.005652490482749704
251,0.03185450067438488,0.10777472629588956,0.010475262834405199,0.03076490669574858,0.0796763155116041,0.016143567195161607,0.019902999385369876,0.06438490142351846,0.011707646697276398,0.046106679392955034,0.08544418681673495,0.022132309864334475,0.04426461972866894,0.06639692959300339,0.0056749512472652475,0.06277527888793047,0.1327938591860068,0.09441826167254865,0.01593526310232082,0.04426461972866895,0.007108214066203528
252,0.026102705046308277,0.034803606728411034,0.048189609316261435,0.004120685560496898,0.044747494365099894,0.010801119329506873,0.05695135646467261,0.048189609316261435,0.2968173800091289,0.027237605265712984,0.06264649211113986,0.03944702121702598,0.05220541009261656,0.03132324605556993,0.04902297193972174,0.017898997746039962,0.03151046262671224,0.01566162302778497,0.025058596844455945,0.05220541009261656,0.025058596844455945
253,0.08150637036906051,0.023705621197241136,0.027775797968752403,0.013284077289403326,0.07358213991651295,0.04198813019012208,0.059191461604183156,0.08732825396685052,0.012730574069011518,0.06509189300306915,0.10188296296132561,0.025461148138023037,0.00985592831149279,0.023502598281252035,0.006500718673537797,0.026621774094904932,0.019406278659300117,0.10388066811743005,0.047728955621521914,0.14490086386492126,0.0040737837020836856
254,0.007961745782895989,0.0356382906472487,0.02201188539977126,0.3561275057524669,0.07484041035922226,0.0019328324192104424,0.06803673669020206,0.05345743597087305,0.0259753697793217,0.029358182366307696,0.03938968966274856,0.09355051294902782,0.018253758624200554,0.026728717985436527,0.008804754159908503,0.024646375319863252,0.02993616414368891,0.007887498772477755,0.023387628237256958,0.03938968966274856,0.012684815315122422
255,0.061332217622701135,0.03175921179122188,0.13617239123124006,0.1530285424923063,0.012862614448412227,0.0010049317744628484,0.011909828192974283,0.05044110108017591,0.03059923223215644,0.04274136913958833,0.06465268114641595,0.06929282572630228,0.05777473634360573,0.10563390008819448,0.002454697413819127,0.03887327523245558,0.050146123880876636,0.06250109009101618,0.0052715632985296,0.008039134030257642,0.00350853274328754
256,0.0158602892961458,0.0410501605312009,0.3313690087886481,0.015170711500661202,0.05815439408586794,0.0029068004588314127,0.0634411571845832,0.09969324700434502,0.030341423001322403,0.015507838422898119,0.0410501605312009,0.01777118512524324,0.0634411571845832,0.04984662350217252,0.019938649400869004,0.021807897782200474,0.021147052394861067,0.019938649400869004,0.022511378355819848,0.03509516146706857,0.013957054580608304
257,0.1064342615677012,0.08064780466070307,0.010064056872355526,0.04342219413082525,0.012182805687588267,0.0011749914114932848,0.03306761543773958,0.2137059863555501,0.005935213027286591,0.05447407495337551,0.02575305066572848,0.012859628225787616,0.08788988482060815,0.014699353558847357,0.00212360833086401,0.010768131095434697,0.14176709876755003,0.10987058859272968,0.009146264436616132,0.01928944233868142,0.004723945062534226
258,0.041538388172958296,0.05283101834398512,0.057914525753373844,0.07103007553515439,0.025276909638717017,0.03248496193499252,0.018361026244527897,0.03507909547071901,0.027327886955893617,0.09570118843769804,0.06283117538766801,0.1308320231145829,0.004261804532109264,0.10471862564611335,0.013574636657829509,0.11640648948380102,0.03329848221179634,0.03628863264964324,0.015935443033104204,0.020261970388753693,0.00404564040657883
259,0.011424603852795825,0.02142113222399217,0.017136905779193738,0.020161065622580868,0.00935529121849905,0.006528345058740471,0.016365764560198816,0.01347114814607728,0.04284226444798434,0.32621000198214317,0.22868405279553325,0.05717101319888329,0.0035715689411639504,0.027419049246709987,0.0067051621501042396,0.007701980125480331,0.01594130770157557,0.040208185106906935,0.026364470429528827,0.08537537971033242,0.01594130770157557
260,0.009716721265657027,0.03932444926721851,0.05932963178711748,0.04580740025238311,0.049331046425643364,0.3044739161930348,0.049331046425643364,0.04008147522083522,0.03562797797407576,0.020040737610417615,0.05830032759394216,0.04008147522083522,0.02137678678444546,0.04580740025238311,0.007544748276863103,0.004542846952902475,0.02137678678444546,0.0536446529514338,0.022113917363219437,0.04008147522083522,0.032065180176668186
261,0.08415838995156667,0.07119334798425182,0.00498009925417436,0.033317252884300805,0.00996019850834872,0.07300127789188209,0.028618665939078896,0.08811536618084814,0.008858158504952992,0.02799232429944541,0.07631644250421038,0.062007109534670916,0.0007349046511603405,0.062007109534670916,0.0034132353872295936,0.06610388650447042,0.15899615569707615,0.1176311342643022,0.015104295912291638,0.006062729526820961,0.0014279150842465534
262,0.004232697160815056,0.03518609099064888,0.016205364886270144,0.008145158275319924,0.10765805006517476,0.10788457372235329,0.10765805006517476,0.045612886341791566,0.0325806331012797,0.0325806331012797,0.05701610792723947,0.045612886341791566,0.038010738618159644,0.045612886341791566,0.004654376157325671,0.004152574848576183,0.05701610792723947,0.0063560300337993985,0.028508053963619735,0.10765805006517476,0.10765805006517476
263,0.01969571349224268,0.16314194322958464,0.10698926836130995,0.018880459122584105,0.0583577827425327,0.008674805542808913,0.040120975635491225,0.008866860045407527,0.03209678050839298,0.01283871220335719,0.023791533387647754,0.042795707344523974,0.012344915580151146,0.02791024392034172,0.006902533442665156,0.0216822480562587,0.30501299317591274,0.013955121960170857,0.018880459122584105,0.042795707344523974,0.014265235781507988
264,0.027553516465316195,0.040519877154876746,0.04305236947705655,0.04920270797377891,0.04920270797377891,0.01680092467397329,0.04305236947705655,0.045922527442193654,0.036254626928047616,0.012134461516365127,0.03826877286849471,0.06262162833026406,0.01919648786399458,0.06680231255966829,0.32663825065103425,0.012300676993444727,0.015307509147397886,0.014974737209410975,0.02551251524566314,0.04920270797377891,0.005478312074404809
265,0.36089233715824287,0.01851336709611867,0.024824779429006037,0.016867734465352564,0.02811289077558761,0.0065435176805247,0.039949897417940285,0.030361922037634614,0.03300208917134197,0.009256683548059334,0.03162700212253605,0.0345021841336757,0.018072572641449177,0.027108858962173767,0.007441647558243779,0.15237492492228355,0.06591366906251153,0.0077760423950801695,0.023001456089117134,0.04216933616338141,0.021687087169739012
266,0.0013615297802070968,0.08473074546452584,0.10479344706958624,0.011329021304820136,0.13972459609278168,0.0023952787901619717,0.083834757655669,0.059881969754049275,0.02619836176739656,0.0102522587860654,0.004895064433157979,0.083834757655669,0.0127022360084347,0.03810670802530409,0.008554567107721326,0.01822494731644978,0.024657281663432055,0.1992587121179501,0.02095868941391725,0.03810670802530409,0.02619836176739656
267,0.06368641799146453,0.30317154194078305,0.03989099236062933,0.004639339025941712,0.011211735979359132,0.0027198403882247274,0.04484694391743653,0.04484694391743653,0.011211735979359132,0.0032814837012758447,0.009610059410879257,0.026908166350461924,0.004639339025941712,0.008969388783487308,0.0023603654693387655,0.34750026633955744,0.029809452044592382,0.00709675292017905,0.012230984704755421,0.01345408317523096,0.00791416657366527
268,0.008348079000930078,0.015240040430604646,0.005918977759956277,0.007234306151057672,0.06201430114976634,0.000665452065133944,0.007512548695329121,0.049734901623249825,0.008492446351241616,0.02293359061387585,0.04907218612720639,0.4265110905474739,0.003906525321571143,0.01085145922658651,0.0017831348251469412,0.0926712398059151,0.13027158168970432,0.0420945559319626,0.007087348702830435,0.04341001080483642,0.004246223175620808
269,0.02710828843079553,0.021780087883093876,0.05500232435233875,0.02799225435788669,0.07001408775576212,0.06746247914602785,0.12375522979276223,0.02855889918294513,0.012739508949254932,0.009944616679775536,0.014348432439740546,0.055811182063402576,0.001326794081489023,0.01500063391427421,0.012821275234319864,0.051974130445490256,0.14790259170354508,0.0128022651509754,0.14189592403249973,0.10070078771051581,0.0010582066931050069
270,0.09687654463160195,0.03159244318410663,0.006837979287909468,0.011353017858180946,0.00928883279305714,0.011377542440873386,0.020184060923179238,0.01857766558611428,0.2595093547265902,0.01032139479026211,0.00851476339363571,0.01702952678727142,0.21606119760948686,0.01857766558611428,0.059755443522570124,0.029949480118160364,0.017638892752281164,0.018769840911590632,0.05108858036181426,0.01857766558611428,0.06811810714908569
271,0.008467754391039183,0.13797667321591658,0.09548243186498907,0.1962954570602531,0.13797667321591658,0.001574740244949846,0.05913285994967853,0.05174125245596872,0.01942319099091697,0.011187297828317564,0.02956642997483927,0.06898833660795829,0.013797667321591666,0.034494168303979146,0.010613590247378202,0.010348250491193749,0.019710953316559515,0.023248388244767666,0.027595334643183318,0.027595334643183318,0.014783214987419638
272,0.01665439831588629,0.08002998867616093,0.01002342969772127,0.04597132464283081,0.027551307577039007,0.0002861709686342162,0.026764127360552174,0.15271296199844478,0.12819792097071214,0.03617679292790532,0.03811609469304644,0.0854652806471414,0.0010753090942619036,0.07661887440471801,0.06630053090973571,0.03537274227851142,0.03720921666866026,0.08833294924554459,0.010345797130969748,0.035780918931219485,0.0010138628603040805
273,0.05718738747987435,0.051429251521857816,0.03857193864139336,0.04747315525094568,0.04408221559016385,0.01082721084670691,0.045191008238941975,0.04747315525094568,0.07714387728278672,0.0051113836066080795,0.03085755091311469,0.051429251521857816,0.2928941905740784,0.03630300107425258,0.009075750268563144,0.006903486784854108,0.038106269784406496,0.01582438508364856,0.03085755091311469,0.03857193864139336,0.024686040730491753
274,0.015622686608052164,0.04393823525605642,0.33031010200657446,0.01993239325854931,0.01993239325854931,0.007136288944418891,0.019267980149931002,0.028478485814110645,0.032328594589029015,0.007811343304026084,0.05780394044979301,0.27403037016014936,0.01864643240315903,0.0231215761799172,0.010829846718042078,0.011161141698514149,0.008909344411660395,0.008758172795423184,0.016515411557083717,0.023232975648578954,0.022232284788381924
275,0.007075306095700385,0.020250013998039034,0.04194645756736656,0.011984702162104732,0.09101360970380656,0.0050625034995097585,0.029362520297156598,0.02281334133876983,0.0301045016712591,0.1738897727903228,0.2800541899716263,0.032625022552396216,0.00793581629652881,0.015871632593057624,0.004106646195406517,0.005290544197685874,0.0034604471657493172,0.001899395065477437,0.09154585303540777,0.11695771913661579,0.006750004666013011
276,0.08151788446184247,0.04253107015400477,0.08506214030800956,0.011657690816862463,0.04253107015400478,0.03350932800012498,0.07324795415411935,0.05670809353867303,0.0909213312958462,0.04349768538477762,0.07524727796477766,0.053564285354042444,0.0249320066420028,0.03506851581945384,0.015223198140847204,0.05870485739566857,0.10448857682695739,0.0382779631386043,0.013290959423126494,0.013609942449281523,0.0064081685769725874
277,0.019145498162680758,0.02519144495089573,0.029914840879188675,0.041620648179740774,0.029914840879188675,0.013482745184986445,0.02815514435688346,0.45470761943243787,0.07363653139492597,0.015194839811651388,0.03190916360446793,0.02815514435688346,0.014957420439594337,0.045584519434954174,0.01407757217844173,0.008112499221474896,0.007050866444911643,0.026484820856776205,0.03087983574625928,0.029914840879188675,0.03190916360446793
278,0.035764508361375964,0.05777343658376117,0.06258788963240793,0.05007031170592634,0.02682338127103197,0.016690103901975444,0.02347045861215297,0.3568076832453,0.06258788963240793,0.0357713560358686,0.02682338127103197,0.03144485205768373,0.012312371730965492,0.035764508361375964,0.012312371730965492,0.009753956825829807,0.0069938743115710855,0.004444932443650311,0.05007031170592634,0.044179686799346765,0.03755273377944476
279,0.0514522106114688,0.03621705479078035,0.04802390973501064,0.027563557839835797,0.05315829011968333,0.354022679241186,0.028623694679829486,0.039169266403977186,0.0413453367597537,0.011628375963680727,0.04651350385472291,0.03543886007978888,0.016178610036425366,0.039169266403977186,0.026500557531325023,0.003524086758870826,0.018605401541889166,0.009460985392470228,0.03543886007978888,0.05315829011968333,0.02480720205585222
280,0.009647948255164076,0.025592452213698394,0.016089518795959587,0.01676746869173343,0.05209892057788601,0.006172829356321008,0.0214524967085413,0.07091241967545597,0.09889043751310218,0.049052200076255256,0.02356222486170245,0.03907454564733042,0.005698371240235686,0.017095113720707062,0.12977172312493904,0.05739073089074282,0.10188536271650175,0.07150832236180434,0.03094360131292625,0.14857840312952683,0.007814909129466086
281,0.014016272316193741,0.06555715533379518,0.022025570782590168,0.064241248115888,0.025696499246355198,0.009663806722939781,0.0066951695911360186,0.02855166582928355,0.04534676337592094,0.011943950391326568,0.07708949773906558,0.040573419862666105,0.009977459788985774,0.040573419862666105,0.36658529117959676,0.031872702600819404,0.014545188252653884,0.012433789957913803,0.02267338168796047,0.0385447488695328,0.051392998492710396
282,0.013859880753313604,0.018269842811186116,0.022967802391205404,0.027719761506627208,0.024359790414914817,0.007177438247251687,0.04728665198189347,0.38274443177353035,0.03215492334768756,0.18108132831840337,0.020096827092304724,0.022329807880338583,0.013859880753313604,0.08931923152135433,0.00828735137826999,0.010932125030902615,0.004167274922559988,0.0060098630984640735,0.01747550181939541,0.03349471182050787,0.01640557313657529
283,0.10591404860692352,0.02899536763758606,0.19070822554177316,0.20731603195620849,0.025630220953688637,0.001166485270786587,0.044608257903978564,0.022932302958563515,0.007883915365264966,0.005446421952658835,0.016137546526396547,0.07517317535670462,0.0066017235789804065,0.0966512254586202,0.005658620210554633,0.06706411562434869,0.02811672013341679,0.004080908160496397,0.018586774126657733,0.025630220953688637,0.015697691722702762
284,0.012412505135218702,0.01992533719074581,0.03292012231514525,0.02804306715734596,0.034416491511288214,0.0022733065504355974,0.03785814066241704,0.03186467465166216,0.135957085587293,0.008604122877822055,0.03292012231514525,0.07571628132483407,0.0180276860297224,0.050477520883222715,0.35951711356603094,0.008424066839607837,0.0180276860297224,0.011830668957005326,0.017608437517403274,0.047322675828021306,0.01585288706991062
285,0.005912663361381305,0.010169780981575848,0.008201436275464394,0.02542445245393962,0.007062347903872116,0.003138821290609829,0.012106882120923628,0.11152756982624094,0.02542445245393962,0.6505791146642863,0.06356113113484904,0.007324832328789024,0.0038521897657484263,0.01816032318138544,0.003738890066755826,0.002811820791123747,0.002124377219190772,0.0017647406520536,0.011054109762582441,0.010169780981575848,0.01589028278371226
286,0.08943506888794625,0.0443957294875428,0.016754070143728823,0.012041987915805092,0.016055983887740124,0.0032993646209449647,0.013999044118108718,0.049181969142962266,0.21692761389842283,0.0052366032852437724,0.15984139971462738,0.019267180665288146,0.004253871879483196,0.10472367567510067,0.175576649362396,0.013249608325210667,0.009398624714774704,0.004642694136214011,0.011677079191083727,0.016754070143728823,0.013287710803646997
287,0.07182679464622191,0.017076929621480254,0.030461946786193687,0.04420110439767501,0.017680441759070003,0.061497188727200024,0.03521532280505893,0.03856206701030571,0.013720180820437376,0.09186896208144223,0.13751454701498894,0.06347702374098897,0.0047108771369600705,0.08840220879535,0.020954597640379265,0.057288189063932626,0.06386970979116238,0.03750396736772425,0.008036202174814239,0.07661524762263669,0.019516490995977433
288,0.013462484752119806,0.05216712841446427,0.016967190093391635,0.1961947578164499,0.029809787665408156,0.002209206657112364,0.10433425682892854,0.10433425682892854,0.006783622425036206,0.01987319177693877,0.05483981131830888,0.04173370273157141,0.03477808560964284,0.15222583211992716,0.00869452140241071,0.014390931976403934,0.020866851365785706,0.008540512918063611,0.032102848255054925,0.06955617121928567,0.016134847824766776
289,0.0346488880472177,0.0423486409465994,0.038113776851939465,0.054448252645627804,0.07622755370387893,0.004949841149602528,0.17587215249890462,0.054448252645627804,0.054448252645627804,0.015174213471446058,0.038113776851939465,0.13868062371758288,0.0211743204732997,0.022419868736434978,0.032013091446250926,0.011209934368217489,0.03176148070994956,0.015245510740775783,0.03176148070994956,0.08688020508547505,0.020059882553652347
290,0.07380687115774004,0.015812432730751926,0.008784684850417737,0.08945656602748263,0.021465930411007007,0.019408331283493216,0.09158796975362986,0.08586372164402799,0.03434548865761121,0.09783260405501375,0.11096234797074386,0.034345488657611216,0.00895969269328988,0.015812432730751926,0.06869097731522239,0.06667914648612475,0.0348322264927832,0.024941411688363592,0.05077159192864264,0.0343454886576112,0.011294594807679952
291,0.037296189885440506,0.009205013318219348,0.3860847427317414,0.1043168837133713,0.010520015220822115,0.02290883481570028,0.061509263196326214,0.013807519977329026,0.03644610540357733,0.0028323117902213386,0.008836812785490575,0.13749129420355272,0.008115805560626375,0.03967727162972894,0.009618732516297926,0.07341682568689704,0.014983025650387153,0.003760501773096337,0.00649765645991954,0.008496935370664014,0.004178258310590402
292,0.05111332124054533,0.031285112884299866,0.08064052627988626,0.02419215788396587,0.020856741922866576,0.09724298757280395,0.04032026313994312,0.042002272554356054,0.01975901866376834,0.008797148321442134,0.025028090307439892,0.0921606014627271,0.008372417938616778,0.06720043856657185,0.010294535269772712,0.14163781300767656,0.17437488852087268,0.010146523097610766,0.013904494615244385,0.025028090307439892,0.015642556442149933
293,0.012443942952900015,0.017891525112086405,0.021984299216790026,0.028675172891465255,0.23991733566955015,0.006238138009863563,0.03297644882518504,0.04396859843358006,0.05496074804197507,0.012588951066764071,0.03297644882518504,0.03664049869465005,0.020610280515740653,0.041220561031481306,0.002982214299574991,0.012683249548148093,0.022742378500127614,0.011570683798310541,0.31044056436628453,0.03297644882518504,0.003511511375152377
294,0.012155844928871272,0.030709502978201103,0.058348055658582094,0.021610390984660038,0.2712432777663808,0.008840614493724561,0.03889870377238806,0.041677182613272926,0.026521843481173674,0.0020366668562844946,0.03432238568151888,0.03646753478661381,0.017161192840759443,0.03646753478661381,0.00988950095908171,0.0034577857914838872,0.018821953438252288,0.009285723223988396,0.024311689857742538,0.280091386112957,0.017681228987449123
295,0.020166261781233766,0.11574652191334173,0.009906233857448168,0.1052891141420205,0.06176690312545995,0.0013300966363473349,0.06904723734888144,0.06903391024725031,0.022489828216909355,0.06428047312653325,0.0950998450315024,0.051239140641973276,0.0005754078192961892,0.09623198604378218,0.042567297519142816,0.0297187015723445,0.052385507856336055,0.043490782788796825,0.024474224824283703,0.021613601143523273,0.0035469243635928927
296,0.021387554242965543,0.03487076497337629,0.3616689067921734,0.022563436159243482,0.05114378862761856,0.003967087556169561,0.04512687231848696,0.03487076497337629,0.0426198238563488,0.01632248573221869,0.05901206380109834,0.013807117345347238,0.02557189431380928,0.03835784147071391,0.011802412760219667,0.01917892073535696,0.02950603190054916,0.019736826162538145,0.027398458193367083,0.08912208019276108,0.0319648678922616
297,0.10057759549268991,0.05750564282986055,0.03772085817253855,0.0803774516617284,0.009491666993525407,0.03141168171814076,0.020509005484775435,0.022117554934561752,0.039249173854060224,0.03342208301222664,0.11279953016626491,0.061527016454326316,0.07519968677750993,0.1041226432303984,0.04546957805151765,0.022701792234719985,0.08173878997555431,0.0368423784039872,0.010050000346085726,0.009399960847188743,0.0077659093583389675
298,0.0570581389943565,0.04524872024824787,0.0027000052913863848,0.03971045670256127,0.03054650515581637,0.030473627922289373,0.17567846244158228,0.03610041518414661,0.030838805681371893,0.00863270797881767,0.034906155620076935,0.18722837312759869,0.00968547724452714,0.06618409450426879,0.025452405139639426,0.08248758178468815,0.04150417411268544,0.012409517719550399,0.03054650515581637,0.022061364834756264,0.03054650515581637
299,0.11534798970420347,0.03352600077505666,0.026341857751830233,0.026341857751830233,0.030732167377135276,0.019409789922401225,0.1732079621693975,0.036878600852562324,0.07375720170512465,0.008603718070033673,0.05268371550366047,0.07065064369382461,0.037071257995867725,0.14651794175336713,0.0015153959295584661,0.013170928875915118,0.023049125532851454,0.026341857751830233,0.03352600077505666,0.005227735042789925,0.04609825106570291
300,0.015030044686704169,0.03584087579137147,0.05481545709268578,0.03328081323484494,0.04437441764645992,0.03049698213759356,0.023296569264391456,0.03882761544065243,0.03328081323484494,0.005620236956470043,0.03882761544065243,0.042357398662529924,0.4346342950033555,0.022815612484720853,0.009508803781384268,0.01850899774714816,0.01264633104486971,0.019017607562768536,0.03328081323484494,0.03328081323484494,0.020257886316862136
301,0.01710694025825783,0.008763193020788256,0.02389664708722362,0.024384333762473082,0.03982774514537269,0.009120857666879244,0.011549976812820915,0.029870808859029527,0.032292766334085975,0.012987308199578055,0.03413806726746231,0.032292766334085975,0.018382036220941252,0.03413806726746231,0.009793707822632633,0.010862112312374375,0.01731641093277074,0.016146383167042987,0.03854297917294132,0.5589495429991809,0.01963734935659608
302,0.02605740360267897,0.051894713514300486,0.030752422823289174,0.028631566076855446,0.03193520831649261,0.00270366233385217,0.03774160982858218,0.034596475676200326,0.06886520098405918,0.011220478597686595,0.02216572809707091,0.06387041663298522,0.018451453693973503,0.03774160982858218,0.3911237293902284,0.028015794747668285,0.018451453693973503,0.015967604158246305,0.017717229610094462,0.04612863423493377,0.015967604158246305
303,0.002551042151900401,0.04019194637747396,0.02910451289403287,0.04019194637747396,0.07673007944790483,0.018756241642821185,0.038365039723952415,0.015861764739308594,0.03669699451856319,0.014305608032660224,0.025576693149301614,0.028134362464231774,0.019303221514122462,0.02411516782648438,0.012788346574650805,0.011887758787703564,0.397127144517813,0.031260402738035306,0.06492545184053486,0.038365039723952415,0.03376123495707813
304,0.022213709180247433,0.028953347481848288,0.0666411275407423,0.03998467652444538,0.0380806443089956,0.006777063817702607,0.05331290203259383,0.061514886960685196,0.04208913318362671,0.018280082092224106,0.03476928393430034,0.03998467652444538,0.026656451016296916,0.04998084565555673,0.004168390585796359,0.01666028188518557,0.021044566591813356,0.01666028188518557,0.37824165289837114,0.030757443480342598,0.0032285524195945882
305,0.2985454545407595,0.03948323142589603,0.03741292567981435,0.03008246203877792,0.05264430856786137,0.0870144047763345,0.023397470474605057,0.028715077400651656,0.05743015480130332,0.01707382980579288,0.05743015480130332,0.02526926811257346,0.006580538570982673,0.0421154468542891,0.01070731699685316,0.008897629617103333,0.031031843812583518,0.005685487670095944,0.028715077400651656,0.04859474637033357,0.06317317028143365
306,0.01445705932820251,0.006186429421196842,0.02320575114195545,0.02803793324257456,0.02372440505140924,0.010280575522277341,0.004627618428857555,0.06168345313366403,0.07117321515422771,0.02372440505140924,0.057828237312810025,0.025181498187749115,0.01623248766675369,0.08411379972772366,0.015952617189740698,0.012336690626732807,0.02151748365127815,0.020114169500107835,0.025006805324458387,0.43761394849737884,0.017001416839492408
307,0.02363230925797634,0.05453609828763772,0.04726461851595268,0.041704075161134724,0.03376044179710906,0.01181615462898817,0.3323952622991836,0.04726461851595268,0.0506406626956636,0.01012813253913272,0.04726461851595268,0.08890328618922055,0.010448141247562914,0.013164160337581563,0.0030584220315837507,0.013129060698875747,0.02085203758056736,0.017724231943482258,0.02363230925797634,0.08141330935464683,0.02726804914381886
308,0.009047351003536808,0.030252079918076203,0.025475435720485228,0.006263693263855068,0.07446665825987989,0.4594352067018009,0.03585431693994216,0.056945091610496386,0.03723332912993994,0.016407907752176924,0.04840332786892193,0.02933535022358905,0.014667675111794518,0.032268885245947954,0.006725079299023212,0.01075629508198265,0.016407907752176924,0.012430339050232112,0.01669080271342135,0.040336106557434935,0.02059716079528593
309,0.04311541892272146,0.04751366606241061,0.06197841470141209,0.04507521069193606,0.04311541892272146,0.003372263863858615,0.017397449740747254,0.011415263752018253,0.03966618540890374,0.01709749371073437,0.02542704192878445,0.0066310227858285735,0.010778854730680363,0.030050140461290707,0.0127606348537456,0.4697817793191714,0.009207830929716965,0.026801476627637662,0.03419498742146874,0.02306173570285101,0.021557709461360725
310,0.015378127277285655,0.004891063930673989,0.015738214531077106,0.05796371050669209,0.1208413091314959,0.018895416684915237,0.0036691843261509945,0.03139700985779155,0.05796371050669209,0.018378737477731638,0.05796371050669209,0.02980591953044882,0.008661244098701115,0.09419102957337463,0.012991866148051676,0.008016257836031885,0.013700513392490855,0.013700513392490855,0.03139700985779155,0.357426819861299,0.02702863157212122
311,0.01843496983350297,0.0334078974030308,0.08722624895701399,0.3345045361208016,0.022860844506844682,0.003833498395088449,0.050620441408013236,0.04429288623201158,0.00854524988827936,0.012655110352003307,0.04724574531414569,0.03081244259618197,0.041574272323771665,0.05451432151632194,0.015748581771381893,0.010124088281602646,0.062361408485657494,0.013966552564763753,0.050620441408013236,0.024437454472833978,0.03221300816873571
312,0.310204423359815,0.038669897383847185,0.01826078487570561,0.028582098066321827,0.04108676597033763,0.005766563644959667,0.07033119736875153,0.04108676597033763,0.054782354627116836,0.018782521586440063,0.059762568684127465,0.028582098066321827,0.00932707635356203,0.034599381869758,0.01217385658380374,0.09106647817660356,0.005245986614723425,0.023852911044242385,0.034599381869758,0.022668560535358696,0.050568327348107844
313,0.08046172743019117,0.1498796883503561,0.026978343903064094,0.016861464939415052,0.008002324384104358,0.014051220782845882,0.06676930928704501,0.041505144466252454,0.08992781301021363,0.017468700465221344,0.06294946910714955,0.04087627864100621,0.09680652079515936,0.03597112520408546,0.04559883767356125,0.060934472371496747,0.07061579198467642,0.03967403515156485,0.018914584907883027,0.00832241735946853,0.007430729785239761
314,0.07522100355752023,0.03229072724996686,0.017520696861175387,0.01068335174461914,0.01570900244592982,0.01575157426827652,0.02870286866663721,0.01068335174461914,0.010244794151152536,0.00894204754614467,0.003581314125564046,0.015104049018254647,0.1733826997565449,0.019871216769210377,0.003808847143733781,0.30979240558894217,0.20765985025643088,0.011008202471579614,0.013688044422793274,0.011838308689983371,0.004515643520921493
315,0.08090669325522631,0.04183468041489751,0.01568800515558657,0.47889699948632675,0.008478289756711747,0.014707504833362408,0.01079007856255914,0.007657810102836416,0.006594225366331358,0.002011797569389228,0.019921276388046437,0.023241489119387504,0.0029721304061316378,0.11215487454448812,0.0013548389674826952,0.13396498784545838,0.007804977689346551,0.006594225366331358,0.008478289756711747,0.013944893471632505,0.0020019319417556246
316,0.010834090976603643,0.024542532620469473,0.01939651771617749,0.09080502951193167,0.026143132573978357,0.5718256044919388,0.0210979666386492,0.02942043787174981,0.03164694995797379,0.007332829868311003,0.02505383538339592,0.024051681968060085,0.010548983319324603,0.017428755049318904,0.01047235356040258,0.007964133102006653,0.011032881636724811,0.007249906604690799,0.01603445464537339,0.021474716042910787,0.015643206460008323
