site,A,C,D,E,F,G,H,I,K,L,M,N,P,Q,R,S,T,V,W,Y,*
225,0.33857,0.22191,0.01295,0.01172,0.01500,0.02850,0.01639,0.07799,0.02284,0.00497,0.02883,0.02266,0.01746,0.01310,0.00362,0.00944,0.02130,0.09877,0.00911,0.01731,0.00755
226,0.00693,0.01079,0.02130,0.02963,0.01302,0.00290,0.02994,0.01713,0.55696,0.01052,0.01029,0.03636,0.01255,0.02655,0.14547,0.00510,0.01568,0.01244,0.00604,0.02361,0.00678
227,0.05004,0.22586,0.00938,0.00741,0.00722,0.00618,0.01157,0.01386,0.01233,0.00264,0.00879,0.14374,0.00871,0.00820,0.00179,0.17350,0.23427,0.05669,0.00409,0.00941,0.00433
228,0.00839,0.01212,0.04135,0.01542,0.01282,0.00357,0.03490,0.02637,0.02529,0.00593,0.01725,0.62435,0.04785,0.04503,0.00599,0.01397,0.02055,0.00564,0.01041,0.01240,0.01039
229,0.02466,0.11033,0.00146,0.00115,0.00101,0.00032,0.00183,0.10153,0.00183,0.19131,0.24190,0.00721,0.02311,0.00181,0.00041,0.00924,0.21845,0.05940,0.00076,0.00141,0.00087
230,0.01167,0.01619,0.02421,0.01751,0.02184,0.00456,0.03309,0.36346,0.03418,0.00570,0.01399,0.03128,0.01052,0.02284,0.00602,0.00718,0.02839,0.30139,0.01275,0.02109,0.01213
231,0.01112,0.02367,0.01837,0.01409,0.02714,0.02123,0.02448,0.02583,0.27118,0.00766,0.01844,0.06018,0.01043,0.03148,0.34566,0.01043,0.03179,0.00781,0.01130,0.01710,0.01062
232,0.03374,0.10326,0.01151,0.00899,0.01030,0.19311,0.01677,0.03664,0.01063,0.05504,0.09458,0.05476,0.00368,0.01116,0.00234,0.14047,0.14584,0.04445,0.00447,0.01378,0.00448
233,0.09349,0.11667,0.02324,0.00401,0.02462,0.00102,0.02227,0.26939,0.01289,0.00467,0.01029,0.02336,0.00700,0.01595,0.00284,0.04432,0.13335,0.13896,0.00602,0.03959,0.00604
234,0.11237,0.21904,0.00584,0.00946,0.01925,0.01502,0.01349,0.01456,0.01863,0.00476,0.02308,0.03147,0.00294,0.02535,0.00451,0.24093,0.18185,0.03267,0.00642,0.01255,0.00582
235,0.02269,0.06118,0.01397,0.01717,0.02634,0.01166,0.02103,0.19880,0.02321,0.05513,0.04472,0.01351,0.00505,0.02584,0.00441,0.06086,0.16615,0.17690,0.01610,0.02102,0.01425
236,0.03636,0.11688,0.00751,0.00613,0.01135,0.00189,0.01047,0.01044,0.01000,0.31650,0.12544,0.02274,0.00524,0.07483,0.00231,0.07171,0.08515,0.06355,0.00512,0.01175,0.00461
237,0.18161,0.01915,0.01821,0.01004,0.02691,0.15914,0.02745,0.02000,0.01389,0.00704,0.01269,0.03059,0.01120,0.01724,0.00395,0.26266,0.13525,0.00508,0.00509,0.02476,0.00802
238,0.10724,0.03553,0.04114,0.00378,0.02603,0.15774,0.03348,0.11909,0.04143,0.02430,0.01912,0.03145,0.00714,0.09779,0.01764,0.11138,0.05286,0.03948,0.00427,0.02759,0.00153
239,0.01495,0.11609,0.02155,0.02363,0.21121,0.00680,0.02529,0.12390,0.02581,0.10907,0.04818,0.02307,0.00199,0.01712,0.00362,0.01062,0.02625,0.15003,0.01558,0.01680,0.00843
240,0.01357,0.02102,0.01687,0.04177,0.01425,0.00632,0.01138,0.09947,0.08015,0.28582,0.18580,0.02245,0.03033,0.03008,0.00453,0.00921,0.02181,0.00739,0.04420,0.02513,0.02846
241,0.02239,0.10337,0.05564,0.04303,0.07742,0.00331,0.06152,0.04290,0.02265,0.15153,0.07167,0.09113,0.00187,0.01635,0.00584,0.02786,0.04313,0.03418,0.01881,0.09392,0.01148
242,0.04730,0.04132,0.01427,0.00637,0.06408,0.07121,0.06199,0.04595,0.04587,0.06205,0.08752,0.06813,0.01837,0.09211,0.00868,0.03259,0.09935,0.02607,0.03350,0.04120,0.03204
243,0.02595,0.00863,0.03731,0.09616,0.07575,0.00293,0.00447,0.08014,0.08331,0.01484,0.09616,0.08378,0.00691,0.04801,0.09636,0.00848,0.01898,0.04426,0.03898,0.06089,0.06772
244,0.12015,0.05872,0.04762,0.00846,0.07727,0.00411,0.04579,0.10754,0.00808,0.05146,0.09315,0.06105,0.00697,0.06383,0.00388,0.02373,0.04473,0.09109,0.00658,0.07122,0.00457
245,0.03599,0.13657,0.13999,0.08094,0.04214,0.02988,0.05093,0.08834,0.03552,0.04277,0.03692,0.02231,0.01419,0.03892,0.00467,0.04585,0.05657,0.02675,0.01390,0.04402,0.01282
246,0.08054,0.04360,0.01108,0.00300,0.02489,0.09950,0.04917,0.03711,0.02519,0.02861,0.15547,0.12247,0.02486,0.06085,0.01664,0.05682,0.05669,0.03740,0.01447,0.04018,0.01148
247,0.10636,0.05670,0.00663,0.05545,0.02423,0.04419,0.03480,0.02891,0.04791,0.04022,0.05813,0.06357,0.09683,0.06934,0.03167,0.05049,0.07398,0.03443,0.02776,0.01637,0.03203
248,0.05157,0.05775,0.06671,0.02777,0.05492,0.04622,0.06397,0.06148,0.02999,0.03704,0.02002,0.06553,0.02684,0.03579,0.06678,0.05563,0.04249,0.07529,0.02788,0.06671,0.01962
249,0.03569,0.07816,0.09983,0.02124,0.08433,0.00608,0.08605,0.07995,0.05571,0.01713,0.01300,0.05396,0.05175,0.03237,0.10008,0.02610,0.02056,0.01359,0.01116,0.09575,0.01751
250,0.12191,0.04266,0.03966,0.01699,0.02902,0.12223,0.03528,0.03639,0.03655,0.01140,0.03611,0.07968,0.10088,0.06482,0.01802,0.08550,0.05394,0.03484,0.01193,0.01635,0.00582
251,0.05705,0.12518,0.01151,0.03212,0.05067,0.01348,0.01943,0.05507,0.01235,0.03505,0.06717,0.05509,0.04063,0.11405,0.00593,0.08759,0.10326,0.07545,0.00900,0.02560,0.00430
252,0.01987,0.03695,0.04811,0.03082,0.07377,0.00868,0.05573,0.04494,0.25664,0.01974,0.04433,0.03026,0.03483,0.03418,0.07312,0.01642,0.04020,0.01437,0.02590,0.06430,0.02685
253,0.10660,0.04312,0.02407,0.01221,0.11995,0.04969,0.05999,0.08146,0.01698,0.04131,0.04529,0.02903,0.01636,0.02017,0.00668,0.01782,0.01575,0.10911,0.04414,0.13625,0.00403
254,0.00932,0.02541,0.12040,0.29907,0.05284,0.00976,0.05512,0.06310,0.06346,0.01858,0.03703,0.05096,0.01774,0.02929,0.00910,0.01554,0.03044,0.01948,0.01961,0.03432,0.01942
255,0.07676,0.03824,0.12957,0.14408,0.01268,0.00956,0.01760,0.05328,0.01931,0.03838,0.05984,0.05086,0.08634,0.09177,0.00954,0.03790,0.06112,0.04377,0.00528,0.00995,0.00417
256,0.01721,0.06007,0.32341,0.01818,0.04888,0.00852,0.05616,0.06914,0.03178,0.01547,0.04043,0.01739,0.06957,0.04880,0.01659,0.01829,0.02557,0.02162,0.02317,0.05187,0.01789
257,0.09441,0.07944,0.01679,0.02631,0.01649,0.00298,0.03003,0.20535,0.00948,0.06896,0.06239,0.02047,0.05675,0.01289,0.00323,0.01074,0.10020,0.14940,0.00766,0.01964,0.00639
258,0.02605,0.03764,0.06415,0.04648,0.02481,0.02525,0.02830,0.02622,0.03712,0.08034,0.05380,0.23465,0.00622,0.05305,0.01661,0.11510,0.04019,0.02922,0.02186,0.02458,0.00837
259,0.01530,0.02732,0.02352,0.02658,0.02718,0.00856,0.02073,0.04183,0.03652,0.39646,0.10049,0.06173,0.00513,0.02880,0.00690,0.00986,0.01807,0.02433,0.03342,0.06606,0.02118
260,0.01006,0.02172,0.03116,0.03801,0.04896,0.31567,0.05160,0.04015,0.04167,0.01788,0.05482,0.04015,0.02205,0.07153,0.00891,0.01885,0.02091,0.03365,0.02124,0.04795,0.04309
261,0.07762,0.08815,0.00859,0.02490,0.01282,0.04758,0.02574,0.07876,0.00830,0.02241,0.03984,0.05430,0.00682,0.03397,0.00328,0.08426,0.20688,0.14135,0.01669,0.01275,0.00500
262,0.00512,0.03705,0.01152,0.01002,0.11469,0.11493,0.11239,0.07653,0.05959,0.02945,0.04514,0.05195,0.03047,0.05263,0.00466,0.01135,0.03325,0.00570,0.03374,0.06991,0.08990
263,0.02712,0.07481,0.06928,0.02520,0.10273,0.00907,0.03213,0.01554,0.02519,0.01331,0.03243,0.04745,0.01477,0.03842,0.00877,0.04974,0.30320,0.01836,0.02527,0.05153,0.01567
264,0.02110,0.04508,0.05917,0.05433,0.04631,0.01463,0.03039,0.04884,0.04499,0.01868,0.05326,0.08503,0.01574,0.03169,0.29717,0.01346,0.01654,0.01790,0.02657,0.05064,0.00849
265,0.33553,0.02121,0.03022,0.01771,0.02732,0.00592,0.03375,0.03587,0.03616,0.00837,0.04049,0.04141,0.01566,0.02880,0.00759,0.18057,0.03645,0.00969,0.02162,0.04387,0.02178
266,0.00545,0.05932,0.06519,0.01109,0.13307,0.00412,0.12403,0.07704,0.01930,0.00796,0.00639,0.08036,0.01362,0.04967,0.00847,0.01564,0.02165,0.18758,0.02051,0.06664,0.02290
267,0.07139,0.26919,0.01279,0.00738,0.01206,0.00554,0.02856,0.03158,0.01451,0.00549,0.01164,0.03061,0.00546,0.01001,0.00384,0.39046,0.03672,0.01089,0.01217,0.02299,0.00675
268,0.00519,0.02892,0.00746,0.00797,0.04342,0.00318,0.01284,0.03736,0.00905,0.01419,0.02998,0.42463,0.00508,0.01115,0.00240,0.10572,0.13921,0.03885,0.00674,0.06175,0.00491
269,0.03850,0.02562,0.05374,0.01135,0.07745,0.05743,0.09637,0.01470,0.02404,0.01692,0.01544,0.05166,0.00156,0.02592,0.01941,0.06029,0.13374,0.01713,0.15875,0.09882,0.00118
270,0.10755,0.02101,0.00771,0.01154,0.01494,0.01072,0.03101,0.02117,0.24075,0.00691,0.01180,0.01880,0.21563,0.01944,0.04575,0.04391,0.02873,0.01519,0.06160,0.01365,0.05221
271,0.01611,0.10258,0.08385,0.20299,0.08059,0.01511,0.04773,0.04056,0.02217,0.01114,0.04336,0.06868,0.01255,0.02697,0.01215,0.01359,0.02170,0.02402,0.04461,0.08791,0.02162
272,0.02062,0.05057,0.02038,0.05064,0.02471,0.00074,0.05079,0.09790,0.10890,0.04707,0.07535,0.06966,0.00127,0.08515,0.08567,0.04384,0.04483,0.08646,0.00677,0.02645,0.00221
273,0.03871,0.03355,0.05244,0.04476,0.04121,0.01007,0.07856,0.04202,0.05435,0.01460,0.04079,0.06771,0.28115,0.03425,0.00992,0.00695,0.03247,0.01434,0.02566,0.05781,0.01867
274,0.02584,0.08490,0.21418,0.02648,0.01975,0.00586,0.01638,0.04162,0.03025,0.01330,0.05417,0.24674,0.01574,0.06359,0.01966,0.03547,0.01834,0.01430,0.01796,0.01675,0.01872
275,0.00647,0.01424,0.02623,0.01173,0.14290,0.00417,0.02862,0.06431,0.02087,0.18614,0.22271,0.02842,0.00683,0.01588,0.00408,0.00499,0.00320,0.02028,0.07356,0.10785,0.00653
276,0.06777,0.04098,0.05511,0.02001,0.03040,0.04373,0.05771,0.03754,0.09744,0.04677,0.04595,0.07632,0.02662,0.06914,0.06343,0.06838,0.06996,0.03031,0.01317,0.02870,0.01055
277,0.01687,0.02922,0.02743,0.06601,0.02641,0.01124,0.02328,0.37066,0.05985,0.01500,0.02689,0.02460,0.01054,0.04454,0.01037,0.00901,0.00616,0.12731,0.03287,0.03257,0.02914
278,0.03662,0.04483,0.06226,0.04715,0.02566,0.01482,0.02503,0.33574,0.04565,0.02101,0.03014,0.02689,0.01350,0.05018,0.01284,0.01175,0.04507,0.03177,0.03771,0.04200,0.03938
279,0.03813,0.03597,0.04097,0.04417,0.03585,0.31998,0.03425,0.03492,0.04342,0.01147,0.04803,0.04268,0.01401,0.04964,0.02421,0.04289,0.01601,0.01123,0.03823,0.05271,0.02126
280,0.01142,0.01710,0.02035,0.01190,0.05964,0.01580,0.02869,0.08749,0.07554,0.03866,0.04840,0.03587,0.00490,0.01510,0.12985,0.04193,0.14441,0.05984,0.03044,0.11548,0.00721
281,0.01601,0.04176,0.02419,0.06688,0.03443,0.00982,0.01408,0.03881,0.04938,0.02080,0.06082,0.03832,0.01222,0.03508,0.37347,0.02202,0.02006,0.01689,0.03020,0.03675,0.03800
282,0.01164,0.01583,0.02073,0.01691,0.01909,0.00635,0.03238,0.28426,0.02366,0.22592,0.01684,0.02444,0.01041,0.04569,0.00710,0.01244,0.01195,0.16150,0.01413,0.02408,0.01464
283,0.08220,0.02712,0.19848,0.16273,0.01928,0.02314,0.05238,0.02880,0.01955,0.01940,0.03206,0.07019,0.00530,0.07659,0.00775,0.06404,0.05753,0.00614,0.01432,0.02172,0.01129
284,0.01170,0.02038,0.03004,0.02390,0.03695,0.00460,0.03424,0.13675,0.08347,0.01209,0.03046,0.06154,0.01360,0.04090,0.33369,0.01675,0.01575,0.01227,0.01732,0.05075,0.01286
285,0.00437,0.00854,0.00863,0.02313,0.00857,0.00346,0.00987,0.09792,0.03231,0.57733,0.13496,0.00571,0.00331,0.01783,0.00294,0.00275,0.00544,0.01552,0.01358,0.00917,0.01466
286,0.10919,0.03725,0.01694,0.02210,0.01721,0.00296,0.04607,0.05269,0.25811,0.00606,0.09367,0.01984,0.00341,0.06206,0.14642,0.03114,0.00871,0.01180,0.01754,0.02732,0.00952
287,0.07402,0.02400,0.05166,0.06542,0.03437,0.06962,0.05302,0.02303,0.04097,0.07045,0.09000,0.05738,0.00430,0.08870,0.02697,0.05048,0.06234,0.03144,0.02193,0.04615,0.01378
288,0.01401,0.04482,0.03850,0.20919,0.03622,0.00630,0.08156,0.07449,0.01771,0.02641,0.05291,0.03882,0.02397,0.14381,0.01020,0.01282,0.02308,0.01371,0.02201,0.05757,0.05187
289,0.02706,0.05079,0.05477,0.04697,0.06757,0.00506,0.16443,0.04537,0.09915,0.01129,0.03769,0.05772,0.02560,0.03279,0.01766,0.01588,0.02299,0.01845,0.02931,0.11537,0.05407
290,0.05983,0.04987,0.03129,0.05268,0.02328,0.01413,0.08784,0.10041,0.06106,0.08872,0.05800,0.03369,0.00886,0.06135,0.05483,0.05267,0.04148,0.03997,0.03770,0.03301,0.00934
291,0.03164,0.01599,0.19930,0.14382,0.01529,0.05739,0.08575,0.01764,0.02831,0.00530,0.01485,0.11751,0.01426,0.05898,0.01780,0.07642,0.03777,0.00859,0.01389,0.01407,0.02540
292,0.06241,0.02594,0.12780,0.02897,0.02601,0.08159,0.03491,0.02383,0.03615,0.01123,0.01912,0.04015,0.00995,0.05273,0.01298,0.18702,0.15309,0.01079,0.01243,0.02821,0.01469
293,0.01285,0.01951,0.04437,0.02276,0.19260,0.01022,0.03851,0.04026,0.05233,0.01776,0.03262,0.04594,0.01893,0.03596,0.00473,0.01112,0.01842,0.01026,0.29967,0.06244,0.00873
294,0.01072,0.02352,0.03258,0.02009,0.23900,0.00671,0.07496,0.03935,0.03527,0.03361,0.03544,0.03245,0.01809,0.03306,0.01018,0.01461,0.02434,0.01326,0.02506,0.25995,0.01777
295,0.03907,0.07700,0.01856,0.10110,0.06029,0.00157,0.05187,0.07416,0.03182,0.06316,0.07315,0.04863,0.00170,0.06691,0.04173,0.03580,0.07549,0.06307,0.03786,0.03321,0.00385
296,0.02340,0.03655,0.26441,0.02612,0.05558,0.01743,0.04040,0.04724,0.04604,0.01475,0.03874,0.01000,0.02093,0.03595,0.00922,0.01426,0.02458,0.02383,0.02105,0.20119,0.02832
297,0.09286,0.03854,0.04389,0.06673,0.01689,0.03390,0.03181,0.05749,0.04685,0.03996,0.05882,0.06900,0.05707,0.09151,0.05048,0.04710,0.06776,0.04637,0.00939,0.01617,0.01744
298,0.07722,0.04333,0.01051,0.05090,0.02661,0.03078,0.19581,0.02474,0.03692,0.02443,0.02275,0.14166,0.00704,0.05230,0.05471,0.08446,0.04954,0.01351,0.01709,0.01497,0.02072
299,0.09580,0.02968,0.03046,0.02603,0.02746,0.01111,0.12911,0.03027,0.04710,0.00736,0.04332,0.14504,0.04706,0.13446,0.00607,0.05543,0.02388,0.02760,0.04871,0.00932,0.02473
300,0.01665,0.03746,0.04134,0.03736,0.05521,0.01989,0.02666,0.03367,0.03390,0.01144,0.03348,0.03640,0.42040,0.03477,0.00952,0.02403,0.02297,0.01886,0.03438,0.03426,0.01733
301,0.01590,0.03622,0.01945,0.03736,0.02891,0.01012,0.03487,0.02717,0.03764,0.01258,0.04159,0.02485,0.01643,0.03350,0.00994,0.01321,0.01570,0.01526,0.04356,0.49987,0.02585
302,0.01983,0.03694,0.04335,0.03913,0.04410,0.02770,0.03778,0.03014,0.05140,0.01109,0.02767,0.04488,0.01909,0.02912,0.38776,0.03454,0.01759,0.01569,0.01923,0.04060,0.02237
303,0.02323,0.04197,0.04205,0.03835,0.04896,0.01801,0.03803,0.03535,0.04356,0.01233,0.03444,0.03475,0.01730,0.03172,0.01094,0.01055,0.35770,0.03418,0.06129,0.03568,0.02961
304,0.02186,0.03490,0.07485,0.03446,0.04881,0.01182,0.04206,0.07213,0.03649,0.01729,0.03982,0.05496,0.02333,0.03304,0.02046,0.01437,0.01943,0.02012,0.34138,0.03321,0.00524
305,0.28127,0.03655,0.02837,0.02306,0.04494,0.12326,0.02476,0.03101,0.04227,0.01283,0.06195,0.02670,0.00729,0.04004,0.01041,0.01002,0.02045,0.01572,0.07141,0.03475,0.05294
306,0.01533,0.01716,0.02414,0.03862,0.02458,0.01152,0.01668,0.04759,0.07128,0.01958,0.07414,0.02494,0.01949,0.06504,0.01641,0.01130,0.01822,0.01709,0.03080,0.42116,0.01494
307,0.02046,0.04874,0.04813,0.04027,0.03445,0.01268,0.33424,0.07104,0.04553,0.01067,0.04577,0.08311,0.01247,0.01609,0.00346,0.01203,0.02155,0.01873,0.03390,0.05759,0.02909
308,0.00889,0.03129,0.02833,0.00968,0.06255,0.46353,0.03353,0.04749,0.03689,0.01327,0.03219,0.03515,0.01809,0.03448,0.00775,0.01082,0.01679,0.01666,0.02428,0.04410,0.02422
309,0.04182,0.04689,0.05579,0.04083,0.03881,0.02043,0.01861,0.01904,0.03051,0.01616,0.02965,0.00756,0.01144,0.03039,0.01290,0.46692,0.01150,0.03026,0.02797,0.02583,0.01668
310,0.01470,0.02519,0.02113,0.03932,0.15377,0.01592,0.02150,0.03143,0.05943,0.01678,0.06061,0.02147,0.00888,0.07285,0.01436,0.00883,0.01290,0.01244,0.03149,0.33777,0.01924
311,0.02590,0.07234,0.10710,0.26845,0.02148,0.02429,0.03962,0.04151,0.01537,0.01491,0.04127,0.03429,0.02247,0.05919,0.01259,0.02196,0.03744,0.01245,0.03895,0.02048,0.06795
312,0.27447,0.02659,0.01623,0.02591,0.03393,0.00535,0.10284,0.03278,0.04957,0.01352,0.05251,0.03029,0.00617,0.03683,0.01074,0.14931,0.01144,0.01623,0.03474,0.02067,0.04987
313,0.07958,0.06551,0.04308,0.04826,0.01382,0.01464,0.05855,0.04163,0.11178,0.02109,0.04273,0.04113,0.08806,0.04939,0.06211,0.04987,0.05994,0.06720,0.01967,0.01253,0.00945
314,0.08236,0.03727,0.01504,0.01125,0.01271,0.01488,0.01915,0.01277,0.00942,0.00520,0.01352,0.01346,0.16028,0.01361,0.00480,0.29322,0.24055,0.00861,0.01265,0.01310,0.00615
315,0.12232,0.05142,0.01742,0.18734,0.01943,0.02012,0.01136,0.01286,0.02197,0.00311,0.06086,0.03380,0.00412,0.15056,0.02804,0.18395,0.02904,0.00908,0.01093,0.01446,0.00780
316,0.01179,0.02029,0.01845,0.05645,0.02577,0.57791,0.02063,0.03668,0.02684,0.00773,0.02523,0.02318,0.01073,0.01980,0.01942,0.00839,0.01136,0.02397,0.01702,0.02184,0.01651
317,0.01257,0.03687,0.03111,0.02551,0.02576,0.00943,0.02011,0.03041,0.03453,0.03554,0.02316,0.02718,0.01428,0.02819,0.00946,0.49593,0.05308,0.01510,0.02207,0.02219,0.02755
318,0.37058,0.08840,0.02007,0.02484,0.02919,0.01051,0.02182,0.02503,0.01900,0.00733,0.01695,0.04425,0.00869,0.02067,0.00493,0.20662,0.01955,0.01503,0.01265,0.02102,0.01288
319,0.06507,0.13368,0.02039,0.01395,0.01897,0.00494,0.01897,0.03688,0.01491,0.03506,0.05441,0.02006,0.00819,0.01484,0.00580,0.20659,0.19173,0.08943,0.01607,0.02023,0.00984
320,0.01000,0.02313,0.02624,0.03191,0.01106,0.01259,0.02319,0.03284,0.03012,0.00924,0.03672,0.01690,0.01533,0.04037,0.00906,0.40804,0.17916,0.01817,0.03158,0.01686,0.01752
321,0.03870,0.09134,0.00866,0.00709,0.03434,0.00313,0.01918,0.03500,0.00953,0.17388,0.38624,0.00686,0.00744,0.04023,0.00885,0.01138,0.02212,0.03536,0.04537,0.01095,0.00435
322,0.00648,0.13110,0.02045,0.01655,0.02771,0.01170,0.03170,0.04334,0.02045,0.03869,0.00768,0.02694,0.00913,0.01953,0.00887,0.00803,0.01290,0.50075,0.02013,0.02379,0.01406
323,0.01672,0.03318,0.04945,0.07506,0.03730,0.02920,0.01482,0.02302,0.03576,0.01118,0.04406,0.39061,0.00869,0.03449,0.01854,0.02083,0.01062,0.01619,0.07082,0.02674,0.03272
324,0.05061,0.02710,0.02457,0.03110,0.03606,0.53579,0.02627,0.03216,0.02049,0.00801,0.02145,0.02564,0.01351,0.02683,0.00373,0.02244,0.01625,0.01630,0.02620,0.02234,0.01314
325,0.05068,0.17534,0.01244,0.01701,0.06796,0.00440,0.01256,0.10336,0.01618,0.12501,0.10125,0.01059,0.00409,0.02019,0.00477,0.00453,0.07351,0.16162,0.01336,0.01110,0.01002
326,0.18330,0.18309,0.00946,0.00686,0.01763,0.00167,0.01363,0.00881,0.00730,0.01275,0.02517,0.00418,0.00349,0.00907,0.00284,0.11160,0.27414,0.10269,0.00678,0.01037,0.00517
327,0.00899,0.01661,0.02058,0.02825,0.02810,0.05255,0.01451,0.02240,0.25517,0.00765,0.02458,0.01182,0.00719,0.02061,0.40239,0.00570,0.00675,0.01242,0.02040,0.01537,0.01798
328,0.00516,0.01347,0.01063,0.01356,0.24470,0.00764,0.01629,0.07389,0.01579,0.32536,0.13950,0.00629,0.00361,0.00817,0.00375,0.00369,0.01324,0.00605,0.04083,0.03753,0.01085
329,0.00866,0.04404,0.01931,0.02051,0.02134,0.01158,0.00677,0.11157,0.01666,0.55724,0.03300,0.01265,0.01731,0.01959,0.00660,0.00498,0.00530,0.04202,0.01709,0.01319,0.01059
330,0.01141,0.01750,0.01552,0.02182,0.01504,0.01313,0.00817,0.01636,0.02583,0.00392,0.01769,0.01387,0.02383,0.01811,0.00667,0.37378,0.32622,0.01021,0.02414,0.01127,0.02551
331,0.01574,0.02808,0.04738,0.07181,0.03028,0.01642,0.03454,0.02673,0.50411,0.01075,0.01739,0.01435,0.02887,0.01989,0.01658,0.00980,0.01617,0.02029,0.03642,0.02473,0.00966
332,0.00987,0.02005,0.02571,0.04664,0.03159,0.01554,0.01634,0.02284,0.02985,0.01382,0.02788,0.01955,0.58130,0.02101,0.00685,0.01534,0.00883,0.01458,0.03181,0.02240,0.01820
333,0.01063,0.01349,0.02477,0.02917,0.02986,0.02474,0.01935,0.02508,0.02041,0.00625,0.02008,0.01920,0.00897,0.01851,0.00928,0.00640,0.00941,0.01187,0.66259,0.02355,0.00638
334,0.00888,0.02378,0.54842,0.05196,0.02112,0.01238,0.00942,0.02088,0.04484,0.00986,0.04732,0.02971,0.00610,0.03219,0.01039,0.00633,0.00697,0.02417,0.04176,0.01430,0.02920
335,0.01117,0.40198,0.00922,0.01085,0.01532,0.01495,0.01169,0.01794,0.01683,0.03140,0.13685,0.01069,0.01060,0.01302,0.00412,0.00558,0.00832,0.23384,0.01323,0.01282,0.00958
336,0.03424,0.20645,0.01064,0.00960,0.01505,0.01408,0.01149,0.19669,0.01282,0.03457,0.04024,0.01766,0.00365,0.01045,0.00422,0.00821,0.00393,0.33191,0.01587,0.00999,0.00824
337,0.06335,0.00490,0.01235,0.04458,0.00361,0.03413,0.05623,0.03054,0.00260,0.01102,0.10839,0.05763,0.12157,0.11843,0.00093,0.09059,0.07622,0.03271,0.05707,0.07096,0.00219
