site,A,C,D,E,F,G,H,I,K,L,M,N,P,Q,R,S,T,V,W,Y,*
225,0.39214,0.19757,0.01499,0.01157,0.01745,0.03353,0.01900,0.04368,0.02650,0.00495,0.01856,0.02619,0.00856,0.01520,0.00419,0.01252,0.02690,0.08714,0.01057,0.02002,0.00875
226,0.00707,0.01100,0.02174,0.01115,0.01327,0.00295,0.03043,0.01741,0.56699,0.00483,0.01051,0.04338,0.01276,0.03298,0.15315,0.00518,0.01485,0.00421,0.00615,0.02397,0.00602
227,0.04723,0.15498,0.01094,0.00867,0.00841,0.01170,0.01317,0.01110,0.01432,0.00308,0.01024,0.15817,0.01019,0.00951,0.00210,0.20207,0.27360,0.02972,0.00477,0.01100,0.00502
228,0.00822,0.01185,0.05577,0.01510,0.01255,0.00349,0.03415,0.03329,0.01947,0.00581,0.01690,0.61067,0.04671,0.04390,0.00585,0.02457,0.01372,0.00553,0.01018,0.01212,0.01017
229,0.02404,0.11504,0.00178,0.00140,0.00108,0.00037,0.00223,0.12398,0.00223,0.17624,0.23635,0.01021,0.01998,0.00221,0.00044,0.00847,0.20311,0.06715,0.00093,0.00172,0.00106
230,0.01143,0.01588,0.02379,0.01712,0.02148,0.00447,0.03238,0.35543,0.03340,0.00558,0.01440,0.03052,0.01026,0.02231,0.00589,0.00703,0.01181,0.33197,0.01245,0.02055,0.01187
231,0.01082,0.02666,0.02420,0.01164,0.03577,0.00618,0.03197,0.02762,0.35779,0.01009,0.02432,0.02569,0.01375,0.03142,0.27506,0.00849,0.01777,0.01030,0.01490,0.02253,0.01303
232,0.03791,0.05166,0.01282,0.00999,0.01133,0.21589,0.01875,0.04513,0.01169,0.08647,0.09042,0.04259,0.00407,0.01317,0.00176,0.15592,0.13750,0.02780,0.00496,0.01521,0.00495
233,0.14770,0.14149,0.01864,0.00333,0.01977,0.00091,0.01853,0.20040,0.01053,0.00328,0.01504,0.01954,0.00573,0.01367,0.00239,0.08091,0.13951,0.11470,0.00502,0.03391,0.00501
234,0.11807,0.22928,0.00605,0.00994,0.01431,0.01245,0.01396,0.01527,0.01936,0.00498,0.02815,0.02744,0.00458,0.02637,0.00468,0.25118,0.15271,0.03307,0.00672,0.01536,0.00606
235,0.01014,0.06609,0.01437,0.01741,0.02688,0.00522,0.02161,0.23556,0.02363,0.05048,0.03504,0.01154,0.00459,0.02687,0.00446,0.03660,0.16929,0.18924,0.01457,0.02222,0.01418
236,0.04971,0.11686,0.00772,0.00632,0.01259,0.00195,0.01080,0.00393,0.01009,0.19734,0.15488,0.03631,0.00627,0.11633,0.00238,0.11399,0.08771,0.04265,0.00527,0.01216,0.00475
237,0.17809,0.02466,0.01891,0.01047,0.02815,0.18348,0.02842,0.02179,0.01448,0.00728,0.01313,0.01234,0.01173,0.01774,0.00594,0.27391,0.10462,0.00530,0.00531,0.02590,0.00835
238,0.09037,0.04254,0.04103,0.00365,0.02661,0.15273,0.03760,0.16039,0.05112,0.03441,0.01244,0.03280,0.00323,0.09550,0.01875,0.10685,0.03172,0.03272,0.00413,0.01992,0.00150
239,0.01119,0.10651,0.02616,0.02898,0.21271,0.00830,0.01682,0.09772,0.03212,0.13369,0.06528,0.01894,0.00337,0.01464,0.00548,0.00844,0.02407,0.14135,0.01833,0.01559,0.01033
240,0.01043,0.01587,0.01297,0.03202,0.00593,0.00490,0.00880,0.15590,0.06363,0.22131,0.28158,0.01739,0.03740,0.02299,0.00304,0.00708,0.01679,0.00631,0.03456,0.01928,0.02182
241,0.01654,0.10131,0.06107,0.07344,0.08053,0.00383,0.05795,0.03110,0.02508,0.16667,0.06135,0.10884,0.00205,0.01590,0.00774,0.02449,0.02112,0.02294,0.01228,0.09322,0.01256
242,0.04458,0.02625,0.01720,0.00766,0.06772,0.08536,0.07976,0.05547,0.05618,0.03351,0.06035,0.07548,0.02203,0.10856,0.00325,0.03787,0.09625,0.03074,0.02269,0.03525,0.03382
243,0.02593,0.00211,0.03731,0.09610,0.07586,0.00293,0.00468,0.08017,0.08319,0.02181,0.09610,0.08383,0.00619,0.04811,0.09631,0.00845,0.01892,0.04443,0.03908,0.06099,0.06750
244,0.14609,0.03036,0.03629,0.00618,0.05893,0.00383,0.03389,0.13028,0.00618,0.04309,0.06954,0.04603,0.00513,0.07649,0.00256,0.03703,0.05517,0.14918,0.00502,0.05534,0.00340
245,0.03966,0.12449,0.12773,0.06270,0.03870,0.03807,0.04571,0.08187,0.03280,0.05164,0.04630,0.03034,0.01343,0.03611,0.00426,0.04359,0.08558,0.02183,0.01253,0.05107,0.01160
246,0.10582,0.03563,0.00211,0.00350,0.02466,0.11621,0.04124,0.03460,0.02604,0.01801,0.16936,0.13052,0.01609,0.04371,0.00942,0.07163,0.06872,0.03339,0.00743,0.02844,0.01348
247,0.11803,0.06119,0.00732,0.06071,0.02559,0.03442,0.02717,0.02248,0.05336,0.02375,0.06402,0.06141,0.10715,0.06331,0.02783,0.04906,0.08230,0.03225,0.03061,0.01262,0.03543
248,0.06101,0.05625,0.06329,0.02641,0.05171,0.04609,0.06065,0.06651,0.03755,0.03152,0.01640,0.06225,0.02885,0.03733,0.06336,0.04745,0.04803,0.09199,0.02113,0.06329,0.01895
249,0.03523,0.07714,0.09828,0.02092,0.08297,0.01100,0.08472,0.07855,0.06460,0.01691,0.01367,0.05323,0.05103,0.03191,0.09851,0.02863,0.02024,0.01337,0.00753,0.09431,0.01724
250,0.12851,0.03543,0.02582,0.01763,0.02991,0.11533,0.03466,0.03847,0.03612,0.01156,0.02500,0.09831,0.11099,0.06269,0.00676,0.08965,0.05132,0.04481,0.01308,0.01754,0.00641
251,0.05449,0.15497,0.01093,0.02223,0.03524,0.01445,0.01516,0.03090,0.01369,0.02833,0.05439,0.06099,0.03548,0.14630,0.00459,0.11263,0.10467,0.07151,0.00479,0.02017,0.00407
252,0.02006,0.03809,0.04915,0.04712,0.07574,0.00878,0.05698,0.05220,0.26058,0.01983,0.04452,0.02767,0.03491,0.03035,0.05184,0.01708,0.03043,0.01464,0.02650,0.06595,0.02759
253,0.11000,0.05489,0.02218,0.01237,0.14190,0.05984,0.02502,0.07157,0.01789,0.03279,0.03789,0.03337,0.01422,0.02082,0.00743,0.01495,0.01271,0.11680,0.04893,0.14029,0.00415
254,0.01108,0.02337,0.12929,0.27787,0.04857,0.01754,0.05113,0.05733,0.10556,0.01765,0.03466,0.04595,0.01661,0.02757,0.00854,0.01456,0.03586,0.00721,0.01823,0.03197,0.01943
255,0.08318,0.04269,0.11702,0.14358,0.01260,0.00333,0.01185,0.04321,0.01168,0.03841,0.05688,0.04443,0.11967,0.10474,0.01575,0.02947,0.06330,0.03865,0.00520,0.00997,0.00438
256,0.01877,0.05893,0.31465,0.01943,0.04741,0.01365,0.05452,0.06679,0.03098,0.01506,0.03932,0.02083,0.06751,0.04750,0.01609,0.01776,0.02490,0.02319,0.02258,0.06267,0.01747
257,0.08068,0.07282,0.02105,0.00740,0.01869,0.00261,0.03792,0.21772,0.01197,0.07935,0.07867,0.02545,0.04441,0.01433,0.00408,0.00771,0.04447,0.18891,0.00885,0.02482,0.00809
258,0.01445,0.03467,0.05323,0.02088,0.03077,0.01669,0.02838,0.02537,0.03695,0.07248,0.05110,0.34232,0.00795,0.03156,0.01404,0.11874,0.02990,0.01336,0.03147,0.01347,0.01224
259,0.01786,0.02681,0.02747,0.03104,0.02287,0.01000,0.01989,0.04920,0.04220,0.46199,0.04489,0.05635,0.00600,0.03344,0.00758,0.01150,0.02101,0.01096,0.03902,0.03523,0.02469
260,0.01045,0.01838,0.01048,0.03988,0.05137,0.33122,0.05418,0.04212,0.04378,0.01876,0.05750,0.04212,0.02313,0.07502,0.00934,0.00508,0.02192,0.02750,0.02231,0.05025,0.04521
261,0.07374,0.11217,0.00814,0.01198,0.01555,0.02868,0.01758,0.08454,0.00588,0.01188,0.03327,0.03061,0.00838,0.02184,0.00209,0.10321,0.23931,0.14842,0.01882,0.01696,0.00694
262,0.00512,0.05257,0.00663,0.01002,0.11446,0.11471,0.11216,0.07666,0.05962,0.02925,0.04482,0.05202,0.03022,0.05247,0.00464,0.00445,0.03278,0.00567,0.03367,0.06893,0.08910
263,0.01712,0.07098,0.06966,0.02502,0.10364,0.00911,0.03236,0.01757,0.02534,0.01330,0.03139,0.04741,0.01131,0.03814,0.00951,0.06887,0.30345,0.01311,0.02534,0.05174,0.01565
264,0.02111,0.04524,0.05947,0.05454,0.04643,0.01465,0.03038,0.04904,0.04476,0.02667,0.05355,0.08557,0.01521,0.02420,0.29785,0.01351,0.01661,0.01798,0.02666,0.05082,0.00575
265,0.33718,0.02124,0.01884,0.01774,0.02744,0.00595,0.03397,0.03586,0.03622,0.00842,0.04049,0.04138,0.01577,0.02887,0.00761,0.22242,0.00852,0.00457,0.02172,0.04397,0.02183
266,0.00959,0.03513,0.06657,0.01066,0.13605,0.00352,0.12706,0.07889,0.01972,0.00794,0.00654,0.08245,0.01392,0.05089,0.00867,0.01601,0.02137,0.19206,0.02098,0.06852,0.02344
267,0.07981,0.25513,0.00883,0.00795,0.01347,0.00393,0.03130,0.03697,0.01626,0.00619,0.01305,0.03409,0.00591,0.01119,0.00433,0.36820,0.04936,0.00718,0.01342,0.02596,0.00748
268,0.00464,0.02294,0.00875,0.00933,0.04509,0.00280,0.01485,0.03604,0.01058,0.00645,0.01709,0.39933,0.00595,0.01292,0.00280,0.12385,0.16975,0.03936,0.00643,0.05530,0.00575
269,0.04967,0.02874,0.04308,0.00593,0.08465,0.04106,0.09625,0.01111,0.02842,0.01905,0.01656,0.05856,0.00175,0.03308,0.02389,0.06535,0.11963,0.02084,0.15605,0.09502,0.00133
270,0.12252,0.02243,0.00861,0.01323,0.01667,0.01026,0.04124,0.02324,0.19065,0.00745,0.01574,0.02118,0.18919,0.02029,0.04969,0.04840,0.03746,0.01534,0.07008,0.01574,0.06059
271,0.01528,0.10437,0.05211,0.20939,0.08133,0.02466,0.04876,0.04158,0.02606,0.01150,0.04500,0.07083,0.01291,0.02682,0.01255,0.01407,0.02241,0.01151,0.04617,0.09290,0.02981
272,0.02220,0.04222,0.02291,0.05457,0.01158,0.00109,0.04813,0.08441,0.11512,0.05250,0.10326,0.06436,0.00145,0.10214,0.07893,0.04529,0.04497,0.07802,0.00591,0.01861,0.00232
273,0.03994,0.03237,0.05123,0.04351,0.04005,0.00979,0.10899,0.04080,0.05252,0.00810,0.03984,0.06614,0.27333,0.03329,0.00966,0.00676,0.03027,0.01393,0.02488,0.05654,0.01807
274,0.04057,0.11954,0.10396,0.03159,0.01978,0.00583,0.01634,0.02688,0.03610,0.01983,0.05414,0.24644,0.01568,0.09492,0.03006,0.04478,0.02124,0.01903,0.01804,0.01660,0.01865
275,0.00576,0.01243,0.02291,0.01083,0.16489,0.00369,0.02833,0.07041,0.01708,0.20767,0.19656,0.02519,0.00606,0.01486,0.00316,0.00441,0.00242,0.02456,0.07277,0.10019,0.00582
276,0.07148,0.04177,0.03994,0.02923,0.02942,0.03789,0.05485,0.03862,0.09768,0.05365,0.04184,0.07559,0.01887,0.06347,0.07889,0.07563,0.06937,0.02914,0.01128,0.03051,0.01087
277,0.01724,0.03004,0.02803,0.06144,0.02800,0.01142,0.02373,0.37580,0.06083,0.01090,0.02733,0.02499,0.01055,0.04542,0.01044,0.00994,0.00626,0.12032,0.03378,0.03360,0.02994
278,0.03803,0.04630,0.06460,0.04881,0.02660,0.01534,0.02602,0.34796,0.04704,0.01127,0.03223,0.02656,0.01402,0.05229,0.01333,0.01180,0.00823,0.04628,0.03886,0.04354,0.04088
279,0.02246,0.05094,0.02497,0.04180,0.03684,0.33540,0.03591,0.03645,0.04714,0.01210,0.05013,0.04808,0.01467,0.04379,0.01300,0.04877,0.01711,0.01190,0.03077,0.05553,0.02226
280,0.01361,0.01731,0.02223,0.01157,0.08471,0.01014,0.03317,0.09605,0.05025,0.03503,0.04279,0.03737,0.00537,0.01724,0.14177,0.03985,0.16181,0.04828,0.03260,0.09097,0.00788
281,0.01693,0.01859,0.02557,0.07061,0.03646,0.00960,0.00967,0.04109,0.05213,0.01496,0.06403,0.04037,0.01047,0.03699,0.39430,0.00839,0.02128,0.01789,0.03198,0.03873,0.03996
282,0.01026,0.01401,0.01830,0.01464,0.01731,0.00563,0.02839,0.24924,0.02079,0.23502,0.01787,0.02410,0.00913,0.03901,0.00617,0.00533,0.01227,0.22618,0.01242,0.02099,0.01294
283,0.05769,0.02878,0.18268,0.12819,0.01973,0.02650,0.06099,0.02728,0.01938,0.03018,0.03995,0.08585,0.00418,0.06278,0.00912,0.07624,0.08849,0.00731,0.01518,0.02102,0.00847
284,0.01139,0.01992,0.02920,0.02312,0.03631,0.00238,0.03327,0.20964,0.04260,0.01197,0.02963,0.05950,0.01308,0.03945,0.32446,0.00777,0.01525,0.01200,0.01689,0.04974,0.01243
285,0.00379,0.00753,0.00748,0.02017,0.00757,0.00296,0.00869,0.08537,0.02796,0.55298,0.20055,0.00495,0.00289,0.01552,0.00256,0.00241,0.00382,0.01028,0.01170,0.00806,0.01275
286,0.11496,0.04586,0.01239,0.02948,0.01295,0.00221,0.05681,0.06953,0.25410,0.00724,0.07303,0.02041,0.00257,0.05169,0.10974,0.05145,0.00861,0.01834,0.02263,0.02894,0.00705
287,0.07881,0.02435,0.04977,0.05634,0.03145,0.06903,0.05373,0.01890,0.04095,0.07334,0.09291,0.05378,0.00405,0.07629,0.02877,0.05186,0.07258,0.03123,0.03254,0.04664,0.01267
288,0.01419,0.04505,0.02054,0.21211,0.03690,0.00408,0.08190,0.07421,0.01129,0.02496,0.06705,0.03915,0.02389,0.11827,0.01035,0.01291,0.02339,0.01635,0.02191,0.05793,0.08358
289,0.02646,0.05112,0.05479,0.04605,0.07353,0.00502,0.16297,0.04455,0.15039,0.00970,0.03763,0.04628,0.01528,0.03028,0.00667,0.01594,0.02253,0.01854,0.02900,0.09773,0.05554
290,0.05045,0.02367,0.04925,0.05389,0.02150,0.01494,0.10374,0.11098,0.06678,0.07867,0.03903,0.03984,0.00871,0.07559,0.04103,0.05258,0.04830,0.03503,0.03764,0.04056,0.00782
291,0.02735,0.01760,0.14188,0.15815,0.01692,0.08789,0.08437,0.01951,0.00843,0.00556,0.01615,0.13958,0.01584,0.05931,0.02310,0.07108,0.02806,0.01006,0.01488,0.01646,0.03786
292,0.05398,0.02630,0.09102,0.02475,0.02704,0.05923,0.03415,0.01683,0.04325,0.01409,0.01916,0.03360,0.01029,0.05074,0.01455,0.25557,0.15624,0.01223,0.01270,0.02925,0.01503
293,0.01189,0.01809,0.04173,0.02083,0.21821,0.00768,0.03573,0.03712,0.04840,0.02310,0.03016,0.04292,0.01750,0.03307,0.00637,0.01023,0.01683,0.00945,0.27685,0.08037,0.01344
294,0.00993,0.02213,0.02980,0.01859,0.22188,0.00620,0.08043,0.04126,0.03314,0.04766,0.03956,0.03014,0.01687,0.03025,0.00943,0.00360,0.02273,0.01173,0.02868,0.27962,0.01637
295,0.05557,0.08095,0.03063,0.11058,0.03845,0.00181,0.05207,0.09076,0.03790,0.06080,0.06201,0.05373,0.00213,0.04866,0.04466,0.04608,0.07281,0.05288,0.02736,0.02646,0.00371
296,0.01154,0.03311,0.22870,0.01685,0.05044,0.02896,0.03593,0.04378,0.04184,0.01314,0.03292,0.00864,0.01840,0.03215,0.00805,0.01274,0.02167,0.01741,0.01835,0.30021,0.02517
297,0.10118,0.04455,0.02335,0.05819,0.01562,0.01905,0.02263,0.07652,0.04656,0.04765,0.05760,0.08103,0.04367,0.08539,0.05967,0.05500,0.06446,0.04549,0.00788,0.01614,0.02835
298,0.08848,0.05171,0.00280,0.06034,0.02442,0.03648,0.19592,0.01790,0.02331,0.03983,0.01947,0.10314,0.00507,0.05988,0.07543,0.08116,0.06095,0.01541,0.01223,0.01095,0.01512
299,0.08660,0.02836,0.02147,0.01982,0.01963,0.00782,0.09196,0.02821,0.03294,0.00713,0.03791,0.17541,0.05320,0.17207,0.00654,0.09696,0.02756,0.02991,0.03604,0.00302,0.01744
300,0.01598,0.04380,0.04029,0.03692,0.05471,0.01207,0.02636,0.03300,0.03340,0.01660,0.03280,0.03566,0.41357,0.04705,0.00938,0.01387,0.03130,0.01857,0.03390,0.03378,0.01698
301,0.01585,0.04542,0.01933,0.03739,0.02865,0.01009,0.03971,0.02703,0.03755,0.01252,0.04144,0.02468,0.01635,0.03340,0.00981,0.01016,0.01561,0.01517,0.04335,0.49695,0.01953
302,0.01984,0.03689,0.04401,0.03980,0.04481,0.01902,0.03812,0.03027,0.04782,0.01121,0.03233,0.04480,0.01933,0.02917,0.39171,0.03618,0.01817,0.01585,0.01712,0.04087,0.02271
303,0.04396,0.04232,0.04211,0.03834,0.04842,0.01795,0.03782,0.01654,0.04348,0.01221,0.03457,0.03443,0.01722,0.03185,0.01092,0.01059,0.35721,0.03405,0.06084,0.03568,0.02949
304,0.02206,0.02237,0.07559,0.03469,0.04949,0.01366,0.04228,0.07256,0.03669,0.02031,0.04022,0.05577,0.02350,0.03294,0.02057,0.01446,0.01957,0.02031,0.34344,0.03343,0.00609
305,0.27958,0.03586,0.01650,0.02280,0.04459,0.15143,0.02464,0.03092,0.04172,0.01266,0.06188,0.02663,0.00852,0.03978,0.01035,0.00982,0.01134,0.01221,0.07212,0.03424,0.05240
306,0.01507,0.02308,0.02393,0.03806,0.02415,0.01133,0.02863,0.04657,0.07003,0.01918,0.07303,0.02450,0.01918,0.06366,0.01613,0.01109,0.01786,0.01675,0.03032,0.41344,0.01401
307,0.02106,0.05000,0.04953,0.04154,0.03553,0.01311,0.34501,0.07401,0.04698,0.01103,0.04728,0.10014,0.01172,0.01589,0.00357,0.01240,0.02222,0.01936,0.03510,0.01444,0.03007
308,0.00865,0.03085,0.02796,0.01058,0.06144,0.45673,0.03301,0.04595,0.03633,0.01303,0.03149,0.03471,0.01787,0.03400,0.00920,0.01066,0.01655,0.02280,0.03075,0.04351,0.02391
309,0.04121,0.04245,0.05502,0.04032,0.03827,0.03684,0.01835,0.01464,0.03008,0.01595,0.02924,0.00746,0.01128,0.02996,0.01479,0.46047,0.01433,0.02986,0.02757,0.02547,0.01645
310,0.01358,0.04242,0.01694,0.03637,0.19338,0.01463,0.03209,0.02902,0.05500,0.01533,0.05633,0.01587,0.00823,0.06792,0.01327,0.00650,0.01178,0.01152,0.02896,0.31157,0.01929
311,0.02559,0.09060,0.11716,0.24686,0.01987,0.01767,0.03637,0.04001,0.01445,0.01593,0.03852,0.03181,0.01158,0.05171,0.01151,0.02384,0.02386,0.01418,0.03598,0.02008,0.11243
312,0.26618,0.02571,0.01664,0.02518,0.03285,0.00519,0.10972,0.03184,0.04814,0.01307,0.05084,0.02956,0.00561,0.03586,0.01041,0.16808,0.01726,0.00562,0.03374,0.02008,0.04843
313,0.06907,0.05969,0.02480,0.04585,0.01132,0.01049,0.06493,0.05234,0.14515,0.03151,0.01992,0.03955,0.08037,0.04341,0.08550,0.04407,0.04285,0.09111,0.02065,0.00888,0.00856
314,0.06738,0.04065,0.01652,0.01242,0.01330,0.01523,0.01815,0.01414,0.01086,0.00468,0.01097,0.01465,0.12100,0.01307,0.00526,0.31373,0.26615,0.00662,0.01392,0.01448,0.00682
315,0.15106,0.07057,0.01481,0.07113,0.01456,0.01853,0.01137,0.01381,0.03079,0.00378,0.05746,0.03842,0.00407,0.16321,0.02835,0.22696,0.03379,0.00930,0.01184,0.01512,0.01110
316,0.01229,0.02100,0.01917,0.01777,0.02679,0.60120,0.02145,0.03829,0.02780,0.00805,0.02625,0.02408,0.01116,0.02065,0.00497,0.00874,0.01182,0.03772,0.01772,0.02271,0.02039
317,0.01434,0.03601,0.03051,0.02499,0.02517,0.00924,0.01972,0.02973,0.03386,0.02402,0.02262,0.02650,0.02499,0.02759,0.00925,0.48473,0.05913,0.01477,0.02157,0.02168,0.03958
318,0.41040,0.05508,0.02222,0.02671,0.03229,0.01128,0.02419,0.02773,0.02097,0.00813,0.01879,0.02662,0.00936,0.02288,0.00546,0.18142,0.03145,0.01343,0.01403,0.02327,0.01427
319,0.07577,0.09753,0.02671,0.01846,0.00972,0.00654,0.02004,0.03442,0.01970,0.00668,0.04497,0.02663,0.01272,0.01962,0.00773,0.27380,0.16742,0.06652,0.02060,0.03143,0.01300
320,0.00974,0.02247,0.02538,0.03096,0.01076,0.01220,0.02249,0.03187,0.02932,0.00898,0.03568,0.01643,0.01249,0.03924,0.00878,0.39624,0.20490,0.01762,0.03061,0.01686,0.01700
321,0.02598,0.08067,0.00836,0.00690,0.02655,0.00305,0.00782,0.03197,0.00657,0.16942,0.48132,0.00551,0.01396,0.03104,0.01052,0.00729,0.02310,0.01541,0.03531,0.00501,0.00426
322,0.00848,0.07354,0.02262,0.01829,0.03056,0.01048,0.03491,0.04055,0.02252,0.02121,0.00879,0.02975,0.01009,0.02156,0.00980,0.00887,0.01110,0.55286,0.02226,0.02628,0.01550
323,0.01662,0.03282,0.07064,0.07501,0.03738,0.02880,0.01385,0.02199,0.03654,0.01111,0.04359,0.38786,0.00861,0.03431,0.01849,0.01295,0.00837,0.01609,0.07098,0.02118,0.03282
324,0.02645,0.02614,0.02579,0.05269,0.03776,0.56216,0.02760,0.03371,0.02150,0.00757,0.01797,0.02672,0.01112,0.02290,0.00391,0.01008,0.01236,0.01438,0.02205,0.02338,0.01377
325,0.03992,0.17851,0.01193,0.01642,0.07726,0.00487,0.01294,0.09974,0.01566,0.13373,0.12651,0.01013,0.00390,0.01928,0.00461,0.00434,0.05184,0.15501,0.01284,0.01092,0.00965
326,0.16688,0.19304,0.00988,0.00610,0.02700,0.00148,0.01194,0.00423,0.00649,0.01486,0.02408,0.00370,0.00310,0.00813,0.00251,0.12458,0.27543,0.09110,0.00603,0.01478,0.00466
327,0.00934,0.01731,0.02141,0.02933,0.02917,0.05690,0.01511,0.02867,0.21833,0.00795,0.02561,0.01234,0.00747,0.02141,0.41845,0.00525,0.00701,0.01290,0.02132,0.01602,0.01872
328,0.00433,0.01756,0.01146,0.01477,0.23337,0.00827,0.00291,0.10137,0.01689,0.35191,0.10611,0.00682,0.00634,0.00830,0.00300,0.00308,0.00934,0.00645,0.04127,0.03468,0.01178
329,0.00845,0.04134,0.01867,0.02011,0.02088,0.01124,0.00660,0.11692,0.01626,0.54296,0.04655,0.01236,0.00578,0.02729,0.00412,0.00485,0.00518,0.05064,0.01669,0.01286,0.01026
330,0.00717,0.01593,0.01418,0.01994,0.01371,0.01202,0.00748,0.01496,0.02351,0.00359,0.01611,0.01263,0.01669,0.01656,0.00609,0.34113,0.37803,0.00934,0.02198,0.01028,0.03866
331,0.01602,0.02894,0.04706,0.07929,0.03067,0.01666,0.03542,0.02692,0.51185,0.01103,0.01860,0.01220,0.02994,0.01900,0.00400,0.00987,0.01031,0.02053,0.03669,0.02526,0.00975
332,0.00979,0.01988,0.02554,0.04623,0.03136,0.01544,0.01339,0.02269,0.02965,0.01497,0.02768,0.01942,0.57682,0.02085,0.00680,0.02506,0.00811,0.01447,0.03157,0.02223,0.01805
333,0.01066,0.01330,0.02487,0.02929,0.03686,0.01157,0.01941,0.02511,0.02045,0.00665,0.02012,0.01924,0.00898,0.01849,0.01528,0.00618,0.00943,0.01189,0.66364,0.02365,0.00493
334,0.00753,0.02486,0.57245,0.03686,0.02199,0.02147,0.00985,0.02183,0.04677,0.01026,0.04925,0.00957,0.00636,0.03370,0.01086,0.00659,0.00725,0.01442,0.04339,0.01431,0.03043
335,0.01832,0.36716,0.00940,0.00900,0.01547,0.00889,0.01195,0.02317,0.01690,0.04141,0.14772,0.01090,0.01556,0.01324,0.00419,0.00521,0.00791,0.23726,0.01341,0.01316,0.00977
336,0.04315,0.26503,0.00945,0.00850,0.01329,0.00578,0.01033,0.20113,0.01154,0.03376,0.02060,0.02264,0.00323,0.00930,0.00376,0.00924,0.00350,0.29528,0.01423,0.00893,0.00732
337,0.07684,0.00454,0.01036,0.03259,0.00392,0.03110,0.06997,0.02404,0.00261,0.00986,0.11271,0.06758,0.09778,0.10887,0.00092,0.10584,0.07624,0.03220,0.06704,0.06281,0.00219
