site,A,C,D,E,F,G,H,I,K,L,M,N,P,Q,R,S,T,V,W,Y,*
225,0.28500,0.24624,0.01091,0.01187,0.01255,0.02346,0.01378,0.11230,0.01919,0.00499,0.03910,0.01914,0.02637,0.01100,0.00305,0.00637,0.01569,0.11040,0.00764,0.01460,0.00635
226,0.00680,0.01059,0.02086,0.04811,0.01277,0.00284,0.02945,0.01686,0.54692,0.01621,0.01007,0.02933,0.01234,0.02012,0.13780,0.00502,0.01651,0.02067,0.00593,0.02325,0.00754
227,0.05284,0.29675,0.00782,0.00615,0.00604,0.00065,0.00996,0.01662,0.01034,0.00220,0.00734,0.12931,0.00724,0.00688,0.00148,0.14492,0.19493,0.08366,0.00341,0.00783,0.00363
228,0.00855,0.01239,0.02694,0.01574,0.01308,0.00366,0.03564,0.01945,0.03112,0.00606,0.01761,0.63802,0.04898,0.04617,0.00614,0.00338,0.02739,0.00576,0.01064,0.01269,0.01061
229,0.02528,0.10562,0.00114,0.00090,0.00094,0.00026,0.00144,0.07908,0.00143,0.20638,0.24744,0.00422,0.02624,0.00142,0.00039,0.01001,0.23379,0.05164,0.00059,0.00111,0.00069
230,0.01191,0.01649,0.02464,0.01791,0.02221,0.00466,0.03381,0.37150,0.03496,0.00582,0.01359,0.03203,0.01078,0.02336,0.00614,0.00733,0.04498,0.27080,0.01305,0.02163,0.01239
231,0.01141,0.02068,0.01255,0.01654,0.01851,0.03628,0.01700,0.02404,0.18457,0.00522,0.01255,0.09466,0.00711,0.03154,0.41625,0.01237,0.04581,0.00532,0.00771,0.01167,0.00821
232,0.02957,0.15486,0.01020,0.00800,0.00927,0.17033,0.01479,0.02816,0.00957,0.02362,0.09873,0.06692,0.00329,0.00915,0.00292,0.12502,0.15417,0.06110,0.00398,0.01235,0.00400
233,0.03927,0.09185,0.02784,0.00470,0.02948,0.00114,0.02602,0.33839,0.01524,0.00607,0.00553,0.02717,0.00828,0.01823,0.00330,0.00774,0.12719,0.16321,0.00702,0.04528,0.00707
234,0.10668,0.20880,0.00563,0.00899,0.02418,0.01759,0.01302,0.01386,0.01790,0.00453,0.01801,0.03549,0.00130,0.02433,0.00433,0.23067,0.21099,0.03227,0.00612,0.00974,0.00557
235,0.03523,0.05626,0.01356,0.01693,0.02580,0.01809,0.02046,0.16204,0.02280,0.05978,0.05439,0.01547,0.00551,0.02482,0.00437,0.08512,0.16301,0.16456,0.01763,0.01983,0.01432
236,0.02301,0.11690,0.00730,0.00594,0.01011,0.00183,0.01014,0.01696,0.00991,0.43566,0.09600,0.00917,0.00421,0.03334,0.00224,0.02944,0.08260,0.08445,0.00497,0.01135,0.00447
237,0.18513,0.01364,0.01752,0.00961,0.02567,0.13480,0.02648,0.01822,0.01331,0.00681,0.01225,0.04885,0.01066,0.01675,0.00197,0.25142,0.16588,0.00486,0.00487,0.02361,0.00769
238,0.12411,0.02852,0.04124,0.00392,0.02544,0.16274,0.02936,0.07779,0.03174,0.01418,0.02580,0.03009,0.01104,0.10008,0.01653,0.11591,0.07400,0.04624,0.00442,0.03526,0.00157
239,0.01872,0.12566,0.01695,0.01828,0.20970,0.00530,0.03376,0.15008,0.01949,0.08445,0.03109,0.02720,0.00061,0.01960,0.00177,0.01280,0.02843,0.15872,0.01283,0.01801,0.00654
240,0.01671,0.02617,0.02077,0.05152,0.02257,0.00774,0.01396,0.04303,0.09668,0.35034,0.09002,0.02751,0.02325,0.03717,0.00601,0.01134,0.02683,0.00847,0.05384,0.03098,0.03510
241,0.02824,0.10543,0.05021,0.01262,0.07430,0.00280,0.06510,0.05471,0.02022,0.13639,0.08199,0.07343,0.00168,0.01680,0.00393,0.03123,0.06513,0.04543,0.02534,0.09462,0.01040
242,0.05003,0.05639,0.01134,0.00509,0.06045,0.05706,0.04422,0.03643,0.03557,0.09059,0.11469,0.06078,0.01472,0.07567,0.01412,0.02731,0.10245,0.02140,0.04432,0.04715,0.03025
243,0.02596,0.01516,0.03730,0.09621,0.07564,0.00293,0.00427,0.08011,0.08342,0.00787,0.09621,0.08373,0.00763,0.04792,0.09642,0.00852,0.01903,0.04409,0.03888,0.06079,0.06793
244,0.09421,0.08707,0.05895,0.01074,0.09562,0.00438,0.05769,0.08480,0.00997,0.05983,0.11676,0.07607,0.00880,0.05117,0.00520,0.01043,0.03430,0.03299,0.00814,0.08710,0.00575
245,0.03233,0.14864,0.15224,0.09918,0.04557,0.02170,0.05616,0.09481,0.03823,0.03391,0.02754,0.01428,0.01495,0.04174,0.00509,0.04811,0.02757,0.03168,0.01526,0.03697,0.01405
246,0.05526,0.05156,0.02004,0.00249,0.02512,0.08279,0.05710,0.03961,0.02434,0.03921,0.14158,0.11442,0.03364,0.07800,0.02386,0.04201,0.04465,0.04140,0.02152,0.05192,0.00948
247,0.09469,0.05221,0.00593,0.05019,0.02286,0.05397,0.04243,0.03534,0.04247,0.05670,0.05223,0.06573,0.08652,0.07538,0.03552,0.05191,0.06566,0.03661,0.02492,0.02012,0.02863
248,0.04213,0.05925,0.07013,0.02912,0.05814,0.04636,0.06730,0.05645,0.02243,0.04257,0.02363,0.06881,0.02483,0.03424,0.07021,0.06381,0.03695,0.05859,0.03464,0.07013,0.02029
249,0.03614,0.07918,0.10138,0.02157,0.08569,0.00116,0.08738,0.08135,0.04682,0.01735,0.01233,0.05469,0.05247,0.03283,0.10165,0.02357,0.02088,0.01380,0.01479,0.09719,0.01778
250,0.11532,0.04989,0.05350,0.01635,0.02813,0.12912,0.03590,0.03432,0.03697,0.01124,0.04723,0.06105,0.09077,0.06695,0.02929,0.08135,0.05656,0.02487,0.01078,0.01516,0.00523
251,0.05960,0.09538,0.01210,0.04201,0.06610,0.01252,0.02370,0.07924,0.01102,0.04178,0.07996,0.04920,0.04578,0.08181,0.00726,0.06255,0.10184,0.07940,0.01321,0.03102,0.00454
252,0.01969,0.03581,0.04708,0.01452,0.07180,0.00859,0.05448,0.03768,0.25269,0.01964,0.04414,0.03285,0.03474,0.03801,0.09440,0.01575,0.04996,0.01411,0.02529,0.06265,0.02611
253,0.10320,0.03135,0.02595,0.01206,0.09801,0.03953,0.09495,0.09135,0.01607,0.04984,0.05268,0.02469,0.01851,0.01952,0.00592,0.02068,0.01880,0.10142,0.03935,0.13221,0.00391
254,0.00757,0.02745,0.11150,0.32026,0.05711,0.00198,0.05912,0.06887,0.02136,0.01952,0.03941,0.05597,0.01887,0.03100,0.00966,0.01651,0.02502,0.03175,0.02099,0.03668,0.01941
255,0.07034,0.03378,0.14212,0.14458,0.01276,0.01578,0.02334,0.06336,0.02694,0.03835,0.06280,0.05729,0.05301,0.07880,0.00334,0.04633,0.05895,0.04890,0.00537,0.00993,0.00396
256,0.01565,0.06121,0.33218,0.01692,0.05035,0.00339,0.05780,0.07149,0.03257,0.01588,0.04154,0.01394,0.07164,0.05010,0.01709,0.01882,0.02624,0.02005,0.02375,0.04106,0.01831
257,0.10814,0.08607,0.01253,0.04523,0.01429,0.00336,0.02213,0.19298,0.00699,0.05858,0.04610,0.01549,0.06909,0.01144,0.00239,0.01376,0.15592,0.10989,0.00647,0.01447,0.00468
258,0.03765,0.04060,0.07506,0.07208,0.01885,0.03382,0.02822,0.02708,0.03729,0.08821,0.05651,0.12697,0.00450,0.07453,0.01918,0.11147,0.05047,0.04507,0.01226,0.03568,0.00449
259,0.01275,0.02784,0.01957,0.02212,0.03149,0.00712,0.02157,0.03445,0.03085,0.33093,0.15609,0.06711,0.00427,0.02417,0.00622,0.00822,0.01513,0.03770,0.02781,0.09690,0.01768
260,0.00966,0.02506,0.05183,0.03615,0.04654,0.30011,0.04901,0.03817,0.03956,0.01699,0.05215,0.03817,0.02097,0.06803,0.00847,0.03262,0.01989,0.03979,0.02017,0.04565,0.04098
261,0.08150,0.06413,0.00903,0.03782,0.01010,0.06647,0.03390,0.07297,0.01072,0.03294,0.04640,0.07799,0.00526,0.04610,0.00447,0.06532,0.17444,0.13428,0.01455,0.00855,0.00305
262,0.00513,0.02154,0.01641,0.01001,0.11492,0.11515,0.11263,0.07641,0.05955,0.02965,0.04546,0.05189,0.03072,0.05278,0.00467,0.01825,0.03372,0.00573,0.03380,0.07090,0.09070
263,0.03713,0.07864,0.06890,0.02537,0.10182,0.00904,0.03190,0.01351,0.02504,0.01332,0.03347,0.04750,0.01823,0.03870,0.00804,0.03061,0.30295,0.02361,0.02520,0.05132,0.01569
264,0.02108,0.04491,0.05887,0.05411,0.04618,0.01460,0.03040,0.04863,0.04522,0.01070,0.05297,0.08449,0.01628,0.03918,0.29649,0.01341,0.01647,0.01782,0.02648,0.05047,0.01124
265,0.33388,0.02117,0.04160,0.01768,0.02721,0.00589,0.03352,0.03588,0.03611,0.00832,0.04050,0.04145,0.01556,0.02873,0.00757,0.13872,0.06438,0.01481,0.02151,0.04378,0.02174
266,0.00131,0.08352,0.06382,0.01152,0.13009,0.00471,0.12101,0.07519,0.01888,0.00797,0.00623,0.07828,0.01331,0.04846,0.00827,0.01526,0.02193,0.18309,0.02004,0.06476,0.02236
267,0.06296,0.28325,0.01675,0.00681,0.01064,0.00716,0.02581,0.02618,0.01276,0.00479,0.01023,0.02713,0.00502,0.00883,0.00334,0.41272,0.02407,0.01460,0.01092,0.02002,0.00601
268,0.00574,0.03491,0.00616,0.00660,0.04176,0.00357,0.01083,0.03868,0.00751,0.02193,0.04288,0.44992,0.00420,0.00938,0.00200,0.08759,0.10867,0.03834,0.00705,0.06820,0.00407
269,0.02732,0.02250,0.06441,0.01676,0.07025,0.07380,0.09649,0.01829,0.01966,0.01479,0.01432,0.04475,0.00137,0.01875,0.01493,0.05522,0.14784,0.01342,0.16145,0.10263,0.00104
270,0.09258,0.01958,0.00681,0.00985,0.01320,0.01119,0.02078,0.01910,0.29084,0.00636,0.00786,0.01643,0.24206,0.01859,0.04181,0.03942,0.02000,0.01504,0.05312,0.01155,0.04382
271,0.01693,0.10079,0.11558,0.19660,0.07985,0.00557,0.04669,0.03955,0.01828,0.01079,0.04172,0.06653,0.01219,0.02713,0.01174,0.01311,0.02100,0.03653,0.04306,0.08292,0.01343
272,0.01903,0.05893,0.01785,0.04672,0.03785,0.00039,0.05345,0.11140,0.10267,0.04165,0.04744,0.07497,0.00110,0.06816,0.09240,0.04240,0.04468,0.09491,0.00763,0.03429,0.00210
273,0.03747,0.03474,0.05366,0.04602,0.04238,0.01036,0.04813,0.04325,0.05617,0.02110,0.04174,0.06927,0.28897,0.03521,0.01018,0.00714,0.03466,0.01475,0.02644,0.05908,0.01927
274,0.01111,0.05026,0.32440,0.02137,0.01972,0.00588,0.01642,0.05637,0.02439,0.00676,0.05420,0.24704,0.01579,0.03226,0.00926,0.02616,0.01544,0.00958,0.01788,0.01691,0.01879
275,0.00718,0.01604,0.02954,0.01262,0.12092,0.00465,0.02890,0.05822,0.02467,0.16461,0.24885,0.03165,0.00760,0.01691,0.00500,0.00557,0.00398,0.01600,0.07434,0.11550,0.00725
276,0.06406,0.04019,0.07028,0.01080,0.03138,0.04957,0.06056,0.03647,0.09720,0.03989,0.05006,0.07705,0.03437,0.07481,0.04797,0.06113,0.07055,0.03149,0.01506,0.02689,0.01024
277,0.01650,0.02839,0.02684,0.07059,0.02483,0.01106,0.02282,0.36552,0.05887,0.01910,0.02645,0.02421,0.01052,0.04367,0.01031,0.00809,0.00607,0.13430,0.03196,0.03155,0.02834
278,0.03520,0.04336,0.05992,0.04548,0.02472,0.01430,0.02405,0.32352,0.04426,0.03076,0.02806,0.02721,0.01298,0.04807,0.01235,0.01170,0.08190,0.01726,0.03655,0.04045,0.03789
279,0.05380,0.02100,0.05698,0.04653,0.03485,0.30456,0.03259,0.03339,0.03969,0.01084,0.04593,0.03727,0.01336,0.05548,0.03541,0.03701,0.01491,0.01056,0.04568,0.04988,0.02026
280,0.00922,0.01690,0.01847,0.01223,0.03457,0.02145,0.02420,0.07892,0.10082,0.04229,0.05402,0.03438,0.00442,0.01295,0.11794,0.04400,0.12701,0.07140,0.02828,0.13999,0.00654
281,0.01510,0.06492,0.02282,0.06315,0.03239,0.01004,0.01849,0.03652,0.04662,0.02665,0.05761,0.03626,0.01397,0.03316,0.35265,0.03566,0.01885,0.01589,0.02843,0.03477,0.03605
282,0.01302,0.01766,0.02316,0.01918,0.02088,0.00708,0.03637,0.31928,0.02652,0.21683,0.01581,0.02478,0.01169,0.05236,0.00803,0.01955,0.01164,0.09681,0.01584,0.02717,0.01633
283,0.10672,0.02546,0.21428,0.19727,0.01884,0.01977,0.04376,0.03031,0.01971,0.00861,0.02417,0.05452,0.00641,0.09039,0.00637,0.05184,0.02656,0.00498,0.01346,0.02243,0.01412
284,0.01201,0.02084,0.03087,0.02467,0.03759,0.00682,0.03521,0.06385,0.12435,0.01222,0.03129,0.06357,0.01411,0.04234,0.34291,0.02572,0.01626,0.01255,0.01775,0.05176,0.01330
285,0.00496,0.00956,0.00978,0.02608,0.00957,0.00396,0.01104,0.11047,0.03665,0.60168,0.06938,0.00647,0.00373,0.02014,0.00332,0.00310,0.00706,0.02075,0.01547,0.01028,0.01657
286,0.10342,0.02864,0.02149,0.01471,0.02146,0.00371,0.03533,0.03585,0.26212,0.00488,0.11431,0.01928,0.00425,0.07243,0.18309,0.01083,0.00882,0.00526,0.01245,0.02570,0.01199
287,0.06924,0.02364,0.05354,0.07449,0.03729,0.07021,0.05230,0.02715,0.04098,0.06755,0.08709,0.06098,0.00456,0.10111,0.02517,0.04910,0.05210,0.03165,0.01131,0.04565,0.01489
288,0.01382,0.04459,0.05646,0.20628,0.03554,0.00851,0.08123,0.07477,0.02413,0.02787,0.03877,0.03849,0.02406,0.16935,0.01006,0.01274,0.02277,0.01107,0.02212,0.05722,0.02016
289,0.02765,0.05046,0.05475,0.04789,0.06161,0.00510,0.16589,0.04618,0.04792,0.01289,0.03774,0.06917,0.03592,0.03531,0.02865,0.01583,0.02344,0.01837,0.02963,0.13301,0.05259
290,0.06920,0.07608,0.01333,0.05147,0.02506,0.01332,0.07193,0.08985,0.05534,0.09876,0.07696,0.02755,0.00901,0.04712,0.06863,0.05275,0.03465,0.04491,0.03775,0.02547,0.01087
291,0.03594,0.01439,0.25673,0.12950,0.01366,0.02690,0.08714,0.01578,0.04819,0.00505,0.01356,0.09544,0.01269,0.05866,0.01250,0.08177,0.04748,0.00713,0.01290,0.01168,0.01294
292,0.07083,0.02557,0.16458,0.03319,0.02497,0.10395,0.03567,0.03083,0.02905,0.00838,0.01908,0.04671,0.00962,0.05473,0.01141,0.11846,0.14993,0.00935,0.01216,0.02718,0.01436
293,0.01382,0.02092,0.04701,0.02469,0.16699,0.01277,0.04130,0.04339,0.05626,0.01242,0.03509,0.04896,0.02036,0.03884,0.00309,0.01200,0.02001,0.01106,0.32248,0.04450,0.00403
294,0.01151,0.02490,0.03537,0.02160,0.25611,0.00721,0.06948,0.03745,0.03741,0.01956,0.03132,0.03475,0.01931,0.03587,0.01093,0.02562,0.02595,0.01480,0.02144,0.24027,0.01918
295,0.02258,0.07304,0.00648,0.09163,0.08213,0.00132,0.05167,0.05757,0.02574,0.06552,0.08429,0.04353,0.00127,0.08516,0.03880,0.02552,0.07817,0.07326,0.04835,0.03995,0.00400
296,0.03527,0.03999,0.30012,0.03539,0.06072,0.00589,0.04486,0.05069,0.05025,0.01637,0.04457,0.01136,0.02346,0.03976,0.01038,0.01577,0.02749,0.03025,0.02375,0.10217,0.03147
297,0.08454,0.03253,0.06442,0.07526,0.01816,0.04875,0.04098,0.03846,0.04714,0.03226,0.06004,0.05697,0.07046,0.09763,0.04130,0.03921,0.07105,0.04724,0.01089,0.01619,0.00652
298,0.06595,0.03495,0.01822,0.04146,0.02880,0.02507,0.19571,0.03158,0.05053,0.00902,0.02602,0.18019,0.00902,0.04472,0.03399,0.08777,0.03812,0.01162,0.02196,0.01900,0.02632
299,0.10500,0.03100,0.03945,0.03223,0.03529,0.01440,0.16626,0.03233,0.06126,0.00759,0.04874,0.11467,0.04093,0.09685,0.00559,0.01391,0.02021,0.02530,0.06137,0.01561,0.03201
300,0.01732,0.03113,0.04238,0.03780,0.05571,0.02772,0.02696,0.03434,0.03439,0.00628,0.03415,0.03714,0.42723,0.02249,0.00966,0.03420,0.01464,0.01915,0.03487,0.03475,0.01769
301,0.01596,0.02702,0.01958,0.03734,0.02917,0.01015,0.03004,0.02731,0.03774,0.01263,0.04174,0.02502,0.01651,0.03360,0.01006,0.01627,0.01578,0.01535,0.04377,0.50279,0.03217
302,0.01983,0.03700,0.04268,0.03847,0.04339,0.03637,0.03745,0.03002,0.05498,0.01097,0.02300,0.04495,0.01886,0.02907,0.38382,0.03290,0.01700,0.01553,0.02134,0.04033,0.02203
303,0.00250,0.04162,0.04199,0.03837,0.04949,0.01808,0.03824,0.05416,0.04364,0.01245,0.03432,0.03507,0.01739,0.03158,0.01096,0.01050,0.35819,0.03432,0.06173,0.03568,0.02972
304,0.02165,0.04742,0.07411,0.03422,0.04813,0.00997,0.04184,0.07171,0.03628,0.01426,0.03941,0.05415,0.02316,0.03314,0.02035,0.01428,0.01928,0.01993,0.33932,0.03299,0.00440
305,0.28295,0.03724,0.04025,0.02333,0.04530,0.09509,0.02488,0.03110,0.04281,0.01301,0.06201,0.02676,0.00606,0.04031,0.01046,0.01023,0.02956,0.01923,0.07070,0.03526,0.05348
306,0.01560,0.01125,0.02434,0.03917,0.02501,0.01171,0.00472,0.04861,0.07252,0.01997,0.07524,0.02538,0.01980,0.06642,0.01669,0.01151,0.01858,0.01743,0.03128,0.42889,0.01587
307,0.01986,0.04748,0.04673,0.03901,0.03337,0.01225,0.32348,0.06806,0.04408,0.01030,0.04426,0.06609,0.01321,0.01628,0.00334,0.01166,0.02088,0.01809,0.03270,0.10075,0.02810
308,0.00914,0.03174,0.02870,0.00878,0.06366,0.47033,0.03406,0.04903,0.03746,0.01351,0.03289,0.03558,0.01830,0.03497,0.00631,0.01097,0.01703,0.01051,0.01781,0.04470,0.02453
309,0.04243,0.05133,0.05656,0.04135,0.03935,0.00402,0.01887,0.02343,0.03095,0.01638,0.03007,0.00766,0.01159,0.03082,0.01101,0.47338,0.00867,0.03066,0.02837,0.02619,0.01691
310,0.01582,0.00795,0.02533,0.04226,0.11417,0.01722,0.01091,0.03383,0.06387,0.01822,0.06489,0.02707,0.00953,0.07777,0.01544,0.01116,0.01402,0.01335,0.03402,0.36397,0.01920
311,0.02622,0.05408,0.09704,0.29003,0.02310,0.03092,0.04286,0.04301,0.01629,0.01389,0.04402,0.03677,0.03335,0.06667,0.01367,0.02008,0.05103,0.01072,0.04192,0.02088,0.02347
312,0.28277,0.02747,0.01582,0.02663,0.03501,0.00551,0.09596,0.03372,0.05100,0.01398,0.05418,0.03103,0.00673,0.03781,0.01107,0.13054,0.00562,0.02684,0.03573,0.02126,0.05132
313,0.09009,0.07134,0.06136,0.05067,0.01631,0.01879,0.05218,0.03091,0.07841,0.01068,0.06553,0.04272,0.09574,0.05538,0.03873,0.05566,0.07702,0.04328,0.01870,0.01618,0.01034
314,0.09734,0.03390,0.01356,0.01008,0.01211,0.01453,0.02015,0.01140,0.00799,0.00572,0.01607,0.01227,0.19956,0.01414,0.00435,0.27270,0.21494,0.01060,0.01139,0.01172,0.00548
315,0.09358,0.03228,0.02003,0.30355,0.02429,0.02172,0.01135,0.01190,0.01316,0.00245,0.06426,0.02918,0.00417,0.13790,0.02772,0.14095,0.02430,0.00887,0.01003,0.01381,0.00450
316,0.01130,0.01958,0.01774,0.09514,0.02475,0.55463,0.01982,0.03506,0.02589,0.00741,0.02421,0.02228,0.01029,0.01896,0.03387,0.00805,0.01089,0.01021,0.01632,0.02097,0.01264
317,0.01079,0.03772,0.03171,0.02604,0.02634,0.00962,0.02049,0.03110,0.03520,0.04706,0.02370,0.02785,0.00357,0.02880,0.00968,0.50712,0.04703,0.01542,0.02256,0.02270,0.01552
318,0.33076,0.12172,0.01791,0.02297,0.02608,0.00975,0.01945,0.02233,0.01704,0.00653,0.01511,0.06187,0.00802,0.01847,0.00441,0.23182,0.00764,0.01663,0.01126,0.01876,0.01148
319,0.05437,0.16984,0.01408,0.00944,0.02822,0.00335,0.01791,0.03934,0.01013,0.06343,0.06384,0.01349,0.00366,0.01006,0.00386,0.13938,0.21603,0.11234,0.01154,0.00903,0.00668
320,0.01025,0.02378,0.02709,0.03286,0.01135,0.01297,0.02389,0.03382,0.03092,0.00950,0.03776,0.01737,0.01817,0.04149,0.00933,0.41984,0.15342,0.01872,0.03255,0.01685,0.01805
321,0.05143,0.10201,0.00896,0.00729,0.04212,0.00321,0.03053,0.03803,0.01248,0.17834,0.29117,0.00821,0.00092,0.04943,0.00718,0.01547,0.02115,0.05530,0.05543,0.01690,0.00445
322,0.00449,0.18866,0.01828,0.01480,0.02486,0.01293,0.02849,0.04614,0.01839,0.05618,0.00658,0.02413,0.00817,0.01751,0.00795,0.00719,0.01469,0.44865,0.01800,0.02130,0.01262
323,0.01683,0.03354,0.02826,0.07512,0.03722,0.02960,0.01580,0.02405,0.03498,0.01125,0.04453,0.39336,0.00877,0.03467,0.01860,0.02870,0.01287,0.01628,0.07066,0.03230,0.03263
324,0.07477,0.02806,0.02335,0.00951,0.03435,0.50942,0.02494,0.03061,0.01949,0.00845,0.02494,0.02456,0.01591,0.03075,0.00355,0.03480,0.02014,0.01822,0.03036,0.02131,0.01250
325,0.06145,0.17218,0.01295,0.01760,0.05865,0.00393,0.01218,0.10699,0.01671,0.11629,0.07598,0.01106,0.00428,0.02110,0.00494,0.00473,0.09518,0.16824,0.01388,0.01128,0.01039
326,0.19971,0.17314,0.00904,0.00762,0.00826,0.00186,0.01532,0.01340,0.00811,0.01064,0.02625,0.00466,0.00387,0.01001,0.00316,0.09863,0.27285,0.11429,0.00754,0.00596,0.00568
327,0.00864,0.01591,0.01974,0.02717,0.02703,0.04820,0.01391,0.01612,0.29200,0.00734,0.02356,0.01130,0.00690,0.01980,0.38634,0.00615,0.00650,0.01193,0.01948,0.01472,0.01724
328,0.00600,0.00938,0.00980,0.01235,0.25603,0.00702,0.02966,0.04640,0.01469,0.29882,0.17289,0.00576,0.00089,0.00804,0.00449,0.00431,0.01715,0.00566,0.04039,0.04038,0.00992
329,0.00888,0.04675,0.01996,0.02091,0.02180,0.01191,0.00694,0.10622,0.01707,0.57152,0.01944,0.01294,0.02884,0.01189,0.00908,0.00511,0.00542,0.03341,0.01748,0.01352,0.01091
330,0.01565,0.01906,0.01686,0.02371,0.01637,0.01425,0.00887,0.01777,0.02816,0.00426,0.01926,0.01510,0.03098,0.01966,0.00726,0.40642,0.27440,0.01107,0.02630,0.01225,0.01236
331,0.01546,0.02723,0.04770,0.06434,0.02988,0.01619,0.03366,0.02654,0.49637,0.01047,0.01618,0.01649,0.02781,0.02078,0.02916,0.00974,0.02204,0.02004,0.03616,0.02420,0.00958
332,0.00994,0.02022,0.02588,0.04704,0.03182,0.01564,0.01929,0.02299,0.03006,0.01268,0.02807,0.01967,0.58579,0.02116,0.00690,0.00561,0.00956,0.01469,0.03206,0.02258,0.01834
333,0.01061,0.01368,0.02467,0.02905,0.02285,0.03792,0.01929,0.02504,0.02037,0.00584,0.02003,0.01916,0.00896,0.01853,0.00329,0.00662,0.00940,0.01186,0.66155,0.02346,0.00784
334,0.01023,0.02271,0.52439,0.06706,0.02026,0.00329,0.00899,0.01992,0.04290,0.00947,0.04539,0.04986,0.00583,0.03069,0.00993,0.00608,0.00669,0.03392,0.04012,0.01430,0.02798
335,0.00402,0.43679,0.00905,0.01270,0.01517,0.02100,0.01143,0.01271,0.01676,0.02139,0.12599,0.01048,0.00564,0.01280,0.00405,0.00595,0.00872,0.23042,0.01305,0.01247,0.00939
336,0.02533,0.14787,0.01183,0.01071,0.01680,0.02238,0.01265,0.19225,0.01410,0.03537,0.05987,0.01268,0.00406,0.01160,0.00469,0.00718,0.00437,0.36854,0.01751,0.01105,0.00915
337,0.04987,0.00525,0.01434,0.05658,0.00330,0.03716,0.04249,0.03704,0.00260,0.01219,0.10406,0.04767,0.14536,0.12799,0.00094,0.07534,0.07621,0.03323,0.04709,0.07910,0.00219
