site,A,C,D,E,F,G,H,I,K,L,M,N,P,Q,R,S,T,V,W,Y,*
225,0.3385721197664069,0.2219099424577674,0.012951052889495586,0.011718588495512315,0.015000916121227025,0.028496565111370446,0.0163891666017071,0.07799292956077937,0.02284109540468023,0.004970583329404917,0.02883314203008964,0.02266351977593233,0.017464426531918046,0.013102652783150766,0.0036159418251886974,0.009443784730063234,0.021296326897288054,0.09877210995403855,0.009106697345140484,0.017308494166502486,0.007549944222336448
226,0.006934495523254016,0.010794657164723198,0.02130207570753237,0.02962771659990122,0.013020055499155678,0.0028964779752830238,0.029939573189887454,0.01713437014209865,0.5569565088878713,0.010517769486400418,0.010293109904734523,0.03635789782319844,0.012547073768717542,0.026552098667640273,0.14547370718588368,0.005097708475090138,0.01568388864637363,0.012439461309745487,0.006039136810983603,0.023610412243977728,0.0067818049875477465
227,0.050035368472447,0.22586401707073045,0.009377678346648035,0.007413435775535879,0.007223549553042945,0.006176830401856181,0.01156517562669284,0.01386006552855827,0.012328104959640188,0.0026369967192362855,0.008789870067557477,0.14374168086513203,0.008714686141435413,0.00819669967306797,0.0017906282315093003,0.1734993683670908,0.23426555563559384,0.05668948412910144,0.00409105716525968,0.009413808787163205,0.004325938482700729
228,0.008385496002538122,0.01211705461879734,0.041354652879068116,0.015417600918274009,0.01281551080595609,0.003574308871918725,0.03489845819069518,0.02636595289197011,0.0252941806893201,0.005931553671438834,0.017251766159038538,0.6243465155454242,0.047845136257851806,0.04503195560813955,0.005994978453617305,0.013974462172500215,0.0205549051583001,0.005644672992262469,0.010405481159912544,0.012403653802787469,0.01039170315018927
229,0.024660050941435748,0.11033312436036764,0.0014555371846575215,0.00114640436920573,0.0010086055958351363,0.000316768674747648,0.0018337121889602538,0.10152693991688912,0.0018309424295747192,0.1913097153802654,0.24189772061046177,0.0072110849281410705,0.02311017251137323,0.0018145611822306667,0.0004143463744680411,0.009238546058208561,0.21845011535291106,0.059395274421132876,0.0007593485530754699,0.0014148642112303859,0.0008721647548278937
230,0.011671604889324935,0.01618800161588527,0.024213768551137656,0.017511262889370997,0.02184376476140035,0.004561953251914333,0.033092267001793664,0.36346369747751944,0.034177543355671414,0.00570275741516667,0.013994137785688534,0.03127584905250894,0.010518476829979915,0.022838212420488353,0.006016839457323765,0.007177668507984128,0.028393122891008708,0.30138581639204487,0.012747574785530126,0.02109179160103546,0.012133889067222346
231,0.01111753105607636,0.023671922966526288,0.018373407477307212,0.014093066631847282,0.02714194740820468,0.02122692733486301,0.02448302796015199,0.025827848619967588,0.2711806983518075,0.007655044479875824,0.018436081337125373,0.06017842275760472,0.01043114037270441,0.0314789883330202,0.3456567601910991,0.010431133104878193,0.031787501744026045,0.0078063223407341545,0.011302994521087071,0.017101049071581984,0.010618183939511085
232,0.03373571355860323,0.10325932474305088,0.011514543457262614,0.008994580071595062,0.01030218669977385,0.1931091678168899,0.016768135338265756,0.03664057832848854,0.010628739113956622,0.0550407907385185,0.09457542954480054,0.05475806100265212,0.0036822379292431174,0.011160454541777956,0.002341246362873304,0.14047157285282455,0.145835276719692,0.04445112892676811,0.004472343609293429,0.013781662811836131,0.004476825831833827
233,0.09348735979201067,0.11666836628237105,0.023240988424387005,0.004014091006581872,0.02462449786823188,0.0010240764285755369,0.022273295517661232,0.2693948576715568,0.012885413620399223,0.004670122592757844,0.010285738045664758,0.02335531236400643,0.00700218830554529,0.015950637158032247,0.002841398399259934,0.04432206680536263,0.13334824706062015,0.13895715682317514,0.006019529916484139,0.039594659450008264,0.006039996467307969
234,0.11237474987597895,0.21904077631221405,0.005836817768309504,0.00946469357325478,0.019246715226375295,0.015018755174409015,0.013493280390573742,0.014563934587057964,0.018627522699779273,0.004755399393774694,0.023080899529854256,0.031465197648521015,0.0029417111172544454,0.025349614594042807,0.004508549132988412,0.2409250219797762,0.18184798575731298,0.032668496613380026,0.006422024058349632,0.01255015517472619,0.005817699392066725
235,0.022688438982919,0.06117985984660787,0.01396680106202919,0.017169979891320505,0.02634116172434679,0.01165657958907159,0.02103416730077062,0.19880299345058905,0.0232144540856843,0.055134242956830164,0.04471617730811731,0.013507246958376538,0.005050594970080559,0.02584484107400069,0.0044144226297182084,0.0608600572174473,0.16614830376799242,0.17689557543648005,0.01610069767138541,0.02102308292333478,0.01425032115289769
236,0.036358076879228866,0.11688078624870914,0.007513107883289194,0.006131530746114988,0.011348146408426981,0.0018905980092122241,0.010470540638967197,0.01044264812873887,0.009998116131869591,0.31649799779326554,0.12543803534258507,0.022742429902384204,0.00524238499154377,0.07483338976458463,0.0023121807872784035,0.07171450838353473,0.0851524797200534,0.06354872007294164,0.005121208789511288,0.011753302242037725,0.004609811135722592
237,0.1816103747232577,0.019151039711999687,0.018214199490172736,0.010040951998323475,0.0269115426356016,0.1591426904701546,0.027448803025707055,0.02000233346545105,0.01389295120563587,0.0070446388293354785,0.012692567247171509,0.030594388116804264,0.011196540475028724,0.01724451035992165,0.003952843734531507,0.26266347702961174,0.135250020507279,0.005081939486328224,0.00508777498243772,0.024756554435230022,0.00801985807001638
238,0.1072395311100763,0.03552831963788026,0.04113513556277139,0.0037837467939840492,0.0260255702391511,0.15773565709912554,0.03347869139617369,0.11909083832167161,0.04142727503842699,0.024299009139053262,0.01911921712481512,0.03144661769821152,0.007137446064986304,0.09779317119780077,0.017638923232421062,0.11137926164723715,0.05286398486086893,0.03947979974045239,0.004274761613288523,0.027590461235902457,0.001532581245701596
239,0.014954257159448108,0.1160873185294532,0.021553433805812386,0.023626778659618267,0.2112071603848209,0.00680009635559159,0.025290356553840782,0.12389737474591106,0.025805220935620987,0.10907176671315126,0.04818418136133585,0.02307015726880261,0.0019877404961482375,0.017118677396324413,0.003624538677888219,0.01062308910117289,0.02625230416041267,0.15003355900151377,0.015575464873136595,0.0168016318898334,0.008434891930162858
240,0.013569531868738384,0.02101782245004914,0.01687367153310437,0.04176990268134318,0.014248810862839939,0.006320192718216634,0.011380019912986485,0.09946672900543997,0.08015272979656742,0.2858223678438003,0.18580127370137892,0.02244899209070113,0.030328502981926048,0.030076404736482543,0.004525580520653528,0.00921082877100504,0.02181016274057454,0.007387705657604313,0.0442022697924044,0.025127563878054593,0.02845893645612921
241,0.022390432696669165,0.10337414869957562,0.055636644606806666,0.04302994621540485,0.07741714380094128,0.003310884922640888,0.06152331691610815,0.04290488459735994,0.022650384548536375,0.1515299443315469,0.07166762114057997,0.09113483189243397,0.0018675023337353183,0.016349327235831695,0.005837604607875105,0.02786098336304585,0.043125505705915494,0.03418289590848946,0.018813634687886615,0.09391607331169755,0.011476288476919116
242,0.04730327585815431,0.04132237780196122,0.014269381207716194,0.006372588431119205,0.06408487466746109,0.07121133040630796,0.06199048763982348,0.04595118976844531,0.045874369303243234,0.0620502088323469,0.0875194035441779,0.06813226292321771,0.018372406584357095,0.09211379108582744,0.00868338210195586,0.032590453995111096,0.09935137986756672,0.026068805925248753,0.03350216675296449,0.0412007775185722,0.032035085784421824
243,0.025945500759988055,0.008634145922736564,0.03730577372388469,0.09615666673563004,0.07574974614404968,0.002928360669620813,0.004471588491214941,0.08013943899498478,0.08330590589128992,0.014835544799533279,0.09615666673563004,0.08377704726063256,0.006913292051349319,0.048012347180529304,0.09636358301852573,0.00848384098110319,0.018975629967599838,0.044260285611467366,0.03897535888583115,0.06089263747051941,0.06771663870387927
244,0.12015077324107631,0.058715820856683726,0.047623299362428435,0.008459675134616153,0.07727344184158026,0.004105664920814322,0.04578655318914587,0.10754284182189926,0.008075189631110813,0.05146353388713151,0.09314951744722866,0.06105156061690566,0.006967327129946706,0.0638269496538754,0.0038813175058587807,0.0237335066253114,0.0447348727793283,0.09108526929557838,0.006578833751122014,0.07121977366843243,0.004574277639925611
245,0.035993299316148954,0.1365670601051845,0.13998724220711037,0.08094023805314404,0.04213933061518591,0.029883847990164122,0.05093156740293584,0.08833729705323808,0.03551535880442263,0.042774505925915716,0.03691709654631416,0.022308494522711154,0.014189769533868841,0.03892435567629334,0.0046719811149403875,0.04585146502975052,0.05657421188776474,0.026750363438825905,0.013897854587354186,0.04402038874308078,0.012824271445645847
246,0.08053644218308256,0.04359666626275105,0.011077267626194891,0.002997302024393113,0.02489100473941609,0.09949774498595271,0.0491703883898168,0.03710615283303937,0.02519055428315319,0.028610680422664406,0.15547072739728343,0.12246867146939223,0.024861248346680076,0.06085087750979739,0.01664217773847335,0.05681716651054356,0.05668598871353999,0.03739538392783285,0.014473792836726266,0.04017941509824171,0.011480346701024982
247,0.10635902418450748,0.056700554617529576,0.0066292695331220215,0.05544886266205209,0.02422828119842661,0.04419227068206919,0.034797943911087925,0.028909316224728535,0.04791396480065455,0.04022219748363391,0.05812622185140914,0.06356890978211144,0.09683403173677856,0.06934414733194406,0.03167343138374567,0.05048763162239641,0.07397724307684489,0.034430496455453735,0.027763963801270233,0.016365857268818514,0.03202638039141547
248,0.051567680977199735,0.05775217647333681,0.06670633706827371,0.027765576199070042,0.05492278586386743,0.04622108306970955,0.0639749878689039,0.061482820585056025,0.029990871325781595,0.03704253172297527,0.020015112229031476,0.06552869924556304,0.026842693590606998,0.03578642298159931,0.0667839456253968,0.05563238199459434,0.04248733677983346,0.0752901735079994,0.027881534908707914,0.06670633706827371,0.019618510914219494
249,0.03568661522568522,0.07815863966359912,0.09982842936591214,0.0212449555540694,0.0843303448880491,0.0060826434772708075,0.08605030712502854,0.0799495711949786,0.05570980666864262,0.01713085070646588,0.01300233355739113,0.05396088157649501,0.051750118768548826,0.032368459014496274,0.10007641146176338,0.026100305254191936,0.020560540934087306,0.013585879064948361,0.011159930892381357,0.09574860919673088,0.01751436640926411
250,0.12191380799570702,0.04266054699760944,0.03966050425376887,0.016992548334440808,0.029022405590770517,0.12222501869542036,0.03528167853021528,0.036392011446367084,0.03654678588882087,0.011400666551324413,0.03611474807824044,0.07968249246637014,0.10087889195983223,0.06482060415848533,0.018023862205105934,0.08550094519851724,0.05394116643595714,0.034840620932398966,0.011928121688542728,0.016351918514387973,0.0058206540777171805
251,0.05704593681417156,0.12517618979178868,0.011514883867406242,0.032121775013157515,0.05066777580982849,0.013483450635144813,0.01943009431612078,0.055074104835319215,0.012354513890477365,0.03505493499867522,0.06717369258455823,0.055093507741779485,0.040630724182029024,0.11405081192833211,0.005925691388293315,0.0875918341715113,0.10325597333885639,0.07545499095270992,0.00900232057176947,0.025596376921191797,0.004300416246879089
252,0.019874085454549977,0.03694593154908563,0.04811217943679733,0.030823090123937007,0.07377040821010515,0.008683490854358643,0.0557298865431042,0.044942417343599265,0.25663631556740224,0.01973654628893717,0.044329609062673386,0.03025802262474733,0.034826238001877195,0.034183783094398026,0.07311807547458958,0.01641575360079865,0.04019618966950767,0.014372121275283688,0.02589658349724282,0.06430063425909553,0.026848638067909616
253,0.10660199955705461,0.04312260623047179,0.02406527714849076,0.012213496836941356,0.11995142696811785,0.049688147914120684,0.05998560160764906,0.08145970409739618,0.016981653843096505,0.04131297525729413,0.045288148779372046,0.029026420669810243,0.016364227546778274,0.020166149747844433,0.006677817764398457,0.017815894467228973,0.015754033082311946,0.1091064741115783,0.04413936526380615,0.1362498076113897,0.004028771494848554
254,0.009321715651442526,0.025409869891198877,0.12039580340736568,0.29906588872998924,0.05283857895101359,0.009756813946522098,0.05512478675027919,0.06309834466140563,0.06346418088890494,0.01858461248688544,0.03703377704120437,0.05096347196166775,0.01774263343981349,0.029287820430580244,0.009100776929161227,0.015536428979277464,0.030440654241382648,0.019481888303452835,0.019608120173826262,0.03432395561352948,0.019419877521096977
255,0.07675880175675391,0.03823599463682084,0.12957046232520233,0.1440812813134757,0.012679247455458863,0.009557729193025204,0.017596703621351194,0.05328192986543339,0.019310458440550966,0.03838080528871803,0.059838110131112066,0.05086260526880556,0.08633793837606867,0.0917724944731953,0.009542984029877808,0.037896034225380154,0.06112319957359954,0.043773327227331356,0.005282235944382111,0.009948536241106766,0.004169120612350291
256,0.01720967655169283,0.06006654911850259,0.3234148448949628,0.01817575402265141,0.048881446941070876,0.008517942562765614,0.05616347305977024,0.06913837023054352,0.03177532453059649,0.015469496345833743,0.040432259717122915,0.017385713293855944,0.0695727737977914,0.0487993159142395,0.01659059902075422,0.018290407525155535,0.02556859129646634,0.02162234644292585,0.023165911013644094,0.0518679171132807,0.017891286606373416
257,0.09441050742657543,0.0794441437758826,0.0167923301316478,0.026313562149141313,0.016487069832759604,0.002984141143966257,0.030025945939491594,0.205349770348732,0.009475717925939662,0.06896487347869722,0.06238845624620005,0.020470392404944342,0.056746602951255935,0.012887979648458113,0.003232367980529145,0.010736708548570251,0.10019516192310075,0.1493986548380586,0.0076646167214232475,0.019644470625558425,0.006386525959067704
258,0.026048829698495073,0.03763646642030307,0.06414544530237005,0.04647672854580694,0.024813778866387613,0.025251404700079652,0.028300613400951292,0.0262236581187902,0.03711926399869078,0.08034198421175184,0.053804835024450076,0.23464807698476123,0.00622492115566936,0.05304513494799364,0.01660657595053452,0.1151036734460849,0.04018555782610574,0.02921643546658872,0.021862128394713257,0.024576644648768752,0.008367842890703326
259,0.015303865685872352,0.027322718385261065,0.02351751588297404,0.026584831116569008,0.027179602412082154,0.008562735801227643,0.020729191926176737,0.04182568667971564,0.03652483923880184,0.39646373984899963,0.10049025099127777,0.06172995988871408,0.005132498902027854,0.02880455055656246,0.006899438149631569,0.00986441400476635,0.0180689609280596,0.02432975137007619,0.03341758598463935,0.0660647124627875,0.02118314978377725
260,0.01005746900750232,0.02171952604847671,0.031156138664973198,0.03801271061863002,0.04895881688337602,0.31566645171373914,0.051598783494096655,0.04014548448053902,0.04167198620261219,0.017877510210511406,0.05482215438722161,0.04014548448053902,0.02204600245200967,0.07152858299559854,0.008907466091037946,0.018847889331628336,0.020905710474748648,0.03364749869193991,0.021237469668972584,0.04795334675988241,0.04309351734196457
261,0.07762155810048565,0.08815226852091897,0.008589222313802406,0.024897247880395403,0.012823271013439115,0.047578599167888265,0.025741226904899186,0.0787558255255575,0.008295524106698838,0.022410797686169062,0.03983694713439354,0.05430256545144238,0.006817236506593581,0.033972113370448635,0.003281261294604076,0.08426329159626704,0.20687569739207531,0.1413510199557051,0.016686304052748163,0.012752521291718067,0.0049955007337497475
262,0.005120674155775597,0.03705426581566399,0.011521871000139058,0.010015054280071363,0.11469007485441927,0.11493236593686616,0.11239430262993551,0.07653415387193942,0.059585799622331105,0.029448759292871288,0.04514229509515454,0.051954711647879404,0.030471924275802836,0.05262538620782281,0.004656750244856407,0.011350906256842047,0.033252817732471344,0.005699848366093216,0.03373616218880762,0.06991489701254107,0.08989697951171592
263,0.027123002650685835,0.07480864041131484,0.06927852578431318,0.02519656185453654,0.10272806052653417,0.009074323412999498,0.03213194849699019,0.015538512224490458,0.025189230652621002,0.013313364603604142,0.03242905082030061,0.047452442395745066,0.014769802177000508,0.03842251716899394,0.008774805912496244,0.0497371155203446,0.3032026210491024,0.01835673941360855,0.02526915103639879,0.05153201501731566,0.015671568870603888
264,0.02109505545798256,0.04507613283240947,0.059171759737499253,0.05432587081111715,0.04630513941999867,0.014625055884378199,0.03039194954474754,0.04883706372490627,0.044989022379172294,0.018684255304005606,0.05326349412889255,0.0850271241373573,0.015743673184025354,0.03168836359168844,0.2971702216047103,0.013460456646297672,0.016539663156311987,0.01789951641241928,0.026566888573658836,0.05064464441032274,0.008494649058098557
265,0.3355299573170809,0.021206318819044778,0.03022065965274919,0.017708989536313762,0.027324151303676953,0.00591673537858373,0.0337467677585486,0.03586766651880671,0.0361620522939692,0.008369632671723146,0.040494623061823366,0.04141402255512073,0.015664495029043282,0.02879846787730803,0.0075902508326394875,0.18057119762007615,0.036450724679930664,0.009688702203720194,0.021616114314313293,0.043874278042609564,0.021784192532918304
266,0.00544911574123591,0.05932376640744801,0.06519396563542461,0.011089265070140908,0.13306943110109068,0.004116783732288042,0.12403441002617466,0.07703738849808954,0.019303556707982252,0.007958626606106023,0.0063864985120793616,0.08036195208331841,0.013615632078378693,0.0496747108639361,0.008470171556059385,0.015636734866238945,0.021651093597532825,0.18757657461406943,0.02051323573747032,0.0666397937817295,0.02289729278320643
267,0.07138767040297946,0.2691884594895447,0.012789414762462129,0.007378950056015792,0.012055623871967625,0.005543029685703588,0.028555196736748046,0.03157644627695077,0.014507971266082572,0.005491405171780155,0.011637540069925794,0.03061096698115379,0.005461837510241661,0.010009333049253208,0.003837334753070777,0.3904579117323171,0.03671607796370626,0.010891729902903864,0.012167282672612238,0.02298957635330204,0.006746241291278411
268,0.005193462507484799,0.028923539896472835,0.007456845486745086,0.00796842493517928,0.04342317526659445,0.003183845479416732,0.012840740461675737,0.037357260600700916,0.009045923277690307,0.01419159699307494,0.029983747544050587,0.4246271590270234,0.005076778641280001,0.011146445194444623,0.0024039670928866896,0.10571729332208175,0.13920664997397855,0.03885088869843071,0.006740913458905421,0.06175103606487096,0.004910306077012142
269,0.03849545377269877,0.02561568976853347,0.05374262025708696,0.011347937918169577,0.07744899147212526,0.05742955175836876,0.09636724728912709,0.014702089133029927,0.024037889931346607,0.01691953709087161,0.015442531165130747,0.0516550850280762,0.0015598768395010808,0.025916106048756677,0.019406660326565253,0.06028531720575817,0.13373772460561165,0.01713283908575385,0.15875023295920962,0.09882402558622529,0.0011825927580534636
270,0.10754919482233226,0.021006326498037936,0.0077101611145364525,0.01153703562420045,0.014935505712381135,0.01072447351823118,0.031010810217356476,0.021170981781951596,0.24074547584578132,0.006905106999598623,0.011803214214411264,0.018804305201517556,0.2156255763880397,0.019435638837710024,0.04574972530534536,0.04391078433724658,0.028729033377647165,0.01518950772553067,0.061602148788473525,0.01364617485557121,0.05220881883409956
271,0.016105121008175807,0.10258018536293116,0.08384649130441015,0.20299159306654738,0.08058951166998281,0.015114581618990966,0.04772751077113837,0.040563832016042765,0.022169182107871343,0.011142842447647286,0.043361850518764226,0.06868242542552117,0.01254683827648003,0.026972288862440325,0.012145021194206148,0.01359020345228277,0.021702239384025223,0.024019407153429834,0.04461487231026858,0.08791375914861758,0.0216202429002261
272,0.020616293458143937,0.0505737956278657,0.02038089879364591,0.05064458099235686,0.024713724192655256,0.0007398099645398087,0.05079133420610046,0.09790258088834151,0.10889577489333276,0.04707357044783977,0.07535194131155636,0.0696641050755669,0.0012736024510129115,0.08514959887296102,0.08566529581682392,0.04384454120732099,0.044826759435823045,0.0864634920944319,0.006766961595458462,0.026450583908246936,0.0022107547659755656
273,0.03870735084950681,0.0335519662485056,0.05244281998961333,0.0447648522687058,0.04121478081765222,0.010071784811465796,0.07856028571801697,0.042024965828315414,0.054346054919431654,0.014602463661395294,0.040790150848017646,0.0677063035255805,0.2811489797119585,0.03425134036091622,0.009921022467070455,0.006949699113197497,0.03246782069116535,0.014339605307048602,0.025660480395918717,0.05781024009276756,0.01866703237375012
274,0.02584140898816037,0.0849000924380025,0.21417950623801232,0.026483894687830484,0.019753061337097613,0.005858739062690091,0.01638145224001655,0.04162056426293478,0.03024518358798413,0.013296011880113034,0.05417383872977571,0.24674182679222498,0.015735880139084463,0.06358910460867634,0.019656788850472524,0.03547419702054844,0.018336213261312434,0.014304892095478508,0.01795848550814757,0.016752303067782477,0.018716555203654776
275,0.00647247470256924,0.014238113630858931,0.026225652801898033,0.011725136681067555,0.1429018498599369,0.00416963005063404,0.028618098712928853,0.06431473941844296,0.02087246997682482,0.18613654012655548,0.22270615114344375,0.028421664361346886,0.0068263957577105955,0.015882674792451302,0.004081857444445226,0.004992007195437992,0.003197658899324664,0.02028210320221724,0.07355847706588207,0.10784536699947782,0.0065309371765456155
276,0.0677726442443462,0.04097901272527255,0.055108331216910306,0.02001463360846016,0.0304012393734729,0.0437299457525225,0.05770811590588453,0.03754359557040898,0.0974405827033934,0.0467671820108632,0.04594710934560909,0.0763188781728152,0.026620724499729537,0.0691423230567949,0.06342764845122545,0.06837972233397742,0.06995929231075339,0.030314898958984936,0.013171267723305216,0.02869814647638158,0.010554705558888572
277,0.016869578402153577,0.029217546708897608,0.02743281637862155,0.0660106274237055,0.026414407374774337,0.011240235450572537,0.02327564447112136,0.37065980244752367,0.0598497580571831,0.015002031661556718,0.026892872901758815,0.024602394231169302,0.010538000001910948,0.044544802972000815,0.010374143227373768,0.009013534555295336,0.006164592206766052,0.12730933568502215,0.03287335640250591,0.03257485303334584,0.02913966640674108
278,0.0366173688466658,0.04483234871314559,0.062259582502448126,0.04714708776384963,0.025661456152687296,0.014819056955974968,0.025032032403428283,0.33573888586877615,0.04565226183548021,0.021013284889337753,0.030144540116168395,0.026885541347164584,0.013499925497583042,0.050181303996419235,0.01284250409447509,0.011752448431424693,0.04506512755709378,0.031771674520849565,0.03770704059021995,0.04199557531245138,0.039380952604356506
279,0.03813224608501719,0.03596680596743619,0.040974345268621794,0.044167113054432806,0.035845625429320106,0.31998246794518276,0.034250437798715845,0.03491684110214285,0.043418509177519056,0.011469707531284234,0.048030997160187154,0.04267619802623256,0.01401489302079382,0.04963548104338795,0.024205219833261824,0.04288979197090542,0.016008010294674902,0.01122589063609992,0.03822622760587903,0.05270532634049483,0.02125786470840975
280,0.011416776475997764,0.017104954790280878,0.02035232848741788,0.011904448726683064,0.05963768856179397,0.01579523237189154,0.028685093126233824,0.08748786724742813,0.0755371526227329,0.038659989892524595,0.04840315357994429,0.035871289149317635,0.004896134507660282,0.01509513659842369,0.12985343568574045,0.04192819222850433,0.14440841191901857,0.05983866603295129,0.030435842912335545,0.11547989154507994,0.007208313538039375
281,0.0160125902737386,0.04175774863018627,0.024194699307201816,0.06688212794816323,0.03442634053267738,0.009820538396244093,0.014079502445851782,0.03880541390836583,0.04937724868634252,0.020800972815993034,0.06082015663112251,0.03831517033295654,0.012218417943699536,0.03507692807568629,0.37347480299995134,0.022024951030517742,0.020061290761641048,0.016892044003345024,0.030201676664626545,0.036753673626243516,0.03800370498544537
282,0.011639035777938928,0.015832026017282036,0.020731905648082256,0.01691121555229384,0.01909257185818954,0.006352770388029476,0.03238128936712373,0.28426093298931937,0.02365508990364788,0.22592048066603188,0.016842272219648975,0.0244390541677577,0.010412691040551404,0.04568745832739126,0.0070963414710106185,0.012441216311331061,0.0119544382733045,0.16149743279622444,0.014132871318596958,0.02408048792242437,0.014638417983819818
283,0.08220239953707786,0.027119921130763183,0.19847702678517445,0.16273117975562615,0.01928387162398645,0.02313700336709645,0.05237789117106325,0.028795313094794713,0.019547019249485587,0.019395316394836035,0.03205748325319008,0.0701859852429571,0.005295546924736546,0.07658796041956256,0.007748760737061322,0.06404315303637528,0.05752772336505341,0.006143970992076979,0.014324732315198402,0.021722790500459502,0.011294951103424647
284,0.01169554334821,0.020379112093132715,0.030036566203488185,0.023897077430297536,0.03694934801681941,0.004600750337490409,0.034239652954941545,0.1367464042988415,0.08347235270538217,0.012092333792027324,0.030457537374947097,0.06153886990743409,0.013595417261523995,0.04089645215778282,0.3336886224098002,0.016746611289716606,0.01575486896716298,0.012274843084707374,0.017322810406874597,0.050750800671292146,0.012864025288127301
285,0.004374511305027077,0.008540750051261288,0.008627864986006565,0.023127182109724642,0.008570300567045825,0.0034615692822585046,0.009865730477400273,0.09791943427609606,0.03230517894331298,0.5773307738559826,0.13496350188717102,0.005708522706684126,0.0033128970084931996,0.017830558197458796,0.002942385430209235,0.002752955311508983,0.005437952069741418,0.015515417002366326,0.013584070761586438,0.009169878611947803,0.014658565158716762
286,0.10918911016651628,0.03724921145036215,0.016941484915245605,0.022096067781384718,0.017206432874151634,0.0029586377937914333,0.04606922581855197,0.05268994409990982,0.258110532442586,0.006059088938859831,0.09367260730275113,0.0198423022723692,0.003407791129736886,0.06206052230640514,0.14641638633155543,0.031141006100648908,0.008713965275122875,0.011799841083764527,0.017540849430107346,0.02731743873331001,0.009517553752869126
287,0.07402483236371789,0.02399834705597306,0.05165613860733637,0.06541734134703794,0.03436673288023473,0.06962088793925121,0.05301520554827397,0.023026198573781784,0.04096547870731428,0.0704479862874854,0.08999614666074664,0.057380125810903744,0.004301562458458329,0.08869961624104866,0.026969068233463938,0.05047973836245459,0.062342371577794285,0.031440643385090526,0.021928029228266616,0.046145094016354915,0.013778454715011018
288,0.014008122247922873,0.04481889299502944,0.03850050375397863,0.20919483510364734,0.0362219687069474,0.006298354255383594,0.08156230533427497,0.07448973429581629,0.017706087240241683,0.026412630420777277,0.052910357702262316,0.038820428634522446,0.023970961798191127,0.14380783761981114,0.01020451786259605,0.012823332992634169,0.023083060465239082,0.01371032849745376,0.022013704645048048,0.05757250222653907,0.05186953320168317
289,0.02705607331919824,0.050790407302181366,0.05477368738253532,0.046970517556444186,0.06756793602832627,0.005063804328470459,0.16442732154204034,0.04536648475863,0.09915351833893464,0.011294525878748435,0.03768568035874172,0.057720543892254624,0.0256002269160313,0.0327917563114909,0.017662901279498152,0.015884327658458593,0.022986373265969695,0.01845207423568049,0.029314880530783762,0.11536952033987495,0.05406743877570657
290,0.059827060933635316,0.04987408348674479,0.03128645105635314,0.05267870700471339,0.023278610851879118,0.014132092180629094,0.08783503789071122,0.1004142804175752,0.06105757884407086,0.08871839461188578,0.057995040072689096,0.033693597584753744,0.008858833833489621,0.061353332669375045,0.054830482878367275,0.052667915172349096,0.04147722688039413,0.039971138176273215,0.03769626376480241,0.033011760915406495,0.009342110773901976
291,0.03164475260205035,0.015994613112031698,0.19930421255863498,0.14382264259751967,0.015291759880597848,0.057392085567526285,0.08575153771589338,0.017643564127654696,0.028308615839692342,0.005303939422979864,0.014851522723091226,0.1175094364425463,0.014261651659663416,0.05898201110110126,0.01779792316614466,0.07642421976447898,0.03776774890843837,0.008593677194481243,0.013887507136362533,0.014068557783762441,0.02539802069534851
292,0.062405825824913615,0.02593535099359892,0.1277965679986691,0.02896852092939742,0.02600624045941591,0.08159118722094386,0.03490686186203941,0.023830795671842448,0.036151965417263406,0.011234239975009325,0.01912020583044064,0.04015480871486318,0.009954868309976014,0.05273377212930199,0.012980173740560938,0.18701634600664754,0.15308777511954627,0.01078726636849129,0.012428478694542134,0.028214965487780217,0.014693783244756344
293,0.01285274522375283,0.019508969266027586,0.04436943685713308,0.02276436694418711,0.19259773009771788,0.010223170918565117,0.03851353704182287,0.04025870865053315,0.05233282623537878,0.017761264715000655,0.03262279847803242,0.0459397947062502,0.018931423364817748,0.03595643207947861,0.004728944999731581,0.0111150562095636,0.01842318966443251,0.010258952447886332,0.2996694095749481,0.062436436229414395,0.008734806295325392
294,0.010718525640327319,0.023515117622549028,0.032583831569642244,0.020091744793710894,0.23899556103584052,0.006706949119216917,0.07495617606690347,0.03935277364536913,0.035274599676114106,0.033607069211910034,0.03543768079136627,0.03244501537400764,0.0180902132429771,0.033056562200597654,0.010179919823607542,0.01461074102207193,0.024337517974041416,0.013263476250905312,0.02506055331769559,0.25994547774956084,0.01777049387158502
295,0.03907422419143664,0.07699548458675688,0.01855656736616515,0.10110138887334384,0.06029128921967364,0.00156617424296745,0.051872858083296725,0.074164058672322,0.03181777197271316,0.06316257171631905,0.07315224593884641,0.04862907141853501,0.0017019238749996495,0.06691078119058548,0.04172947953283069,0.035801142399595,0.07548635390878031,0.06306600968489666,0.037859438047600905,0.03320720315840355,0.003853961919931795
296,0.023402894854026916,0.03655143091551783,0.2644118003111028,0.026118043505506075,0.055581504062992525,0.017429314229085845,0.0403978402072918,0.04723703699673947,0.04604236944244324,0.014753312694625627,0.038744115274407805,0.01000165802380968,0.020931551069610966,0.03595213019692799,0.009216083754583763,0.014257425489241448,0.024581107383317365,0.023831506159329635,0.021051917769449566,0.2011875100790601,0.028319447580929524
297,0.09285962403524493,0.03854214448287363,0.04388520021130033,0.06672718168840502,0.016893360075958503,0.03389924962350127,0.03180787385920077,0.05749242219963349,0.04684867241896013,0.03995502792330312,0.05881835433756688,0.0689972134286471,0.05706619029017127,0.09150959740563379,0.05048421672746386,0.047102625066131276,0.06775522187172493,0.04636535703770355,0.00938706450397188,0.016166719606240876,0.01743668320636334
298,0.07721695552475975,0.04333113280226952,0.010513060635658508,0.050902268193715704,0.026611511288936168,0.030776468863790582,0.19581156498608676,0.02473791195446286,0.036916523806830394,0.02442532617380618,0.022745750208406263,0.14166261274150824,0.007042187049880323,0.052301559475978386,0.05470793347477645,0.08446412112785467,0.04953619108241542,0.013512524451299046,0.017092552996174296,0.014970154643271637,0.02072168851811884
299,0.09580110729553182,0.029680389508418285,0.03045895628652467,0.026028393821258336,0.02745704883088418,0.011106980469330072,0.12911034406569893,0.03026885272567516,0.047099199751536265,0.0073590749243267126,0.043324300748201934,0.14504298555756726,0.047062637591569506,0.13446268202705605,0.006065004113687519,0.0554334062590445,0.0238833254279355,0.02760493301015705,0.04870720908915132,0.009316245700048536,0.02472692279639634
300,0.016650356116693184,0.03746367030716452,0.041335365793518306,0.037359949967708146,0.05521353708623655,0.019894743255725978,0.026659911389915733,0.03367348427983422,0.03389569196585442,0.011436556680981378,0.03347932264590233,0.03639965935890132,0.42039950289072386,0.03477173802201386,0.009520123819140398,0.024033631673682925,0.022969856534465205,0.018862322290494386,0.034384692313816946,0.03426335808066321,0.017332525526563097
301,0.015901272302822664,0.03622254494984609,0.019450773130898522,0.037364662277055136,0.028910751121688828,0.010122979191076303,0.034874856365700785,0.027168382175749035,0.03764149783482784,0.012578247377934485,0.04159286725754861,0.02485322781350024,0.016428235606839748,0.03349905947003196,0.009935028165177613,0.013214359592201158,0.015697419730581804,0.015261071915737244,0.04355712069725869,0.4998720315384902,0.025853611485033026
302,0.01983473075645816,0.036941975696319886,0.04334563120975004,0.039134976694534356,0.04409911776672087,0.02769533928477064,0.03778240545301207,0.03014323758437525,0.05139875145322074,0.011087817629042748,0.027666072721928604,0.044877085748712596,0.01909391774033061,0.02911961662712716,0.3877613680429657,0.034543555152715205,0.017588539198777422,0.015686953553252784,0.019231276456190827,0.0405985428197713,0.022369088410023042
303,0.02322781882118093,0.04197228767338693,0.04205020936760251,0.038352338526775796,0.04895524287818118,0.01801424495475105,0.038028611116894255,0.035353392145365745,0.04355908448936946,0.012329237369147603,0.03444480626964037,0.03475110705117885,0.017304097388906026,0.03171607251168262,0.010942221164641996,0.010546160642626133,0.3576963416902874,0.034183542717586654,0.061286037317070864,0.035679860003801515,0.02960728589992209
304,0.021855030314306263,0.03489567158052829,0.07484658498523021,0.03445626021138106,0.0488086379159548,0.011817175741417024,0.04206200020106673,0.07213404043378974,0.03648889715921754,0.017285863488390767,0.03981619621366334,0.0549624410696617,0.02333071329995424,0.03304105259248763,0.020457421366012377,0.014365787301081186,0.019426768168057208,0.020120857390458734,0.3413793344546081,0.03320782493568175,0.005241441177051343
305,0.281265967939869,0.0365537186879309,0.028373484014063626,0.023063967946343383,0.04494105070075324,0.12326258551210893,0.024760903195962334,0.031009344467774178,0.042269037011737155,0.012830751716277683,0.061945388197546025,0.026696744430295516,0.0072912830246866,0.04004483695893801,0.01040512204741592,0.010021272070636663,0.02045138301777476,0.01571625646868621,0.07140875333132872,0.034749190478237074,0.05293895878163401
306,0.015332860187433113,0.01716388297725215,0.02413595908302879,0.03861647075104813,0.024577821870815104,0.011523307153795357,0.0166755166105621,0.04759042182890159,0.07127688584518758,0.01957606027870435,0.07413621434539175,0.024936787323895062,0.019491134237466682,0.06504014074095282,0.016409621894960525,0.011299421550274672,0.018221797832220766,0.017091034669055923,0.030802376030545947,0.4211649522510814,0.014937332537426184
307,0.020461757786983493,0.04873889281116029,0.048128547265152734,0.04027371626367334,0.0344499187747325,0.012679026385155001,0.33424309864789037,0.07103716589710553,0.045528987126808085,0.010667297908484275,0.04577395927886487,0.0831131885050048,0.012467611793987124,0.0160868336211542,0.0034584444020367895,0.012033452315068917,0.02154807139674081,0.018726773656649265,0.033903287329701944,0.05759383762807238,0.02908613120557338
308,0.008891555765952918,0.0312915669515026,0.028332032630299982,0.009682610790931271,0.06255106876270135,0.46352917024072754,0.03353051595770162,0.04749032135399075,0.036894668963315065,0.013270330988598783,0.03219429736848004,0.03514500199087548,0.01808585115586235,0.03448393683513017,0.007752776661778205,0.010817419651146064,0.016793054411695273,0.016658821430439404,0.024281644125636548,0.04410169286450696,0.024221661098727684
309,0.04182192066274959,0.04688831246863013,0.05579177184870924,0.04083176540040385,0.038811667373015134,0.02043065542132253,0.01860801680153135,0.019036073792458582,0.030514665188420696,0.01616323830419972,0.02965341876694849,0.007560027530060347,0.0114354380985488,0.03038783123039972,0.012901766254649236,0.46692450851475015,0.011498477572977181,0.030257933823801975,0.027974212099718124,0.025832455152707642,0.016675843693997505
310,0.014703571983601426,0.025186121503127292,0.021132754338962462,0.0393150444294396,0.15377051320024784,0.01592397931184814,0.021500075640805777,0.03142513520995146,0.05943228823022814,0.01677535428565356,0.060610070526588095,0.021470759938813685,0.008882091682655547,0.07284530416407839,0.014357031914581153,0.008829870893325696,0.012897003417126013,0.012438773446532396,0.031489393933267655,0.33777152932025944,0.01924333262890619
311,0.025903754080807768,0.07234009504277142,0.10710104686803135,0.2684458281569673,0.021484341973259522,0.024290645793402194,0.039617142487275936,0.04151270486874992,0.015366678122584784,0.01490873598740594,0.0412689504529675,0.03428741695906932,0.022466941625895586,0.05918759428955448,0.012593302748579465,0.02195782573191543,0.03744377727317295,0.012448064970926495,0.0389467005109196,0.02048027822530897,0.06794817383043397
312,0.2744743702132855,0.026587745153060977,0.016231338289444303,0.025905767623999505,0.03393088849004348,0.005348787649151873,0.1028444858354766,0.03277634150453442,0.049569526685735554,0.013523978338017772,0.0525125972006252,0.030293077887501352,0.006167002871355111,0.03683470257614612,0.010737234088578193,0.1493125699166258,0.011439140945499408,0.016229332113530347,0.03473820169732614,0.020668762998276514,0.04987414792178572
313,0.07958049988472211,0.06551337243087396,0.04307921626895525,0.04825799726969187,0.013815037105942922,0.01463813290203015,0.05855442973641752,0.041625189388728674,0.11177607655052253,0.021090469466129982,0.042726246660550915,0.041131570308863656,0.08805525576688195,0.04939352620089086,0.062114516269737186,0.04986633343932952,0.05993528498031799,0.06719598601347604,0.019671663723000457,0.012526163102059314,0.00945303253087714
314,0.0823613133516382,0.03727299778142943,0.015042459670141924,0.01125080808771692,0.012708065675093133,0.014878064336232177,0.01915206233617203,0.012767523373283997,0.009420734891759855,0.005197028733040355,0.013519751566192603,0.013459706004180505,0.16027986385630358,0.013606858191320565,0.004803527365681524,0.29321875155088,0.24054856739731312,0.008608243521899843,0.012653368403785711,0.013100135072262547,0.006150168833671967
315,0.1223177740570766,0.05142199881827034,0.01741882276178706,0.18733880796853344,0.019428327296899073,0.020123430650308787,0.01135991756316714,0.01285591734808073,0.021973710833866136,0.0031127079071368944,0.0608570821246642,0.0338025334224552,0.004123135975354904,0.1505558025427967,0.028035634688556965,0.18395368182294655,0.029044614596491495,0.009084555787374157,0.010932540233016328,0.014461434889886876,0.007797568711330416
316,0.011794571760034756,0.020288111640527486,0.018451897789496585,0.05645406510315316,0.025768731578561754,0.5779136288477483,0.02063201076905055,0.03667799386039407,0.026842533390243558,0.0077328003251920215,0.025228567860406063,0.023180437084423394,0.010725893875630027,0.019804975562680318,0.01942045477760158,0.0083905697143701,0.01135632150491934,0.023966665567808826,0.017018831157145763,0.021836602773426927,0.016514335057185525
