site,A,C,D,E,F,G,H,I,K,L,M,N,P,Q,R,S,T,V,W,Y,*
0,0.011530220685364228,0.004384006932190909,0.022750250135861547,0.019601375165119186,0.01306758344341279,0.022237807846940065,0.004813475904561215,0.016801178712959303,0.24011075351449934,0.008831441270249613,0.015893006890637176,0.026729147952435254,0.013723991894422345,0.023521650198143028,0.5048182594066604,0.005172077588242419,0.011530220685364228,0.0054957126631175295,0.008167239652132993,0.015474769867199355,0.0053458295904870515
1,0.008233555795968042,0.013985420092426383,0.013985420092426383,0.006041519158298171,0.015680622527872005,0.43973635606383,0.1724868478065921,0.016170641981868007,0.011760466895904003,0.005947822338158346,0.011499123187106136,0.02587302717098881,0.12936513585494405,0.03234128396373601,0.0032483099961630917,0.01100979879616545,0.027234765443146115,0.0039428928937713294,0.009408373516723202,0.016170641981868007,0.025877974442044444
2,0.005047869536018815,0.01210883259322754,0.07212532077999907,0.008251325203107679,0.009978346757246495,0.7409811723430308,0.009430085946408777,0.012436780016278242,0.01340840345504998,0.01998071828889494,0.013202120324972288,0.009751566149127257,0.005608743928909796,0.01114464702757401,0.010993407251319707,0.0029702526933099624,0.0075941400099398095,0.009324152936829961,0.0096419979901483,0.011001766937476905,0.005018349831129817
3,0.2048624831249361,0.12469890277170022,0.00874876118068931,0.07323639750636793,0.011168631294496993,0.4477576504801135,0.012498230258127586,0.009209222295462434,0.012803065142472163,0.0035709229308935964,0.014997876309753102,0.013123141771033967,0.005249256708413587,0.01381383344319365,0.0017225628477159976,0.003859747579715873,0.007093590146504848,0.009684619758789035,0.004676980875138032,0.013123141771033967,0.0041009818034481145
4,0.04315028588988185,0.06698455520120773,0.027112796152869798,0.026808157993848787,0.08828306957846728,0.03832485471232724,0.07396015212848417,0.05986505390553651,0.029323773513083802,0.07218648019198853,0.04685984364263807,0.050175005892539766,0.0031041099531658274,0.10899344053453658,0.04731713786008402,0.06653727014426197,0.046400348984070854,0.06165752627657701,0.017825562199207376,0.024879977646162874,0.00025059759905972676
5,0.03988134730576641,0.04393952159256188,0.006118448619199426,0.04364995799248652,0.01969141523222217,0.6406647188104301,0.006610109668956522,0.00961470497302767,0.010141538122234667,0.0024353035622471405,0.008047090031773159,0.009139904727446057,0.003261375695696611,0.009139904727446057,0.033633553519620926,0.08140151966076095,0.004135934541470003,0.0027719007613888577,0.005739009945140549,0.007960562181969147,0.012022178328155038
6,0.036337438401688384,0.041301845188745634,0.1357541549091651,0.19510705705302978,0.033595098218738344,0.021435883598795582,0.02100784388613313,0.023701157204868147,0.001448545723091552,0.020746241359541357,0.06832845586299922,0.019489204569063265,0.003851438045791075,0.10261663955954435,0.002985610888210135,0.09020600806620101,0.03766875533807638,0.03449321093677018,0.048829407208680675,0.05760697931738787,0.0034890246634788954
7,0.07488733673932585,0.041435814008256244,0.010448091762230749,0.009577417448711519,0.014114088871785398,0.0033661216137730867,0.010585566653839048,0.0069122569305576165,0.009692808020382741,0.0030018771107901774,0.011492900938453824,0.009692808020382741,0.02010619016702969,0.010314141867843175,0.0030358606252519535,0.03522476272539574,0.6954501364269358,0.01003523620512456,0.006094720194634603,0.010448091762230749,0.004083771907064811
8,0.023855852164305157,0.2042980066841415,0.0033951025939620125,0.00550006620221846,0.004661073052727508,0.0019841325006295612,0.002925567128839607,0.16816004528393932,0.0041667168198624704,0.23703835698178158,0.0023989670049823857,0.0054811660329891635,0.03610325921557451,0.0028547893427056854,0.0026329021842680625,0.0066438376157444395,0.08204935656744512,0.19895124298368608,0.002546326945471509,0.003235333060128506,0.001117899634597248
9,0.00544151437453995,0.012223691710923074,0.011714371222967946,0.03999067185128831,0.01591386279346589,0.725481626154736,0.014295503865316814,0.01360378593634987,0.02162653148855621,0.003959787455651137,0.01653793584419004,0.020571578733016887,0.0051117256245678325,0.01561916163062393,0.002523503763573697,0.005698883297660083,0.0069705349425924976,0.0038497870761237543,0.007968381913023063,0.01109782536912753,0.039799334951705345
10,0.0594530193197011,0.0908114568995397,0.06977529492716408,0.15291043136489035,0.014094904618553835,0.015122466198627347,0.029984915013998963,0.07365278589891366,0.0015737529278837363,0.03965919240710736,0.03538108710371677,0.04815759078005893,0.0013722701757958517,0.04551881868252145,0.01662069114201665,0.01712821527744364,0.009096205016736664,0.1517933405100446,0.08890632144010881,0.037838107041474875,0.001149133253701489
11,0.03179886686116562,0.020738391431194967,0.008670318148693417,0.0010227922301813787,0.06624763929409505,0.008932265972237534,0.010599622287055207,0.05156573004513345,0.17006574400104735,0.09503109636670186,0.1262169809003428,0.07847834319707388,0.002976377871939531,0.05159361419320055,0.04074756413327303,0.0411192243894383,0.026638475966070725,0.15303204676935955,0.004069741171835686,0.009064423519088573,0.0013907412508717056
12,0.019292274928631496,0.031480317824384464,0.06559373475734707,0.04685266768381935,0.02186457825244903,0.020342286277640072,0.032796867378673544,0.032796867378673544,0.06559373475734707,0.028816062252062763,0.04099608422334192,0.04685266768381935,0.06559373475734707,0.05466144563112257,0.004152478063476554,0.023426333841909674,0.032796867378673544,0.009938444660204103,0.28038846185696925,0.04099608422334192,0.03476800618876561
13,0.030689599589524275,0.024286107721403567,0.01922650194611115,0.066317922137627,0.028839752919166725,0.005767950583833346,0.06591943524380968,0.019160804562292143,0.39500498793225514,0.023017199692143206,0.011254537724552871,0.01012970277214433,0.013571648432549054,0.017286070927640104,0.1583880060565946,0.009613250973055579,0.0292952019243755,0.007955793908735652,0.012143053860701783,0.03845300389222231,0.013679467199262302
14,0.042585602716438936,0.015615952211127165,0.02406124205607095,0.029930575071327067,0.06167512438940121,0.05746570413523839,0.12637353919004762,0.09228593980325843,0.002382507139199384,0.03811384091479851,0.2095140254992894,0.02055837479646708,0.0006882484914819038,0.07242460140716178,0.008480329603542669,0.05503038725264235,0.04972957661065072,0.030974937828459923,0.016883914142799883,0.04418322986719709,0.0010423468733997306
15,0.0712263544859015,0.08253400076460932,0.016145630120566527,0.05527332834067819,0.004947854391786516,0.076926218568015,0.018663799975297272,0.024483748962173653,0.09355304828725425,0.04065570344832619,0.03319988877605671,0.08062465297385464,0.0009640029529005617,0.10426067032104397,0.10992998929340347,0.08465176992933224,0.0559210626571705,0.037518262798150986,0.0011550666012231955,0.006526956857250296,0.0008379894950050636
16,0.0016256970036810955,0.014782161260325034,0.004212033145901021,0.003706589168392898,0.0034967822343329224,0.001519093921472499,0.0041184324093254425,0.18160940976970755,0.003564028046531633,0.15904797960404102,0.158848922684079,0.004752037395375511,0.0011637735971313087,0.14209367037500367,0.0009734224606534629,0.0013627166060268005,0.11254600050474742,0.1923705917439559,0.002471059445595266,0.004309987405108021,0.001425611218612653
17,0.12113196388893224,0.020040214613977758,0.0023535945450318886,0.005932757292544907,0.016379021559501054,0.08159230235690944,0.04866064551768591,0.06717156405920403,0.022595507155191527,0.029082750476382365,0.04111699205281644,0.18285193495350527,0.002512697206254313,0.0877518488399935,0.0442108551407601,0.04301922706676395,0.06588852692403367,0.06932516101928352,0.00873547816506723,0.03697721638451578,0.0026697407816452076
18,0.04346716361928767,0.07205154839066708,0.028820619356266827,0.1176475529148684,0.03979990292055895,0.042669488397589835,0.061385096019794645,0.08454048344504936,0.038527766965482164,0.07879687809756082,0.07580217693703054,0.03952542083145163,0.0016077509041232082,0.06192160539615803,0.012348734879566866,0.03388606154615614,0.050729356013132436,0.0685169441299928,0.024209320259264134,0.023483467623624816,0.0002626613523736972
19,0.021855056819715606,0.1355740161540159,0.004061572152600513,0.0019909667414708394,0.23263736952650965,0.001538474300227467,0.03145148021734527,0.08442315528527661,0.029931925644393106,0.12056815609849765,0.08699792921303375,0.003076948600454934,0.0008829504679566333,0.06884342898210416,0.0004414752339783166,0.011514219759762788,0.0007460510481607278,0.021395517211390137,0.0011538557251706003,0.14038660027723202,0.0005288505407031917
20,0.08836921153350033,0.03678792439152678,0.11007180552067933,0.08175094309228173,0.0024775941259644833,0.09833337870815932,0.05810728798225908,0.047415546993523405,0.005153863803643849,0.03435436671498745,0.004939119478492022,0.0018581955944733624,0.0328080881667708,0.11914609715899732,0.0036393511946783306,0.06352112758219941,0.12227520404348677,0.04840337088922181,0.006173899348115027,0.02634197055195745,0.008071653125081952
21,0.07771608322318455,0.009561133067211559,0.0031250568880738226,0.010471717168850753,0.004376930705838985,0.1802185375575453,0.03498505508684229,0.005235858584425376,0.0028723607757068334,0.051406611556176436,0.1368304376729832,0.06663820016541391,0.058365860224961805,0.013574448181843573,0.0561462282244764,0.07371622365085655,0.14779861293735586,0.0452552832774463,0.01691585081122045,0.0032826980293792388,0.0015068122102068634
22,0.011747122235445613,0.04513589618780538,0.010288329278102696,0.01295567390575895,0.12363733632478582,0.004372539943193646,0.04824871661455057,0.1364232462276417,0.002610180380183889,0.09385822149245113,0.08891723413604835,0.014575133143978819,0.09808661682817929,0.026636129544263715,0.007911447194656446,0.013853591899227394,0.012666859183255651,0.14840495192439476,0.03412714102004797,0.06454701820904905,0.000996614326979303
23,0.0385754453528077,0.06050311607588455,0.04408428143344935,0.12081672516905131,0.08784156111758054,0.0730055432329825,0.011888331579822928,0.05646957500415891,0.001211477973555333,0.03505008103706415,0.06901836944952758,0.019930438236761966,0.05189096081463252,0.11815621661826527,0.0025667988638254048,0.05151610351256604,0.008067082143451271,0.07205005927140419,0.02823478750207945,0.02657391764901595,0.022549127962113
24,0.013290444870143085,0.011807840497822178,0.032622001044896674,0.01196140038312878,0.3073575375645833,0.00598070019156439,0.22241242036394948,0.011237426310146527,0.02392280076625756,0.0012128330811805705,0.011575548757866561,0.03588420114938634,0.039871334610429264,0.029903500957821953,0.006295473885857253,0.0018670003265574343,0.014353680459754535,0.004725786635173636,0.1204037162872508,0.08723228386480837,0.006082067991421414
25,0.11280900163852972,0.05461803365607165,0.03307148713772406,0.013435238736811005,0.028346877334810033,0.024524642138623255,0.11124527602482699,0.04299276395779522,0.0022385902875890684,0.09338292742666503,0.065338547048321,0.062022863967139893,0.01502076380513032,0.04235740291408396,0.025643554559523767,0.07416335163765751,0.05260358023936583,0.06198170426418707,0.0012665708206096044,0.08227014546839406,0.000666676936140868
26,0.0014726195032834792,0.021727972618304087,0.05155790112817919,0.018174256409634486,0.017048152001600213,0.0007232163462019061,0.05244683045797539,0.007467879295980128,0.05144641616012153,0.0157795904608133,0.0783999012000663,0.11439684728953262,0.058293862083234886,0.11929083006127734,0.05906633333131209,0.1259116682540048,0.12725543229859404,0.041330382697861046,0.0019999448826841367,0.03551744975387204,0.0006925137654669195
27,0.007319476059847826,0.004960506645971786,0.01097921408977174,0.00748582778848073,0.5535867894834012,0.003541681964442496,0.011487125356705078,0.014320714030137049,0.012199126766413044,0.003431004403053668,0.029136791731434526,0.011763443667612576,0.008033571285198833,0.011357807679074213,0.004333900298594107,0.004773571343379016,0.007842295778408385,0.0037429138942403645,0.008445549299824414,0.27765343456550834,0.003605253868500446
28,0.018518249377101986,0.01190235874063544,0.01831132113943914,0.02108039927302386,0.010260111141367318,0.0036622642278878285,0.024758094275908093,0.06707009540350083,0.20339871992979203,0.009860366551443915,0.00610377371314638,0.021577690472410836,0.007001387494491436,0.026511119482654173,0.27990627706487825,0.003719487106448576,0.06081408565385133,0.006327068537176513,0.005289937218060196,0.18981205611529536,0.004115137081486374
29,0.02415333804008073,0.008455556754599447,0.008455556754599447,0.046333376235731916,0.007516050448532842,0.041443593441943406,0.008823189656973334,0.09825232867018557,0.17367277730337163,0.010205329316034111,0.004524952527466281,0.13426410291764107,0.007247620075370955,0.0982041703494569,0.1250750884776198,0.0773956962414761,0.08058360760538041,0.031120647090104023,0.0033267764280391268,0.009224243732290303,0.0017219979331026401
30,0.23314502290582922,0.1479838620811463,0.015782391707412646,0.009863994817132906,0.007515424622577452,0.0035869072062301474,0.027952507281994318,0.010521594471608432,0.015094353932276925,0.02765837334182719,0.007515424622577452,0.21563362760395607,0.0007846557843024694,0.017535990786014054,0.0031564783414825296,0.13474771775886407,0.05265472301957067,0.009203874348949346,0.008767995393007029,0.006312956682965059,0.04458212329027574
31,0.29677965686410085,0.11970877395761396,0.0036298990072037526,0.011053062672079795,0.016842762166978737,0.3027982225280056,0.015378174152458847,0.014147920220262138,0.009559405554231173,0.004534589814186583,0.011053062672079795,0.0641123342378293,0.005994881449263617,0.014147920220262138,0.004534589814186583,0.05579237191747595,0.005526531336039898,0.01632255544326188,0.012196482948501843,0.01140961308085656,0.004477189943120929
32,0.008395534991134082,0.08786862158116872,0.02074190997809597,0.04407655870345394,0.02546370277438427,0.006934685527709864,0.025186604973402252,0.301672258689094,0.014692186234484646,0.004720678008161821,0.023548278755456738,0.01917351209898898,0.009041345375067475,0.014104498785105262,0.006411135811411482,0.006236187722706855,0.15956422725849537,0.1540547323253469,0.025186604973402252,0.03526124696276316,0.007665488470165902
33,0.10292350076980979,0.009937720015270138,0.009513769872406945,0.00440882018477395,0.012008078351784753,0.0022316250317991606,0.28819388044283395,0.004472361433357081,0.010543678552786609,0.07776660265917743,0.0090380813787866,0.0056771497917158095,0.002628189740134451,0.07628661541133838,0.018679232991665164,0.0390617066731594,0.15411503972748833,0.01964958275746595,0.1296872461992753,0.021190726503149553,0.001986391511821231
34,0.012132576062286762,0.01654298580331959,0.013629477111483077,0.5069730460949742,0.035032205230559145,0.09709484276422878,0.01654298580331959,0.019851582963983514,0.00966695315817875,0.009162269060300083,0.017015642540557294,0.021269553175696624,0.008507821270278649,0.03534873308025528,0.007851878208788124,0.008758051307639785,0.011452836325375103,0.02755399208986205,0.03308597160663919,0.02290567265075021,0.06962092369152446
35,0.003172288212927734,0.08013180457519146,0.01201477753823707,0.012994948846778077,0.011681033717730483,0.00391575493961416,0.01201477753823707,0.24452997858080538,0.016820688553531898,0.03250266276419681,0.0057197769609614165,0.0191144188108317,0.019332498306602136,0.01201477753823707,0.0037884433679125896,0.020576109308781225,0.09523799165778736,0.3602878469268387,0.008086869496890334,0.02213248493885776,0.003930067419049509
36,0.1173919434213047,0.05914974102652991,0.017314044146419235,0.009893739512239565,0.024449106592979896,0.003031121416230227,0.02308539219522565,0.06629192099085442,0.008657022073209618,0.0883892279878059,0.2920001281740017,0.017314044146419235,0.11048653498475737,0.02308539219522565,0.0004210277935183838,0.025788314984254285,0.033995856918386885,0.04488515483755768,0.004712351072268709,0.026313773151219313,0.003344162379591851
37,0.014877196251022953,0.06545966350450098,0.04091228969031312,0.025176793655577304,0.020456144845156555,0.001856660078855465,0.04091228969031312,0.11405500715450648,0.0077248024473081526,0.010909943917416834,0.014877196251022953,0.16364915876125244,0.04091228969031312,0.05454971958708416,0.2794747622180447,0.00960185328404537,0.015585634167738331,0.012122159908240922,0.019252842207206175,0.04091228969031312,0.006721302999767757
38,0.0373604346805204,0.032982195316347176,0.27387189927629435,0.2818865474229761,0.012215627894943402,0.039564065482088094,0.014607832855487581,0.02061387207271699,0.004587131438977795,0.014407725556097341,0.011373170798740406,0.14158361075318732,0.002771613051793881,0.009588068853066775,0.0043976260421796235,0.014771965808920023,0.036089939995910494,0.020103055050805396,0.009423484376099195,0.014340084920150948,0.0034600483526969128
39,0.02741102805146216,0.010576264765403196,0.12959419488790666,0.26007522567689284,0.008727378527600653,0.019324429005585862,0.07240491815490911,0.0721992223646963,0.00337812298395075,0.05719247818579873,0.021561758715248666,0.006389826629097765,0.06708102711410698,0.10289119948329188,0.0030367492890761654,0.010895326059934572,0.03370573776176804,0.06763021828522454,0.010181941615534096,0.006259422004014138,0.009483530438497118
40,0.5183186672230788,0.017837992338367387,0.03718682554549835,0.016846992764013646,0.02246265701868486,0.006135625984682121,0.025270489146020467,0.02756780634111323,0.017837992338367387,0.005615664254671215,0.015960308934328715,0.016846992764013646,0.020320458287115248,0.02021639131681637,0.006521416553811732,0.10628190549822746,0.047043196850115376,0.004241545827583958,0.04043278263363274,0.015162293487612279,0.011891994892244923
41,0.02270542098546723,0.0034807924285859292,0.0037213414458798283,0.004120056600795525,0.0038453861607424893,0.00095460152857333,0.017260525344248306,0.2511132232450423,0.2058084230754136,0.027665738217984386,0.019990642389378754,0.01061041788359334,0.0023458056220468,0.143932625203527,0.09841284646739401,0.050875841264030025,0.03401147650357317,0.09064328420555454,0.003035831179533544,0.003605049525696084,0.0018606707229399141
42,0.09550347229607482,0.05800367075501947,0.014432003300156407,0.047637344226532555,0.006341334783402057,0.025376384686240677,0.03799620068797055,0.06975468261742265,0.011625780436237108,0.05791308380083863,0.08076857987280517,0.09068108740264942,0.0016431181198209772,0.10575709945222143,0.07465781549539098,0.05283130408813042,0.1143519387170863,0.043691104440249776,0.0029064451090592765,0.007216001650078204,0.0009115480626131271
43,0.4584819457330362,0.03298660130807859,0.01600286604618631,0.04764731300055796,0.018566748069216606,0.003822824494583421,0.0494799019621179,0.020709065154126217,0.024474349727603706,0.020666304433976955,0.025639794952727696,0.015836343941390635,0.00411498302088701,0.1158988694608167,0.007478273527878911,0.07210746598763776,0.012219978949703164,0.0028933430897582295,0.023410247565533983,0.01794785646690938,0.009614923107272884
44,0.029947099692169382,0.013603369657800032,0.010485930777887524,0.017975881333521466,0.1215400951022245,0.007743456574440018,0.08092558098839964,0.15628466736230448,0.012276211642404907,0.429881659548925,0.01672046399479457,0.00762613147482729,0.001399390666492446,0.010271932190583697,0.005232073579453365,0.003647280270569573,0.005242965388943762,0.03057456273333865,0.022878394424481873,0.010271932190583697,0.00547092040585436
45,0.0899322883156605,0.03901458388135548,0.04458809586440626,0.02918244894868577,0.02958248667926954,0.045123850465992654,0.060325070875373164,0.042302955951355435,0.06813756280463641,0.09053473527468114,0.06420199278145869,0.03813398323337971,0.0006138088070087518,0.08154031959843246,0.029884969934676115,0.08269298335941846,0.08481659059190132,0.025234404647670863,0.004330769446289459,0.04944501344963621,0.0003810850887115947
46,0.08109868715022393,0.1617599083573117,0.1729061897065292,0.08323365770716278,0.0035587288329431135,0.01450327824621453,0.034029832310849245,0.0040569508695551485,0.005338093249414669,0.016806224244915503,0.0759281202493504,0.09765282040330608,0.001308693828888758,0.028545866180702067,0.01797332315081242,0.13569385211071364,0.042148708515637574,0.015264002111521817,0.0037564359903288417,0.002813846435796601,0.0016227803478220599
47,0.01629605287970648,0.058409031005272734,0.00451044872721099,0.004166104587763076,0.014834039620386727,0.25011024357857004,0.07702289802893106,0.004728696246269584,0.14463188629877055,0.010416897249348,0.07964867864355372,0.1922322539414039,0.002255224363605494,0.05244892580065305,0.018761785910059774,0.04132339608536301,0.003566963725512837,0.0030881985343844077,0.009161848977147318,0.0059832483116064135,0.006403177484480794
48,0.0019163531311420256,0.025789092775226535,0.1027388227088445,0.05846000457103191,0.04298182129204423,0.007756213120553469,0.032236365969033176,0.021490910646022116,0.025789092775226535,0.09194785281643172,0.04297346460543636,0.2617297837166656,0.018420780553733244,0.056039357841187916,0.023349732433828294,0.007585027286831336,0.025789092775226535,0.10963366585956257,0.011722314897830245,0.025789092775226535,0.005861157448915123
49,0.02937413972452555,0.04465651526164257,0.05812212758248851,0.0038456895496612343,0.06304449213408363,0.0250175107659952,0.05029652497461818,0.07968123311391125,0.01930737571606311,0.06895491327165398,0.0735519074897642,0.037316776594071566,0.002300491403621462,0.0023074137297967407,0.028430641164312712,0.033322645593079965,0.045324196114433286,0.028044438655668105,0.023820788221116822,0.28194897871076285,0.001331200228728889
50,0.027012714112412236,0.07400549623073657,0.19849652329094322,0.02165712682337609,0.017789782747773212,0.023719710330364283,0.1231600344076607,0.06311808431217733,0.005967722731453823,0.007783029952150781,0.018975768264291426,0.11332750491174047,0.0011429198470730344,0.027108240377559177,0.0025114987408621004,0.05187932726366946,0.07594699453078523,0.1102966530361939,0.008371662469540334,0.026216521944086843,0.0015126836751499378
51,0.1101384271959148,0.024945883082835407,0.015083557212877222,0.1762071697819637,0.00786173285034813,0.2321363185274066,0.01474074909440274,0.005891392847939945,0.01452264958263397,0.02227490974265302,0.008468877218913672,0.012717509022621972,0.002277345134497794,0.06994629962442084,0.01012951075119459,0.17554997819968646,0.06461079296550473,0.01285088113281218,0.009344967965697844,0.005313805313828186,0.00498724275184627
52,0.00834493293894071,0.018676754672867307,0.01668986587788142,0.007720214913636694,0.017052689049139712,0.674090643188323,0.022412105607440766,0.02530399020194925,0.019610592406510672,0.006482840464962205,0.027049092974497476,0.02905272949112692,0.006591795766894343,0.02614745654201423,0.004510491511765017,0.006591795766894343,0.007615764041363367,0.006465447820599675,0.015380856789420133,0.018676754672867307,0.03553318530090533
53,0.004773044170092592,0.007584427518667717,0.005928654501264664,0.005719404358339589,0.1959305168587391,0.0026231854575843234,0.30082473261196135,0.006230065461762768,0.004913854448714295,0.0020799882690266253,0.005207218893413656,0.0046517822114495325,0.0010641660339440226,0.006976841524172439,0.03330570679315622,0.001865688052720401,0.0018961068796669296,0.002813577950473508,0.08828191452813536,0.3151486005650978,0.002180522911616969
54,0.30215526705549484,0.062348320601943626,0.006960477604273956,0.014658039691059783,0.007329019845529891,0.004676124045145772,0.006765249088181438,0.009257709278564072,0.006765249088181438,0.0029812962083511424,0.00837602268060559,0.006514684307137681,0.2769933351583164,0.00902033211757525,0.0031693058791480615,0.09420446521406715,0.14851498004623687,0.001838273192073304,0.013029368614275363,0.010993529768294836,0.0034489505155434787
55,0.0028142526867244353,0.012796933800376702,0.009207549929539335,0.010224061503273806,0.013245949021442554,0.00575982627160043,0.015100381884444512,0.0046878601703781875,0.00943773867777782,0.022395559693362845,0.016413458570048382,0.00943773867777782,0.1657425366465446,0.011615678372649626,0.00567683529490395,0.004037535263220457,0.0053170358748044055,0.6508737683829555,0.011797173347222275,0.008483360609238488,0.004934765321713893
56,0.003945220907419046,0.019289779888036013,0.013227285177012752,0.016303398008876185,0.07426186162887888,0.0068730011213889814,0.0070104611438167605,0.014307063558809714,0.020619003364166937,0.005520048144737609,0.022614390786505678,0.013227285177012752,0.01348852721934787,0.014020922287633521,0.005310955411982394,0.6028069469299395,0.004227052374731118,0.007302563691475792,0.020029888982333603,0.10791054074115126,0.007703803454743693
57,0.01284360556330565,0.05636915775006369,0.030279316176789205,0.017662934436460366,0.03179328198562866,0.04542090706966049,0.016304247172117262,0.02764633216141623,0.017662934436460366,0.004230043474402501,0.015139658088394603,0.013247200827345275,0.0032161390741421523,0.005121144067062651,0.5464042664103339,0.025622344431847122,0.02254766310002547,0.011561193449319511,0.06596014787169048,0.0227094871325919,0.008257995320942508
58,0.007249542715019438,0.017458082456577425,0.01336634438081709,0.007952530199906256,0.01782179250775612,0.7360051304038218,0.014023705579873667,0.015553564370405339,0.01782179250775612,0.0044554481269390295,0.023762390010341493,0.012580088829004318,0.00684356832297835,0.012767851348840203,0.004393169641838392,0.006198884350523867,0.008305301362837803,0.029373745106395507,0.01782179250775612,0.01296130364200445,0.013283971628607161
59,0.07899467167023506,0.12207268023763937,0.009250062884797156,0.007336256770701191,0.00967052028865157,0.0007715574361691048,0.005455165291034218,0.007454412804966039,0.007879683198160538,0.0023904656893296013,0.006648482698447954,0.0071123724413549505,0.001969920799540134,0.0051890596670813305,0.008004643473760512,0.1822611987077831,0.46551394519574485,0.039715209240039386,0.006862949882268856,0.021275144635033452,0.0041715969872614615
60,0.11863682212617413,0.037971058149862076,0.008917182958854495,0.057794243362691934,0.011889577278472658,0.012657019383287359,0.02377915455694532,0.012970447940151992,0.03566873183541798,0.007133746367083594,0.01585276970463021,0.03566873183541798,0.01585276970463021,0.01783436591770899,0.0057069970936668764,0.5155069335455469,0.009349726123575644,0.00687349754629655,0.01426749273416719,0.028534985468334377,0.007133746367083594
61,0.01380746795385584,0.01347871871685927,0.03330036388871114,0.0028884596470639817,0.026957437433718544,0.006382654639278323,0.028305309305404473,0.020966895781781087,0.469929839890532,0.006739359358429635,0.07528503770474018,0.027046751473199983,0.017690818315877793,0.17411635402070175,0.0023022604043441406,0.008087231230115562,0.016568880036753247,0.006433024842137379,0.01952090296924446,0.02461331243948215,0.00557891994776892
62,0.004441502885273158,0.008142755289667455,0.008142755289667455,0.012474008103320357,0.20552277766929497,0.004616365203590998,0.005916900315502933,0.14177272840143565,0.008142755289667455,0.486882593057642,0.010857007052889943,0.006372591096261487,0.0016028116540068415,0.009611120997640277,0.0028684262110994724,0.002976032390132268,0.00385709461089511,0.04883263816831445,0.013028408463467927,0.008750423594866519,0.005188304255363334
63,0.13817316954828088,0.03917562788988856,0.03294770755867551,0.058407299763106574,0.022945724906934733,0.035638386271099574,0.0024806189088578084,0.041100284212326386,0.011711981938056022,0.042474001423474926,0.07902826770494378,0.0073009124703883235,0.0005229269926685717,0.08522697822575759,0.048312460124068625,0.1368801410232248,0.09695376721240027,0.08180649749428903,0.0013695706950843547,0.03700923372086247,0.0005344419156110336
64,0.008924357720067897,0.011182098169767346,0.014873929533446496,0.017848715440135797,0.09316677556213256,0.00954632095494998,0.011704075698449699,0.010817403297051992,0.011515300283958578,0.0183268248458124,0.012309458924231582,0.009519314901405755,0.005577723575042435,0.013221270696396885,0.003075783312602174,0.003988539763158837,0.006431969527976863,0.008601790573559417,0.6085244589718323,0.0764801888942879,0.04436369935373312
65,0.0059571817510626224,0.010692377501907272,0.014892954377656557,0.01042506806435959,0.011799718712852498,0.006515667540224743,0.008340054451487671,0.017375113440599315,0.010973755857220619,0.3547260335777016,0.46854989845214745,0.011270343853361718,0.0033902660371901107,0.013031335080449485,0.0050853990557851655,0.002112402750005778,0.007189702113351441,0.00752868736418861,0.010776864946820756,0.012264785958070103,0.0071023891135569076
66,0.23734573412932725,0.04345139317661417,0.014078258835141284,0.00877395756584258,0.010558694126355963,0.01777280973982915,0.015725266102012747,0.0589697478825478,0.010194601225447138,0.002626929551623309,0.004232806831450166,0.008446955301084772,0.0030167697503874183,0.020511216654799238,0.0033982004084823795,0.07301016404505917,0.19562643552338882,0.2523031760180887,0.007039129417570642,0.007990363122647757,0.004927390592299449
67,0.005040950665738785,0.02660838817503662,0.20966430939911568,0.4726211651707701,0.018625871722525635,0.001802523967494976,0.016932610656841485,0.019268143161233414,0.10916373304317624,0.004265466806685259,0.019268143161233414,0.008217296348173074,0.003053421593856661,0.013969403791894226,0.01438388420001939,0.017138261682097748,0.004434731362506102,0.007038413588998893,0.012994794225017885,0.01074569522453402,0.004762792053050567
68,0.012021300719102858,0.025135446958124155,0.028602405159244722,0.027648991653936573,0.022418101341029655,0.0028809155896052977,0.01219808455320731,0.015206909331299884,0.010240187317560793,0.006912247913484143,0.02126845511841275,0.016589394992361943,0.008053104365224243,0.018851585218593116,0.7007122230755166,0.005238740613710824,0.007899711901124734,0.011362599309836945,0.02304082637828047,0.015951341338809558,0.007767427151533314
69,0.1119275850863451,0.007786948136656468,0.02363478418112869,0.004835321422616224,0.006866672447778886,0.6448309646928255,0.004150186644261964,0.007405234992702721,0.009211389868971676,0.002413207569506957,0.008210151839735625,0.031106425631937107,0.002269302815877605,0.006804810533834931,0.001874985190865457,0.034381472961474105,0.0027872102186556366,0.030748830667117512,0.010946869119647502,0.007553339692556776,0.04025430628550359
70,0.002842584595367107,0.002111486423744128,0.004822241724283484,0.007298528015131761,0.1223722678407915,0.006137398558178982,0.006817931072763624,0.13689077764349128,0.005295010520781866,0.32477185516508256,0.11445660567346955,0.0039712578905863995,0.001508634282457403,0.004822241724283484,0.002547599401508256,0.004401291139685589,0.0026737181837611403,0.004154546716305773,0.009644483448566972,0.22719265519856147,0.005266884781197637
71,0.08489582558353478,0.22705276519701975,0.009839258080419716,0.011978227228337046,0.027494670785576606,0.005298062043302923,0.0068874806562938,0.09998062103846037,0.010203675046361185,0.23511297507363174,0.16763641312083616,0.008887071814572647,0.001571707938563892,0.005757801383819349,0.0031066344377378144,0.003577912029243533,0.0347301104659915,0.03192929510583089,0.008887071814572647,0.009183307541725066,0.0059891136141685215
72,0.07192504671167188,0.008049522266333058,0.011269331172866283,0.08990630838958986,0.014984384731598311,0.13330935381904704,0.014944766653390359,0.011269331172866283,0.026856287410936774,0.05927007480678838,0.11559382507232979,0.01798126167791796,0.005231656971937555,0.09547999394227286,0.03454978768354024,0.09311724797493233,0.0839125544969505,0.03269320305075994,0.03371486564609618,0.03746096182899577,0.008480234519178738
73,0.011659231024073461,0.017621115253386926,0.03328432881195309,0.027232632664325254,0.04279413704393969,0.009361217478361805,0.27166838524299897,0.037444869913447226,0.023042996869813676,0.010379625094450624,0.037444869913447226,0.04279413704393969,0.24985670129843385,0.04279413704393969,0.008096188089393995,0.00324473904448351,0.05361725427505397,0.007132356173989946,0.016642164405976545,0.04279413704393969,0.011094776270651028
74,0.02787186073638702,0.08014763512999502,0.002218927705357332,0.05980331858003041,0.025505290033058754,0.07740775868151122,0.02876421356988274,0.0896300363680656,0.0023457235742348937,0.13771557856158403,0.19649661819152844,0.014103711711750417,0.0012630819245880195,0.028819504001424176,0.0010392446214964718,0.012099766567085677,0.008397291375706346,0.12080903192516196,0.015115124476271422,0.06974180624576407,0.0007044760191158831
75,0.00927433270537748,0.01878646881345694,0.019280849571705807,0.0610082034373499,0.019801953614184343,0.6221549375379928,0.015588771994145122,0.027136010508326692,0.021549184815435905,0.007963829170921966,0.021549184815435905,0.017444578183924305,0.00882737691234724,0.019801953614184343,0.019543248272360085,0.007963829170921966,0.009515224463958713,0.031115931673078308,0.015236520479273728,0.018316807093120516,0.00814080315249801
76,0.05241600386587085,0.024992558365031173,0.007067513583571036,0.0005763467898329094,0.21422192884312433,0.0021082404921739864,0.11514428675317935,0.013388870552695274,0.11450411140690744,0.02380540827293297,0.06254477055068693,0.045488104642001134,0.0022380459681308282,0.027859080642405318,0.09595264543102675,0.05502948630832551,0.013602931265359925,0.01245476330483281,0.022549676720328884,0.09282950249868722,0.0012257237428954459
77,0.0022690236760599873,0.22271720093158315,0.010312121956859432,0.02961500194041764,0.005552812863828308,0.02116531714541633,0.005552812863828308,0.025306019984002386,0.01480750097020882,0.09166120702013333,0.010251346825529185,0.006834231217019457,0.0038628263400544752,0.008329219295742464,0.005125673412764592,0.0032905557711575164,0.28105814246960187,0.22684396997805858,0.012692143688750419,0.008076818711022993,0.0046760529379606805
78,0.12175486785620379,0.10424717039328994,0.006225974501723795,0.006719417736408032,0.0419964547064395,0.0031129872508618974,0.006174600082104677,0.16557960564589103,0.008461489001402707,0.05490688343530078,0.08827381363947939,0.004860855383784534,0.0029289769620240145,0.007139381344933534,0.0025105516817348693,0.0023076788185643748,0.13559175878856972,0.19570936177469678,0.006174600082104677,0.03219397909204543,0.0031295918224366177
79,0.004936867424604445,0.018155610686474387,0.549207487140774,0.011298607585568343,0.02042506202228369,0.0019569249616530277,0.012566450440120802,0.016759025249053282,0.02253799947286476,0.0051062655055709215,0.016340049617826948,0.13706650237623735,0.005784088360292725,0.019806120748881148,0.005733350743097174,0.005027707574715984,0.005146472320575418,0.006261032355745565,0.013616708014855792,0.11343520814592463,0.008832459252879432
80,0.004755796409918946,0.01343512485802102,0.008396953036263139,0.012497790565600948,0.06047773185738181,0.007165399924277879,0.0053162257334325455,0.2176157444419062,0.014524459305968672,0.45857592791962054,0.12870820551797124,0.008020970064490162,0.0016614790551194338,0.009622645159041461,0.002254293163578916,0.00370624134014373,0.004040639055043916,0.005268676414910204,0.016284999827904267,0.011195937381684184,0.006474758967720974
81,0.010144392422530703,0.05434495940641447,0.01585061316020422,0.008882436519461806,0.01585061316020422,0.6489716592302601,0.014089433920181534,0.013117748822237978,0.02536098105632675,0.005594334056542666,0.02377591974030633,0.014918224150780444,0.007386693511551483,0.02377591974030633,0.005898328750662569,0.005852534089921558,0.009754223483202599,0.02994227175243001,0.033079540508252285,0.015527131258975563,0.017882041259246466
82,0.22883110809581114,0.5997796767351282,0.008311745010306317,0.010741332013318936,0.0071466596639858096,0.018752697422882825,0.0081184486147178,0.009186665537706983,0.009564199737886723,0.0028614204133841424,0.009434953795482849,0.00821395977489095,0.0032174496814088975,0.007844793043435178,0.0020837739760501696,0.029474495339113005,0.004205943258227293,0.004654577205771538,0.005130618544696676,0.01916071607179125,0.0032847660640032287
83,0.004854978223490761,0.06602264172032511,0.005496975095194736,0.02048346303911886,0.016303164459706844,0.6865029846607938,0.00939829480618395,0.015362597279339144,0.024207729046231384,0.0060981302177529435,0.017366414315774684,0.008683207157887342,0.005361443345809634,0.015977101170512712,0.004204500308029661,0.037866883394926956,0.0050560446742128826,0.005893717663952388,0.022824430243589586,0.011923209828740828,0.010112089348425767
84,0.011731101109294663,0.03519330332788399,0.017596651663942,0.017596651663942,0.030165688566757706,0.0015297315039756564,0.05278995499182599,0.28369170959052287,0.004118104559412081,0.0211159819967304,0.10557990998365199,0.0211159819967304,0.030165688566757706,0.023462202218589332,0.17821291953509164,0.004281099771528321,0.036110435901430094,0.011731101109294663,0.05278995499182599,0.019196347269754905,0.041825479681057605
85,0.012725140105050358,0.022026283426118454,0.05873675580298252,0.02585053035680011,0.0881051337044738,0.15011859037122838,0.05873675580298252,0.0440525668522369,0.02936837790149127,0.01957891860099418,0.022026283426118454,0.14994358397147306,0.01957891860099418,0.0881051337044738,0.034769428818774394,0.0440525668522369,0.03524205348178952,0.02486414340092393,0.012047152747625257,0.0440525668522369,0.016019115218995236
86,0.010511650156273285,0.029095197750787095,0.01123471643078759,0.03873486825132305,0.017877631500610638,0.597782942872245,0.009421994980051552,0.019920789386394716,0.049801973465986776,0.006281329986701035,0.03669619097493763,0.01953231970039492,0.0034861381426190743,0.017877631500610638,0.005411239283276493,0.0380906521662708,0.007262787797123073,0.01359589182772021,0.03873486825132305,0.013155238274034241,0.015493947300529222
87,0.012150918791878882,0.01728647692718672,0.024720834783477728,0.05514647759391186,0.03773180045899232,0.00974828265725686,0.017069147826687,0.034138295653374,0.031169748205254522,0.006498455765504441,0.024720834783477728,0.021724369961238003,0.006700039333839758,0.018382159197970618,0.002571366094404161,0.007467752174175564,0.009687894712443974,0.017069147826687,0.6134818134532847,0.018382159197970618,0.014152024600983365
88,0.23067365370391602,0.2202945624541254,0.0064787368887881365,0.011628502108081272,0.007819165210606372,0.00814747920316388,0.004580925072880501,0.013334780300017682,0.01333857594750499,0.0027319974832239126,0.010546780981748131,0.01936294149523694,0.0013997271056023755,0.009858947439460208,0.005842118782515668,0.3956305549845118,0.010130215613186711,0.004416001142872014,0.011934515321451832,0.007314702938954348,0.004535115822151696
89,0.004187915714983531,0.005932333861457142,0.00913568160848843,0.012005358382952788,0.06874691853765764,0.004339286162513056,0.005387879329847972,0.007275974777547147,0.009734074364556316,0.0027181943508572354,0.013590971754286177,0.008590899048784338,0.0065483772997924315,0.15539843993770278,0.003530987759691997,0.006013388356914415,0.0045020093936072965,0.00525782118961436,0.03945901563124021,0.6210829525463981,0.006561519991106726
90,0.005802027046778616,0.0068816730189908,0.01901075984575856,0.021119378450274163,0.20372515205774536,0.006599805765710675,0.015178913178653152,0.021070160744433256,0.02933247006982523,0.08565105993672054,0.015999529128995577,0.022925294037114075,0.003519896408379028,0.01389432792781195,0.005176318247616217,0.004399870510473784,0.005227568923335189,0.03986246627325209,0.015999529128995577,0.45343186615777514,0.00519193314136114
