site,A,C,D,E,F,G,H,I,K,L,M,N,P,Q,R,S,T,V,W,Y,*
0,0.014182157383548513,0.0053923231809274936,0.027982779926444424,0.024109667552032477,0.016073111701354982,0.0060642269832003595,0.0059205694932671854,0.020665429330313546,0.07056488064009506,0.0055671439879566575,0.019548379096242546,0.03287681938913519,0.016880493295700825,0.028931601062438972,0.6101899794961647,0.0384535534646589,0.014182157383548513,0.006759719874401628,0.010045694813346865,0.019033948067394058,0.006575363877827038
1,0.008437480596384652,0.014331804336580906,0.014331804336580906,0.006191152636117365,0.01606899274101496,0.44659867654121954,0.17675892015116457,0.016571148764171678,0.01205174455576122,0.006095135177626364,0.011783928010077636,0.026513838022674676,0.13256919011337343,0.033142297528343356,0.0033287625957535653,0.01128248426496795,0.027909303181762816,0.004040548592761082,0.009641395644608974,0.016571148764171678,0.005780243444882886
2,0.005640383850459276,0.014457333513106845,0.009530871841104675,0.009219858217096892,0.011149595983466008,0.8136315217978148,0.010536980819539304,0.013896597892435894,0.014982269602782448,0.0034995082283871422,0.014751773147355028,0.010896196074750873,0.006267093167176973,0.012452795514000997,0.0038508644762171767,0.003318898240849114,0.008485533226354664,0.0047576140626883045,0.01077376690537165,0.012293144289462524,0.0056073991495793965
3,0.06384684985978668,0.017370831749841463,0.013607151537375808,0.0061328427418656795,0.017370831749841456,0.6902357323649897,0.01943878791053687,0.014323317407764009,0.019912904688842648,0.005553939403010535,0.02332654549264425,0.020410727306063713,0.008164290922425484,0.021484976111646015,0.0026791420199309204,0.0060031550900187395,0.011032825570845253,0.005041851460970145,0.007274217022391912,0.020410727306063713,0.0063783522831449115
4,0.03679526752745029,0.06976484369857675,0.02600882330867993,0.03460050201963712,0.03066303379549634,0.03160169809535847,0.06685546712788547,0.09987388150533094,0.06057239824349086,0.049673768469383955,0.015379421990244883,0.0491429297006056,0.0025888210287283524,0.11651952842288613,0.056085117061760455,0.07853842370153828,0.07026282199157877,0.07393371092822722,0.009948942484639556,0.020807058646943946,0.00038354025155657036
5,0.15473004901436133,0.07695932840839415,0.004809958025524634,0.004465323629052023,0.006466721345427563,0.495012411588377,0.005196472509718578,0.007558505468681567,0.015945340303793996,0.001914489872001582,0.00632614044661392,0.00718524593936396,0.0025638983307862593,0.00718524593936396,0.015161680999928796,0.16039505699288842,0.00325142414015911,0.01093079379885609,0.0045116660549494635,0.006258117431058932,0.0031721297606985125
6,0.04912269316499982,0.054047077877480025,0.06770273229608204,0.10352659751066347,0.0364722816584771,0.009725484849025646,0.07285575094278585,0.03886452266011485,0.0065637778572538615,0.03893524329092209,0.07237103086995379,0.026447897015898683,0.00609770958977664,0.09748855143308416,0.007292941702058442,0.05706535767036253,0.059881698965471186,0.0639718808182858,0.043001189014609836,0.08755685564807483,0.0010087251646193583
7,0.05365721233382484,0.06559164362612363,0.009902634508489444,0.009077414966115324,0.013377243107959423,0.0031903885236555947,0.01003293233096957,0.006551392883007244,0.009186781411490208,0.0028451599147525635,0.01089289795933839,0.009186781411490208,0.0054616355812246485,0.009775677655816502,0.002877369272278064,0.09844641297423194,0.6484825702121451,0.011914107143026362,0.005776536796618841,0.009902634508489444,0.003870572878952726
8,0.04629023448089777,0.214326123537187,0.0024510329917183183,0.0039706734465836755,0.0033649774971048095,0.0116784513134814,0.002112060343927487,0.10601312600102046,0.0030080859443815723,0.16813978863170917,0.0017318908965262626,0.012408354520573987,0.04015575310523538,0.002060963599692557,0.0005649905429783359,0.049848281364037475,0.1388517708314537,0.18804242849651304,0.0018382747437887383,0.0023356902626962793,0.0008070474484926169
9,0.00510848754502112,0.011475587963453241,0.010997438464976025,0.1188396667106384,0.014939916405250447,0.6704680769811345,0.013420602872513118,0.0127712188625528,0.02030296331995574,0.0037174439881609094,0.015525795479966152,0.019312574865323753,0.0047988822392622645,0.0146632512866347,0.024561079086324124,0.005350105199177525,0.0065439303262667245,0.003614175756178936,0.007480707934377438,0.010418625914187811,0.005689468798644309
10,0.06923597748432048,0.1148700877710054,0.03191039871529409,0.09687083866977589,0.025215385120464603,0.014472331733574595,0.07152288483855053,0.04054238391917837,0.016341880761348942,0.042794738581354956,0.03985288759402227,0.07445283466639238,0.0008702279376591319,0.08654595653979859,0.024447910882024904,0.021908212616119586,0.019305897104370653,0.11600398486950514,0.056551427825725725,0.03555502716721595,0.0007287252022978765
11,0.04564510267556595,0.012285431361953569,0.006142715680976784,0.02362016043562012,0.05886769194269418,0.02698653742990924,0.06122239962040195,0.06109511812430962,0.11895264739833533,0.07470107115486709,0.10822305902988513,0.06891827349388585,0.0021086934427233736,0.056249448242460136,0.08033386438539235,0.09012846628467659,0.02392021199807619,0.06534313805639053,0.002883315523723796,0.006421930030112092,0.005950723688039981
12,0.020640544506667087,0.01906946096701455,0.0701778513226681,0.05012703665904865,0.023392617107556028,0.006081882376005872,0.03508892566133406,0.03508892566133406,0.0701778513226681,0.008652503968242511,0.04386115707666756,0.05012703665904865,0.0701778513226681,0.05848154276889009,0.004442680223001904,0.02506351832952432,0.03508892566133406,0.010633007776161833,0.2948521380872041,0.04386115707666756,0.024913385466292744
13,0.008477336499528634,0.02677053631430095,0.02119334124882159,0.002058407377635584,0.03179001187323238,0.006358002374646477,0.07266288428167401,0.043900000441338134,0.42874035084208423,0.007947502968308097,0.012405858291993123,0.011165954587106341,0.014960005587403475,0.057979176708682204,0.15203877990213727,0.010596670624410795,0.015705504930742947,0.008769658447788244,0.013385268157150475,0.04238668249764318,0.010708066043371963
14,0.05499223634850406,0.022806544767140162,0.04616465091463779,0.030052374094200317,0.059608014732298154,0.11547115587639901,0.09835322430829194,0.04098051012845497,0.02497859664972494,0.051570979038055687,0.09015712228260093,0.055634147083478275,0.000901963795861129,0.08499661359975848,0.03360401830533308,0.08196934668546117,0.04967002418251778,0.01763335823432007,0.02269689791729814,0.016392204051381993,0.0013660170042818327
15,0.07457496390637285,0.05640027543375524,0.018163555038786222,0.07461784772690556,0.009277084562820918,0.058633617898523616,0.0023423707394255654,0.022683125071911437,0.1419591322889533,0.05525863217159399,0.038843273546148895,0.07079129143321809,0.0008649311923231535,0.08345738034161251,0.0969318625276253,0.10268363700957248,0.05931535942353626,0.028965861152980422,0.0010363589962070219,0.0024475712463612642,0.0007518682913658787
16,0.0025119548106609054,0.0057272569683068635,0.006508246554894163,0.0057272569683068635,0.005403072611610249,0.002347236462420846,0.006363618853674294,0.22909027873227458,0.005506977854141216,0.2416148495190377,0.2569395933899751,0.007342637138854955,0.03995194045621088,0.005506977854141216,0.00455123300329047,0.0021056091795245823,0.013016493109788327,0.14710420295308727,0.0038181713122045755,0.006659601125938214,0.002202791141656486
17,0.09478724864493342,0.04704514179068385,0.0029377512157905054,0.007405253800385421,0.0051267141694976,0.06272685572091181,0.01980544250048428,0.03507751800182568,0.05366653082847122,0.015171739493472575,0.045963644278254334,0.22474076749494323,0.003136342786045591,0.0807845869132955,0.04273566315336929,0.10113903386378674,0.06175681193406634,0.06509734736152765,0.0068356188926634665,0.020727622945418148,0.0033323642101734403
18,0.036824357703457856,0.07544405245638006,0.054949912570096855,0.054837999414196995,0.03465095496844491,0.09861141334893414,0.05433466180157349,0.06327565689889943,0.04523039259301452,0.06142397787782803,0.04247270120611058,0.05423627734191378,0.001970370857526266,0.05311636075812605,0.042267215122461524,0.08014916540527259,0.04463967575744274,0.0728266994496767,0.005072716357242655,0.023435428481073852,0.0002300096303268921
19,0.007585262080365919,0.12414331505900594,0.009517654154523785,0.004665516742413622,0.17719036989804926,0.0036051720282287065,0.004248952747555262,0.07373605273969551,0.0051726381274585795,0.238268222535254,0.20097038476601042,0.007210344056457413,0.002069055250983432,0.047588270772618936,0.0020777022220132744,0.0014871334616443413,0.014268916625086427,0.024663609054140983,0.00270387902117153,0.047588270772618936,0.001239277884703618
20,0.08142435167974202,0.04333231298156074,0.09723977377409761,0.06138744339054439,0.0034906585457368374,0.05592986988055615,0.05133321390789466,0.008377580509768409,0.05463639462892441,0.0077159269771639285,0.008726646364342092,0.02356194518372365,0.06631167585556352,0.11929035544451977,0.04501112335292237,0.08800598967264614,0.1160672848400227,0.03316125618449995,0.002181661591085523,0.031997703335921,0.0008168318987641457
21,0.08542013043890002,0.013273412260098198,0.058203409905006415,0.05088141366370974,0.004845848920353311,0.07829956827523298,0.03469187295252937,0.0036343866902649818,0.031800883539818595,0.015859141921156287,0.0814102618619356,0.062445371314552876,0.0987476324436441,0.11683880174629648,0.05737691328035355,0.07920527135482343,0.10514396765677833,0.009070740425865946,0.003913954897208442,0.0072687733805299635,0.001668243070941303
22,0.059600853705000865,0.07604726106238548,0.03113099162337749,0.044547715285977896,0.04479349578410743,0.05893662732334874,0.10202962928602248,0.0846762972155868,0.018328202860516618,0.040290160255351266,0.047507789517326905,0.07083086730470485,0.04401045820391888,0.06060063989802671,0.025421163196810745,0.05668586503518692,0.04373775682623285,0.05786546370388962,0.018775232198577997,0.01374615214538746,0.0004373775682623284
23,0.0610565373187833,0.10079079980967584,0.10523222308391383,0.09126861104140829,0.024120875168127554,0.03986774157154398,0.06855406626730988,0.025048601136132463,0.03938032923078917,0.03181460259244409,0.08140795369243048,0.031924687722521765,0.014668099764401888,0.0846279291235709,0.009867630750597635,0.08950114207121011,0.0258437948229938,0.05183279419723508,0.009045328188047833,0.012769875089008705,0.0013763773578534839
24,0.016388352390576632,0.08786610580458994,0.040225955867779,0.014749517151518966,0.3729556969344455,0.007374758575759484,0.04916505717172989,0.05571559334809443,0.029499034303037935,0.0014955357867657319,0.014273726275663517,0.0442485514545569,0.04916505717172989,0.03687379287879742,0.007762903763957355,0.002302184732256856,0.017699420581822764,0.005827333656369107,0.10479920081342423,0.034112466853301195,0.007499754483823204
25,0.10362603993860671,0.056945450258603925,0.023698979292219587,0.005683965623498204,0.03966199559717176,0.0342090523636466,0.07368520501553473,0.05456606998558275,0.010574819764647822,0.07005447827280699,0.0467617030018292,0.09739856309503575,0.0032950525353612776,0.047039715504812715,0.05030636241486916,0.09034233147328953,0.06175172529232617,0.06327105464689131,0.002991560854472739,0.0636109920296752,0.0005248830391178942
26,0.0015479506591260823,0.03297481470864711,0.048903326898417324,0.015406921920909152,0.001130791187861254,0.004263984660600919,0.034822541394907515,0.04604196202670141,0.08816183099186899,0.008159506902168875,0.025283524164491016,0.11220596671692422,0.04972308582712969,0.20366797320046748,0.08753932909607469,0.12189026155335246,0.09084379699336435,0.02273738921825871,0.0012330326012848813,0.002781514870131014,0.0006804944073128826
27,0.011871784802345742,0.008045667057323123,0.017807677203518613,0.012141598093308146,0.30220947835403655,0.0057444120011350365,0.01863148114937711,0.023227405048067754,0.019786308003909573,0.0055648991260995664,0.014839731002932179,0.019079654146627087,0.013030007709891668,0.018421735038122704,0.00702934626454682,0.015546023153216593,0.012719769431084724,0.006070799046654073,0.013698213233475856,0.4503224105058215,0.004211599628505572
28,0.00968888770612064,0.019862219797547306,0.030557261226995855,0.16580799349042058,0.010736335025701248,0.0061114522453991705,0.017271495476128093,0.014106380847846708,0.334167960588008,0.0051590181292330665,0.010185753742331952,0.009091626339827255,0.011683658704439595,0.015889775838037846,0.23397760343675156,0.0062069436867335315,0.008949591927819304,0.04634517952761037,0.008827653243354357,0.014712755405590597,0.020660453614103128
29,0.04252489706148803,0.016959333947141064,0.008479666973570532,0.06889811306263348,0.030149927017139668,0.047155221218880015,0.008848348146334468,0.06541457379611552,0.17128003952363471,0.07517110181976036,0.02283169516440179,0.009380489141801686,0.00726828597734617,0.02696669340352607,0.17701866322665122,0.08671381183407777,0.028495659932837557,0.07827384898680491,0.0033362624158310285,0.009250545789349671,0.015582821560674419
30,0.193127018699125,0.14185737217863761,0.016077168846912262,0.010048230529320164,0.007655794689005839,0.021923412063971266,0.053590562823040866,0.010718112564608173,0.006430867538764905,0.023741441065630836,0.007655794689005839,0.1722553805026314,0.019707861693316675,0.03572704188202725,0.016077168846912262,0.13504436403318856,0.07866742504249294,0.03137008555495076,0.008931760470506813,0.006430867538764905,0.0029622687471857244
31,0.17681708708235347,0.016968674072051104,0.0041049099446250036,0.012499473619277187,0.019046816943660477,0.33655225332321387,0.052171715976113475,0.0159993262326748,0.010810355562618109,0.005127989177139358,0.012499473619277187,0.09090526268565227,0.0067793755223198296,0.03199865246534961,0.005127989177139358,0.15686800843206442,0.006249736809638593,0.007714616373018849,0.013792522614374829,0.012902682445705482,0.005063077921732531
32,0.008372900074092379,0.19780976425043245,0.020685988418345878,0.043957725388984986,0.025823315099467583,0.006915989157342069,0.025118700222277142,0.2959325403347183,0.014652575129661663,0.0047476483754658625,0.016868173916584482,0.05849410867762352,0.009016969310561023,0.014066472124475198,0.006393850965670544,0.006219374548572146,0.05457654238670808,0.12241765927877146,0.025118700222277142,0.03516618031118799,0.007644821806779997
33,0.055442359201218476,0.04214528974073024,0.007147446798135538,0.00331223144303842,0.0056583953818573,0.003353123189248771,0.15351472688169376,0.0033599683233525262,0.01324892577215368,0.09484548449589382,0.040740446749372564,0.01797335368518553,0.006085020110742199,0.05991242169025378,0.012574211959682894,0.06333186104858436,0.11419373846204606,0.03705547521143575,0.2206774198924347,0.04393577590618611,0.001492324056753574
34,0.011760762061540317,0.015184478571243843,0.13911584214103528,0.4603559871853637,0.03215536638616344,0.12343108465822414,0.015184478571243843,0.01822137428549261,0.00887310457886799,0.008409865054842746,0.015618320816136526,0.019522901020170656,0.007809160408068263,0.032445901021691474,0.007207083281268075,0.00803884159654086,0.010512331318553432,0.007280138933819106,0.030368957142487694,0.021024662637106863,0.00747935833013941
35,0.09228973790987365,0.13424002173498986,0.007057189714068037,0.011074354057908685,0.006861156666455036,0.0069607158150314825,0.007057189714068037,0.3271102799899104,0.009880065599695252,0.005018305952031609,0.03849200643700623,0.011227347272380965,0.023750157691575124,0.007057189714068037,0.0022252399999313625,0.008666724210258991,0.07280048336617555,0.20817328975888333,0.0047500315383150245,0.013000086315388489,0.0023084265419848716
36,0.1755811546468857,0.053630703747437336,0.01596192314971688,0.06384769259886752,0.026919053887494073,0.01965157209373257,0.02128256419962251,0.03830861555932051,0.00798096157485844,0.038308615559320525,0.10033208836964898,0.03192384629943376,0.11173346204801816,0.10641282099811256,0.006922229379256771,0.055117601892571866,0.019645443876574627,0.03192384629943376,0.00434434526295205,0.06795824173566845,0.0022132168210729675
37,0.014046927620788923,0.061806481531471245,0.038629050957169515,0.023771723665950484,0.019314525478584765,0.001753043335856895,0.038629050957169515,0.10768980950814275,0.010507995281615681,0.010301080255245206,0.014046927620788923,0.15451620382867806,0.038629050957169515,0.05150540127622604,0.25982518094228046,0.04641959757506847,0.014715828936064584,0.01144564472805023,0.018178376921020957,0.038629050957169515,0.025639047665488458
38,0.09301038334682225,0.021288968320511126,0.1581997905822301,0.17929160680781545,0.007884803081670787,0.03877645438308593,0.05322242080127781,0.026611210400638904,0.0029608488746659415,0.03499556436248403,0.022023070676390817,0.13919710055718812,0.0017889889344967329,0.04269629133900887,0.0028385291094014825,0.040664321511088654,0.037568767624431385,0.04875703787877011,0.036495374263733345,0.009256073182830924,0.0024723939614572843
39,0.02811457327976638,0.005877557996521494,0.07058027389375882,0.1437886643347183,0.0030437353910557734,0.04942496671139917,0.044190528640513455,0.08135074590639975,0.0018773276008087765,0.060797160422617236,0.10026422464654311,0.08522459094956163,0.05904448784740874,0.1106424514082028,0.013500925298940461,0.021713271579506158,0.05436741146782381,0.04267274019285619,0.0035510246228984024,0.017392773663175848,0.0025805641455237194
40,0.4065329097376998,0.014183813191325494,0.025051131833248433,0.013395823569585186,0.01786109809278025,0.004878720156830094,0.02009373535437778,0.02192043856841212,0.014183813191325494,0.004465274523195063,0.012690780223817545,0.013395823569585186,0.011957491043007518,0.016074988283502227,0.00518548009145233,0.24249502130766276,0.0027665939972330517,0.099204970024445,0.03214997656700445,0.012056241212626669,0.009455875460883662
41,0.07986823082078642,0.0262537532212356,0.006323877513669308,0.0070014358187053035,0.006534673430791617,0.006488824773381649,0.0357808696354795,0.11310011707139338,0.13069346861583234,0.014661147803558719,0.01704697416728248,0.007540007804759557,0.0028779913436116716,0.13637579333825983,0.1651422756263343,0.06750682827800053,0.06713705579580427,0.09521952713439212,0.005158952708519698,0.006126256341367141,0.003161938756834654
42,0.10011213600667686,0.035578628360379144,0.031487725118087506,0.03499855161209029,0.017788520034244235,0.03058321301928487,0.06641255880901653,0.06179170117158525,0.013044914691779106,0.057050022995309334,0.044627339735033786,0.06522457345889553,0.0007253297105837708,0.05049644396817718,0.10979830653063541,0.07621091512383457,0.10264850905006512,0.07035459609049406,0.002717690560787314,0.02698947867264643,0.001358845280393657
43,0.20410420687386757,0.1304553406309934,0.012082106507770715,0.08075806800966256,0.033417131590205214,0.01204081082129435,0.055909431698997175,0.00931823861649953,0.011012463819499442,0.07005519152645427,0.11536866858523226,0.0641314069488497,0.0037366101256965305,0.0523836116819433,0.030284275503623462,0.06769331109897427,0.0012872602584290168,0.023026072784356262,0.010533661044738598,0.00807580680096626,0.00432632507194621
44,0.005618856178939004,0.010174685513213873,0.007842986749769026,0.013445120142461188,0.19703750948341972,0.005791744061367897,0.017369348639320985,0.14050411602645044,0.009182033268022275,0.31796127339263996,0.1411737614958425,0.005703990363468383,0.00477759524187288,0.01536585159138422,0.022319633914264024,0.0027279953912240093,0.003921493374884513,0.05019511519852177,0.01711197109040515,0.007682925795692108,0.004091993086836014
45,0.06022343991973768,0.06087804252756092,0.03142092517551531,0.07454623945398439,0.025479147658350555,0.06909085319821309,0.04428194111745419,0.08491505028683011,0.07610594322639526,0.060411638169486866,0.044721947474126514,0.0827418587740064,0.0006895813731267673,0.06433436991794542,0.028217737939326804,0.053830828018305,0.03998204900632061,0.049079732533014564,0.0073244724226708,0.04129607308782013,0.0004281287198085617
46,0.03237795578341434,0.10792267426353581,0.11182156697888264,0.08956317412191953,0.011618469717366298,0.07097754672209997,0.03717539376471794,0.026490110955595152,0.038340950067308775,0.024081919050541054,0.037843015650850215,0.09513139789915703,0.0008545197082450049,0.1272564153749179,0.0027593865578744944,0.0688736050544148,0.05223402160258199,0.040698566919441105,0.009811152205775983,0.013108553163136074,0.0010596044382238062
47,0.05975638516985632,0.06468012329072081,0.0070240857872275984,0.003243920704216161,0.010870608956423663,0.1927492557461005,0.11037849094214798,0.0036819804529822087,0.10327078508602482,0.020356426962984446,0.0518824518374766,0.08380001081597484,0.0017560214468068996,0.09317664819791713,0.07312589344618779,0.10249431301770885,0.0017426167029381448,0.002404613459259918,0.007133837127653029,0.004658832409895856,0.0018126984394963195
48,0.04852303259236332,0.12583297593001272,0.07864560995625797,0.008565098245507132,0.08738401106250884,0.007341886200206957,0.013107601659376328,0.017476802212501766,0.01048608132750106,0.0034088946558541904,0.033653954539156365,0.3954883431978175,0.007490058091072186,0.028598403620457437,0.02859840362045743,0.012336566267648308,0.03145824398250319,0.04396835060618193,0.004766400603409574,0.01048608132750106,0.0023832003017047864
49,0.04605454453176947,0.03925862423046174,0.09662816487783936,0.00610689710251627,0.06673966119178495,0.019869322863758056,0.03233063171920379,0.04885517682013016,0.021984829569058575,0.14942813847719497,0.05954224674953364,0.051729010750726064,0.005310951284086616,0.01832069130754881,0.03889623692987285,0.07681520466853492,0.046558700108108295,0.03743978725081651,0.019986208699144154,0.11603104494780914,0.0021139259201017856
50,0.05436136787986727,0.07533113311564629,0.1944275196810708,0.0598366023911906,0.0814880045722135,0.05432533638147567,0.06964786715573806,0.010474088595909833,0.009159062214775412,0.01244955625408818,0.07243378184196757,0.05365465321627227,0.0009275915922093412,0.031043049360843244,0.007676070935933401,0.0553639992760755,0.06084259131080739,0.05070364728937729,0.02556486417951797,0.019061521537359884,0.0012276912176604675
51,0.07505188332803099,0.05201672836811993,0.025901626711348373,0.058356378590724005,0.00578581791474275,0.13388360759550802,0.04700977055728487,0.003458912883813602,0.036717690612790545,0.04146502838898973,0.024860936352410264,0.060836173662368646,0.0013370587618103,0.03743764533068839,0.01974397148898517,0.2158468892612364,0.13533493628162643,0.014709672409199808,0.005486551470876748,0.0031198037775573666,0.0016389162518876026
52,0.007997745981641009,0.017899717197006063,0.015995491963282014,0.0073990190520069705,0.01634322004944032,0.6343855655414103,0.021479660636407275,0.02425122975078241,0.018794703056856366,0.00621312497747318,0.02592372835428465,0.0278440045286761,0.006317547246002141,0.025059604075808487,0.08388425998577238,0.006317547246002141,0.00729891380848791,0.006837068995993351,0.014740943574004992,0.017899717197006063,0.007117186781655821
53,0.008475805043208268,0.02579592839237299,0.005041090662456741,0.004863166828070319,0.27467886714100875,0.002230475011370597,0.2514727278338189,0.010594756304010338,0.004178213753694217,0.005135927192594055,0.017710637403718768,0.007974789491911492,0.0009048524342031571,0.04159171474439053,0.000755758776144253,0.0015863806230603712,0.0016122455245233124,0.019138914613696094,0.13023797993222463,0.18416568594032023,0.001854082353201809
54,0.22570322759605782,0.10715943955912711,0.026550209409486044,0.011162441620742408,0.005581220810371204,0.015647370887773574,0.005151896132650342,0.007049963128889941,0.005151896132650342,0.00227032710930354,0.006378538068995662,0.014883255494323214,0.23889047035474198,0.006869194843533789,0.0024135008909713313,0.21105831999652624,0.055597536414279336,0.03156073315253105,0.009922170329548806,0.008371831215556805,0.0026264568519393902
55,0.07322916992066393,0.0721277284564308,0.007413825747263792,0.057626173842383444,0.010665503706590019,0.004716528547825967,0.01215867422551262,0.0037746174277287973,0.007599171390945388,0.0031298653083117224,0.013215950245122414,0.007599171390945388,0.16174383144030546,0.009352826327317399,0.004570930159967151,0.0032509824132386685,0.012843669956527415,0.5146782764476944,0.009498964238681734,0.006830715857029561,0.003973422949513928
56,0.004242760833229419,0.012890325032492272,0.014106393431783996,0.017386950043826788,0.10393994116734782,0.007329792665534824,0.007476388518845519,0.015257935752745954,0.021989377996604467,0.00588692009357915,0.02411738231885651,0.014106393431783996,0.0020993624431764673,0.014952777037691038,0.005663930696095091,0.6322524270170704,0.0045079895879420705,0.007787904707130748,0.021361110053844338,0.05442812561124812,0.008215811559170899
57,0.007458406789961711,0.03273411868927641,0.02805781601937978,0.016367059344638203,0.029460706820348768,0.007040034299836138,0.015108054779666032,0.025618005930738055,0.049101178033914616,0.003919698214642731,0.01402890800968989,0.012275294508478652,0.0029801808570627925,0.041601961590953127,0.4969230688802701,0.09522652709607678,0.058921413640697536,0.010712984298308642,0.01611695689822704,0.021043362014534835,0.015304263283298055
58,0.014020952700451759,0.0168079173440428,0.012868561716532771,0.01098008661342904,0.01715808228871036,0.6959178178048989,0.013501441800952415,0.014974326361056316,0.01715808228871036,0.00428952057217759,0.02287744305161381,0.012111587497913193,0.006588703598864776,0.012292357460568618,0.06965897234618404,0.005968028622160125,0.007995999513185411,0.007113530411736502,0.01715808228871036,0.01247860530088026,0.008079900417220556
59,0.19981036011249104,0.13504869609006528,0.010497283411706953,0.00832543167135379,0.010974432657693633,0.0008755894069853882,0.006190705601775894,0.008459519125020725,0.008942130313676293,0.002712781106396179,0.007544922452164371,0.031250946970561654,0.004471065156838146,0.0058887199626648755,0.0020014414236382244,0.20332798543985228,0.15776583839305008,0.15924602282015016,0.007788307047395479,0.024143751846925993,0.004734068989593331
60,0.12265323391869128,0.15801866584135818,0.009116461490847588,0.03958290582987899,0.048621127951187136,0.012994438422072603,0.02431056397559357,0.013260307623051039,0.03646584596339036,0.007293169192678072,0.016207042650395714,0.03646584596339036,0.016207042650395714,0.01823292298169518,0.005834535354142458,0.2718019947121624,0.09837103414699333,0.013510676983329601,0.014586338385356144,0.029172676770712287,0.007293169192678072
61,0.0557038567359332,0.013594393608174172,0.033586148914312663,0.0029132485207514843,0.02718878721634834,0.006437430831081745,0.02854822657716576,0.021146834501604272,0.48136032445531,0.006797196804087086,0.0119887248350464,0.02727886775241058,0.017842641610728606,0.01575675232677451,0.13958307684222643,0.008156636164904503,0.016711074813402445,0.0064882333129922184,0.019688432122183283,0.024824544849709362,0.03440456720485305
62,0.003833236218292022,0.007027599733535373,0.007027599733535373,0.010765684698181848,0.3367897143539732,0.003984151030035803,0.015494769728406375,0.07225138182674758,0.007027599733535373,0.428992122400241,0.009370132978047166,0.005499860661027683,0.008884279574170312,0.008294871816631915,0.005007757581838258,0.0025684628467743495,0.003328863031674651,0.04057794234277567,0.011244159573656598,0.007552047474843983,0.004477762662075637
63,0.15939733927804542,0.04636489904925981,0.010444839895712377,0.10492316440692888,0.01885873870059179,0.07530772662880411,0.001834904306003526,0.006797523872396558,0.030191616807237368,0.0317789809592951,0.08599584847469856,0.004628963135599803,0.0006171950847466405,0.12220462677983482,0.0569598937960359,0.11518923304313054,0.04400073892127809,0.05510031481216384,0.01616463317193582,0.008760188299629736,0.0044786305766712055
64,0.008344372871459525,0.010455385086591305,0.01390728811909921,0.01668874574291905,0.13350996594335246,0.005686605620632844,0.01094343983142233,0.01011439135934488,0.010766932737367133,0.003749920951591793,0.011509479822702796,0.008900664396223492,0.005215233044662204,0.012362033883643743,0.05189714252341347,0.003729328657635542,0.006013962429880739,0.008042769032732072,0.5650575131758785,0.06974401205996021,0.033360812709486654
65,0.007261955157999221,0.05213711395486622,0.018154887894998053,0.012708421526498639,0.012143807213821621,0.007942763454061648,0.010166737221198912,0.021180702544164397,0.013377285817366988,0.4283947301465919,0.2877444461748,0.013738834082701231,0.004132820008617443,0.015885526908123296,0.0061992300129261645,0.008526045537790388,0.008764428638964579,0.03706244924385818,0.013137270819992363,0.014951084148821929,0.006389459491836934
66,0.26247316588832653,0.008678640625622324,0.015704206846364203,0.009787293023145448,0.011778155134773155,0.009747987767919582,0.010992944792454943,0.0687059049528434,0.011372011854263736,0.0029303229563121765,0.004721668694986013,0.009422524107818521,0.0033651871813637586,0.014338623642332534,0.003790670618087912,0.05499589909267871,0.19718179660616153,0.277751221914767,0.007852103423182103,0.008913198480368876,0.0054964723962274715
67,0.005326398648500768,0.028115110067939507,0.05137260064133509,0.498834400504695,0.019680577047557657,0.0019045933715656387,0.017891433679597862,0.020359217635404468,0.17357563089134911,0.004507002377303279,0.020359217635404468,0.008682607520981319,0.003226324106156992,0.014760432785668237,0.015198383488235642,0.018166686505437832,0.004685851677989917,0.037757006228981274,0.013730635149458829,0.011354179065898645,0.03051171097053853
68,0.008098189511167786,0.016932578068805368,0.019268106078295766,0.018625835875685906,0.01510202908839398,0.11941612000586574,0.00821728053339084,0.0925345001331986,0.035722985467453554,0.004656458968921477,0.014327566058219927,0.011175501525411543,0.00542500074049104,0.012699433551604028,0.473011046472783,0.031944201161824844,0.005321667393053116,0.0076544530995969464,0.015521529896404922,0.010745674543664945,0.07359984182576662
69,0.10285885532859142,0.01290685625192382,0.1288787558096511,0.004007269435876341,0.005690750256530049,0.5335096873401018,0.00343946444075992,0.0061370836099833865,0.007633933270954944,0.0019999441796111996,0.006804157915416363,0.07269474521244837,0.0018806832100717217,0.02255792894480379,0.017656748357024417,0.03150918766199524,0.002309898628111828,0.0077766108913332995,0.009072210553888483,0.006259825282183053,0.014415403418739564
70,0.0023154185800174382,0.001719904802467396,0.003927942233958154,0.005944993651396127,0.19213612221325632,0.004999199206855834,0.06157111986509657,0.10575229091425802,0.004313034609836405,0.2545659641064117,0.1346723051642796,0.0032347759573773034,0.0012288534363221043,0.003927942233958154,0.0020751392934118553,0.0011974564071080824,0.0021778689614025412,0.0033840733092562556,0.023567653403748934,0.1854838676218029,0.0018040740277782297
71,0.013502694150766553,0.30413729647654014,0.006871906844586548,0.008365799636887971,0.05612057256412347,0.0037002575317004486,0.004810334791210584,0.1049527590809582,0.007126421912904568,0.16201431518790313,0.17418218120498996,0.006206883601562044,0.0010977078202879602,0.004021347383699307,0.0018178275339270642,0.00249887521621329,0.03797632729903092,0.0837929286210876,0.006206883601562044,0.00641377972161411,0.004182899818443986
72,0.03165281796622905,0.05934903368667948,0.13056787411069481,0.012901963844930323,0.019783011228893158,0.05934903368667949,0.20508447562536175,0.005934903368667947,0.010150539592439051,0.026404301942866557,0.07630590045430219,0.043522624703564945,0.0027552104122404754,0.04982628441572345,0.007280434710194537,0.05087060030286813,0.019783011228893158,0.032372200192734256,0.09650282542562443,0.05934903368667948,0.00025391941373334394
73,0.013486632213711299,0.08153179232049165,0.038501124151343276,0.03150091976018995,0.04950144533744136,0.010828441167565296,0.08920574614072305,0.04331376467026119,0.02665462441246842,0.03500769842632099,0.0433137646702612,0.04950144533744136,0.29122995359646164,0.04950144533744136,0.0093651383070835,0.008714153441429805,0.03900595435623059,0.00825024088957356,0.019250562075671638,0.04950144533744136,0.012833708050447758
74,0.04354984971877094,0.09740009440133991,0.003457504960780801,0.08343109796666716,0.07148899963026187,0.0581489470676771,0.05163901168203908,0.03366517988128675,0.003655076672825418,0.07544453132370416,0.09594576266166725,0.025208836805375973,0.0019681182084444557,0.030702644051733514,0.001619337766441641,0.05195707020876355,0.05576334923925958,0.09097079719032153,0.009840591042222279,0.10750440588229161,0.006638793638125264
75,0.010264927067557097,0.020793057393256677,0.021340243114131855,0.006605898718163948,0.021917006441540824,0.6837953734328787,0.017253813581638522,0.030034416234704094,0.023850859951088547,0.008814448242793595,0.023850859951088547,0.01930783900802406,0.009770231787192898,0.021917006441540824,0.005381343716800497,0.008814448242793595,0.010531548549831307,0.009609184323285015,0.016863937972852693,0.020273230958425262,0.00901032487041123
76,0.05686926497290505,0.040092831805898066,0.007033830141385624,0.0005735999477441707,0.08909518179088456,0.002098192715697665,0.15368918858927588,0.022273795447721147,0.11243190435789194,0.05492168740533983,0.013966706926235792,0.0022948646724884067,0.0022273795447721144,0.025492839945940454,0.13584229831804345,0.06130402416803985,0.03572565906239465,0.05905145769860956,0.003516915070692812,0.12027849541769418,0.0012198820003447024
77,0.03407846406590696,0.3690331989514171,0.0074958089173895286,0.021526936605499335,0.004036300613531126,0.011045558265783934,0.004036300613531126,0.03897712890796441,0.010763468302749667,0.06296628957108555,0.007451631901903616,0.004967754601269078,0.0028078612963694793,0.006054450920296689,0.0037258159509518086,0.002391881845055482,0.2272747730080603,0.16287057298651655,0.00922582997378543,0.005870982710590729,0.003398989990342001
78,0.026784119044709273,0.1995093568929604,0.033774835375510875,0.0072486098525124,0.032521326079568626,0.0067887962378658075,0.00666088472933572,0.14011656324634839,0.009127879073534136,0.05265760706531578,0.13515149983071512,0.00524367521245578,0.0031596504485310465,0.007701647968294426,0.0027082718130266117,0.00248942156550931,0.05994796256402149,0.2076306744400484,0.00666088472933572,0.050740268967586814,0.0033760648628139954
79,0.006761544834958756,0.023710014786041244,0.721282354181672,0.014755226774887642,0.026673766634296398,0.0025556132799505723,0.010283861834909456,0.021886167494807297,0.02943312180336154,0.0066684416585741,0.021339013307437118,0.00859260250532727,0.00755363302918128,0.025865470675681353,0.007487373090328812,0.006565850248442191,0.006720949073208542,0.008176490028022138,0.01778251108953093,0.014371391881577327,0.011534601787803848
80,0.004256903215561546,0.012025751583961367,0.007516094739975853,0.011186745659498946,0.07742039670213698,0.0064137341781127285,0.028753714335642395,0.32105197370860816,0.013000812523201477,0.40660487679073753,0.0360772547518841,0.007179553184454546,0.015694212561249078,0.008613209142909776,0.0021608986303071924,0.003317448712816929,0.003616767393672591,0.004715981013318182,0.014576668586619839,0.010021459653301139,0.005795542932029574
81,0.010542468100301225,0.05647750768018515,0.016472606406720665,0.00923099183854481,0.016472606406720665,0.6668737805032809,0.014642316805973924,0.013632501853837792,0.026356170250753062,0.005813861084724941,0.024708909610080997,0.01550362955926651,0.007676554441966912,0.024708909610080997,0.006129784821892471,0.006082193134789167,0.010136988557981947,0.00868085352044228,0.034377613370547476,0.016136430765767183,0.009343321676140699
82,0.30503914553156813,0.447791900876325,0.006278620596722307,0.008113909694225752,0.00539852516029148,0.0030897616742110207,0.0061326061642403935,0.006939528027956235,0.0072247141112969015,0.0021614923365765324,0.007127082839522619,0.006204754472054987,0.002430433779376377,0.005925889102524426,0.0015740649152157238,0.11173296188147738,0.038125599768048704,0.003516027534164492,0.008047204591936512,0.014664492947232195,0.0024812839950325996
83,0.005436260286749886,0.011863601635332639,0.006104823614837589,0.022748498348515035,0.018105947665144624,0.7508636397095352,0.01043754630108337,0.01706137376138628,0.026884588957335954,0.00677245370680982,0.0192867703389584,0.0096433851694792,0.00595430493685964,0.01774382871184173,0.004669428608379402,0.004442713821235162,0.005615135668304345,0.006545437472608255,0.02534832673120247,0.013241663217792337,0.01123027133660869
84,0.012596856621649716,0.03779056986494916,0.018895284932474582,0.018895284932474582,0.03239191702709928,0.02159376125724414,0.056685854797423725,0.1900757779711167,0.059073944980397405,0.022674341918969495,0.11337170959484745,0.022674341918969495,0.03239191702709928,0.02519371324329944,0.19040733099749313,0.010153692071591176,0.038775386842006085,0.012596856621649716,0.056685854797423725,0.020613038108154087,0.006462564473667681
85,0.013407868741054284,0.023006288800231565,0.06135010346728417,0.0021049055889760123,0.09202515520092625,0.15443232165704915,0.06135010346728417,0.04601257760046313,0.030675051733642086,0.02045003448909473,0.023006288800231565,0.15421713980333712,0.02045003448909473,0.09202515520092625,0.003247422542633583,0.04601257760046313,0.036810062080370506,0.005015702018926701,0.05165678271737939,0.04601257760046313,0.01673184640016841
86,0.022404024991411635,0.008603260880643032,0.004907855738584908,0.041074045817588,0.018957251915809846,0.6242188943449045,0.009990984117791675,0.0211237949919024,0.052809487479755994,0.006660656078527783,0.03891225393245179,0.020711865833450836,0.0036966641235829205,0.018957251915809846,0.005738021072103146,0.0038588628668411186,0.00770138359079775,0.018220100225370732,0.041074045817588,0.013949675938048753,0.016429618327035198
87,0.011370235731745148,0.082333165797944,0.023132548557688405,0.051603377551766444,0.03530757411436652,0.009569199933365878,0.015972474004118185,0.03194494800823637,0.029167126442302772,0.006080937187687227,0.023132548557688405,0.020328603277968597,0.006269569235261345,0.017201125850588816,0.002406158673822498,0.0069879573768017065,0.009065458218553566,0.015972474004118185,0.565992156368665,0.017201125850588816,0.018961235256722116
88,0.27820389101743015,0.22055266873829138,0.005018447913026283,0.009007470613124098,0.006056747481238617,0.0877710544243542,0.003548397514261008,0.004382442716942575,0.010332098644465876,0.0021162129753725285,0.008169566370042786,0.002273835446773636,0.0010842325738019748,0.007636768563300865,0.0012625327640712611,0.29841354669167147,0.03232602614827485,0.0034206469717453047,0.009244509313469469,0.005665989579223222,0.0035129135391183974
89,0.0019297999314481604,0.0027336312997437227,0.008517161124643067,0.0055320931368180596,0.09019717070899008,0.0019995517361992986,0.01462204313425275,0.0033527837192836724,0.004485480921744373,0.005010197557872959,0.006262746947341199,0.003958703451482254,0.0030175053473553053,0.5158303060006029,0.001627086216711194,0.0011750517780517778,0.0020745349263067724,0.0024228145124750625,0.04230424163449105,0.281675005868553,0.0012720900456333953
90,0.005085250772721226,0.006031518425421269,0.06677862595428995,0.01851031281270526,0.1927723047062648,0.005784472753970394,0.0035316926186883626,0.011568945507940787,0.025708767795423977,0.052671621824771066,0.014022964252049443,0.010093609101436514,0.0030850521354508767,0.012177837376779778,0.004536841375663054,0.023167946667384684,0.004581760597204273,0.018760452175039116,0.12620667826844498,0.3903728176563713,0.004550527221978856
