site,A,C,D,E,F,G,H,I,K,L,M,N,P,Q,R,S,T,V,W,Y,*
0,0.01911093132025099,0.21774399880467554,0.037707731684343423,0.032488583244426675,0.02165905549628445,0.00817174864529372,0.007978165373757243,0.027847357066651434,0.023772134081287814,0.0130892143341011,0.026342094522508117,0.044302613515127286,0.022747029193197234,0.03898629989331201,0.3579903254762557,0.02379652355811149,0.01911093132025099,0.009108948573203744,0.013536909685177784,0.025648881508757906,0.008860522703025456
1,0.010596551377310285,0.017999176323701557,0.017999176323701557,0.007775409524674755,0.02018089466596841,0.2431433534532575,0.2219898413256525,0.020811547624279923,0.015135670999476308,0.007654822114677675,0.014799322755043502,0.03329847619884788,0.16649238099423938,0.041623095248559845,0.054493761252626685,0.014169564339935268,0.035051027577734616,0.005074486425966729,0.012108536799581047,0.020811547624279923,0.018791357050484653
2,0.009390040044526333,0.022524833918855156,0.08495176892960724,0.015349103918937273,0.018561707064761353,0.5899807522416539,0.017541833050214024,0.023134881269122852,0.02494229386827307,0.0058259372539032,0.024558566270299637,0.01813985008601678,0.010433377827251481,0.02073125724116203,0.006410870713130428,0.037739270406092415,0.01412660891654404,0.007920416012361844,0.017936031545724457,0.020465471891916363,0.009335127529646063
3,0.09872433979056408,0.07404325484292304,0.02089695465357778,0.023838502869007676,0.026676963387546104,0.4618257282207846,0.02985279236225397,0.021996794372187142,0.030580909249138217,0.008529369246358278,0.03582335083470477,0.03134543198036667,0.012538172792146668,0.032995191558280706,0.004114447402691917,0.009219244700107845,0.016943476746144142,0.007742938781902251,0.01117125673508321,0.03134543198036667,0.009795447493864585
4,0.045109277971335196,0.048364336971855576,0.025693554016298286,0.06466692246798668,0.021636677066356448,0.006954646199900286,0.037066110712036866,0.0493316237112927,0.09750888172473123,0.0398097753928416,0.034098743180190946,0.04457676841381871,0.004581633201894224,0.1181903484749721,0.07204866387475795,0.053584873362853294,0.08178728316733094,0.11581662927143593,0.0230351838291614,0.015113855303704873,0.0010242116852446305
5,0.17513986228819886,0.07066294288595468,0.00955252105309718,0.025633888257601923,0.02375060024777921,0.42837043200045194,0.010320134352006774,0.015011104512009857,0.015833630786640535,0.003802154761265654,0.012563641819834336,0.014269815400305669,0.005091872455615678,0.014269815400305669,0.002605069887363578,0.13464907227087428,0.006457290767736082,0.004327672262732475,0.008960116646703558,0.01242854889704042,0.006299813046481535
6,0.03954318281270098,0.04297147948946925,0.11606944123378854,0.13104344863357253,0.07646009421758056,0.003632049069254108,0.04249989652613568,0.02517301563471113,0.013928443368303399,0.018995995967090725,0.07282456380334257,0.011828284454864271,0.0070124829268123886,0.11785206300315149,0.006523239931918502,0.04322159288223987,0.05290855381906352,0.031879293376930795,0.07755616955665337,0.067128041692563,0.0009486675998531661
7,0.003233461217348196,0.018064185787040873,0.02181778283369872,0.019999634264223826,0.029473145231487745,0.007029160159810885,0.022104858923615807,0.026314562572211216,0.020240593713190376,0.006268542082816422,0.02399956111706859,0.020240593713190376,0.011728221296913218,0.02153806766916412,0.00633950671016906,0.06618467589680381,0.6236010211671497,0.008749839990597925,0.012727039986324254,0.02181778283369872,0.00852776283347615
8,0.034534657775262455,0.1893519588245925,0.005557843367810462,0.009003706255852948,0.00763025953885843,0.002037037614446368,0.00478920545524093,0.11324350158829999,0.006820989587767386,0.16614354038293574,0.010608644604812402,0.005627316409908093,0.07653996936188365,0.004673340959731337,0.0058318209384898055,0.01983687187686207,0.14822889537434358,0.17824573816276545,0.004168382525857847,0.0052962977975605586,0.001830021596718079
9,0.009917321236830956,0.022278040459547798,0.021349788773733305,0.06549157990958816,0.029003486636015062,0.56856499478481,0.026053979520488105,0.02479330309207739,0.039414994659199946,0.0072168300080225276,0.03014087826879996,0.037492311992897515,0.009316271464901806,0.028466385031644413,0.004599160407037998,0.01038638372776215,0.012704006543047918,0.0070163510558671136,0.01452261222334535,0.020226115680378923,0.011045204524003401
10,0.048735664071806135,0.1323181144521881,0.03496272799225938,0.16776529799385922,0.08214871850690171,0.0012214813713893264,0.00858774659311468,0.049530844982102494,0.021748710285724674,0.022013708880934443,0.06873668283230551,0.03898260947665474,0.0034481103745081666,0.06920748202978705,0.03148263626920699,0.01736132710712871,0.0038247947011351095,0.10543588045278018,0.019431331492978664,0.07016869705797854,0.002887433075256088
11,0.019692725993275678,0.015039622303853703,0.015039622303853703,0.07224836620823281,0.05333446623178831,0.014382327972617069,0.09600203921721899,0.043244161809558104,0.12718486208558039,0.09931245436264027,0.14467417351259956,0.05273985451076569,0.005162855417740824,0.062311084162811496,0.06202296963396479,0.00596398815497647,0.0330802408981047,0.04000084967384123,0.007059414550788475,0.029091527035520898,0.0024123939602667863
12,0.023654089489915618,0.021853625813626897,0.08042390426571308,0.05744564590408078,0.026807968088571037,0.0069698447123192385,0.04021195213285655,0.04021195213285655,0.08042390426571308,0.016874704895097587,0.05026494016607068,0.05744564590408078,0.08042390426571308,0.06701992022142757,0.06972138303994745,0.028722822952040396,0.04021195213285655,0.01218544004025956,0.14745852163990916,0.05026494016607068,0.0014029377708735021
13,0.012268705156583824,0.03874327944184365,0.03067176289145956,0.05535738286115334,0.046007644337189346,0.009201528867437867,0.19446689290549435,0.030566956797000257,0.2712125381125813,0.011501911084297333,0.017954202668171455,0.041495031589378485,0.02165065615867734,0.027576221108945375,0.046991278137441306,0.01533588144572978,0.02150188748799228,0.012691763955086713,0.01937163972092183,0.061343525782919114,0.014089309489695383
14,0.044480319308241555,0.00978717722207732,0.009469821905466469,0.005069436105291331,0.19952495382280347,0.11010574374836984,0.04064397207501552,0.02110360088510422,0.042877157353862536,0.03667442251194142,0.2813813451347229,0.0068213659426599495,0.0016736423551359594,0.016674450082057656,0.016882880708083373,0.03440305998614736,0.04770802223402106,0.03534656306914805,0.004679479481807383,0.032157868015396905,0.0025347180526456656
15,0.08283023268057511,0.0680273278373925,0.005992617068593038,0.13667577512015242,0.003672894332363475,0.034115599509756976,0.01400803465036734,0.003207316177556837,0.13897793799894928,0.0580040101771327,0.019155316967597112,0.10535424332178414,0.004752823006997781,0.05784154535313639,0.08366992057802784,0.12737760828473244,0.031277040986154664,0.01667477232431116,0.002051526564022842,0.004845094651202882,0.0014883624091930423
16,0.004958454164436514,0.011305275494915253,0.012846903971494605,0.011305275494915253,0.01066535424048609,0.004633309629063628,0.012561417216572503,0.17930715051943036,0.010870457206649283,0.20792690246065212,0.28607282366975,0.01449394294219904,0.06829367990235184,0.010870457206649283,0.007796480648388722,0.004156351284895313,0.023771781318863865,0.09313328023554886,0.007536850329943501,0.013145669180134016,0.004348182882659712
17,0.10551483134466598,0.04928893505719692,0.0066563077255159765,0.01677870059791579,0.011616023490864776,0.042247658620454494,0.05066350008991446,0.04410062610380777,0.03341101625943075,0.02724916734869423,0.02082873177672305,0.22238282762308742,0.007106273194411392,0.018304037015908135,0.03837764409033653,0.13871254173589692,0.006358244437104929,0.04546808737834444,0.015488031321153038,0.09189639951951084,0.007550415269062104
18,0.09963972380252391,0.03187774380395433,0.029081450487817993,0.012601754315747766,0.01315589426829861,0.11720705802666039,0.10584786744690988,0.11869540162064969,0.015892350666735822,0.07582328538883217,0.02018438572670472,0.044730040512215276,0.0016568645183269923,0.07307952560844813,0.02891573310645094,0.0680917194250122,0.06055315718011418,0.05386469917397734,0.014734601580494442,0.013643149611568928,0.000723593728556276
19,0.010759107961052413,0.05454210677389759,0.027112952061852085,0.013290662775417692,0.0667270455212577,0.010270057599186396,0.012103996456183968,0.03265253295506859,0.014735300033615267,0.30521109121744977,0.2500286269065031,0.02054011519837279,0.005894120013446106,0.07317732658831262,0.002947060006723053,0.004236398759664388,0.04058259811924274,0.0021404103603220757,0.007702543199389797,0.041815615193321484,0.003530332299720324
20,0.0651687116896111,0.11230029507069565,0.11631101989464904,0.008668920025188003,0.008379956024348401,0.11102415535398319,0.009122432932913652,0.010055947229218083,0.010930377423063135,0.045523766033239134,0.06784809493854528,0.058155509947324505,0.08746122874387609,0.07793789143420445,0.03264870733884885,0.09221718210043513,0.0033145455196777257,0.05815550994732452,0.005237472515217751,0.006983296686957001,0.012554979150679267
21,0.07474807134089154,0.008890858793125244,0.08562609508529997,0.02703089549578778,0.009737607249613364,0.07693408718031906,0.030102588165763663,0.007303205437210022,0.011826016779407153,0.004914708271961415,0.013632650149458709,0.17631515925661573,0.06564901963386259,0.07008009943352389,0.030194085394231043,0.2007963022581278,0.08659582789958833,0.00110223524680245,0.007864990470841562,0.007303205437210022,0.003352291020358699
22,0.09043166446940488,0.17550529746925975,0.08000976796392724,0.013739051064512757,0.021319217169071515,0.09273859468546114,0.07461726009175032,0.019784233532898373,0.003182799671168088,0.04888255340714088,0.013596546483119936,0.04808667872579466,0.06012533193206479,0.05966570865210798,0.016323103563622692,0.04162524381921688,0.04777442756523755,0.04685699895071453,0.01507944629031888,0.0294408237096702,0.0012152507835369065
23,0.07200946360458751,0.15560592778730992,0.13499946804795276,0.09089477028846646,0.009177981448131544,0.06667658945114699,0.060345789169593884,0.00953098073459814,0.002118710223598981,0.002136254302582342,0.01273966660246982,0.0674452937777814,0.006697445921609506,0.0781427484810057,0.0028159715806767237,0.04023052611306259,0.16379571346032626,0.007322550334199126,0.006883486086098659,0.007288397032339756,0.003142265552462094
24,0.026567289553513097,0.023603597966240442,0.06521061981316852,0.02391056059816179,0.2639988244809397,0.011955280299080894,0.0797018686605393,0.02246335329892647,0.04782112119632358,0.0024244250634671777,0.023139252191769474,0.07173168179448536,0.0797018686605393,0.059776401495404474,0.01258450557797989,0.003732090141209911,0.02869267271779415,0.009446737346379639,0.10474631757312101,0.02663361940239892,0.012157912168556844
25,0.026914145627056445,0.03246716854450313,0.02598607163991657,0.02354987742367439,0.07825805420790256,0.018316571329524522,0.1370272640039263,0.06028768620460644,0.03943235289545479,0.06016103140165558,0.09219526480757632,0.07955052287402063,0.004426298225293446,0.03897910745987486,0.03397559231209651,0.07328546393438001,0.010466612188299727,0.06395196071016164,0.024789344656499353,0.07456944152766423,0.0014101680259124814
26,0.008923987318957593,0.00921945546100667,0.005911909732463435,0.07205496743796476,0.002734020711019229,0.0031791225727609207,0.04450771601865289,0.00742133349394346,0.2091450544395032,0.005615564849102989,0.03659268404626359,0.07170687580782965,0.08364346228964689,0.10123323643458304,0.0704885551023568,0.12877483049820765,0.08574333116008895,0.02981291303966831,0.002981219437737971,0.018664464515150754,0.0016452956330912387
27,0.02407826345266244,0.04497980040244038,0.03611739517899366,0.024625496712950227,0.08671128248455329,0.011650772638385052,0.037788228063178365,0.04710964588564392,0.04013043908777074,0.011286685993435519,0.030097829315828047,0.03869720912035035,0.026427362326092926,0.037362822598958956,0.014256866518023815,0.015703215295214634,0.0257981394135669,0.012312748356475113,0.027782611676148965,0.3985412512124376,0.008541934266889277
28,0.013217058870592498,0.07518227541990533,0.04168457028417634,0.20477330298239488,0.014645930099845739,0.008336914056835268,0.13075178333896578,0.0803238912863763,0.19911075052238741,0.0070376547233024995,0.013894856761392113,0.031620144673208936,0.01593821804983213,0.021675976547771703,0.06265764908293646,0.008467178338973319,0.012208551380262465,0.009031656894904875,0.012042209193206498,0.02007034865534417,0.0173290788373855
29,0.053842042544383795,0.06937340097064833,0.012497354888755524,0.018461868874998903,0.011108759901116021,0.06429729846060091,0.06032469649621595,0.010712018476076163,0.11022116626816691,0.057498674678375196,0.09281214566099183,0.06291817053225106,0.010712018476076163,0.06532629208497602,0.15508373681914137,0.016890915018940467,0.03692119148179943,0.05870057005208705,0.004916992087379223,0.013633478060460572,0.013747208166559298
30,0.12159292439259872,0.33218931945114816,0.038161915302964866,0.023851197064353045,0.01817234062045946,0.008673162568855652,0.0212010640572027,0.025441276868643246,0.015264766121185947,0.012426603444166205,0.01817234062045946,0.027258510930689196,0.010171376481437715,0.0424021281144054,0.0352951151916845,0.14013042530879896,0.056790466565235134,0.009307784220235335,0.0212010640572027,0.015264766121185947,0.0070314524970876814
31,0.2577048983646166,0.046968197360923954,0.027106309244871625,0.024951981158926675,0.03802206652788827,0.2930951529713318,0.03471579987328929,0.03193853588342614,0.021580091813125774,0.010236710219046841,0.024951981158926675,0.036293790776620614,0.013533277916705992,0.03193853588342614,0.010236710219046841,0.005452488571145421,0.012475990579463338,0.015400245502421809,0.02753322058916046,0.02575688377695657,0.01010713160867916
32,0.010879482535327917,0.18496709659787067,0.026878721557868968,0.057117283310471556,0.032997529033140606,0.008986418395776274,0.03263844760598374,0.16791653669116796,0.01903909443682385,0.006117362860012988,0.021917973689450487,0.0863842612314873,0.01171636580727622,0.018277530659350897,0.008307968481523136,0.03678183101072942,0.062247701227128506,0.1185626800385143,0.03263844760598374,0.045693826648377255,0.009933440575734184
33,0.08262005900586257,0.014999058020098101,0.022893299083307624,0.010609089819093776,0.018123861774285203,0.005370033118306726,0.034996205815802706,0.03771973629718421,0.039264035793339605,0.0511055703976801,0.021748634129142245,0.09484417005131203,0.00632429989115937,0.02367390393421947,0.018632239207487543,0.03968935462980914,0.15980028721036563,0.01829347122189686,0.28171945681721167,0.012793314193613082,0.004779919588822471
34,0.053640029581613964,0.021505481020255467,0.09304057135181149,0.2856276286761104,0.04554101863112922,0.16763071059601312,0.021505481020255467,0.02580657722430656,0.028623938968951875,0.011910727949679949,0.022119923335119907,0.027649904168899887,0.011059961667559952,0.0459524971722434,0.01020725156873232,0.011385254657782302,0.014888409937099938,0.010310718865418681,0.043010962040510935,0.02977681987419987,0.01880613169230519
35,0.022266845252033537,0.17842273647206433,0.014911538732964682,0.011597863458972532,0.014497329323715662,0.004859842911367121,0.014911538732964682,0.30011328328687453,0.020876154226150558,0.0034935405813101613,0.007098814391349096,0.023722902529716546,0.05570664622883457,0.014911538732964682,0.004701836537421297,0.01270502457850613,0.06098411797682941,0.1918356033278518,0.010036612608726228,0.027468623981777046,0.004877606127605271
36,0.31497687636170185,0.03329344793387414,0.022710825084898974,0.01297761433422799,0.08727919102940349,0.010129086876209913,0.1679876673929077,0.1007926004357446,0.011355412542449489,0.02015852008714892,0.01297761433422799,0.022710825084898974,0.022710825084898974,0.030281100113198643,0.013749431841049216,0.023636995315730183,0.006987946179968916,0.03149768763617019,0.010964217352472933,0.039673122239853906,0.003148992738963028
37,0.0180088930845924,0.07923912957220658,0.049524455982629105,0.03047658829700252,0.02476222799131455,0.002247492893846842,0.049524455982629105,0.1380639466570656,0.04446352809000775,0.013206521595367763,0.0180088930845924,0.1452170262111894,0.049524455982629105,0.06603260797683881,0.14557008969042923,0.011623073749156573,0.018866459421953943,0.014673912883741959,0.023305626344766635,0.049524455982629105,0.008136158525410648
38,0.030539058052368256,0.031120677409402882,0.2995250463486526,0.11434460985748607,0.011526176818297365,0.03815476710291192,0.008644632613723025,0.019450423380876804,0.023480639776643827,0.027603605965717194,0.010731268072207891,0.14393308824981105,0.0026151829755800744,0.00567403348120226,0.004149423654587051,0.016172257106720343,0.12982200116649623,0.03572653566853519,0.016449495799978404,0.025031841434749742,0.005305235064051755
39,0.014817992932314894,0.011183704917039426,0.06683315681686663,0.11938028412294979,0.005791561474895418,0.014349886553933485,0.055562360343465705,0.08182820341492222,0.0035721430452042595,0.03822124151015475,0.14119376275515988,0.04375535877047923,0.16864810551310766,0.11053985373594756,0.0032111627979618147,0.028665931132616063,0.038797855067420006,0.036013673651652735,0.006756821720711319,0.006618927399880476,0.00425801232331684
40,0.34370118560910323,0.027490685566651685,0.023966238699132236,0.025963425257393258,0.03461790034319102,0.01749993069699381,0.03894513788608989,0.042485604966643505,0.027490685566651685,0.008654475085797753,0.02459692919121467,0.025963425257393258,0.004627145095377016,0.03115611030887191,0.010050358164152229,0.10625387796650744,0.005362138138919777,0.09716831913941659,0.06231222061774382,0.02336708273165393,0.01832712371110112
41,0.06197485081235298,0.0025781664899368235,0.011670776448835792,0.012921216782639624,0.012059802330463651,0.002993797048650621,0.02367083668331321,0.16733209719335312,0.06374556083556308,0.003351954353902177,0.015730176952778677,0.013915156535150368,0.002643767894379751,0.05820246858899238,0.13293383463717673,0.05563416513673588,0.17420875872184702,0.15777026306801867,0.00952089657668183,0.011306064684809674,0.005835388224417895
42,0.11160300341210237,0.0648725192777262,0.017889763827475872,0.01898060308524879,0.012746316050543792,0.0272621328772946,0.07933483447791469,0.01475889226905071,0.00934729843706545,0.044943340072808646,0.13652714499915802,0.06917375346624006,0.0015591991431809405,0.08786182395913553,0.10303082290449349,0.03749437759798066,0.08930218172895744,0.01748774666281349,0.04323359591640003,0.009669619072826326,0.0029210307615829523
43,0.21745906423562847,0.30904682404845296,0.0073673086864502624,0.02193559965708023,0.020422799680729867,0.0074641380774028996,0.022779276566967932,0.022779276566967932,0.026920963215507555,0.07920805786126836,0.028202913844817438,0.017419446786504887,0.012560926401272455,0.016007059209220707,0.09130928892340659,0.01762051364549523,0.0031468240562653195,0.022281099599418444,0.02575048655396375,0.019742039691372205,0.010576092691806541
44,0.011642274915255008,0.021081957278975282,0.01625067540254345,0.027858300690074483,0.11854702531704664,0.012000498758801317,0.008755683547906576,0.21412464852717,0.019025180959075256,0.28744630210764344,0.1202450850387705,0.011818673020031596,0.00216871958858182,0.015919028965756844,0.00512879948357032,0.0056524088356672865,0.008125337701271725,0.03435573858250585,0.035456019060094796,0.015919028965756844,0.008478613253500928
45,0.05272225135587335,0.021742872202390226,0.06957719104764873,0.04458269368794335,0.030774526809536937,0.050008606065497535,0.05883365419470298,0.036006196367158225,0.07957659489739644,0.11001893334409457,0.0517578767451516,0.07201420903921882,0.0016508768902141837,0.08418042994105371,0.03633308532545678,0.07522377344170789,0.0578388366067768,0.033076558342533806,0.02162534316345839,0.01143053852925658,0.0010249520029291853
46,0.03272005326007767,0.1309318029260484,0.12832561431029937,0.1060478922745354,0.00609568068509161,0.09099410212228362,0.025762396064438926,0.0192826837036544,0.009143521027637418,0.01043435265349264,0.007090893858167792,0.1732825985854476,0.0022416374132272375,0.03780918373265569,0.02008612885797333,0.07567468701431578,0.0678967736044169,0.01771375143380325,0.017854336762642965,0.01783227931738816,0.002779630392401774
47,0.013451032187619779,0.05248907449790918,0.006547127008120806,0.006047295405587196,0.00675497230996591,0.15707938649435765,0.05191227148144865,0.006863923476255683,0.03749219606993513,0.03008927837459763,0.09841701468357972,0.08969651971161696,0.003273563504060404,0.17674892432969422,0.10404040638191163,0.12051063022479151,0.0032485744696782626,0.004482664420710409,0.013298851735245388,0.0086849643985276,0.008871328834386126
48,0.09734708075034057,0.12086536409949551,0.07967208248066354,0.011549818376550457,0.07256224305127286,0.01880545206228779,0.054421682288454655,0.06714742449971971,0.04353734583076372,0.031726411639931756,0.007149415341054449,0.07967208248066354,0.031098104164831223,0.019789702650347147,0.01831293395446901,0.012805101714930505,0.08057690939966367,0.07973894540827547,0.019789702650347147,0.04353734583076372,0.009894851325173573
49,0.03356863718050222,0.08908244222633435,0.01076233022809993,0.010214568232056543,0.01822140863720475,0.024078002095264145,0.005407712593441699,0.11337765374260733,0.11054321239904212,0.132864437979618,0.0076609261740424065,0.030011731873043117,0.002196822476451778,0.03968217880991256,0.027472277637631777,0.03160410740213147,0.08514320983272501,0.05977549859351348,0.004178687004023131,0.16061834280202705,0.003535812080327265
50,0.06220124264668302,0.022757895013847805,0.0748614967560783,0.01855263180476723,0.019218348414579867,0.031608187519233055,0.06564777407840712,0.010059202607499058,0.10091061002477184,0.05778371780859795,0.07585965004615934,0.2844736876730976,0.001968891083931813,0.020319549119506966,0.0018087857331369284,0.0135386811309401,0.0564042408656268,0.04622697424687835,0.02510061950056743,0.008091936174559942,0.002605877751129473
51,0.13048807479544433,0.00900383352702252,0.020154947528854498,0.10507280033617969,0.008512715334639473,0.17200480933153275,0.07878752215824943,0.010178246595764585,0.03333318245156706,0.021010005908866515,0.05416642148379648,0.08921528244390008,0.003934448263909,0.02549008069825716,0.03660319796096493,0.13772547478050576,0.02988492219795668,0.0042861515372525525,0.0161448049450059,0.009180379282454333,0.004822698437876353
52,0.011159731840797188,0.024976542691307994,0.022319463681594376,0.18259662211541774,0.02280466941380295,0.385993086783509,0.029971851229569593,0.0338391868720947,0.026225369825873392,0.008669543744090376,0.03617292389775641,0.03885239974203466,0.008815250361638115,0.0349671597678312,0.04951355829291146,0.008815250361638115,0.01018460964111588,0.00864628445027599,0.020568917510488935,0.024976542691307994,0.009931035084943824
53,0.0047780227042465125,0.018177260287894344,0.014208942700188737,0.013707442184313768,0.12886222453600876,0.0062868719792717265,0.30884049735489777,0.014931320950770354,0.011776816524551268,0.0035756451533313824,0.012479910048405072,0.02061795592576141,0.0025504394288066996,0.017024520583250744,0.0681010736775791,0.004471411621621069,0.004544315071973585,0.01870580678748515,0.0754315460698588,0.24570201407701406,0.005225962332769624
54,0.174835843634801,0.1371139835776973,0.042894998454712084,0.019848487884682815,0.009924243942341406,0.003969697576936563,0.0091608405621613,0.012535887085062829,0.0091608405621613,0.004036980586715149,0.011341993076961607,0.008821550170970142,0.27510130463041177,0.012214454082881732,0.004291564948039528,0.16567647811878197,0.0575013822711298,0.0043697701346444425,0.017643100341940277,0.014886365913512108,0.00467023244345478
55,0.08005811915878264,0.022603074222145306,0.016263187550080157,0.018058640031682713,0.02339616454572935,0.010173513652138656,0.02667162758213146,0.08551747874484027,0.01666976723883216,0.006865765159688189,0.028990899545795066,0.01666976723883216,0.05658926565366089,0.020516636601639583,0.010026927662455434,0.007131451225168839,0.017375295651405737,0.49188493088295643,0.020837209048540202,0.014984060439399696,0.008716218164095247
56,0.006817382483279572,0.02088646426996977,0.02285688542751409,0.02817244017809876,0.13449754753317755,0.011876616937825948,0.012114149276582468,0.024722753625678506,0.035629850813477845,0.00953870021778147,0.039077900892201506,0.02285688542751409,0.06581828659056216,0.024228298553164936,0.009177385815592779,0.4465628050026303,0.007304390170194433,0.01261890549644007,0.03461185507594991,0.017318244260075406,0.013312251952288426
57,0.01212594358874804,0.1476776011880787,0.04561664492909976,0.02660970954197486,0.04789747717555475,0.011445749901649241,0.02456280880797679,0.0416499801526563,0.02660970954197486,0.034410464282719905,0.02280832246454988,0.019957282156481147,0.0048452043411801775,0.056687503705712884,0.35201428005215235,0.026850472943287046,0.010643883816789945,0.03222056753194444,0.008713007018162437,0.034212483696824815,0.012440903162481752
58,0.01298653138634839,0.03127368782834918,0.023943917243579835,0.014245834130751667,0.03192522299143979,0.5639795930786319,0.025121486944083764,0.027862012792529263,0.03192522299143979,0.007981305747859947,0.042566963988586386,0.02253545152336926,0.012259285628712879,0.022871801546106112,0.007869742641985967,0.011104425388326882,0.014877773821253493,0.02449228912127464,0.03192522299143979,0.023218343993774388,0.015033884220156751
59,0.046582823872162386,0.08744780077485789,0.018134371007713423,0.014382432178531338,0.01895866059897312,0.016418505072303687,0.010694629055830995,0.04057120793936313,0.015447797525089213,0.004686410485139424,0.013034079161794027,0.004039612317869691,0.007147629059749786,0.010172939833595336,0.0031688750849303633,0.15318740947250384,0.14409620184455565,0.32848678232041567,0.01345453332830351,0.041709053317740885,0.008178245748576642
60,0.0960490988151402,0.021971230442380897,0.016478422831785675,0.03569466125200433,0.021971230442380897,0.021148463148243552,0.043942460884761794,0.023968615028051893,0.06591369132714271,0.013182738265428538,0.02929497392317453,0.06591369132714271,0.02929497392317453,0.03295684566357135,0.01054619061234283,0.28462734660419986,0.07166270912507383,0.023103488526000155,0.026365476530857076,0.052730953061714166,0.013182738265428538
61,0.023268669408438577,0.02271465347014242,0.056118555632116554,0.004867700062876327,0.04542930694028483,0.010756199561421388,0.047700772287299076,0.03533390539799931,0.3483296132258599,0.011357326735071208,0.027701136538235964,0.04557982105809205,0.02981298267956193,0.026327703848617125,0.12638276310627528,0.01362879208208545,0.02792226593114237,0.01084108461074979,0.03289708433606833,0.04147893242373833,0.011550730663923921
62,0.008117474050908218,0.014882035759998401,0.014882035759998401,0.022798012228082653,0.2198861025126766,0.008437059643463661,0.010813971309612643,0.055251081053694036,0.014882035759998401,0.3853927016204505,0.01984271434666453,0.011646810594781357,0.09308102808003099,0.01756568155278499,0.00919454243328948,0.0054391196686288555,0.007049385359999242,0.031551956537041556,0.023811257215997438,0.01599263544358037,0.009482359068317566
63,0.20115438065240168,0.09454388490781965,0.028855825914793586,0.09093957257995552,0.020840318716239817,0.07345301057953851,0.003667086210364085,0.016747115108492076,0.016127055058465612,0.014632564205019443,0.09725482067578581,0.0030836861314425257,0.0012334744525770102,0.07859777344410442,0.049013187841811,0.12614607959787097,0.010566922165980753,0.04892944394247608,0.014885941940171295,0.008067220148221864,0.001260635726468109
64,0.016971984297219352,0.03754073565489405,0.028286640495365587,0.033943968594438705,0.09102156451958683,0.041741031767187214,0.022258340061927024,0.020572102178447703,0.02189933457705723,0.013464333451571801,0.023409633513406004,0.018103449917033977,0.010607490185762097,0.02514368044032497,0.03505854079443018,0.013983759912227025,0.012232060754752685,0.01635853908165721,0.494050635079829,0.02026505587727684,0.0030871188456045276
65,0.012890541473939825,0.02313686931219969,0.03222635368484958,0.0225584475793947,0.0215562127740302,0.014099029737121686,0.018046758063515758,0.0375974126323245,0.02374573429409969,0.3267295116174849,0.16129203501500905,0.024387510896642924,0.013531335794904398,0.028198059474243378,0.011004120770436441,0.07700503980936933,0.015557550054754966,0.02751532749492058,0.06451944042684679,0.026539350093405533,0.017863359000506063
66,0.20695587429093498,0.050572566996548204,0.03303286073888133,0.07604394182295554,0.02477464555416099,0.01765902247596345,0.023123002517216926,0.028903753146521157,0.023920347431603716,0.006163759245072431,0.009931747969348623,0.01981971644332879,0.007078470158331711,0.03016043806593512,0.007973449143867904,0.022878066022247998,0.11119613026005672,0.25298589566961016,0.016516430369440664,0.018748380419365076,0.011561501258608463
67,0.01080653327955838,0.057041707288123064,0.09142599633735289,0.4386151731993841,0.03992919510168614,0.003864159071090866,0.03629926827426013,0.04130606389829601,0.042604747322838823,0.009144090481302169,0.04130606389829601,0.017615821368390946,0.006545769688801007,0.029946896326264603,0.03083543831390437,0.017013649292279328,0.009506951214687176,0.015088592554925399,0.027857577977920565,0.023036074097126616,0.01021023101351141
68,0.01669144623268228,0.03490029666833567,0.03971413069155439,0.03839032633516924,0.0311272916231102,0.07114542554480452,0.016936908677280548,0.021114629389922566,0.1067021537674874,0.00959758158379231,0.02953102025782249,0.023034195801101547,0.011181648447136674,0.02617522250125176,0.4232644344133591,0.008822584431977667,0.010968664667191213,0.015776846439110648,0.03199193861264103,0.02214826519336687,0.010784988720901943
69,0.10090390564785615,0.01432806888351512,0.05036202064420628,0.1029282475973699,0.012634751651826969,0.5146119123204149,0.00763638836099432,0.013625712565695752,0.016949057093914224,0.004440328056552608,0.015106768279358331,0.03314145874650993,0.004175541751766463,0.023139306782473147,0.015195613123429,0.017238007066137716,0.0051284969804463705,0.008118994090710836,0.020142357705811107,0.013898226817009666,0.006294835834001226
70,0.005388554495337515,0.10259429921556006,0.009141297804590427,0.013835477758299023,0.15574273871252242,0.011634379024024179,0.06736681332085893,0.009844474558789689,0.010037503471707135,0.2620239793373964,0.10576024562824615,0.007528127603780351,0.002859847357860692,0.009141297804590427,0.00482936487789683,0.0027867786676586,0.005068442347099643,0.007875579647031752,0.018282595609180854,0.18405967412166538,0.004198528635903415
71,0.009410228509322919,0.03196035595226228,0.019156536608264517,0.023321001088322014,0.022349292709641932,0.010315058173680891,0.013409575625785156,0.11258761755910575,0.019866037964126164,0.19645067666534968,0.20904560905042607,0.01730267822681956,0.07244677662392311,0.031059957470054012,0.005067484249821807,0.006966013312096186,0.032591152451320084,0.11985133482098352,0.01730267822681956,0.017879434167713544,0.011660500544161007
72,0.06257192859602066,0.026816540826866003,0.013529403590216944,0.2666108261917402,0.03128596429801033,0.12082855177162609,0.031845718084923993,0.013529403590216944,0.04280702138756001,0.027527796634061175,0.019327719414595636,0.009019602393477962,0.017428977539064895,0.04935968660018558,0.002435150184398188,0.01787769388457733,0.15017262863044956,0.06826028574111344,0.01691175448777118,0.01127450299184745,0.0005788431612763958
73,0.014829236955072449,0.022412086437397085,0.04233394104841673,0.03463686085779551,0.054429352776535794,0.011906420919867206,0.1332241702031332,0.047625683679468823,0.029308113033519274,0.0037520320948868026,0.21995867442987388,0.054429352776535794,0.14018273247526555,0.054429352776535794,0.010297445119885151,0.006116232991716183,0.02134911564445564,0.0090715587960893,0.02116697052420836,0.054429352776535794,0.014111313682805575
74,0.053867852992348086,0.15199085286603847,0.010578942628716536,0.017018299011413558,0.12765323146085852,0.0118612387049246,0.01790813463046647,0.11421604920182077,0.011183453636071766,0.060280692634294294,0.09042103895144143,0.03787002318975762,0.006021859650192489,0.05786946492892253,0.004954694648892554,0.005672766337137852,0.010036432750320816,0.008698241716944707,0.055643716277810125,0.14289435934167352,0.0033586544399531863
75,0.028444245870114165,0.03114673975706038,0.031966390803298814,0.03955783324726442,0.032830347311496075,0.44594378715596134,0.025845167032454357,0.04498973520464278,0.03572714266251044,0.013203509244840813,0.03572714266251044,0.02892197263155607,0.014635215066570543,0.032830347311496075,0.04573116880718704,0.013203509244840813,0.015775621435394217,0.014393975726342479,0.025261156999931877,0.03036807126313387,0.013496920561392832
76,0.02886189488194445,0.008150493315826526,0.01286919997235767,0.006455695749650837,0.13816295975893778,0.0038388845189739258,0.19217211675561346,0.010188116644783156,0.08972717443552021,0.018582315882895738,0.03600814349352277,0.004198718448713427,0.004075246657913263,0.02010270787088658,0.09337438850783288,0.03526093885424099,0.04049089707204654,0.010515574104274334,0.0064345999861788366,0.23362100468329483,0.006908928404591748
77,0.007176774239006381,0.42217922511150874,0.012801466413284845,0.03676405828554436,0.006893260928539569,0.01886378704603602,0.006893260928539569,0.0035804886143229442,0.018382029142772184,0.03821449882474864,0.01272602017576536,0.008484013450510239,0.004795311950288396,0.010339891392809355,0.00636301008788268,0.004084895365060485,0.22928699294849184,0.12058357745652248,0.015756024979519015,0.01002656135060301,0.005804851308243848
78,0.04383213531328586,0.03202632423407161,0.018328341582872935,0.01978096496810306,0.03269574731934206,0.024694635617260968,0.01817710294366227,0.2434707678256784,0.024909363293166807,0.09650006975805812,0.060117987006532196,0.014309634232244765,0.008622471909173127,0.021017275278609502,0.007390690207862681,0.006793462716318222,0.03357941616581077,0.24658248953925674,0.01817710294366227,0.01978096496810306,0.00921305217692471
79,0.009261565598778804,0.03405993414379454,0.4506069378386292,0.021196193117741104,0.038317425911768864,0.06641686650868772,0.014772983484055466,0.0314399392096565,0.042281297557813916,0.009579356477942216,0.030653940729415085,0.10130152814558774,0.01085095247058941,0.037156291793230406,0.010755768676987748,0.009431981762896951,0.009654784481705541,0.011745699629246212,0.025544950607845906,0.018401904162050755,0.01656969769157572
80,0.010603738895572624,0.029955562379992653,0.018722226487495414,0.02786563942324898,0.01554719651595838,0.015976299935996086,0.04104558888638506,0.17535390623957514,0.03238439176215422,0.4395892369289355,0.029955562379992653,0.017883917838801586,0.010037061438997477,0.021455085112224263,0.008895354464946943,0.008263603415170389,0.009009191693230873,0.011747279364703002,0.03630977258180928,0.02496296864999388,0.014436415604815738
81,0.01576824400664094,0.08447273574986221,0.024637881260376474,0.013806684577905123,0.024637881260376474,0.4357757827042525,0.021900338898112423,0.0203899706982426,0.03942061001660236,0.008695722797779932,0.03695682189056471,0.02318859412741315,0.0114817310727968,0.03695682189056471,0.05032219638191413,0.00909706384998516,0.015161773083308598,0.012983849246110676,0.05141818697817699,0.024135067357103485,0.03879204215191059
82,0.27063648847618127,0.3917976580696845,0.012638974491466245,0.01633344395820253,0.010867326786409504,0.006219744987529513,0.01234504485212982,0.013969392858989006,0.014543477497029651,0.004351122365914608,0.014346944017340064,0.012490280673919583,0.004892506254761127,0.011928919744754659,0.05020893142857505,0.06513449749359802,0.02365591796271842,0.007077825715221098,0.007801701908739758,0.043764931817109984,0.004994868639725122
83,0.008229397627328374,0.018107061006299777,0.10312611277253432,0.03472035390766238,0.027634567395894552,0.4990439304057787,0.01593051532233921,0.02604026543074679,0.041033145527237365,0.010336593911441474,0.02943682179127897,0.014718410895639487,0.009087877868448545,0.027081876047976662,0.0071268094863096475,0.006780781474915119,0.008570213939233122,0.036956087696532754,0.038688394354252365,0.020210355259684076,0.017140427878466244
84,0.018084677225089725,0.05425403167526917,0.027127015837634588,0.027127015837634588,0.04650345572165928,0.022036576251239233,0.08138104751290375,0.11906690089286251,0.011899712963941855,0.0325524190051615,0.11906690089286251,0.0325524190051615,0.04650345572165928,0.03616935445017944,0.11927362435079548,0.006599747697609786,0.055667884169648886,0.018084677225089725,0.08138104751290375,0.029593108186510456,0.015074927864182996
85,0.02959546869070769,0.027690594472138966,0.07384158525903722,0.023941408244298783,0.08078784421898633,0.0808623196652054,0.07384158525903722,0.05538118894427793,0.03692079262951862,0.024613861753012414,0.027690594472138966,0.08078784421898633,0.024613861753012414,0.08078784421898633,0.059801991923256616,0.05538118894427793,0.044304951155422344,0.016752525660522186,0.02688274541134263,0.05538118894427793,0.02013861416155561
86,0.00901243782780436,0.01384329000398803,0.007897106833041855,0.06609121073723197,0.030503635724876292,0.43716016128436624,0.016076240449596962,0.03398976552200501,0.08497441380501253,0.01071749363306464,0.06261272596158818,0.0333269407070126,0.005948208966350877,0.030503635724876292,0.009232904924322265,0.006209198871499237,0.012392102013230991,0.014534760406871346,0.06609121073723197,0.022446071571135384,0.026436484294892783
87,0.018900559948395373,0.026888838535997255,0.038452863343287125,0.085779464381179,0.058691212471332986,0.022317921197447597,0.026550786594174453,0.053101573188348905,0.048484045085014214,0.010108244065461323,0.038452863343287125,0.03379191021076748,0.010421804083694645,0.028593154793726327,0.0039997188565723376,0.011615969134951321,0.015069365364261173,0.026550786594174453,0.4092338805833701,0.028593154793726327,0.004401883430830578
88,0.17871032536952564,0.07777292019439346,0.01247423761290775,0.02238965725393698,0.015055114360405904,0.11484060971041123,0.00882016800912669,0.010727931819244847,0.025682253908927713,0.0052602206801418225,0.020306898439617263,0.050660346719282025,0.0026950513361220442,0.018982535497903092,0.03142343234456263,0.3273077159971652,0.022593317498232148,0.008502621498704154,0.022978858760619534,0.014083816659734556,0.008731966329035425
89,0.004411233299057094,0.10368634277404457,0.009622835239201107,0.012645535457297002,0.12954850882124772,0.004570675466492892,0.15630573598363554,0.007663960883210305,0.01025313685726784,0.005291215454630319,0.014315700517694721,0.009049002542541477,0.0068975647948892735,0.18948271560500451,0.003719275134499118,0.002645075622984016,0.004742075796486376,0.0055381907112249645,0.03436696312443711,0.2803123458271875,0.004931910086966618
90,0.009832756884213359,0.13890225051444358,0.03221773670484612,0.03579123505853662,0.021905875309701173,0.011184760955792693,0.09211432874981985,0.022369521911585387,0.04971004869241197,0.10764344903530793,0.0271145720140429,0.01951683580898386,0.005965205843089437,0.023546865170089883,0.008772361533955055,0.007456507303861795,0.008859216598647678,0.01209163346572183,0.0271145720140429,0.3290914421706092,0.00879882426029686
91,0.1072543647577885,0.09487619723927851,0.0023367081524641067,0.006338879661328839,0.0050273873176056305,0.0070038477797963634,0.003994362526316803,0.25083547862526506,0.01382810971908513,0.05608681302060927,0.12389238842910053,0.0033515915450704208,0.0009467157935750863,0.0071119137663689415,0.0019310494332524938,0.07103659473587505,0.10083483089538356,0.1295007820465617,0.005831769288422532,0.005399786378169011,0.0025804288886825365
