site,A,C,D,E,F,G,H,I,K,L,M,N,P,Q,R,S,T,V,W,Y,*
0,0.008078063147772166,0.005029622136129968,0.030253199993368656,0.023809028225012706,0.012565876007645591,0.1086617001673369,0.005305461812224159,0.014136610508601292,0.19985410945922216,0.0416719563329802,0.01370822837197701,0.04112468511593103,0.011046155407816659,0.009424407005734195,0.42327550179590057,0.008191866866730981,0.011033452104274179,0.006113128868584342,0.006854114185988505,0.014136610508601292,0.005726221978167611
1,0.009577888186887743,0.010659666704052724,0.01130570711035895,0.02351288031243607,0.012436277821394847,0.34855955724763155,0.06218138910697422,0.01036356485116237,0.01130570711035895,0.005486593156497726,0.012035107569091786,0.033917121331076855,0.34703155537004715,0.026649166760131814,0.002539122510252896,0.010659666704052724,0.021946372625990904,0.005368419407471418,0.005739820532951467,0.024872555642789694,0.003851859938387939
2,0.005686067989663807,0.08461978961349181,0.00681197746786996,0.012956777878086379,0.009879543132040864,0.7447694875831282,0.01097727014671207,0.010680587169773907,0.01145454276178651,0.0033921178135762624,0.012545451596242367,0.011622991920048073,0.004819289332702861,0.012545451596242367,0.003363248725801145,0.02058312297822236,0.006872725657071904,0.003578588895648007,0.007527270957745419,0.011131879585398158,0.004181817198747455
3,0.06629572584559308,0.05544181090470943,0.017380380353507977,0.0062709743143416034,0.016956468637568754,0.6521978896668111,0.018789600382170785,0.01829513721421892,0.01511337422044172,0.005266781925305448,0.018789600382170785,0.020447506298244676,0.00772461349044799,0.01829513721421892,0.0027692035969916593,0.00620727869768142,0.010376346479706255,0.004805607995561462,0.008106285511766887,0.02397293841863169,0.006497338449909524
4,0.04714713574916558,0.07146645792037618,0.05977745251475531,0.027749687821163008,0.013116063384221577,0.02829114514450279,0.031796517295082614,0.12140488421758819,0.08216283132447937,0.03780252611748711,0.024223979498083414,0.05640243399118066,0.0037305999251357274,0.1050667528011426,0.054386166885619314,0.0597922133659524,0.0747135301533832,0.07790146737295242,0.009134946289033745,0.013466760266152638,0.0004664479625422044
5,0.2591586082387082,0.02676759140372362,0.006477297818298934,0.017591751055653453,0.004982536783306872,0.4277947233300617,0.004237484554027339,0.005739377813682599,0.006975551496629621,0.001642792924930889,0.006767326078819781,0.005667635591011567,0.00211874227701367,0.006667806577660668,0.008511049462528012,0.1703565995765553,0.004293415650894284,0.022784112872208755,0.003333903288830333,0.005739377813682599,0.0023923153917718687
6,0.049622221746619,0.048967279964951003,0.08135940572409492,0.11221172882612619,0.046041239575015755,0.010611246997621025,0.044026332077891105,0.03012992883953237,0.0012259585897381445,0.03486506280130072,0.06615587097194672,0.07814794146770915,0.009897754401392274,0.11587751578800563,0.014966500600029152,0.06267242058209521,0.05041876235340091,0.043626686677978165,0.05912944187844736,0.03481680665901519,0.005229893477090128
7,0.11343775067509847,0.037109454141004285,0.009987724108462472,0.011985268930154967,0.008907970150790855,0.0033978855214356857,0.009416997016550332,0.03397719740331734,0.010632093405782632,0.0033125115133594133,0.0091554137660906,0.010806390018992182,0.015073799019125436,0.009416997016550332,0.0027931770811801832,0.05796977926721402,0.621793526426021,0.011401097356573603,0.007847497513791943,0.00867354988366478,0.002903919784839309
8,0.04163936671304259,0.15381542277629082,0.0026453901476889805,0.0037564540097183526,0.002318798771431082,0.005893776815840492,0.0019981138349565706,0.16284158649413413,0.002290520737633142,0.17668933868398426,0.004376842674801025,0.009218471429904363,0.04013307794173361,0.001655002296218441,0.000637089298105088,0.03212735362166669,0.1454706763216122,0.20767809784494057,0.0017231440411552075,0.00220967882924609,0.000881796715896327
9,0.005001026930300019,0.01407696469269635,0.012461575301731195,0.08937860662319846,0.012669268223426717,0.7142539349191884,0.01206596973659687,0.01070642385078314,0.015203121868112058,0.0038783474153347096,0.021115447039044527,0.01900390233514007,0.006230787650865597,0.018540392522087876,0.0025630814647422846,0.005136189820308128,0.007104262555192552,0.003677311525289094,0.007840497825857396,0.012884001583145814,0.006208886116958576
10,0.0492218822683786,0.14020820433915643,0.10461989499822538,0.10617851376700674,0.04475024703710231,0.005147043318915846,0.03216424005791728,0.060671913877671325,0.01392617060583485,0.01671573137446047,0.021243667324114614,0.015477529050426363,0.0008148668887586796,0.12475826446707312,0.015588613078115982,0.04037616274024267,0.01770986497116094,0.10723548521917976,0.03541972994232188,0.0471055231969498,0.0006664514769868021
11,0.08187546015078409,0.026981685731508397,0.008847822328720502,0.04263735496049892,0.010743784256303469,0.018934516302812912,0.09408998101243952,0.026164058891159657,0.1405274129950553,0.08925587178693072,0.05288646191271117,0.10709010150800231,0.002465786550627025,0.012950276175673394,0.06897279444917646,0.07195116195068904,0.028547307617808063,0.09113813847087279,0.008993895243836132,0.0053718921281517345,0.009574235576238436
12,0.017611258239260907,0.020023739047761096,0.03773841051270194,0.03773841051270194,0.02935209706543485,0.007568217169482816,0.08805629119630456,0.03773841051270194,0.0330211091986142,0.061777384279446776,0.01886920525635097,0.08805629119630456,0.024015352144446694,0.12638512223070297,0.002313974226734606,0.013903624925732296,0.0330211091986142,0.008005117381482232,0.24655693153880898,0.06740539852304157,0.0008425456433700367
13,0.01140419512147302,0.0190069918691217,0.02494667682822223,0.009870616658055853,0.030703602250119675,0.0038379502812649585,0.06360756181629891,0.14507426239953053,0.3731653095152741,0.008492485728756504,0.014783215898205766,0.01364635576792056,0.015965873170062223,0.02229102590596688,0.09985952316185026,0.009282484401198969,0.021667652930650583,0.006765200495789079,0.01140419512147302,0.028510487803682552,0.06571433287508253
14,0.06663878788394068,0.052137966664803644,0.04869853832309992,0.029938598045805218,0.031934504582192234,0.06289533830774226,0.048047354918495926,0.09504316839938164,0.028177504043110792,0.06669864881090783,0.057903222594084834,0.07223280798353006,0.000917691981351516,0.05806273560398589,0.028122362156529364,0.08584647258666776,0.06331642598985941,0.034848339587811694,0.024635189249119727,0.042474464222620224,0.0014298780649592468
15,0.09884421058290248,0.059106104378635026,0.02628115863005814,0.02679986570828297,0.007833806899344252,0.04288582978987038,0.021845959414045504,0.024940283189749054,0.1086287890042403,0.048646738014858776,0.07374583736279244,0.06577133709241113,0.001475934633209787,0.1145694259029097,0.09957013240049886,0.11065693188566382,0.043994659546717337,0.02036789793829506,0.001347696954207578,0.0018356561962482529,0.0008517444750591896
16,0.008212024036339463,0.0125135604363268,0.0061030367272049205,0.00858239539763192,0.005970362015743943,0.0022328183148310685,0.00858239539763192,0.07933125106803406,0.0070419654544672155,0.25726914073087637,0.3467623706524512,0.0070419654544672155,0.04092917607937693,0.004291197698815961,0.0017078211243208498,0.0022697244026795155,0.015457927597815458,0.17224547894708653,0.00457727754540369,0.0066984549444932045,0.002179655974001757
17,0.12050932954610133,0.05054256420107869,0.06790227013814917,0.007439422901291076,0.00421099409507042,0.056416604229556556,0.045777846999147075,0.01123168093357304,0.03538536693387495,0.018033966569398964,0.055890983693256326,0.20884467874389348,0.0031434181273060887,0.041752553035673705,0.043374377589001575,0.08998742196210678,0.05205624312147431,0.0371133804761544,0.004649639313306922,0.04320109049241734,0.0025361668981674127
18,0.0616927457634707,0.0637154587393222,0.0709972254523876,0.05924968116364851,0.024481801880133647,0.07231198888669105,0.059121348702520046,0.04711235639587448,0.03557772372865554,0.058252788670717294,0.038725759337665956,0.05352965411092713,0.0003078759632510437,0.05764760910035821,0.04983278526529192,0.06971595917564599,0.07059948189243023,0.08399877496938858,0.0045101782241103285,0.01753017912404632,0.0010886234534632192
19,0.0032829856291338257,0.04031647185861796,0.01044586336542581,0.004255722111840144,0.21145002723051382,0.003429984985662206,0.017247688495665436,0.058671336243364916,0.01832566902664453,0.2852549920919382,0.21558816410982787,0.005605097415594337,0.0024447765323336998,0.0663214688583326,0.0035316473871715736,0.001702288844736058,0.0015922660783536705,0.00242354479273018,0.0028726124254920974,0.043981605663946884,0.001255786852674141
20,0.08696883735893195,0.057771500147347235,0.047267591029647754,0.0278044653115575,0.004501675336156928,0.07127652615581802,0.0468417568762275,0.02250837668078464,0.012119895135807112,0.018238281667345264,0.07048675855298349,0.06445580594951966,0.05456316949402321,0.13809773866210512,0.031199730052572778,0.07682245183729565,0.10154107540077278,0.017753085832731542,0.0022892023748098023,0.0463407755192625,0.0011513006242996108
21,0.06445982386133625,0.009455266689334397,0.041751824749671804,0.062050187648757,0.0027665438500465473,0.06342316332091284,0.06618686682534078,0.0038933451073729867,0.06618686682534079,0.011155089914383281,0.013237373365068158,0.04108150354676325,0.07154021634797865,0.24110930057802712,0.05251783998097693,0.10070549767025512,0.07593781237558447,0.0004223105678497259,0.003293504583388747,0.007354096313926754,0.0014715658776843336
22,0.04961245887322652,0.03704600199445053,0.0586893651668356,0.0487709992586874,0.01260824892704022,0.04834690361295967,0.07888179010535526,0.036410162755160055,0.005301195571596455,0.0453162468602838,0.10177079691511913,0.05301195571596455,0.05666503692489946,0.07964778703943806,0.013935956850899262,0.055132433944603154,0.07552941500103143,0.06940358358572545,0.00933010420600976,0.06400885443657861,0.0005807022541356971
23,0.03815120313771918,0.05795251726000087,0.10379966168113715,0.10501069966403187,0.003881590168055275,0.0475428281063893,0.0973759983892532,0.005628305743680149,0.037363155609143404,0.02196451091486914,0.1407418276314307,0.06457566208971527,0.002680145592228642,0.08879875734783681,0.011079157711470758,0.04217779731085008,0.07175073565523919,0.041867767555983704,0.005519287358095321,0.01041542936930891,0.001722961703561
24,0.00820210921005837,0.042100263196465385,0.01640421842011674,0.013670182016763953,0.2298276686694191,0.0039057662905039865,0.03515189661453588,0.034554328707798135,0.011717298871511959,0.0009846279098063,0.012303163815087559,0.022369388754704646,0.03515189661453588,0.015378954768859445,0.003465679947911988,0.0011696078679723368,0.01892794433090394,0.002713933142068249,0.08819085398018625,0.40048503746130676,0.0033251794094831233
25,0.1013441200099485,0.04356770559992663,0.03417201667682533,0.019477548590500608,0.08043048189490883,0.01950529438621357,0.07149327717463311,0.08189423839187755,0.03217273651109476,0.059499702831629565,0.0400371832138068,0.084962452314842,0.0015691175886152523,0.08084431225864837,0.056838501169600736,0.049189718424688514,0.035205109377657716,0.04217657468324686,0.0066728638689678,0.0585044470568043,0.0004425979755632868
26,0.016214022446663288,0.04277352729247951,0.04116952001901152,0.028528985087801165,0.0014414859529257027,0.005070137933375803,0.07550394598081264,0.02673345455779969,0.10035653972888298,0.011989529823315415,0.030632083347478814,0.1265176279654009,0.0253907039240263,0.058813600027159324,0.07964341670344492,0.14416925718314383,0.13491182436170582,0.03084629372053811,0.001478036656549573,0.017126698712232834,0.0006893085752518189
27,0.009604878246170527,0.005683656214497106,0.022242875938500172,0.012429842436220683,0.2735744682731499,0.005560718984625043,0.11339605455687321,0.026413415176968952,0.012074704080900093,0.005869647817104211,0.019209756492341055,0.017608943451312635,0.01142201737382441,0.02113073214157516,0.00469571825368337,0.013175940871089727,0.008286561624147122,0.007043577380525054,0.01030767421540252,0.39484734750700234,0.005421468964086733
28,0.007695059866465992,0.01605925537349424,0.020520159643909307,0.029228906121754227,0.008208063857563725,0.008208063857563725,0.01846814367951838,0.13475958370545538,0.34504157487979886,0.004504425287687409,0.016789221526834888,0.012278148048008504,0.010260079821954654,0.02638306239931197,0.20456927191534607,0.006156047893172792,0.041694158163748156,0.005771294899849493,0.009982780367307232,0.05890729191330917,0.014515406777945791
29,0.09316113200253259,0.04140494755668116,0.006490056613625464,0.02219125511821539,0.00671385166926772,0.04005058011323832,0.05175618444585145,0.03881713833438858,0.18198019213759745,0.057710435753781264,0.07019781997711122,0.056860121073967464,0.004635754724018187,0.022437325858796923,0.15671084272309316,0.048909594301329615,0.02037281112524625,0.04140494755668115,0.0033000287865892182,0.03327183285804736,0.001623147269940086
30,0.15352954334466282,0.07444732006064184,0.021475188479031296,0.016215000277988206,0.006949285833423517,0.01350858630132614,0.08211101477276672,0.023264787518950572,0.008107500138994103,0.0014514096001054782,0.01550985834596705,0.26648756612616115,0.01504633569044118,0.024633304431830018,0.019941246444814778,0.13612817103508332,0.08508712860994695,0.020527753693191684,0.006080625104245578,0.006633409204631539,0.002864964985796188
31,0.31414090993113825,0.15902816703063227,0.0031244920234966196,0.010868126382516016,0.009703684270103584,0.25366927447939214,0.009369074467686221,0.012938245693471444,0.011813180850560883,0.003622708794172005,0.012938245693471444,0.02079964118732355,0.006626906330802448,0.012938245693471444,0.004055271038252245,0.11433788170912657,0.0059065904252804426,0.005912690999703605,0.009056771985430012,0.015094619975716685,0.004055271038252245
32,0.007619054695638269,0.22810269829468463,0.018095254902140888,0.018095254902140888,0.03873863514908873,0.005268621280514178,0.015238109391276537,0.27037225719667496,0.012063503268093924,0.006447470625480146,0.010357705003455389,0.041117555373665196,0.00782497509281768,0.022271082956481093,0.004321254902003794,0.006313546883564151,0.05065981689070834,0.19472901818538252,0.017030828143191425,0.019301605228950282,0.006031751634046963
33,0.0394926426763402,0.01808614814895826,0.006613967799862867,0.004899235407305828,0.014468918519166606,0.0020668649374571456,0.056753085570869034,0.0029678879221498146,0.025320607408541567,0.10498788437687966,0.016534919499657165,0.0075117504651392,0.002613249733110322,0.0340854330499598,0.027129222223437385,0.10991090613792431,0.1235045247719714,0.044440396015868494,0.28389771942910236,0.07304021367848529,0.0016744222278133839
34,0.008949612779769781,0.028363394131392737,0.040657210921544104,0.5835335615512656,0.028363394131392737,0.05861180514850603,0.027130203082201747,0.02079982236302134,0.009590822870682638,0.00799993167808513,0.02151705761691863,0.01890892942092849,0.012999888976888337,0.025005949231983772,0.01058446031691416,0.010064430175655488,0.015219382216844884,0.008823068357181194,0.028363394131392737,0.023110913736690383,0.01140276716074005
35,0.11588793103221193,0.11650020421750085,0.015804647837402326,0.008579665968875548,0.007902323918701163,0.007298391452210561,0.007507207722766105,0.18473603811632275,0.014299443281459247,0.009699198833676072,0.003325522469872766,0.00834134191418456,0.07294705094849668,0.008832009085607181,0.0025665667428260183,0.01834258534488311,0.09830982145371563,0.28117672863664783,0.005774775171358542,0.008832009085607181,0.003336536765673824
36,0.030202277738835413,0.0713798189500056,0.010952146085298724,0.009583127824636384,0.03447844694828763,0.061666239447056084,0.05867871103545168,0.006969547508826461,0.02555500753236369,0.04482401537430336,0.01833709719857865,0.1466967775886292,0.0733483887943146,0.09779785172575277,0.03197252615159992,0.07284342955064627,0.09430507130697591,0.04746072216102707,0.01879396239172747,0.041082406010477954,0.003072428675205243
37,0.01984239644628857,0.03720449333679107,0.04251942095633266,0.01984239644628857,0.02976359466943286,0.027656771241167867,0.02976359466943286,0.017165210384697815,0.023556721827383865,0.013528906667924027,0.02976359466943286,0.1488179733471643,0.03720449333679107,0.024802995557860717,0.2775828957344512,0.0799927029608716,0.024802995557860717,0.007832524913008647,0.049605991115721434,0.0330706607438143,0.025679665417283
38,0.06700831234386648,0.00707107896098849,0.09551883899461437,0.15859255542392425,0.014142157921976983,0.0677815741674065,0.009556754727044727,0.0568626906259161,0.003528433577750681,0.043476503899090774,0.08800178311153684,0.15472840986643835,0.0017863778427760395,0.02501748188088507,0.002121323688296547,0.04539458495346243,0.07337121371085946,0.03989621131508463,0.014769530032705484,0.029539060065410964,0.0018351228899648763
39,0.03559071278289463,0.0050985539603456715,0.12912887732416917,0.14333135228713276,0.006506988527657836,0.03045680654483549,0.09760482791486752,0.07498907510532506,0.008692477864236211,0.045687366258023096,0.020334339148930732,0.04229542542977592,0.04554891969360484,0.07692583894985322,0.006365532255317445,0.05195095679339723,0.07397418536705748,0.06625927349519287,0.007200356157654162,0.03097076270375605,0.001087371435972647
40,0.38207315578080675,0.013181226763041386,0.02195534497387203,0.009729000706054355,0.010215450741357076,0.013487719962126795,0.03143215612725254,0.02043090148271415,0.01857354680246741,0.00537655302176688,0.01945800141210871,0.01201817734277303,0.03661291058336592,0.02270100164746016,0.004864500353027177,0.27105579642280814,0.002241688125539215,0.054962186851342354,0.02918700211816307,0.010477385375750846,0.009966293406202024
41,0.045191163222728856,0.023401150289349876,0.00472045755901581,0.007080686338523718,0.004883231957602563,0.001491415589552797,0.0025972400810503975,0.17818230070675944,0.17353406677527883,0.020389174833263458,0.030127442148485898,0.003540343169261858,0.002600295125664774,0.1468712804738688,0.13242887970696396,0.05967890806728861,0.08903333649851057,0.06408928602496092,0.0033717553992970075,0.004165109610896304,0.00262247642167545
42,0.07181476793117653,0.021762458405500472,0.016158322784514723,0.030296855220965098,0.012118742088386038,0.037628854454288735,0.05677001308461353,0.07271245253031625,0.055399963832621885,0.0499003701524645,0.07143679546838087,0.08674468021160535,0.0005473437885346349,0.07716423533829478,0.09462031249729737,0.08328772372616865,0.07698965562033484,0.05185694288983793,0.014915374878013584,0.01615832278451472,0.0017158123121695068
43,0.22170409952729098,0.06481573452389715,0.025526475041769595,0.020623188257603637,0.011342753541682002,0.007879511856528016,0.02452487252255568,0.034900780128252304,0.018148405666691205,0.044560817485179295,0.21605244841299054,0.04124637651520727,0.0019598615391677064,0.068056521250092,0.0427408104469177,0.052746911261916954,0.0017278382601383455,0.038152016384659614,0.011288101610646988,0.04726147309034166,0.004741002676471735
44,0.01363301596334841,0.008181530381143798,0.007363377343029417,0.008662796874152256,0.19527312277584405,0.006693979402754017,0.003246748929377118,0.26309992334923976,0.012272295571715695,0.27589927255913116,0.09861214880155351,0.011739541523994467,0.002818783475728215,0.016573470386815718,0.010829987802203083,0.002283217780784316,0.0065523022459504,0.03874048702918173,0.007750923518978335,0.0062667041217271645,0.0035063701633473417
45,0.04767104236632349,0.05122376232587334,0.04038796644924628,0.07091703693392741,0.013980449924739095,0.04830671460724114,0.06627768853209647,0.0403879664492463,0.07886337048601864,0.06821078778094927,0.06363404032760694,0.07095458047587844,0.0006070032863305168,0.05418343160771173,0.049553899563811246,0.07006668839248209,0.046897942666873554,0.05000414893716207,0.016712261978998458,0.05071977181998372,0.000439445087499697
46,0.04842352096705551,0.04900633084846663,0.11565934906955656,0.09354119764033893,0.03244479112689716,0.0511269187955143,0.04000675133285177,0.02804549741477551,0.010130720494725033,0.02757807245786258,0.024175582998775643,0.09005049317122156,0.0009081161171758995,0.2041493675452165,0.01921816896018299,0.07396738620090833,0.06250524664213361,0.023493473652912433,0.002806904362180053,0.0017972368267497355,0.0009648733744993933
47,0.05337785696885491,0.03592700664323746,0.012724148186146603,0.0029441686468741506,0.007983779254052768,0.19926648546083503,0.13300976237251913,0.0035460036245978915,0.15104795266135315,0.01938917818841386,0.03510109844454235,0.15967558508105534,0.0016241237975257515,0.042860288627020134,0.06478966779506144,0.05372418123039673,0.007755671275365548,0.002849273279219218,0.00686323282180237,0.0035460036245978915,0.0019945320165283015
48,0.028627751742318824,0.1110886837049889,0.025798303552111036,0.03754428673590749,0.025798303552111036,0.015164455922179885,0.049372748313328406,0.038697455328166555,0.020683208107663525,0.042434000570191255,0.016598891824595348,0.012899151776055518,0.12343187078332095,0.03702956123499631,0.06970270350116951,0.047128532480904387,0.1974909932533136,0.07213096370935529,0.00644957588802776,0.015478982131266623,0.00644957588802776
49,0.05647302742486072,0.046995087281051055,0.08829184957806505,0.029026377438296246,0.09675459146098744,0.014069557682172416,0.048377295730493736,0.03250954273089179,0.07740367316878997,0.05805275487659249,0.0316651390235959,0.04146625348328034,0.015068251366032624,0.03694266219419521,0.06845026321269859,0.06680433662920772,0.04270435107112073,0.05925283764238017,0.03958142377949487,0.04837729573049373,0.0017334284952991903
50,0.06366033937363404,0.07179040423506375,0.18091181867236064,0.06837181355720358,0.020511544067161068,0.034100442011655276,0.05693721715194711,0.019962914123071662,0.052024429689864246,0.038370733298051324,0.012668894865011248,0.06922646122666862,0.0012782837619346463,0.04681982884895462,0.006586704815981958,0.05986104854534734,0.06991918042932067,0.04970104908581336,0.05384280317629781,0.02208935514925038,0.0013647339154064886
51,0.16002144645317348,0.04365222120308447,0.005934827927431879,0.059208252475739,0.012152266708550987,0.12455025467239383,0.03455800845244188,0.003419349010831142,0.0405996183217499,0.03255969390532454,0.04374816015078356,0.031899700109946354,0.001111288428520121,0.01234827101030181,0.02169270149515999,0.24821954148051997,0.10108476398476504,0.01516986433570464,0.003252551498107671,0.003101270033079407,0.0017159483423901938
52,0.006909741339370671,0.017274353348426672,0.01480658858436572,0.009418705005209756,0.018603149759844107,0.6798223609182331,0.013952362319883085,0.017274353348426672,0.023403962601094203,0.005758117782808891,0.019608725422538383,0.018138071015848006,0.007718328091850217,0.04836818937559469,0.02815870279580664,0.006477882505660003,0.009301574879922055,0.00784484309027276,0.020153412239831116,0.020729224018112002,0.00627735155690122
53,0.019460579562612997,0.003992096853916984,0.00459452597629166,0.005860737934473871,0.269892315434963,0.0031661457806927804,0.2591642663402454,0.005509093658405439,0.004515650539676589,0.0012580551002874848,0.011623513584909123,0.002754546829202719,0.0007939255291925239,0.0028121165654085246,0.0009418944330274076,0.0017215917682516994,0.00176573514692482,0.034596585889089766,0.1542241802485503,0.2092335606475671,0.002118882176309784
54,0.21001603000630242,0.1362584504241936,0.013518970902950267,0.006605275193523957,0.005614483914495364,0.0020051728266054867,0.0049906523684403225,0.004882159925648141,0.007485978552660482,0.0020988724914001353,0.008317753947400537,0.007044888357366883,0.29315473412670867,0.005347127537614631,0.0019194816801693544,0.1571306799036931,0.11573419748091601,0.0025442056542088155,0.007744115744131534,0.0052227757344142905,0.002363993227155942
55,0.014358155600705112,0.057487993444688676,0.006407054949498079,0.02275358302541676,0.006223996236655276,0.0060418037610171175,0.00792144975574308,0.0032875414758006347,0.007779995295819095,0.002038153640789909,0.01555999059163819,0.004634890814530525,0.3951366302675516,0.006407054949498079,0.0033006040648929486,0.0025330217242201703,0.007248486129982484,0.4093817279194725,0.013202416259571798,0.005732628112708808,0.0025628219797992307
56,0.010371373606594401,0.011985696161196173,0.01005251936100324,0.024930248015288037,0.088477221295745,0.008422381086245958,0.007889318992179758,0.01947675626194378,0.01947675626194378,0.005326976071642743,0.024930248015288037,0.012465124007644018,0.03590476203326417,0.011985696161196173,0.0049464777808111175,0.5846870413801617,0.004128814864541527,0.007509110847978323,0.02308356297711855,0.07450663905484678,0.009443275763366678
57,0.010757236857809837,0.10622771397087213,0.017075590335082692,0.012684724248918573,0.017758613948486,0.004727782847374619,0.009651420624177174,0.015855905311148215,0.009865896638047779,0.010815753842708574,0.011099133717803753,0.016443161063412964,0.007881744313840974,0.07384735018199175,0.4157596385555159,0.11803079330096904,0.037272882095042856,0.00672674770775985,0.07339953970203726,0.018498556196339583,0.005619814540660127
58,0.02150940757654787,0.014160231525707534,0.011848356990898139,0.15264870279090725,0.017075573310412026,0.5448032730404205,0.008537786655206013,0.015278144540894968,0.020734624734071748,0.003976503373657594,0.016587699787257396,0.012095197761541849,0.0036060216928820417,0.013194761194409292,0.08419399539774468,0.008614402228300094,0.005529233262419132,0.004696304462342002,0.012352542394766146,0.011164797933730937,0.017392439345882735
59,0.23453133297276407,0.07494043672836948,0.01470764560001063,0.015481732210537507,0.010143203862076296,0.010006517451190014,0.00717446126829787,0.014102563834989116,0.012789257043487505,0.0037711911794899057,0.010143203862076296,0.02050100341449334,0.010423614798789515,0.009488803612910084,0.0032121758841379923,0.27519682058622896,0.09365555402326739,0.14899637624152068,0.009805097066673754,0.015481732210537507,0.005447276148152085
60,0.14444679687380496,0.12435498220105512,0.02573081595525461,0.02737676527790429,0.051461631910509203,0.041687140244389354,0.030876979146305533,0.019298111966440958,0.022054985104503946,0.00482452799161024,0.009649055983220479,0.03859622393288191,0.01403499052104797,0.019298111966440958,0.004678330173682655,0.2527300403758868,0.05536550457493395,0.0594246134236357,0.009081464454795742,0.03859622393288191,0.006432703988813653
61,0.047710826786788056,0.019975830832725788,0.022699807764461115,0.0706002219428164,0.017835563243505166,0.006666631011729126,0.04161631423484538,0.021712859600788895,0.46817120917405536,0.0052020392793556735,0.014865646884162502,0.02414384930209559,0.029376221812832035,0.014786214987720236,0.05756989211971689,0.007926916997113407,0.014083912092889096,0.006242447135226808,0.014688110906416021,0.023780750991340218,0.07034473289941602
62,0.0036899233974051152,0.008929614621720379,0.0076979436394141185,0.01206704678610862,0.2598293376717707,0.004334764379475911,0.01645126412839538,0.13881332252309359,0.008754524138941549,0.42145596934511237,0.007972870197964622,0.004699797169326514,0.001223775679643279,0.009499590023106784,0.007819595031688553,0.002551318463348679,0.002862055968500121,0.06404687127795976,0.008268161686778129,0.005953076414480253,0.0030791774557656477
63,0.22961080374677825,0.07622282951557437,0.007316030511539505,0.04788674516644039,0.0021128201835916706,0.08823182693981245,0.0025529910551732693,0.00935413016807263,0.026952406696759728,0.02152763001096681,0.05852824409231604,0.006384899355525384,0.0009426428511408992,0.09454562507220282,0.05716343667617095,0.08966195327732467,0.05843974276225659,0.07094332617250428,0.01321605511761975,0.03787121676561625,0.0005346438626135639
64,0.005293198145342021,0.03346327098526929,0.01645183207336033,0.012422811973761886,0.06569807031152723,0.007011735149228608,0.008695968381633319,0.010869960477041649,0.010495134253695384,0.0038921577793125635,0.011935642876751616,0.009364889026374343,0.004058118578095549,0.009222996768398975,0.04292460839011632,0.004058118578095549,0.0054349802385208245,0.007161385726050969,0.5726204299427001,0.11048680902300238,0.048437881321721
65,0.0051196638565206105,0.01123023039494843,0.012433469365835767,0.019340952346855636,0.042806256247985,0.006568625325347198,0.01289396823123709,0.035957543242013716,0.01513639748884354,0.3256042450097768,0.35610988353676226,0.010549610371012165,0.00621695841100237,0.013925485689736058,0.006446984115618545,0.046275272852996735,0.005615115197474217,0.005724454268775384,0.009695282847942634,0.01740685711217007,0.034942744087145663
66,0.1482639906043545,0.2163329780207206,0.009662749732334237,0.012497945688142085,0.01648351424927605,0.008447301774536847,0.016232777571540354,0.021145328678717042,0.013343797249413944,0.009358735604932009,0.05092812854131405,0.007185121595838277,0.0029189556483093008,0.01273726101080422,0.003113552691529921,0.013934005360715613,0.1423914520047512,0.26235255421669257,0.010777682393757418,0.017513733889855804,0.004378433472463951
67,0.0022377677016015003,0.014912901037438801,0.02831515253644308,0.25216778510895566,0.006391243301759487,0.0008497827324349042,0.00596516041497552,0.005263376836743105,0.6265955222073761,0.0018512566805096444,0.008947740622463281,0.003532002877288137,0.0020491009059076214,0.005835483014649965,0.007465709070015925,0.0021647759570475682,0.0025323794214518716,0.0035403217332762855,0.007669491962111383,0.00596516041497552,0.005747885462574501
68,0.00845094866281036,0.016268076175909942,0.01712429071148415,0.027113460293183234,0.0175871093793621,0.004219536828710675,0.009859440106612086,0.012790957765216241,0.03189483487386809,0.006025213398485163,0.02033509521988743,0.011620054411364246,0.006197362352727596,0.02324010882272849,0.611949960180121,0.08449610644181377,0.007746702940909497,0.012050426796970328,0.019138913148129346,0.015493405881818993,0.036397995607887194
69,0.11466377594653272,0.012474717775642203,0.105291195904503,0.006132919461277512,0.011543501018659636,0.5684272837860028,0.003751637831064382,0.0061882685873226925,0.007503275662128763,0.002265139822529438,0.008827383131916193,0.053797220407457,0.0017251139490986021,0.02165422708224684,0.01887276934686614,0.006352439310105623,0.0025873364352168153,0.025977427262380587,0.009094879590459107,0.005884922087944128,0.006984565600645883
70,0.0018818547629941586,0.0022829221055777242,0.003934787231715059,0.005410332443608207,0.21655928461719587,0.003683630599903459,0.07269951466362432,0.04818860152596222,0.0040262939115223864,0.2610249861186525,0.17439684361776803,0.007289032163590925,0.0008656531909773127,0.0027051662218041026,0.0017141647346085405,0.0014808944412912604,0.0017313063819546254,0.005763420780513755,0.020652257796840955,0.16226247929155077,0.0014465733983439818
71,0.022380645862404853,0.35169586355207627,0.007082558255039447,0.007082558255039447,0.09468734787940514,0.00438444082454823,0.003758092135327054,0.08079499568088241,0.00920732573155128,0.1723459446435139,0.11477830700287198,0.004603662865775642,0.001278351284330602,0.0043890965295629745,0.014638439965061137,0.002748455442254114,0.04454814271659633,0.0413759839473031,0.006820241282630579,0.008768881649096458,0.0026306644947289375
72,0.026536596053710372,0.027933259003905652,0.1658537253356898,0.17912202336254496,0.033170745067137956,0.043465114225904905,0.17751043899374006,0.04146343133392245,0.0058046744252063685,0.06120188510300552,0.00770940754690559,0.018093133672984343,0.004669311706666838,0.06472334315843833,0.013305625548186848,0.05212545653407393,0.024124178230645787,0.009951223520141389,0.020789777000935847,0.02211383004475864,0.0003328201314945459
73,0.015691964011095495,0.03710147785281107,0.0269828929838626,0.021200844487320618,0.04240168897464123,0.007420295570562215,0.06464468459645495,0.029681182282248857,0.0269828929838626,0.018640215700542764,0.0269828929838626,0.02473431856854072,0.2773120121907531,0.14840591141124426,0.010234890442154778,0.002726237467245749,0.13918025988927246,0.01413389632488041,0.012904861861847333,0.04240168897464123,0.010234890442154778
74,0.0071591665068316025,0.0639698992323247,0.004013792460016478,0.11454666410930561,0.1639072331827235,0.02095365806877542,0.05435170997395918,0.10341018287645645,0.003746206296015379,0.11174104480257431,0.09762499782043092,0.02087201528591102,0.0016527380717714906,0.003305476143542982,0.0029829860445131666,0.016126972959123798,0.012740889546056238,0.07937336779313296,0.007857621775790783,0.10500994389871002,0.004653433152033955
75,0.007074222477947099,0.02645144056971524,0.024335325324138023,0.004824940540782974,0.015599567515473091,0.5698329182449757,0.01738237523152716,0.02645144056971524,0.030419156655172527,0.0055307557554859135,0.018435852518286375,0.01738237523152716,0.006404032980036321,0.018435852518286375,0.04838143272619743,0.00699290957590173,0.006835765540488208,0.013627865497355581,0.10873385182234226,0.01962526235817582,0.007242656346469649
76,0.053147780529214386,0.054778914458499736,0.0034961502358599973,0.000533375366871056,0.0337101012052306,0.006776638006214476,0.1857567035163228,0.008810594633185271,0.09457755553724191,0.06901632462661796,0.02527361719424553,0.0018858827193784446,0.0018434246698170887,0.03378254867705787,0.140948679121131,0.03876661638601519,0.013726547867150555,0.030286419051574375,0.018460293517150093,0.18344916682667908,0.0009726658545424945
77,0.0018803455459176172,0.18080790448692668,0.017559883980342035,0.02424970932344007,0.024533054217913023,0.009895382782791416,0.010169232942087773,0.004262192879900755,0.017513678955817832,0.05195629439279504,0.01432937369112368,0.011258793614454324,0.005948041909523037,0.008756839477908918,0.005530635459731948,0.0051679708394216555,0.26723180851841366,0.2943762378557356,0.028658747382247354,0.009851444412647533,0.006062427330860019
78,0.02641706025400939,0.16432897933351176,0.015115558752242898,0.007128466502227103,0.031669003099878336,0.005759705581108643,0.004310235559486154,0.22975592061447672,0.014256933004454202,0.09130993443310834,0.14157573604117943,0.0046335032264476165,0.002376155500742367,0.007722505377412693,0.0027255901332044795,0.002346077583011451,0.042562325708582406,0.1733030603628315,0.0061780043019301545,0.02391482027722625,0.002610424352928234
79,0.005889944773961646,0.018571380285331913,0.6625637266926448,0.05134893800835315,0.021385225783109477,0.0021738276106051595,0.009667293847159078,0.017642811271065317,0.01960312363451702,0.007841249453806808,0.020163212881217505,0.07907976238708132,0.005005052842855409,0.016802677401014585,0.005306108652951974,0.005189062138548623,0.0061904600951106364,0.00686380675652348,0.019073309482232775,0.01092652660879057,0.008712499393118675
80,0.004726768720246893,0.015755895734156308,0.011254211238683075,0.0107426561823793,0.005677976909864126,0.0052519652447187695,0.031963115251712505,0.2932392230019331,0.01181692180061723,0.4438299465454217,0.08201313274250684,0.009847434833847691,0.001210385769373986,0.012790585350245433,0.002585473323146107,0.0033762633716049235,0.004074800620902493,0.01650264256404101,0.01181692180061723,0.014771152250771535,0.006752526743209846
81,0.008483052022067806,0.050898312132406844,0.01745084987396806,0.15047287564962905,0.01745084987396806,0.5722472354723245,0.014542374894973382,0.014204180129974002,0.017964110164378884,0.004458246318167021,0.014204180129974002,0.013277820556280042,0.006862693770661597,0.022621472058847483,0.004175491391171817,0.005929900442610506,0.010012782714571835,0.005669904040483766,0.029084749789946768,0.014204180129974002,0.00578473844362042
82,0.3124613989961299,0.4103304199987403,0.007779739819815768,0.008220102451126095,0.00513110632451153,0.0034602236888139474,0.004271229704996892,0.00738415982897768,0.00738415982897768,0.0018538954464241834,0.007026861772736824,0.006702545075533586,0.0020945453361042453,0.006807272342338796,0.006090854775173433,0.13862432728654314,0.018814879939551908,0.0028662199336163363,0.0038650174056391426,0.036241705093278155,0.0025893349509702023
83,0.009258004175377057,0.13024635625632297,0.005044495352023487,0.020080361076623154,0.012881741068022402,0.6413214877502554,0.011192332403363725,0.012643190307503467,0.017505955810389415,0.005785866750891417,0.019506636474433917,0.01034442843341193,0.005292498268257266,0.018964785461255195,0.00401607221532463,0.0029975725968175108,0.004911742997159621,0.02359509991875273,0.02354249229673059,0.012643190307503467,0.008225690079580569
84,0.013086643694155558,0.018321301171817784,0.016655728338016165,0.04580325292954447,0.03664260234363557,0.08266415434337766,0.17051075761355386,0.05945468232012331,0.005408250999417582,0.011450813232386114,0.030535501953029644,0.01526775097651482,0.17051075761355386,0.06107100390605928,0.1708043017618816,0.004416270362850246,0.020463262720006096,0.018321301171817784,0.013086643694155558,0.030535501953029644,0.004989516901073363
85,0.010082897690015124,0.022978600603427272,0.02010627552799886,0.016109864712632833,0.02010627552799886,0.14989834478780198,0.14965009382875036,0.14965009382875036,0.012373092632614683,0.022978600603427272,0.04021255105599772,0.04021255105599772,0.010723346948266058,0.08042510211199547,0.0019209841389810562,0.010053137763999428,0.016085020422399086,0.06112126009312843,0.009704397865808128,0.14965009382875036,0.005957414971258921
86,0.014401140400533688,0.03379914090572633,0.02448319599713886,0.0640050684468164,0.02410251746191538,0.565055718832266,0.009718757041094914,0.025106789022828525,0.04017086243652564,0.0054284949238548146,0.03171383876567813,0.020843557208543858,0.003171383876567813,0.027389224388540207,0.004336407214887248,0.0035722655073819848,0.0077251658531780065,0.035758377715920976,0.02410251746191538,0.018830091767121394,0.016285484771564447
87,0.01369177344585594,0.045303567589606325,0.03314850413207227,0.028628253568607875,0.028628253568607875,0.007335568168173586,0.019085502379071913,0.03314850413207227,0.0370483281476102,0.005914844209431893,0.02738354689171188,0.020994052616979106,0.005573642287693569,0.019085502379071913,0.0023947251641610514,0.007872769731367166,0.013400459117220705,0.017022204824577652,0.5899246009213668,0.04198810523395821,0.0024272914907819253
88,0.16870338985507613,0.2069009260772367,0.00599485554002015,0.008093054979027204,0.006107966021907323,0.1618877663609644,0.0039965703600134345,0.004773251157623122,0.012450853813888005,0.002295902121709845,0.008519005241081267,0.03271849249596321,0.0012450853813888005,0.008992283310030226,0.009832292633583341,0.30433679430748234,0.03045287019281665,0.005228913450921822,0.00830056920925867,0.005221325792920776,0.003947831697086441
89,0.001775945919898665,0.09567973608324,0.012942513579764852,0.005860621535665593,0.09224633254620879,0.0022893052873693724,0.00910978533248647,0.004186158239761139,0.004966628420055589,0.007276766973342111,0.004014124339496983,0.011885190451719811,0.0025704480419585945,0.3650511431626624,0.0014950565142004067,0.0011404030483193276,0.0019152357959691488,0.002462446023388905,0.09566286338125356,0.2761822519693113,0.0012870433539269345
90,0.009119920592851879,0.005680184130523111,0.029231741438635,0.028373086288872515,0.06312740688670013,0.007979930518745395,0.04898356385468387,0.01343988297893961,0.019642905892296354,0.06283694087390072,0.03755343803706493,0.013820339694001791,0.004863957649521003,0.019642905892296354,0.006719941489469806,0.012539680215023228,0.006901561529725747,0.042451712563638604,0.08490342512727722,0.47851082336703515,0.0036766509787975513
