site,A,C,D,E,F,G,H,I,K,L,M,N,P,Q,R,S,T,V,W,Y,*
0,0.008889253675092735,0.005534691452647464,0.03329119422624656,0.026199905568694382,0.013827727939033144,0.007176050363674392,0.005838230656241449,0.015556193931412287,0.25101696279643615,0.004022148743172178,0.015084794115308883,0.04525438234592665,0.012155398609586253,0.010370795954274857,0.47001423905191975,0.01586246366333673,0.0121414196537852,0.00672700278115126,0.007542397057654443,0.027193504302947254,0.006301243111458142
1,0.00905753968730891,0.010080547229359143,0.010691489485683938,0.036468491110363,0.011760638434252334,0.3298236967549025,0.058803192171261676,0.009800532028543613,0.010691489485683938,0.005188516956287794,0.011381263000889357,0.03207446845705182,0.32840403867546725,0.025201368073397862,0.03190286976615019,0.010080547229359143,0.020754067825151178,0.0029959479819741722,0.005427986969654923,0.023521276868504668,0.015890031808752723
2,0.005814264288239991,0.013619102267494687,0.052759151523349,0.013248897312546862,0.010102284200816986,0.7683664823191447,0.011224760223129984,0.010921388325207552,0.011712793276309547,0.0034685954337569033,0.01282829739786284,0.011885040236255277,0.004927943512593651,0.01282829739786284,0.0034390754726185474,0.01333639535398057,0.007027675965785728,0.009133622484165327,0.007696978438717703,0.011382855437540265,0.004276099132620946
3,0.16776276548606217,0.03954408043600037,0.01359029584182628,0.06051792861358274,0.013258825211537834,0.5100164550505513,0.014692211720893276,0.014305574570343451,0.011817648558109808,0.0041182714672200835,0.014692211720893276,0.015988583343325036,0.006040131485256124,0.014305574570343451,0.0337344411051057,0.0048536770863665275,0.008113609457806736,0.022483420706641107,0.006338573497385318,0.018745235643898312,0.005080484426850946
4,0.03902022722185786,0.08780784938832724,0.05844709974910531,0.027582498143898244,0.052478909985992445,0.05059659614144464,0.04115992940077838,0.028063588227803447,0.043545042009057115,0.06379789057120648,0.0382771143214473,0.0872816037156232,0.00656504150237442,0.10451042943501991,0.06703144915248688,0.05791708447423398,0.05313869166846357,0.044761423223346496,0.021538388693873728,0.026148661031082744,0.00033048194257673377
5,0.018389623520555974,0.14303040515987978,0.009470718458780879,0.006855479576398879,0.007285168045216062,0.6315689961932184,0.00619579712256693,0.008391775849552679,0.010199235263302488,0.0024019938120096434,0.009894780479323307,0.00828687865143327,0.0030978985612834654,0.0097492690016862,0.019270284095972503,0.08275330584250189,0.003281932139181493,0.0031121470273967103,0.0048746345008431,0.008391775849552679,0.0034979008493436258
6,0.04742918923816295,0.050382075920613126,0.16090183842577774,0.20371932327692957,0.03562609299694881,0.030288707981642224,0.015836015810519417,0.016457036038382923,0.018623474299510216,0.012241183054604395,0.04087343727004142,0.0835133172097044,0.002316932609958672,0.05883520038377808,0.0012907479245790527,0.06796022979413192,0.03755296814127648,0.01985680772514502,0.06055619321482895,0.03510834354855025,0.0006308851349144983
7,0.06031906164201364,0.05819625211033779,0.01144060257436288,0.013728723089235456,0.010203780674431756,0.0038921637624121136,0.010786853855827857,0.008553053113471275,0.01217870596625726,0.0037943707030550253,0.010487219026499305,0.012378356883736886,0.0046676758730040385,0.010786853855827857,0.0031994905504574155,0.013303049077107132,0.7179134253453648,0.01191971428765955,0.008989044879856547,0.009935260130367763,0.0033263425987134364
8,0.01224440662094447,0.09930171692587272,0.0038823331828312228,0.005512913119620337,0.0034030327898890967,0.00789530044410627,0.0029324005955427323,0.20397740912067497,0.0033615323900124004,0.2616803955975077,0.002883896162452944,0.0035339186664232925,0.05582001185214386,0.0024288554706699333,0.0009349822840388204,0.012296510478905936,0.051502003185976454,0.25934252075189457,0.0025288592291836404,0.003242890070364904,0.0012941110609437409
9,0.005034632141818562,0.014171557139933724,0.012545312877974118,0.043145859369639696,0.012754401425940354,0.7241409055996252,0.012147048977086053,0.010778367402203117,0.015305281711128426,0.0039044085997776597,0.021257335709900592,0.019131602138910533,0.006272656438987061,0.01866497769649808,0.002580304506322017,0.0051707032807866305,0.007152000799592724,0.0037020218164651297,0.00789318332256053,0.012970577721295276,0.04127686132355472
10,0.03400065768721314,0.10630355420193249,0.08292172474536234,0.15438676721284,0.006285775378896878,0.009386405372544792,0.011294752633955329,0.04915476346297357,0.007008734486261961,0.017348740045755387,0.03968666023538814,0.04130652391846519,0.0011942333967002257,0.07228641685731409,0.04754626931314499,0.030530908983213405,0.009318832876432608,0.08311459754626985,0.13623209330801503,0.05971486609952034,0.0009767222378004043
11,0.12693304043316544,0.01596711225267365,0.015027870355457553,0.0016414508396642667,0.018248128288769892,0.014677265440836522,0.05148333108478041,0.020281312245519555,0.23986998361683956,0.13272706874599502,0.07808623913878099,0.02887043079483955,0.004188095017094728,0.025354192247416436,0.046735564539131594,0.01859120289172626,0.047687728763452335,0.09667425503697652,0.005322370750891217,0.009124064144384944,0.0025092933716037635
12,0.018925530102438737,0.02151804663604117,0.04055470736236873,0.04055470736236873,0.03154255017073123,0.019269187410306882,0.09462765051219368,0.04055470736236873,0.03548536894207263,0.018404650383036205,0.020277353681184364,0.09462765051219368,0.025807541048780094,0.07097073788414525,0.007248115861231741,0.01494120797560953,0.03548536894207263,0.008602513682926699,0.26725026155156745,0.06615240184098228,0.027199740775379427
13,0.006920210445994315,0.01153368407665719,0.015137960350612562,0.013910302824272061,0.018631335816138538,0.0023289169770173176,0.3530654178533219,0.04594064182905217,0.22835451740052298,0.04056496290229656,0.008970643170733372,0.011269450885014373,0.009688294624392042,0.013526477641192547,0.048259087126565736,0.0591179304312539,0.034684790607516953,0.004105209586606797,0.006920210445994315,0.01730052611498579,0.049769428889858434
14,0.06570549033908421,0.09037073999640599,0.054065704979320055,0.0043796157886154385,0.04489385148208556,0.042321924015272405,0.07294165424555489,0.10543252999580699,0.004121991330461589,0.046495358266831995,0.04709145260358625,0.12243777676932424,0.000899464286161197,0.07049447753385336,0.018449528006336532,0.08372461103471095,0.04069341451117836,0.06018246133152286,0.00489751107077297,0.01899896536075721,0.0014014770523569401
15,0.12886273232981274,0.030095485294496502,0.016627449332879064,0.006782249069990145,0.004956258935762029,0.09751641497775089,0.030341968589718545,0.023668665121802348,0.09020391263086894,0.04846701361296238,0.04443542494131475,0.11543953104545725,0.0010687762295274225,0.022550978157717234,0.13922759887687736,0.09412855499860787,0.049483289214648084,0.05055384114477269,0.0018669761984149915,0.0025429503392204195,0.0011799289573982746
16,0.0022252275404445582,0.011858801686084112,0.004747152086281725,0.006675682621333674,0.004643953127884295,0.001736762958395753,0.006675682621333674,0.14448719224129833,0.005477483176478912,0.20184947827307254,0.20261667158189756,0.005477483176478912,0.001469561529810113,0.07711832105781026,0.0018221070439537613,0.0017654697841543603,0.09228938018052517,0.21659752491347745,0.0035603640647112935,0.005210288875187259,0.0016954114593863302
17,0.10904085391634569,0.028938139197246072,0.01939173740782067,0.005992862209795481,0.0177840855443992,0.13000779777284932,0.07796270264129529,0.0306834105929173,0.05219654617286006,0.03208232333537743,0.037403037057664984,0.16961154252901672,0.002532195299913584,0.08879155753689165,0.042146836879612744,0.03259347142846563,0.04862115608144144,0.0648861382000362,0.0037455388811221766,0.003545046107043542,0.002043021207884823
18,0.044550079070640375,0.08425775824229807,0.03824285320221545,0.03561157051562351,0.027351210463908888,0.033573972632946356,0.05605705691546431,0.10911541105707567,0.011653473716485546,0.0759566912546965,0.06798729458171637,0.07823934693927678,0.0019714520458824726,0.06110476870273631,0.027044483079760883,0.05340827812151817,0.07127834951520302,0.07134469184501101,0.022662431527238795,0.02832803940904849,0.000260787161253036
19,0.05619972437050348,0.043086455350719345,0.005848059195559487,0.0023825426352279393,0.08429958655575522,0.0019202582433180406,0.09885720274086299,0.13391335648833416,0.049955310551558656,0.15182008480583534,0.1214849561107366,0.0031379829829831394,0.0013686947053437096,0.08206943876327494,0.0006992244690342864,0.025689815240073438,0.0008914214130077363,0.02467838437835502,0.02107489663893881,0.08991955899280558,0.0007030453677721787
20,0.12793270689141087,0.08238809303177767,0.12358213954766652,0.06479370487793258,0.015351818577349885,0.08272924455571878,0.017426388655370134,0.026865682510362292,0.0023656711965939292,0.032976283091801166,0.05938729818080084,0.021981012963023683,0.027187737500047552,0.06920040604074186,0.0006089846644697242,0.05784000299013299,0.0905646191556567,0.0219466138817044,0.004477613751727048,0.06953470767387886,0.0008592702618328245
21,0.08344812643867962,0.002561979050413556,0.00913271787344679,0.009794401708247524,0.006268417093278416,0.18347617449173087,0.0661122115306708,0.016131955754760636,0.013059202277663367,0.009684352250851487,0.01567104273319604,0.06754759798791397,0.1386836646125312,0.011193601952282889,0.031512422887405085,0.1204426160522216,0.1129239998762556,0.040748448276605585,0.03358080585684866,0.026118404555326734,0.0019078567396696691
22,0.03213929376706898,0.0030964129253528284,0.017813274257994248,0.04183420469680467,0.06964829754927479,0.008366840939360933,0.03514073194531592,0.15937811643026562,0.0023926827150453672,0.09906766104812745,0.09682469121272638,0.01673368187872187,0.18050335341970364,0.011792399941869779,0.0025210670067331562,0.01338694550297749,0.04038168420465326,0.09084381121649446,0.04049551014650692,0.03638602920140686,0.0012533099935951922
23,0.037355614930658546,0.03253172883665734,0.1510227140139173,0.11359505808660285,0.018228985986057992,0.09583264929653562,0.10069344639917749,0.026432029679784086,0.007193895491905087,0.016182875314153532,0.0650634576733147,0.008074095002439753,0.010069344639917746,0.16751993757896153,0.006219301101125667,0.028575167221388212,0.020558245306498735,0.043358346409024674,0.029820751433602567,0.01705292237405425,0.004619433224222222
24,0.007241499350255878,0.016427469032510612,0.01448299870051176,0.012069165583759797,0.2047661093485458,0.003448333023931371,0.031034997215382342,0.03405871003651548,0.010344999071794113,0.0008693108304827581,0.010862249025383817,0.019749543682516038,0.031034997215382342,0.013577811281729774,0.003059788457854597,0.0010326264134095286,0.016711152346744338,0.0038469338826828533,0.09959481586235655,0.46285074665841686,0.0029357429798334647
25,0.1417943383204729,0.03507479486045611,0.025973357255783917,0.014864598939410755,0.04024318249450228,0.027029430977432798,0.12541505401046413,0.0843734905708599,0.0049106264353410535,0.1081239382685899,0.06445197196385131,0.01607644106804268,0.005156157757108105,0.058172036234040166,0.022009376252749048,0.042563740063088204,0.07349006458406955,0.03463678493324529,0.0010924215722051722,0.07399354639099745,0.0005546470472894618
26,0.0017616408255430038,0.03486389812380439,0.01917514396809241,0.0035774522328530633,0.02945560150312647,0.0005915620536736257,0.029151401302843192,0.029961162450144393,0.04537894997717711,0.02084787286075742,0.10652857760051342,0.15050258347049275,0.04744235499284632,0.09587571984046205,0.058049752247154765,0.12960064201994503,0.1517808060891244,0.03519912791345635,0.006914114411571784,0.002726199361026657,0.0006154367553913954
27,0.005884195941770113,0.008355655763561723,0.013626559023046578,0.007614841806996617,0.5697097938171597,0.0034066397557616446,0.0545305659618807,0.016181538839867816,0.0073972748982252855,0.0035958975199706245,0.011768391883540228,0.010787692559911874,0.006997422201023919,0.012945231071894249,0.0028767180159764995,0.005308979648497089,0.005076561204664411,0.00431507702396475,0.006314746864338658,0.23998488459339243,0.003321331604555292
28,0.005149301824422588,0.010746369024881922,0.013731471531793566,0.06927168753684756,0.03357719520972996,0.005492588612717427,0.12951203866610125,0.040999706327514034,0.23249496239626458,0.01052943403789441,0.011234840344194735,0.08388625499837915,0.006865735765896784,0.017654749112306013,0.22256591656125746,0.01079266988884177,0.03153529053970613,0.03372709340263053,0.006680175339791465,0.017987783148069612,0.00556473573075905
29,0.08110681718644057,0.02853758382485871,0.006533790413164977,0.039240270211137095,0.01771298306370541,0.024003575179787705,0.010889650688608296,0.021403187868644032,0.18469033834114937,0.01818323925123741,0.004870522813306786,0.10161107607736071,0.004666993152260699,0.08483360396661782,0.19318073324975782,0.10915625813008456,0.02365504839130938,0.02853758382485871,0.0033222663117788024,0.01223039306779659,0.001634084986134678
30,0.1618596517014501,0.2122228730085485,0.012193610681168114,0.017612993206131723,0.007548425659770739,0.022323584117308757,0.024424627328349578,0.008806496603065862,0.008806496603065862,0.011470935640219223,0.02306770358788571,0.2516476755042078,0.0009147081179541194,0.009324525815010913,0.010984620756136055,0.1490712428426171,0.04613540717577144,0.0046622629075054565,0.006604872452299395,0.007205315402508432,0.0031119708890251186
31,0.15753547785997138,0.016731277077551548,0.005378812509454366,0.01870947779703027,0.016704890890205597,0.44066057003535486,0.01612886016985368,0.022273187853607466,0.02033638890981551,0.0062364925990100895,0.022273187853607466,0.11448130935858458,0.011408218168920896,0.022273187853607466,0.011326097201308196,0.0032266811461510547,0.010168194454907754,0.03558992250259599,0.015591231497525221,0.02598538582920871,0.006981148431727713
32,0.008696089809885857,0.1527791327843106,0.020653213298478912,0.020653213298478912,0.011821877717443878,0.006013397417379868,0.017392179619771714,0.3111825030768885,0.013768808865652607,0.007358889763302761,0.011821877717443878,0.021394471862304514,0.008931119264207097,0.025419339444281736,0.004932110638442726,0.007206034463806857,0.09516171076078173,0.2064612131806992,0.01943831839856839,0.022030094185044174,0.006884404432826303
33,0.07598639177531048,0.00700234955679932,0.007352467034639287,0.005446271877510582,0.004201409734079593,0.012004908925164395,0.17220834871959956,0.003299274923981794,0.008536824124561347,0.03747874005904981,0.03201309046710505,0.02216292421500179,0.008895760756361844,0.08865163513967551,0.03109843073947348,0.06520831203477971,0.13790098200090356,0.03557010051900561,0.1396934856746402,0.10342690766295477,0.001861384059402351
34,0.005797720979428501,0.018374319565544937,0.24716091536826174,0.3789220272814205,0.018374319565544937,0.07725635161287882,0.017575436106173417,0.01347450101473295,0.06670499182590374,0.005182500390281905,0.013939138980758223,0.012249546377029958,0.008421563134208094,0.016199306052716807,0.006856804774170378,0.006519919845838526,0.009859390986389965,0.036398340035366204,0.018374319565544937,0.014971667794147724,0.00738691874365782
35,0.034167229056244044,0.051894758055459005,0.023138108908525867,0.012560687693199754,0.01156905445426293,0.003896999988334308,0.010990601731549783,0.19201060480519835,0.02093447948866626,0.004599345763181113,0.0048685868788274755,0.012211779701721982,0.017724055828172155,0.012930119684176218,0.0037574706774529177,0.0204266600856594,0.12126985566644104,0.4147804609437932,0.008454309024269064,0.012930119684176218,0.0048847118806887935
36,0.021541918556217378,0.06559541648757054,0.009979385545924025,0.008731962352683522,0.009672415706370393,0.0026916668235688777,0.04882834872742605,0.006350518074678926,0.02328523294048939,0.03729943305567268,0.1831063077278477,0.21362402568248895,0.045776576931961924,0.12207087181856513,0.025543031314950077,0.00940722435940138,0.09591282785744402,0.057445116149913,0.009325964393427968,0.0010122173870370976,0.002799538106360952
37,0.022448569430381628,0.04209106768196554,0.04810407735081776,0.022448569430381628,0.03367285414557243,0.0018280899301601442,0.03367285414557243,0.019419751951386472,0.007969084090716576,0.015305842793442017,0.03367285414557243,0.16836427072786223,0.04209106768196554,0.02806071178797703,0.31636707649769047,0.009170935714128171,0.041890720302123235,0.008861277406729587,0.05612142357595406,0.03741428238396937,0.011024618825631213
38,0.06170079114768357,0.012343688344991003,0.33612413192150165,0.2785377160596248,0.024687376689982003,0.0379814284786571,0.008713191772934824,0.051744822841848594,0.0061594396937221345,0.01822000804290443,0.012343688344991003,0.04928078365890342,0.0031184054766293058,0.019920083088274747,0.0037031065034973006,0.01521906554172017,0.02503781750412029,0.005029273548780252,0.013465841830899276,0.013465841830899276,0.0032034976774349333
39,0.04385859036407108,0.011817920511131345,0.14627930046011098,0.3310354525977491,0.007878613674087565,0.024886180747744197,0.016882743587330495,0.022637981499644026,0.02204104589743966,0.026010475870705537,0.009848267092609456,0.041251432954906894,0.06646064198290555,0.1048765244616277,0.0038536697318906567,0.019960370784632368,0.04885038113081079,0.03641986905817223,0.00581209205465476,0.006818031064114239,0.0025204144736615188
40,0.48964239785252966,0.016806939658148137,0.05352701192263314,0.01240512212863315,0.013025378235064805,0.005991964546247979,0.04007808687712249,0.02605075647012961,0.02368250588193601,0.006855462228981477,0.024810244257266297,0.015323974394193893,0.003496745834916727,0.02894528496681068,0.006202561064316575,0.138666981398119,0.027097410946055694,0.0041087565756309135,0.03721536638589945,0.013359362292374161,0.012707686082990055
41,0.03352560899296997,0.001119468282846185,0.005421803689421862,0.008132705534132792,0.0056087624373329596,0.0017130039715015579,0.012625696359157645,0.07302384748720854,0.17038897747015322,0.06431450245867606,0.14724973361618177,0.031947933275653734,0.0015953901723253466,0.08874425909903816,0.15276592412160958,0.030399492599721863,0.04874311544544186,0.11101100047297867,0.0038727169210156153,0.004783944431842819,0.003012113160789923
42,0.14487917685128643,0.05007478530887062,0.006752861160484573,0.004220538225302858,0.011254768600807622,0.020002104377585643,0.054948714793864845,0.028136921502019064,0.06752861160484575,0.059710130982492,0.07463688651061898,0.1386113606625781,0.002396121559086465,0.13092281841755804,0.07263825432313022,0.0582328330415402,0.047667255250479344,0.0187307358409728,0.005194508584988132,0.0021492224388189565,0.001311389962669194
43,0.44403025260907597,0.047219871655650766,0.020053751954492213,0.010773489724571953,0.02065869384934721,0.0057404199968952236,0.012811717510301782,0.03646411906778199,0.03305391015895553,0.022134314838586296,0.11804967913912688,0.03756126154426765,0.00632883276005886,0.06197608154804163,0.006870051418567623,0.057810831742539204,0.003455190205577956,0.003202435400576588,0.02257302608957933,0.019751397828381916,0.00948067095762332
44,0.0067868843565809574,0.011688523058556095,0.010519670752700484,0.01237608323847116,0.11324114991133266,0.009563337047909532,0.004638459794005103,0.22797257234291404,0.01753278458783414,0.39518287453796824,0.0458642948385479,0.00876639229391707,0.03399312871326872,0.01237608323847116,0.003294683263721001,0.0032619134116900726,0.004892870117535111,0.02293214741927395,0.011073337634421565,0.03903344241578545,0.00500936702509547
45,0.04964660951317982,0.054924860680935036,0.04529722705582861,0.0301548493279525,0.013439836598982112,0.041125967945148785,0.063714780913693,0.023573046733135292,0.08312993194760164,0.08685563537054122,0.07146469047338179,0.04423781721532854,0.000640442172011724,0.10868264745711215,0.05927743644893677,0.05269076221837203,0.0427557441654325,0.03106095569542533,0.017404845863815917,0.07945825875573921,0.00046365344744598767
46,0.0650962401099044,0.05797687370152499,0.13416515922338418,0.14880973792508867,0.004906195710552165,0.02917297424232643,0.05699301745734244,0.021204744172725467,0.004088790230181105,0.017515118686671233,0.011373453692643655,0.03558229112653078,0.001052262191590726,0.23884252754551683,0.005085690675572367,0.08097252954442918,0.05293030372345703,0.02777910087025429,0.0032524467740076978,0.0020825138177312237,0.0011180285785651464
47,0.05497955995610769,0.0446525027652138,0.005105212963762424,0.004521328845204205,0.006406541758446963,0.3068268901282735,0.056931941025647595,0.005445560494679919,0.08264314019852073,0.009036816035817078,0.05889511140584233,0.2120993881347656,0.0024941498448915653,0.08989253846154885,0.02167281219962482,0.011860821047009914,0.00311174885410281,0.00437559902653025,0.010539794505832102,0.005445560494679919,0.003062981853497807
48,0.0015461314949281155,0.07973735111769398,0.04062308763974219,0.05812346424203961,0.04062308763974219,0.003776132867412776,0.04062308763974219,0.1063164681569253,0.017409894702746655,0.084925519766581,0.06036827670006685,0.07087764543795019,0.04062308763974219,0.05315823407846265,0.0071687801717192105,0.02899540040643417,0.10631646815692529,0.1141024857374287,0.010155771909935548,0.02437385258384532,0.010155771909935548
49,0.038732883677126864,0.05688618037375423,0.037075893971691955,0.006912686488737429,0.08688071184355192,0.020154615558209032,0.01960849399246831,0.02896023728118397,0.0844673587367866,0.07055990015542705,0.08885527347635992,0.11377236074750846,0.011733517570664246,0.07240059320295995,0.044304840616736674,0.020233521368591915,0.07337534959091427,0.06576067907848251,0.046073104765519964,0.012066765533826657,0.001185031969497845
50,0.03421367910938098,0.07597834790377883,0.1504371288494821,0.04775781868237526,0.01790918200589072,0.02089404567353918,0.06340262135418785,0.08603592575852693,0.0304560253668957,0.02737840467567203,0.05899495248999298,0.035818364011781456,0.0016295258174994242,0.04360496488390785,0.0046431212607864845,0.024646619647120782,0.0896275995900304,0.03214468565159873,0.06268213702061752,0.09000511982447644,0.0017397304224581445
51,0.2897506340133791,0.03979687852477596,0.03516933451026713,0.11299132610692905,0.0051498669795266945,0.20384923969806387,0.01969116385340477,0.0055460105933364395,0.00983156423364187,0.009125835937577936,0.010802009885296336,0.023629396624085728,0.0018024534428343428,0.03658745283729403,0.0015914689780674276,0.12384136946279822,0.029460026959899084,0.024833407110798233,0.005275473491222467,0.005030102631165608,0.006244984125635766
52,0.006972104453329881,0.0174302611333247,0.014940223828564032,0.009503712496046104,0.018771050451272756,0.6925247993623304,0.014078287838454568,0.0174302611333247,0.023615192503214113,0.005810087044441568,0.019785701827017232,0.018301774189990936,0.007787989017017419,0.04880473117330917,0.012820679413372522,0.006536347924996764,0.009385525225636378,0.007915645862706983,0.020335304655545484,0.020916313359989645,0.006334007106114689
53,0.0013004863263555912,0.0033171825136026675,0.003817763392161641,0.00486990624337413,0.37096100989677994,0.0026308688900986673,0.21721269453594227,0.00457771186877168,0.0037522228432554762,0.0016966465825748605,0.003365964609390942,0.0022888559343858406,0.0006597024017481292,0.0023366927803449354,0.016073627579103102,0.0014305349589911504,0.001467215342555026,0.0023119756912988293,0.0878591865545005,0.2663090926436987,0.0017606584110660313
54,0.28965659854517684,0.07843113698612365,0.004876618222832723,0.009015620401218139,0.007663277341035416,0.007177849590247922,0.00681180208092037,0.006663719426987317,0.010217703121380553,0.0028647765760880057,0.011353003468200614,0.005025099895760928,0.2887461561265624,0.007298359372414681,0.002619923877277065,0.13597631624022385,0.10175748051097921,0.0029192473291509025,0.010570037711772985,0.007128630084684108,0.00322664309096228
55,0.02041162347881382,0.011114294055296521,0.00947983904716468,0.011730681946049613,0.009208986502959975,0.004894143949724462,0.011720528276494514,0.004864226122160809,0.011511233128699968,0.010546713976389947,0.023022466257399933,0.006857755906459556,0.19773379106476832,0.00947983904716468,0.0048835534485393815,0.003747843344227897,0.005605470045279986,0.6113788997366564,0.019534213794157526,0.008481961252726293,0.0037919356188658724
56,0.0038423483386649387,0.012554549359703251,0.010529622043622084,0.02611346266818276,0.0983460053604396,0.00882211576627796,0.008263754008918597,0.020401142709517782,0.020401142709517782,0.005579799715423666,0.02611346266818276,0.013056731334091382,0.051806873647826275,0.012554549359703251,0.005181242592893405,0.6176313273814564,0.004324772571974653,0.007865500803669507,0.02417913210016922,0.012541001727877272,0.009891463131887407
57,0.013684863268834455,0.04504600825991341,0.023774126581447053,0.017660779746217804,0.02472509164470493,0.027129476258332768,0.013437549806904852,0.022075974682772257,0.03603680660793073,0.017473348889299713,0.015453182277940583,0.022893603374726786,0.0036948982461335045,0.004659861681109604,0.5847703031374366,0.04204294104258586,0.010844338440660057,0.009365565016933685,0.031651581149451206,0.025755303796567635,0.007824396090096497
58,0.006081469360044449,0.01898605068501682,0.015886287307871217,0.008985454431446523,0.022894943473108515,0.7373300911963039,0.011447471736554254,0.02048494942330762,0.02780100278877463,0.005331699164970475,0.0222408022310197,0.0162172516267852,0.004834957006743412,0.017691547229220218,0.0037302620717343297,0.0060343261867107706,0.007413600743673233,0.0062968090876494845,0.016562299533738077,0.014969770732417105,0.008778953982910238
59,0.2195273536871898,0.11400289786096378,0.013878711048940059,0.014609169525200064,0.009571524861337973,0.0008746575426967949,0.006770102950702468,0.013307732171279982,0.012068444390382661,0.0035586438587025793,0.009571524861337973,0.0033631554848802068,0.0025701316757296404,0.008954007128348426,0.0030311351080075342,0.2621225122299534,0.2541861537105053,0.019030234994555164,0.009252474032626709,0.014609169525200064,0.005140263351459282
60,0.17084858707476427,0.014266400527776993,0.03091053447685016,0.011713207096511375,0.06182106895370032,0.01322772575953354,0.03709264137222019,0.023182900857637617,0.026494743837300133,0.005795725214409405,0.011591450428818808,0.04636580171527524,0.016860291532827358,0.023182900857637617,0.005620097177609119,0.38274976570778074,0.01624026170937588,0.03703285996188903,0.010909600403594172,0.04636580171527524,0.007727633619212537
61,0.03510381113628397,0.021449416987522188,0.024374337485820675,0.03620131027169364,0.01915126516743053,0.007158418073818492,0.04468628539067123,0.02331458368208934,0.4910390573042197,0.005585785673833904,0.01596226267021064,0.02592490373497418,0.03154326027576793,0.08893173162295737,0.05307877772800719,0.008511673407746901,0.015122860512068272,0.0067029428086006855,0.015771630137883963,0.025535020223240706,0.004850665705158496
62,0.00434271000993268,0.010509358224037086,0.009059791572445764,0.014201835437887956,0.20884463104353995,0.005101630205843245,0.00548790478684609,0.1557562290558124,0.01030329237650695,0.48301310675772713,0.00938335555717597,0.005531241170545836,0.001440274586089344,0.011180168323443708,0.0025405363125578792,0.00300267377829631,0.003368384046165733,0.03657183406566419,0.009730887244478783,0.007006238816024726,0.0036239166289783057
63,0.16539414221333235,0.03125180012751921,0.007349056123736939,0.04683034897896439,0.020852494223017125,0.11581834638567426,0.002799640428090263,0.028174134451971086,0.0005705518431361424,0.033209527836656906,0.10415660978815576,0.007329967666272684,0.0005915430682843459,0.08140492937062456,0.03551718255846188,0.06720963306714693,0.08724040817855461,0.11656684691503087,0.010837317786155855,0.03656001029623754,0.00033550869297639105
64,0.006666595658389505,0.011282098697542986,0.020720500019318733,0.015646091851322305,0.08646398337257817,0.008831032169985795,0.010952264295925614,0.013690330369907017,0.013218250012324018,0.004902034921206503,0.015032519621858689,0.01179474616484297,0.005111056671431954,0.011616037889618076,0.003997764914243741,0.005111056671431954,0.00684516518495351,0.009019511773115213,0.720433387996727,0.016964452433860272,0.0017011193094158624
65,0.005995913727692052,0.013152326886550308,0.014561504767252122,0.02265122963794775,0.009404221504628392,0.007692870443076594,0.015100819758631832,0.057812124863165115,0.017727049281872152,0.3820539947158174,0.2974182455847871,0.012355216166153319,0.0038104872288136403,0.01630888533932238,0.007550409879315916,0.017115584094246235,0.006576163443275154,0.006704216310994738,0.05951501354974708,0.020386106674152974,0.006107616142557868
66,0.31536749855627116,0.013807974733215987,0.01237956355391778,0.009470190917230673,0.021118079003742095,0.00423039453135665,0.010879010395867137,0.00944756165956883,0.017095587764934077,0.003328339561495202,0.004552109161335103,0.009205316488810655,0.003739659823579329,0.01631851559380071,0.003988970478484617,0.008259598607101942,0.15704377885660112,0.33791242690262596,0.013807974733215987,0.02243795894147597,0.005609489735368993
67,0.0011018815477403575,0.007343144002244648,0.027019281871802723,0.1234312312690271,0.0031470617152477066,0.0004184348142071578,0.0029372576008978597,0.0025916978831451707,0.8054707040122575,0.0009115627037269219,0.0044058864013467895,0.001739165684742154,0.0010089816186290357,0.0028734041747913845,0.0036761309313567475,0.0010659402583903523,0.0012469489815132425,0.0017432619070198684,0.0037764740582972487,0.0029372576008978597,0.001154290962718138
68,0.009820713934751514,0.018904874324396668,0.019899867709891227,0.03150812387399445,0.02043770197232072,0.0024750614645314612,0.011457499590543435,0.014864169950111085,0.009380856405510148,0.007001805305332099,0.023631092905495834,0.013503481660283333,0.007201856885484444,0.027006963320566665,0.7059702646915109,0.006660350491419297,0.009002321106855555,0.014003610610664198,0.022241028616937254,0.01800464221371111,0.0070237129656886945
69,0.08095997142620787,0.007334029377561423,0.04329183268924352,0.04790450747636271,0.012975590437224056,0.6346450269606976,0.004217066892097819,0.006955986626140731,0.008434133784195637,0.002546153595228871,0.009922510334347809,0.04608212659304243,0.0019391319864625256,0.027823170773157692,0.0018461971006689041,0.028295445996613506,0.00290832199455022,0.004178928931076473,0.010223192465691682,0.006615006889565205,0.010901667669863339
70,0.0020976174166332986,0.0025446688361103137,0.004385927325687805,0.006030650072820732,0.23202503458142884,0.00410597451766518,0.012315432311465088,0.05973115680232595,0.004487925635587521,0.31435262473065384,0.13117430513451972,0.0028379529754450515,0.000964904011651317,0.0030153250364103666,0.0019107010131709254,0.008447456277077946,0.0019298080233026346,0.005883232954538262,0.021081584753762102,0.17906528839782349,0.0016124291919196172
71,0.06507912621525219,0.19317137463892317,0.010492661992000735,0.010492661992000735,0.03671130196757817,0.0064954574236195045,0.005567534934531004,0.07094211055896862,0.01364046058960096,0.25677481187332624,0.17607400104915416,0.006820230294800479,0.019020784026016417,0.00974546666701801,0.0078053810797801765,0.0040717792804779,0.028634815534710978,0.0514678056996439,0.010104044881185896,0.012990914847239009,0.003897274454171703
72,0.07258157354757505,0.022920496909760543,0.18145393386893768,0.18871209122369517,0.027218090080340644,0.130146269809445,0.06186271380282453,0.036290786773787526,0.006944467638397804,0.05989776330417521,0.024193857849191685,0.007546262729443115,0.010443051029999048,0.07751014005796565,0.00965282785292405,0.02592199055270538,0.026393299471845474,0.018145393386893763,0.004368888948624961,0.006917407501989522,0.0008786936594780482
73,0.01323991972491615,0.10973785120369792,0.022766515192090574,0.017887976222356876,0.03577595244471375,0.006260791677824906,0.16373588010972237,0.02504316671129963,0.022766515192090574,0.06394916308031447,0.022766515192090574,0.02086930559274969,0.23111099454625467,0.1252158335564981,0.008635574728034353,0.006303407003262568,0.03670945981502481,0.011925317481571251,0.010888333352738968,0.03577595244471375,0.008635574728034353
74,0.0023046896299906547,0.06586431898394642,0.0037039654767706954,0.01813929484871898,0.1506970262356359,0.024333200406818144,0.0667565205057279,0.033591286756887,0.003457034444985982,0.2916994712158863,0.10718674228788484,0.011616611654889192,0.0015251622551408746,0.018672803520740126,0.0014404310187441595,0.018226154776561938,0.018446740524121,0.05914987450669231,0.002529537398770231,0.09719183077822892,0.0034673027728582117
75,0.013008379098752828,0.027812704411318417,0.025587688058412942,0.051158055857773235,0.0164023641400083,0.5982217925025289,0.018276920041723533,0.027812704411318417,0.03198461007301618,0.0058153836496393045,0.01938461216546435,0.018276920041723533,0.0067336021206349855,0.01938461216546435,0.05499055959776823,0.007352783924831305,0.007187552825396894,0.00866629694417051,0.013691842314163977,0.020635232305171728,0.0076153833507181376
76,0.07461504358244846,0.08228299272530877,0.004148127559029349,0.0006328415283563969,0.06399788323079571,0.0028037883562698662,0.10952018707651053,0.009558125417586372,0.11278873466789918,0.06370636857579769,0.0025111460542607935,0.01814695732401099,0.002187194531124566,0.05462427154240029,0.15738959792812132,0.030227571633116904,0.00990900273792455,0.02957045051065784,0.06508628260546913,0.1051393795934501,0.0011540528194613098
77,0.0018050823060747254,0.11915964960932077,0.02949975791806462,0.02327908363557491,0.012609503635936414,0.023748223945833327,0.00976219636330561,0.06597648355076087,0.016812671514581882,0.04782907827411361,0.013755822148294268,0.010808145973659781,0.005709963910612715,0.008406335757290943,0.005309264688815332,0.004961116184630719,0.2740778926144172,0.28370118503627767,0.027511644296588537,0.009457127726952308,0.005819770908893728
78,0.04835815080454409,0.10261487470946638,0.004989603423733958,0.006315358111803415,0.06467799644197449,0.001869798562683135,0.0038185886257415987,0.16756532189786943,0.01263071622360683,0.07577713824699056,0.2068715874142842,0.004104982772672219,0.0021051193706011382,0.006841637954453699,0.0024146957486307174,0.0020784722899606176,0.11638345283504035,0.15503107787356532,0.00547331036356296,0.007765449978013671,0.0023126663508012506
79,0.005957468633504772,0.018784287421482408,0.6610346465822969,0.013739101377286294,0.021630391576252465,0.014123374006969815,0.009778122219401799,0.017845073050408285,0.019827858944898098,0.007931143577959238,0.02039436920046661,0.06953191997382974,0.005062432071037811,0.016995307667055506,0.005366939263280686,0.005248550897178906,0.0062614291404941335,0.006942495223248597,0.019291970865306252,0.04544073655435364,0.008812381753288042
80,0.00526256253948475,0.017541875131615838,0.012529910808297027,0.011960369407919889,0.013985423087532844,0.0058472917105386124,0.005555306599554432,0.10755651930196947,0.013156406348711878,0.4952635875401683,0.23007722141693507,0.010963671957259896,0.001347586731068208,0.014240437666002031,0.0028785447019957357,0.003758973242489108,0.004536691844383407,0.0064177591944935995,0.013156406348711878,0.016445507935889846,0.007517946484978216
81,0.00948190816238903,0.05689144897433417,0.019505639648343145,0.014010488394796211,0.019505639648343145,0.641713696390808,0.01625469970695262,0.01587668343469791,0.020079334932117946,0.0049831926108905855,0.01587668343469791,0.01484124755852196,0.007670757165078766,0.02528508843303741,0.004667144065714032,0.006628129977592331,0.011191760453967378,0.0205429273781247,0.03250939941390524,0.01587668343469791,0.026607446780989627
82,0.24836284188811045,0.5847609268755366,0.011040178014721638,0.011665093751403994,0.007281519504133344,0.012254647150879615,0.006061274204160898,0.010478813030922232,0.010478813030922232,0.002630850931167709,0.009971773690716317,0.009511537981914026,0.002972355619348133,0.009660155762881434,0.002161951000891847,0.03908729088193251,0.003988709476286527,0.00406743400542376,0.0054848209807181175,0.004404503884675697,0.003674508333252784
83,0.014470341666280272,0.015968470372507156,0.00561931531215712,0.022368517085906318,0.014349614734354997,0.7195083936606542,0.012467698047882211,0.014083881128163236,0.019500758485149094,0.006445165940006904,0.021729416597737562,0.011523175468497193,0.005895578146672982,0.021125821692244855,0.004473703417181263,0.029928778930929458,0.005471435833962695,0.005597887389716501,0.02622515796278671,0.014083881128163236,0.00916300699904596
84,0.014054870881118961,0.01967681923356655,0.017888017485060498,0.049192048083916376,0.03935363846713309,0.0030472957616368324,0.18247464917956926,0.03771231989981518,0.0029566432723125776,0.012298012020979092,0.05729278373311384,0.016397349361305456,0.18247464917956926,0.06558939744522183,0.18284377359181647,0.006259595318093689,0.02197725574698314,0.01967681923356655,0.014054870881118961,0.03279469872261091,0.021984492501491447
85,0.010497775199808148,0.02392409314832525,0.02093358150478459,0.020350877869793556,0.02093358150478459,0.1571028770401242,0.15684268089134076,0.15684268089134076,0.012882204002944365,0.02392409314832525,0.04186716300956918,0.04186716300956918,0.011164576802551783,0.08373432601913836,0.0020000262100636165,0.010466790752392296,0.016746865203827673,0.014769718857866926,0.010103701374024244,0.15684268089134076,0.006202542668084324
86,0.0051046057308014835,0.01463599413839321,0.05369527671350178,0.03403070487200989,0.024502107507847117,0.5783976207146988,0.009879882059615774,0.025523028654007414,0.04083684584641186,0.005518492681947549,0.032239615141904106,0.02118911770841709,0.0032239615141904103,0.027843303986189907,0.004408299504184975,0.028020989404802927,0.013733993214772706,0.017016303562107604,0.024502107507847117,0.01914227149050556,0.016555478045842648
87,0.013167258770822672,0.013017654525824013,0.031878626497781205,0.027531541066265586,0.027531541066265586,0.007054551748413988,0.01835436071084372,0.031878626497781205,0.035629053144578995,0.005688253943338818,0.026334517541645345,0.0201897967819281,0.005360123039449937,0.01835436071084372,0.002302986245441643,0.007571173793223036,0.012887104328890276,0.01637010549886062,0.5706900002582391,0.10587405883264356,0.0023343049969187916
88,0.17481848614759798,0.19231891720931274,0.007819008671938427,0.010555661707116873,0.007966537137446699,0.07600315581282,0.005212672447958951,0.021767083460609724,0.016239479549410574,0.0029945139594657797,0.01111122284959671,0.0028136109784917414,0.0016239479549410574,0.01172851300790764,0.005115915022470214,0.40559926970682914,0.016706476271078186,0.0068200008064641,0.01082631969960705,0.0068101043271721765,0.005149103271764329
89,0.003718084266806571,0.005428091412351292,0.04820921635350811,0.012269678080461682,0.03924555665766296,0.004792843000180346,0.06771667940073665,0.008764055771758346,0.010398032271577698,0.0026557744762904082,0.008403889096206632,0.006819976784179028,0.005381437754588458,0.1300256826637722,0.0031300199184851243,0.002387524633642157,0.004009698719105126,0.005155326924563734,0.04578648276727345,0.58300742125109,0.0026945277957601014
90,0.008431768148017733,0.005251580333293637,0.04517991901347879,0.02623216757161072,0.11813021701967144,0.007377797129515515,0.08527585307127719,0.012425763586552448,0.018160731395730503,0.06951039576600154,0.018160731395730503,0.030321816700457,0.0044969430122761235,0.018160731395730503,0.006212881793276224,0.0041059044894695045,0.0063807975174188245,0.011970247182209985,0.05386611231994493,0.44694841544153624,0.003399225716800812
