site,A,C,D,E,F,G,H,I,K,L,M,N,P,Q,R,S,T,V,W,Y,*
0,0.0140923300506074,0.008774268519023907,0.052777264994661954,0.04153528857021129,0.02192140230094485,0.011376351027987265,0.11571545564695963,0.024661577588562952,0.1214108435129253,0.006460700169840621,0.023914257055576198,0.07174277116672859,0.01927022170409562,0.016441051725708634,0.31455845302600044,0.05882703049993467,0.019248060556927182,0.010664465984243436,0.011957128527788097,0.024661577588562952,0.009989499782709044
1,0.015571834535644436,0.01733060178629676,0.01838094128849656,0.011451658493067115,0.02021903541734622,0.2408143805679001,0.10109517708673112,0.01684919618112185,0.01838094128849656,0.008920162684123333,0.019566808468399567,0.0551428238654897,0.23979812641177004,0.04332650446574191,0.0588976754724056,0.01733060178629676,0.03568065073649333,0.005210550448132589,0.009331862500313641,0.04043807083469245,0.0062623956810404936
2,0.00938962483778363,0.066558461668622,0.10345252424966525,0.02139603036806435,0.016314473155649063,0.5240653923632157,0.018127192395165626,0.017637268276377363,0.018915331194955438,0.005601535847433155,0.020716791308760713,0.019193497830175366,0.007958279588121493,0.020716791308760713,0.005553863201923087,0.0694261040509082,0.011349198716973262,0.005909462785157436,0.012430074785256429,0.018382504964111618,0.006905597102920238
3,0.06467352883656396,0.02223152553756886,0.026677830645082636,0.10954664468900338,0.0260271518488611,0.42634427420355764,0.028840897994683923,0.02808192699482382,0.02319811360441968,0.008084191104570497,0.028840897994683923,0.03138568311186192,0.011856813620036724,0.02808192699482382,0.031372534703987945,0.009527796658958084,0.015927063071691124,0.007476635200337081,0.025054534596263084,0.036797007786320876,0.00997302080190005
4,0.053106456160712044,0.0829291455366302,0.036281501172275715,0.016962779768856177,0.013605562939603391,0.030795030263297437,0.018140750586137854,0.1038970260842441,0.017351013880157726,0.0634926270514825,0.04366323272664721,0.04473061788362759,0.0018355760751317027,0.0914924812170431,0.045606485325142436,0.07754399005085666,0.08699906846778431,0.11564728498662885,0.01302931864433741,0.041617016050551556,0.0012730351288517796
5,0.1488383415752716,0.1027988572486724,0.014869120423468687,0.007441614010462446,0.01143778494112976,0.4189743869354394,0.00972746195927858,0.013175169995478585,0.016012898917581665,0.0037711537305898848,0.015534901934967286,0.0130104803705351,0.004863730979639291,0.015306447494747178,0.0026013088917485063,0.14404460410235292,0.005152665493281229,0.003931893764434357,0.007653223747373588,0.013175169995478585,0.027678783488069035
6,0.02447310190081728,0.017392576783054347,0.2338218213882356,0.13998613977880603,0.027346323494615753,0.0005741261078945208,0.006560169248034507,0.010226146180759673,0.009504309853064758,0.017749887364802076,0.06294316218077574,0.031136325684701094,0.006478676462344638,0.10654418232879868,0.004812304085063376,0.0717900302730254,0.08400538876006602,0.05079569735730469,0.051927573463338074,0.0409045847230387,0.0010274725814590276
7,0.003921964957462729,0.045346289170675555,0.023360209572772253,0.028032251487326708,0.020834781510850928,0.007947287792798807,0.022025340454328125,0.01746421238908109,0.024867319867789818,0.007747607194989792,0.0214135254417079,0.025274980849228995,0.009530781783774991,0.022025340454328125,0.006532939965266818,0.03773697137552755,0.6212174981929336,0.009287794167487763,0.018354450378606772,0.02028649778688117,0.006791955206180479
8,0.06416561602627088,0.08239364898676936,0.005924524797417812,0.008412825212333294,0.005193101982921786,0.006895758370764994,0.004474907027836859,0.16330778353352865,0.005129771470934935,0.16857515751704044,0.004460844322054294,0.005392836674572624,0.0854107397736839,0.003706486225593353,0.0028730448170348,0.041169144656099096,0.17749602326599145,0.15423512889277705,0.0038590941340978418,0.004948720713137232,0.0019748415991392714
9,0.009416372542674113,0.026505344934934547,0.023463747975187958,0.05586607405631638,0.023854810441441082,0.5743960361331124,0.02271886708708675,0.02015899473924599,0.028625772529729306,0.007302492992277884,0.03975801740240181,0.03578221566216162,0.011731873987593979,0.03490947869479183,0.0048259947937909446,0.009670869097881523,0.013376529219499675,0.00692396496963354,0.01476277762092966,0.024259129262482464,0.011690635856826273
10,0.033040210932688385,0.07359793855613714,0.08605168002724835,0.12519250760441789,0.02039942862153801,0.004792566449464948,0.034211541750704365,0.12511649554543314,0.013001512460325541,0.019661163585710913,0.012266323092689524,0.014894820898265845,0.002250296682471819,0.20852749257572187,0.021431032516737183,0.009714013629303813,0.003007608065995988,0.11123593055695224,0.06616737745191174,0.01359961908102534,0.0018404399152558767
11,0.02926302579040927,0.015154066927176234,0.014262651225577632,0.03125275962389255,0.0346378672621171,0.01595164939702761,0.0559534778849584,0.11755882222294288,0.09668239210001325,0.07059109657216268,0.16394194861354186,0.07917771202945934,0.003974837226800323,0.059144292646389235,0.061578399139036157,0.03044883698739795,0.023512131457002476,0.08082169027827324,0.0050513556423920775,0.008659466815529277,0.002381520157900549
12,0.023281513538133652,0.053299876657796855,0.04988895758171498,0.04988895758171498,0.03880252256355609,0.010004938210379925,0.11640756769066826,0.04988895758171498,0.0436528378840006,0.008267530528735786,0.02494447879085749,0.11640756769066826,0.03174751846109135,0.0873056757680012,0.049074172023597575,0.018380142266947622,0.0436528378840006,0.010582506153697116,0.13907625314956576,0.023281513538133652,0.012163674455023251
13,0.01902825569047597,0.0317137594841266,0.041624309322916164,0.05986777338442876,0.05122991916666606,0.006403739895833258,0.05549907909722157,0.03377482719464384,0.26661718676210994,0.014169977641843806,0.024666257376542915,0.09555345004315474,0.026639557966666352,0.03719327282844447,0.061508464845388966,0.015488115096899041,0.07006408814912746,0.011287948290960319,0.01902825569047597,0.0475706392261899,0.011071122845884056
14,0.05416598860512584,0.019499726587749004,0.007603035247554676,0.008531130382140189,0.045499362038081005,0.06005915789026694,0.04065900437445536,0.007583227006346834,0.048175795099144596,0.034556477497276715,0.07349896944613085,0.1744142211459772,0.0017520822532575836,0.07445350151685984,0.020568204756940725,0.1434645250619417,0.10418519864376036,0.052053906390763,0.021839693778278883,0.004706830555663553,0.0027299617222848608
15,0.10701561856665753,0.03910486561054949,0.010356350183870084,0.016897202931577506,0.006173977994230242,0.03721903465596915,0.08938682158207994,0.013103953293876437,0.05885859021166165,0.027438961641750647,0.10517052169481861,0.07357323776457705,0.002326426490579511,0.08026171392499314,0.1282253931948625,0.12692987104094586,0.04109399752959649,0.024695911976920965,0.004063884249366741,0.005535290615516768,0.0025683748455997807
16,0.006091765664033446,0.009282690535670013,0.01299576674993802,0.01827529699210034,0.012713250081461106,0.004754548810952933,0.01827529699210034,0.22068283160272112,0.014995115480697716,0.23365552478373147,0.16723865700647844,0.014995115480697716,0.07520555057429552,0.009137648496050168,0.003733639606714256,0.0048331363946050475,0.006880111808790715,0.13760223617581427,0.009746825062453513,0.014263646432858802,0.004641345267835007
17,0.03693263200644429,0.016522493266040862,0.003525200694502428,0.020928491470318424,0.011846315926595337,0.1587678663265536,0.06877601611337547,0.016522493266040862,0.011070410403235004,0.05747965967200131,0.014948922478798875,0.2516345602816457,0.00884302456492328,0.10919212941035701,0.025522550573559063,0.1206178781913711,0.006976163823439476,0.02729803235258926,0.013080307168949017,0.012380139008014717,0.00713471300124492
18,0.02157407052447801,0.12482140803447989,0.058596716549519735,0.038300099922445145,0.04973726603672764,0.044517923304478416,0.10409590511493862,0.02337190973485118,0.023370853275697486,0.09309964742708257,0.026225103910274574,0.03434239797774051,0.0027310983647843793,0.07183250443298189,0.064728155006592,0.08153585252358454,0.06666465489796686,0.015581273156567448,0.013869045337164432,0.0400661309740306,0.0009379834936140747
19,0.010327854680330505,0.01204916379371892,0.0328613558010516,0.013387959770798801,0.041708643901334726,0.010790295934673661,0.014175486816139908,0.02401333231444797,0.0200819396561982,0.3015322517369044,0.28975835834512814,0.017632922624954517,0.007690955613012078,0.12622933498181726,0.003929075150125735,0.0053551839083195215,0.005009066297373704,0.009167981600921735,0.00903687284528919,0.04131141872132201,0.003950545506137351
20,0.13465816264387853,0.06673547147798654,0.012512900902122476,0.08832635930909984,0.00715022908692713,0.0794469898547459,0.0067637302173634995,0.008937786358658911,0.02887592515874418,0.0499223432897092,0.013171474633813135,0.11375364456474982,0.09978989485128388,0.1074354271898679,0.014866812953016806,0.09966940642231249,0.0040810353754664,0.028198086539994314,0.006951611612290264,0.014721059884849974,0.01403164767311883
21,0.10549582874415292,0.037917054907412345,0.005416722129630337,0.01658871152199291,0.01061677537407546,0.0645614718693778,0.07464920184896806,0.00791296230776906,0.014745521352882584,0.01192896109446681,0.12740130448890552,0.009152392563858155,0.03713390419787034,0.13270969217594325,0.10097476578604377,0.07984949736565082,0.1129110315310673,0.017002440140922163,0.012639018302470786,0.014745521352882584,0.005647220943657159
22,0.04332551471486671,0.0036490741003163147,0.08404641637502741,0.039476347085240136,0.04023843872781233,0.022557912620137222,0.0518831990263156,0.030260614490427978,0.028197390775171527,0.04919692475571071,0.12519793067726223,0.028197390775171527,0.06845006340734477,0.13535555214112185,0.0340819837052775,0.03158107766819211,0.05760324115499326,0.07986677917110142,0.004962740776430188,0.04039440166861781,0.0014770061834613656
23,0.05675212745768,0.01149635612424817,0.07497797098123071,0.1190646424542366,0.010307077904498361,0.08084485913997658,0.01423358377287869,0.014945262961522621,0.007327010619181547,0.021350375659318032,0.03448906837274451,0.19927017282030166,0.007116791886439345,0.2659764246857376,0.004395665576918418,0.0363533423388388,0.008302923867512569,0.0032506537914675756,0.015328474832330893,0.00964210513646621,0.004575109616471377
24,0.013923195872567849,0.011047371747463699,0.027846391745135698,0.023205326454279748,0.16683891845685794,0.006630093272651357,0.059670839453862215,0.13235759184920753,0.01989027981795407,0.0016714197407928218,0.020884793808851772,0.0379723523797305,0.059670839453862215,0.026105992261064716,0.0058830405095357105,0.00198542582436054,0.03213045201361811,0.004606939721764667,0.04176958761770355,0.3002646091314781,0.005644538867257237
25,0.076619684125067,0.029698813825325174,0.016177763217022943,0.022590570258005017,0.06115983655215992,0.012859247685325932,0.1016111606999439,0.15957157354972637,0.017911094990275406,0.05572340663641237,0.08010239703984277,0.09839044715839464,0.004179255497730927,0.038577743055977796,0.038827620881765904,0.043739500126291346,0.06340939375867613,0.007656651293552844,0.0023218086098505154,0.06651436194351562,0.0023576690951375204
26,0.014568743423202305,0.02036192738503467,0.029864160164717515,0.07243173174278501,0.025353602655788073,0.0032181207074049047,0.010089243298891054,0.016968272820862225,0.08295600045754865,0.0020293335712477096,0.025923750142983957,0.1041773029001774,0.07459993048304217,0.083992950463268,0.12248971942559918,0.14969834776833554,0.1251035730827676,0.023494531598116927,0.0035894423274900875,0.007415315571504051,0.0016740000092330446
27,0.018206805344201663,0.010773819270636663,0.04216312816551963,0.02356174809249627,0.1444370234446642,0.01054078204137991,0.13389513017808607,0.050068714696554564,0.02288855528985352,0.011126381043678794,0.03641361068840332,0.033379143131036376,0.021651336084996572,0.04005497175724365,0.008901104834943035,0.01335165725241455,0.01570783206166418,0.01335165725241455,0.01953901061328959,0.31971076612755167,0.010276822628971125
28,0.01327951887302035,0.02771377851760769,0.035412050328054265,0.15873562240520395,0.014164820131221707,0.014164820131221707,0.03187084529524884,0.22968604888448568,0.2545104088332171,0.0077733769012802035,0.028973495722953487,0.014442109180076598,0.017706025164027132,0.046745628792486324,0.0043929164758857745,0.010623615098416278,0.02719983636377514,0.009959639154765259,0.01722748394337775,0.026559037746040702,0.008858922057633936
29,0.15305267334115338,0.01900654113386872,0.011403924680321233,0.0032167992043173306,0.011797163462401275,0.025578896479225188,0.01900654113386872,0.028509811700803078,0.13665468087765717,0.05752422183878852,0.006848766155582817,0.04706559814051264,0.008145660485943737,0.05312131360817898,0.16323287736708258,0.13257062440873432,0.051710606149513894,0.050684109690316594,0.005798605769654863,0.012218490728915609,0.0028520936431593955
30,0.21421021973689244,0.2046026592030166,0.06438545219675347,0.031000402909547968,0.013285886961234844,0.009000116973739734,0.01641197801093716,0.01550020145477398,0.01550020145477398,0.002774855480646231,0.01550020145477398,0.17754776211832018,0.0016099659989274376,0.01641197801093716,0.004428628987078281,0.11134393686011507,0.04301774917395333,0.008205989005468579,0.011625151091080487,0.01268198300845144,0.010954679908577644
31,0.16387369239588612,0.02800674274206883,0.009003677215544337,0.031318083435658235,0.027962574496123424,0.3118863025818181,0.05399669557872111,0.03728343266149791,0.03404139503875896,0.010439361145219412,0.03728343266149791,0.031318083435658235,0.019096392338816,0.03728343266149791,0.011685852028230687,0.04018028185732226,0.017020697519379478,0.01703827720994117,0.02609840286304853,0.0434973381050809,0.011685852028230687
32,0.01412936369395229,0.15791641775593732,0.03355723877313669,0.03355723877313669,0.019470588752750515,0.009770538368847505,0.02825872738790458,0.21424597258921052,0.022371492515424456,0.011956687674867971,0.0384162568388625,0.06581009205038602,0.014511238388383432,0.041301216951552845,0.00801366896074906,0.058701628596745214,0.10548198499990782,0.04396622909466561,0.03158328355118747,0.03579438802467914,0.01118574625771223
33,0.021163281260137796,0.055167807853056174,0.014481549561427248,0.01072707374920537,0.008275171177958429,0.009050968475892028,0.009987275559605002,0.10528735749629559,0.038617465497139326,0.18013634820311944,0.03620387390356812,0.05285486427097024,0.005721815810353402,0.022279307017580383,0.03723827030081292,0.12377936365459882,0.11540800214579015,0.037544758122218795,0.07899027033505772,0.03341896052637058,0.003666215078842341
34,0.011400993932327925,0.036132388333403674,0.11464261153579375,0.3187510656019056,0.036132388333403674,0.11765489112603543,0.034561414927603513,0.026497084777829364,0.01221783735737195,0.010191186453011291,0.027410777356375204,0.024088258888935784,0.016560677986143354,0.06371061686833802,0.01348364122779491,0.025642340107576805,0.019388110813045877,0.011239787829940607,0.036132388333403674,0.0294412053086993,0.014720332901060541
35,0.036097288974480855,0.0544800695820481,0.03536425569361018,0.019197738805102667,0.01768212784680509,0.006277908666579274,0.016798021454464834,0.359957602595675,0.03199623134183777,0.00470496906254538,0.007441141881131355,0.018664468282738704,0.041348975887913426,0.019762378181723335,0.005742913317765754,0.007148094235942481,0.008841063923402545,0.26834502980644165,0.012921554964972947,0.019762378181723335,0.007465787313095481
36,0.010316889150030855,0.0697658912534436,0.0250553022215035,0.021923389443815573,0.028024388004609404,0.15570126340434468,0.03507742311010491,0.015944283231865867,0.05846237185017485,0.00974372864169581,0.021923389443815573,0.13941203076598963,0.04384677888763114,0.05846237185017485,0.022022243656939364,0.1488540675299486,0.0250553022215035,0.05158444575015427,0.035455951084709364,0.016154096941165423,0.007214391556379221
37,0.029335721710150947,0.05500447820653302,0.0628622608074663,0.029335721710150947,0.04400358256522642,0.0023889423162853007,0.04400358256522642,0.025377672314166252,0.010413974658610506,0.020001628438739285,0.04400358256522642,0.17509452404120546,0.05500447820653302,0.036669652137688684,0.17560588295505627,0.011984550675520483,0.036669652137688684,0.011579890148743796,0.07333930427537737,0.04889286951691825,0.00842804804748619
38,0.06289165620010698,0.01420657424824913,0.15932800394337102,0.13597208855037327,0.028413148496498262,0.04537248995045042,0.010028170057587622,0.13638311278319162,0.06515811125129342,0.0048022222810982975,0.01420657424824913,0.0974165091308512,0.0035890292837682017,0.006652621768422807,0.004261972274474739,0.020056340115175247,0.12098501940444424,0.03544199241768327,0.015498080998089962,0.015498080998089962,0.0038382015985311928
39,0.03276466267607852,0.01663146744291441,0.05502922487515797,0.1995988745320046,0.011087644961942941,0.07230519407373039,0.023759239204163445,0.060846832108223455,0.004690221551091597,0.021231660565422653,0.04157866860728603,0.03326293488582882,0.055438224809714706,0.16913356721607878,0.005423304600950351,0.036213679109571704,0.047268381153546216,0.09241472773525697,0.00817941021782676,0.009595077370912159,0.0035470023022975083
40,0.30335328705736886,0.02454084944137534,0.03003897943416228,0.018113484111491326,0.01901915831706589,0.008749237087683635,0.05852048712943353,0.038038316634131784,0.03458028784921071,0.010010083324771522,0.03622696822298265,0.022375480373018695,0.020423257253225118,0.042264796260146426,0.009056742055745663,0.18172281848683167,0.018587140153247354,0.031976069023595496,0.05434045233447398,0.0195068290431445,0.018555276406893556
41,0.13208203006106659,0.13276963587207075,0.015849843607327996,0.02377476541099199,0.016396389938615166,0.02503857258794128,0.0023499433781240487,0.14944138258337825,0.01901981232879359,0.025837894074062243,0.07044374936590218,0.011887382705495995,0.004663887918583266,0.01981230450915999,0.18966665897996787,0.04104528942666575,0.042581669392821465,0.04322684620180362,0.011321316862377138,0.013985156124112936,0.008805468670737773
42,0.0885892614092865,0.04030970982352557,0.007593365263653125,0.01423755986934961,0.009491706579566408,0.034900903962202044,0.06688687906581094,0.03796682631826564,0.016271496993542415,0.0484580964174244,0.07193714460302962,0.011989524100504936,0.0012316688230390306,0.18131096649947262,0.0908009952474544,0.03820627432562935,0.14405060573694903,0.07681660208579326,0.008761575304215145,0.006327804386377605,0.00386103318490837
43,0.1813820021328653,0.16906931968480648,0.014827823976147226,0.010345150680014384,0.011379665748015824,0.0031620615172608226,0.012302341349206294,0.03501435614774099,0.018207465196825312,0.0975399921258499,0.2817821994746775,0.01379353424001918,0.0037633506243397335,0.022759331496031647,0.013193815360018341,0.0558267942666541,0.0033178166238269674,0.0025875833715166214,0.02167555380574442,0.01896610958002637,0.009103732598412656
44,0.011065149774693849,0.019056646834194967,0.01715098215077547,0.020177626059735845,0.11549293641062007,0.015591801955250426,0.07592257902886292,0.215924451974716,0.028584970251292446,0.2742758197391417,0.051452946452326405,0.014292485125646225,0.018472246405646753,0.020177626059735845,0.005371561066588678,0.005318134000240455,0.007977201000360682,0.04287745537693866,0.018053665421868915,0.014596580553851463,0.008167134357512127
45,0.06710016761976008,0.010792643967845393,0.06145811148356404,0.04146672527149734,0.03403833866782008,0.030101932155215044,0.0850958466695502,0.06321405752595158,0.0885136632678651,0.04916648918685124,0.12824983630352427,0.01987970875720004,0.0015917208729556158,0.03969866599399506,0.003276145701226326,0.08357634904787335,0.05631098615333695,0.07374973378027685,0.01525856560971245,0.04630797237366221,0.0011523395903168259
46,0.03222710067495943,0.05081881700605978,0.1392348326038168,0.13134335021208737,0.006809057180550495,0.057510736428835835,0.05301428246170195,0.023543180759869515,0.009921769034516434,0.016205556089710176,0.007892316277456254,0.04075336589151458,0.0025533964427064356,0.09470779532947507,0.011293070445791064,0.21546782811875448,0.03672962575277718,0.01894155906589501,0.007892316277456254,0.0404270602256904,0.0027129837203755873
47,0.055497982647924535,0.13413692912851527,0.008222335799945047,0.0072819457858324015,0.010318225317578098,0.21116501171085436,0.1052458982392966,0.008770491519941382,0.10185086926383541,0.01252927359991626,0.018145844524016658,0.11350047849335908,0.004017019016767045,0.04154443351551181,0.05560245450529862,0.06943305786620263,0.005011709439966504,0.007047236771006256,0.016975144877305903,0.008770491519941382,0.0049331664569848615
48,0.04165558927455929,0.03924025106574378,0.05232033475432503,0.028275031285607613,0.05232033475432503,0.014284252612492278,0.05232033475432503,0.062408628119839105,0.022423000608996446,0.0710564492584119,0.035631055401905844,0.05232033475432503,0.052320334754325036,0.039240251065743775,0.00923300025076324,0.014269182205725007,0.05232033475432503,0.062455726978933965,0.013080083688581257,0.21974540596816514,0.013080083688581256
49,0.04217016979558561,0.010107138187512344,0.3992592824986067,0.017687491828146606,0.007074996731258641,0.045558974471451685,0.03095311069925656,0.0042449980387551855,0.11496869688295294,0.05755929544074826,0.03859089126141076,0.03032141456253703,0.014172306674913213,0.048238614076763456,0.01267163593658264,0.02606306614271678,0.02880754223583487,0.05002676434928707,0.00964772281535269,0.008843745914073303,0.0030321414562537036
50,0.07023968229431576,0.14360101810299514,0.08424593062042382,0.041788656061718166,0.012536596818515447,0.09214398661608858,0.030260750941244186,0.003568943713356602,0.00810147855998115,0.02118252565887093,0.020648512406966617,0.2946100252351131,0.002988988835374995,0.022892915929462992,0.022794964984924396,0.005989560019403492,0.06993586043284253,0.013500950419939713,0.008775617772960815,0.027001900839879422,0.003191133735622114
51,0.060414175344271584,0.04080443149783921,0.02704479762066087,0.14081732432723748,0.009229573791177916,0.15458530478993218,0.13728991014377148,0.00993954100588391,0.10572057251712882,0.040100906816841975,0.044301954197653995,0.04845526240368406,0.0032303508269122708,0.012504583846112015,0.002852225198794125,0.11205279430851936,0.010068625954012271,0.012073454545515075,0.009454685347060305,0.00901493254022029,0.010044592976770812
52,0.009544622963871761,0.023861557409679404,0.02045276349401092,0.11903884851198597,0.025697061825808585,0.4004357806386124,0.019272796369356443,0.023861557409679404,0.03232856165182371,0.007953852469893137,0.027086092194771212,0.025054635280163374,0.010661546927729098,0.06681236074710234,0.09001426290558975,0.008948084028629778,0.0128485309129043,0.010983646817577812,0.027838483644625975,0.02863386889161528,0.008671084904569309
53,0.010676221258361648,0.006808025150259602,0.007835393164227355,0.009994760326976862,0.38955187810997627,0.005399468222619684,0.1884407767696439,0.00939507470735825,0.0077008809076706975,0.002145456655132463,0.006908143167175186,0.004697537353679125,0.0013539413415965848,0.02889992964209618,0.010724613248001265,0.0029359608460494536,0.0030112418933840547,0.004744987225938511,0.011457408179705185,0.28370481155808686,0.0036134902720608656
54,0.21355405004997272,0.026144690589323772,0.008526711914912739,0.015763710502386393,0.013399153927028434,0.004785412116795868,0.011910359046247498,0.011651438197416028,0.017865538569371245,0.00500902950543119,0.019850598410412496,0.00878633044395307,0.25759613751186444,0.012761098978122318,0.004580907325479806,0.26209246804949865,0.03668988940188201,0.0324448055800621,0.018481591623487496,0.012464329234445057,0.005641749021906709
55,0.042533311963036044,0.01554284075313865,0.013257128877677087,0.049214494552520645,0.012878353766886312,0.006844240367857972,0.016390632066946215,0.037191435653074534,0.01609794220860789,0.016981581514583954,0.03219588441721578,0.009590263443425978,0.2926898583383253,0.013257128877677087,0.006829430027894255,0.005241190486523498,0.007838997945061233,0.36094307144950455,0.02731772011157703,0.011861641627395288,0.005302851551070834
56,0.013587096891982646,0.022197346980354256,0.018617129725458405,0.046170481719136854,0.01279574193598079,0.015598135715924614,0.014610911936435711,0.036070688843075654,0.036070688843075654,0.009865487546824115,0.046170481719136854,0.023085240859568427,0.10775267466206417,0.022197346980354252,0.009160809864908108,0.4617816598905223,0.007646509216760097,0.013906771602149653,0.04275044603623783,0.022475530197043344,0.017488818833006382
57,0.01148062627313527,0.037790394815736934,0.03488344136837255,0.025913413587933892,0.03627877902310745,0.009658309465292713,0.0197167277299497,0.032391766984917365,0.020154877235059696,0.04126072583944053,0.022674236889442156,0.033591462058432824,0.005421472199600592,0.0068373494681636705,0.36204534793713145,0.13100670202788803,0.07955872592786722,0.013741961751177065,0.026322658328478684,0.037790394815736934,0.01148062627313527
58,0.010597677821878433,0.03308543320001072,0.027683729820417134,0.01565821440674727,0.03989714003530704,0.5422666953988541,0.01994857001765352,0.03569744108422209,0.048446527185729976,0.009291114802742735,0.03875722174858398,0.028260474191675825,0.008425482988822603,0.030829608209100898,0.006500421738065661,0.01051552528062356,0.012919073916194663,0.0109729327019577,0.028861760876605098,0.02608659156154691,0.015298363013260197
59,0.3768671060908148,0.03912563357639486,0.02327708596443268,0.024502195752034397,0.016053162734091502,0.00353961557515306,0.011354676080211063,0.022319452047831763,0.02024094431689798,0.0059684835806237645,0.016053162734091502,0.005640614539582087,0.004310571474894941,0.01501747481576302,0.020681540873477434,0.18581696614009446,0.11494857266386511,0.04564134502829937,0.015518057309621785,0.024502195752034397,0.008621142949789882
60,0.0818969284769018,0.0315031905052391,0.03412845638067569,0.012932603212361053,0.06825691276135137,0.05854179938808217,0.040954147656810824,0.02559634228550677,0.029252962612007733,0.006399085571376692,0.02559634228550678,0.05119268457101353,0.01861552166218674,0.02559634228550677,0.006205173887395579,0.3452335184587974,0.025423879926150864,0.04090397186082592,0.012045337546120832,0.05119268457101353,0.00853211409516892
61,0.021064412364760338,0.03370305978361654,0.03829893157229152,0.014024837351778377,0.030092017663943333,0.011247885778824417,0.07021470788253445,0.0366337606343658,0.33574223420542004,0.008776838485316806,0.10200090379123078,0.04073530674389079,0.049563323211200785,0.02494718201598533,0.023971875304935924,0.013374230072863707,0.023762262267269626,0.010532206182380169,0.024781661605600393,0.04012269021859111,0.04640967286319983
62,0.006529081796820212,0.015800377948304915,0.01362101547267665,0.021351862092303935,0.4366562907362763,0.00767008638267229,0.00825083396416671,0.06527050687211365,0.015490566615985212,0.31311756219816983,0.014107480310986529,0.008315988393844693,0.002165392246074583,0.016808912710962676,0.007656980336127861,0.00451439369951569,0.00506422370137978,0.006996473451914005,0.01462997958176381,0.01053358529886994,0.00544840618907066
63,0.2619770998290655,0.013200396503014928,0.023650710401235075,0.005733505551814564,0.01957300171136696,0.03176248486115498,0.007883570133745027,0.06512636280443575,0.06382587653810068,0.00869911187171865,0.07670500670670836,0.006880206662177478,0.002910856664767395,0.08732569994302182,0.07496147942668745,0.17193852471187362,0.04272386395061821,0.020067269431350978,0.006103409135802601,0.005564873035584724,0.0033866901257553657
64,0.010016775204819696,0.016951717530620095,0.031133220231196353,0.023508758133760507,0.09289751198018263,0.013268910941367678,0.016456130693632356,0.020570163367040442,0.019860847388866638,0.0073654657291400225,0.022586846050083625,0.017721986900834843,0.007679527657028433,0.017453471947791892,0.1471501430150612,0.007679527657028433,0.010285081683520223,0.013552107630050174,0.4575616746938861,0.04374414488180752,0.002555986682281135
65,0.007746144383268703,0.0169915425181378,0.01881206493079542,0.029263212114570655,0.012266480513461743,0.009938449397401353,0.019508808076380436,0.014236157244926264,0.02290164426357704,0.20803493184523694,0.4426628950519791,0.015961752062493083,0.00492278334637637,0.02106951272249087,0.009754404038190218,0.058812517375766815,0.008495771259068901,0.008661203259443816,0.029338278012584946,0.026336890903113593,0.014284556680735784
66,0.20277823881006674,0.028763635459100968,0.025788086963331902,0.019727521561583045,0.0439914424668603,0.01773143033058964,0.022662258240503795,0.019680382156226982,0.03561212009222025,0.006933322784887117,0.00948257880076385,0.019175756972733982,0.00779015127017318,0.03399338736075569,0.008309494688184725,0.019680382156226986,0.09354817740472324,0.2971618624956678,0.028763635459100968,0.04674090762103908,0.01168522690525977
67,0.008030379376558995,0.05351594486327066,0.031461872607688526,0.3853228586814235,0.022935404941401713,0.05421402391776685,0.021406377945308266,0.018887980539977887,0.21072244371969623,0.006643358672681877,0.0321095669179624,0.012674829046564104,0.007353335935411236,0.020941021903018955,0.026791197363488277,0.00776844360918445,0.009087613278668602,0.012704681818822805,0.027522485929682056,0.021406377945308266,0.008499800986114185
68,0.01346256559897289,0.025915438778022812,0.02727940924002401,0.04319239796337135,0.02801669057083547,0.04596409740093296,0.01570632653213504,0.02037630505859096,0.12975266957211282,0.009598310658526968,0.03239429847252851,0.018511027698587725,0.009872548105913453,0.03702205539717545,0.4172747957501766,0.018917482076331007,0.012340685132391817,0.019196621317053936,0.030488751503556243,0.024681370264783627,0.020036152907976536
69,0.10006145960586302,0.012058446219043038,0.13231102456858235,0.07047981738528286,0.021334174079845378,0.4469501524824112,0.006933606575949747,0.011436876826308862,0.013867213151899494,0.004186328498686639,0.016314368413999403,0.04333504109968593,0.0031882772166041302,0.0104658212467166,0.030906510354307293,0.024561853553179913,0.004781797638586032,0.013825062707334787,0.01680874321442363,0.010876245609332938,0.005317179551956503
70,0.01260703554693544,0.007646945104868441,0.013180082617250686,0.018122613598719695,0.09174769885316049,0.012338800748064472,0.07961525751643742,0.0966539391931717,0.013486596166489074,0.2402050559830302,0.11276292905870032,0.00852828875233868,0.002899618175795151,0.009061306799359847,0.005741818169891389,0.004960448922453845,0.005799236351590302,0.006743298083244538,0.024163484798292934,0.22889005944384908,0.00484548611635615
71,0.008680816472203293,0.04547094342582677,0.0183632656142762,0.0183632656142762,0.0367265312285524,0.011367735856456692,0.009743773591248594,0.19355874566399234,0.023872245298559056,0.19063286323380307,0.0740052761439137,0.011936122649279526,0.07299775257937867,0.022759613822227246,0.0289096493116743,0.007126043372704194,0.01909779623884724,0.1591483019903937,0.017683144665599303,0.022735471712913388,0.006820641513874016
72,0.04933400526519587,0.00389478988935757,0.41625566942509035,0.18500251974448453,0.04625062993612115,0.022965830037246362,0.012785227752591149,0.009250125987224229,0.049526994461171286,0.008256291843890314,0.024667002632597947,0.006727364354344893,0.014939918983398602,0.029365285899289887,0.009547479621624907,0.04228629022731076,0.006727364354344893,0.05180070552845567,0.00389478988935757,0.006166750658149486,0.0003549635087524878
73,0.023649770209323823,0.055916609611446746,0.040666625171961276,0.03195234834939814,0.0639046966987963,0.01118332192228935,0.0667449211884949,0.0447332876891574,0.040666625171961276,0.005904141261378352,0.040666625171961276,0.0372777397409645,0.18007880516336738,0.17962923625534424,0.01542527161695083,0.004108783934937778,0.03741040144322901,0.021301565566265432,0.019449255517024956,0.0639046966987963,0.01542527161695083
74,0.009659852982037887,0.22527675322287002,0.015524763721132318,0.02897955894611367,0.045757198335968946,0.06361366597927391,0.013218863229069028,0.03219950994012629,0.014489779473056831,0.14685587303773814,0.03951758038106409,0.03055980816716123,0.006392549767525072,0.02557019907010029,0.00603740811377368,0.014997273177421446,0.007367684477825507,0.03779942471232217,0.05301138831606158,0.17292561277048155,0.010245252178876292
75,0.013377326809173582,0.05001956980821427,0.04601800422355714,0.009123943535857685,0.02949872065612636,0.45901817014286234,0.032870003016826514,0.05001956980821427,0.05752250527944641,0.01045863732353571,0.0348621244117857,0.032870003016826514,0.012110001111462402,0.0348621244117857,0.010202353947151827,0.013223564432056646,0.012926405680774473,0.01558584302219973,0.02462400104312338,0.037111293728675096,0.013695834590344383
76,0.018920127600651544,0.1445059021093241,0.006741654662301125,0.0010285120164289252,0.008500347182901418,0.009113592856134547,0.34213897411178207,0.008886726600306028,0.07783136067363111,0.06220708620214221,0.049128895004225195,0.01109344171435264,0.003554690640122412,0.007042350695234933,0.17903997301641764,0.009775399260336633,0.006540436579363798,0.018328873613131184,0.01396485608619519,0.01396485608619519,0.007691943288822044
77,0.0020854252025781814,0.41955421405082394,0.0194750505759214,0.02689450090069384,0.014567854654542498,0.011112996319898124,0.01127833908738774,0.0047270484243132505,0.019423806206056663,0.0482246223046924,0.015892205077682724,0.012486732561036428,0.0065967643718683015,0.009711903103028332,0.006133833538754735,0.005731614946049507,0.1781126380404441,0.13855652426278206,0.03178441015536545,0.010925890990906873,0.00672362522517346
78,0.04034511720463925,0.40056759017039295,0.012774765722078727,0.01597705487859117,0.012587982631617287,0.009517554986387164,0.00966054481031094,0.03051755739080841,0.03195410975718234,0.018259491289818474,0.16616137073734816,0.01038508567108426,0.00532568495953039,0.01730847611847377,0.006108873924167211,0.005258271225865449,0.010516542451730894,0.16584927304002703,0.013846780894779014,0.011227119644415416,0.005850752490751695
79,0.011520967568925415,0.03632636267208624,0.5521957976049298,0.026569630682347946,0.04183035701634173,0.004252093756962576,0.018909613445743517,0.03451004453848192,0.03834449393164658,0.01533779757265863,0.0394400509011222,0.015796810492302218,0.00979008355701615,0.0328667090842685,0.010378960763453212,0.010150013099553507,0.012108787557362078,0.013948549098660005,0.037308156257818303,0.021372723095365382,0.017041997302954037
80,0.010190091111245117,0.03396697037081706,0.024262121693440757,0.023159297980102536,0.012240730499722715,0.01132232345693902,0.032642742492098274,0.1260970060004833,0.025475227778112796,0.40747136837061404,0.09263719192041016,0.02122935648176066,0.023431229954587424,0.027574277016530258,0.027933391165920984,0.007278636508032228,0.008784561302797513,0.012426940379567217,0.025475227778112796,0.03184403472264099,0.014557273016064453
81,0.014674405238596398,0.08804643143157838,0.030187347919398297,0.09710267023800695,0.030187347919398297,0.42324478922298087,0.02515612326616525,0.02457109714369629,0.031075211093498246,0.007712096183787887,0.02457109714369629,0.022968634286498705,0.011871428957066749,0.03913174730292372,0.007222972650047495,0.010257836671640198,0.01732060946194984,0.009808081965968262,0.050312246532330504,0.02457109714369629,0.010006728227075221
82,0.3466066135540711,0.3447477298053402,0.015349721457394576,0.016218573615360308,0.010123867208118635,0.006827152454158836,0.008427298055040158,0.01456922714600163,0.01456922714600163,0.003657805964315303,0.01386426454216284,0.013224375409447634,0.004132617315452386,0.013431006275220253,0.020819681189661616,0.12284564728444367,0.005545705816865137,0.005655160536934844,0.007625825796054396,0.006123805947479457,0.005634693480475663
83,0.009251111325258538,0.026778097915376425,0.08790029214944,0.03751056467997348,0.02406338111545468,0.5107603781528467,0.020907527854411447,0.02361776294664996,0.03270151792613073,0.010808128806094051,0.03643883426054566,0.01932362422907724,0.009886505419527894,0.03542664441997495,0.007502112935994694,0.005599532814513916,0.009175246036828044,0.009387297163989039,0.043977903417899936,0.02361776294664996,0.015365773483362627
84,0.020313684513652324,0.028439158319113266,0.025853780290102966,0.07109789579778315,0.05687831663822652,0.02628402045106139,0.11298764106063533,0.02079972315163793,0.022053119254019236,0.01777447394944579,0.0473985971985221,0.023699298599261048,0.11298764106063533,0.09479719439704419,0.11317822001710245,0.015270974855381543,0.03176400861282941,0.028439158319113266,0.020313684513652324,0.0473985971985221,0.06227081180225826
85,0.016930131175439508,0.03858322621177697,0.03376032293530485,0.03218015971343212,0.03376032293530485,0.10713914034045283,0.10697729380327219,0.10697729380327219,0.02077558334480298,0.03858322621177697,0.0675206458706097,0.0675206458706097,0.018005505565495915,0.10697729380327219,0.016892878944235117,0.016880161467652425,0.02700825834824388,0.010038173220082405,0.01650938398419319,0.10697729380327219,0.010003058647497735
86,0.008867143380788154,0.016975775389790452,0.009375536815559898,0.05911428920525435,0.04256228822778313,0.42522492808161994,0.017162212995073842,0.04433571690394077,0.07093714704630522,0.009586100952203407,0.05600301082603044,0.03680733728350674,0.005600301082603043,0.04836623662248083,0.007657599005776311,0.006308212177072618,0.01364175904736639,0.016902026194495687,0.04256228822778313,0.033251787677955565,0.028758302856610223
87,0.02117696480526571,0.020936355587645172,0.05127054637064331,0.044279108229191955,0.044279108229191955,0.01134586907520424,0.029519405486127966,0.05127054637064331,0.05730237535542489,0.009148445827496555,0.04235392961053143,0.03247134603474076,0.00862071133665684,0.029519405486127966,0.029953965010265114,0.012176754763027786,0.020726391086004742,0.02632811840654656,0.38862368704889283,0.06494269206948154,0.0037542738108895394
88,0.15531331684082833,0.26054244161291246,0.011815627707610564,0.01595109740527426,0.012038564079452273,0.13714709320478324,0.007877085138407043,0.009407892860285066,0.02454014985426809,0.00452513401568064,0.016790628847657113,0.004251764031828675,0.002454014985426809,0.017723441561415844,0.009589704467689702,0.26004251411917545,0.005251390092271363,0.010305985563615729,0.01636009990284539,0.01029103058404791,0.007781023124524031
89,0.005209839117078274,0.09478532186266846,0.01387519836460725,0.0171924690863583,0.11531534143289107,0.006715808236858712,0.005928669409683485,0.012280335061684503,0.014569889056235848,0.022327881930335455,0.01177566375777966,0.00955626050355734,0.007540556616823818,0.24746735806121803,0.004385833950601608,0.006690875373849613,0.005618453949790296,0.007223726506873236,0.04193285143014219,0.3458320508651019,0.0037756154258609207
90,0.016907337778151878,0.07135243244767382,0.029015457579124552,0.052600606420916934,0.024946335716072285,0.014793920555882889,0.009660943463302697,0.0249160767256975,0.036415804445250194,0.018748731001514952,0.036415804445250194,0.025621401966858498,0.009017246815014332,0.07283160889050039,0.012458038362848749,0.008233138396317435,0.012794742102385202,0.01372189732719572,0.1234970759447615,0.37923528983033045,0.006816109784949804
91,0.09864559991241778,0.0553186420916075,0.0031789710855776774,0.00587633926980446,0.007478977252478405,0.014710306251563486,0.0036836753631610047,0.03141170446040929,0.00587633926980446,0.037020937399768104,0.34777244224024584,0.0032052759653478876,0.0008481314410027056,0.004329934198803287,0.002056718744431561,0.1021034987626246,0.09142740915464462,0.1710442996876379,0.006670439171129387,0.004255280160892885,0.003085078116647342
