site,A,C,D,E,F,G,H,I,K,L,M,N,P,Q,R,S,T,V,W,Y,*
0,0.013248922808685937,0.006197689078762461,0.024618855167640803,0.016460782883518894,0.010864116703122468,0.0712400096841775,0.0060525462788240635,0.012933472265621988,0.14387180312194822,0.0033671912569272983,0.015089050976558983,0.02172823340624494,0.03040916927606729,0.011808822503393986,0.547183392259469,0.012402759322413356,0.014294890398845355,0.005432058351561235,0.0150127098909859,0.012933472265621988,0.004850052099608245
1,0.014887725634412702,0.01587933955877934,0.018933058704698445,0.019665610162182084,0.01969038105288638,0.4949522564924873,0.09845190526443193,0.018933058704698445,0.013673875731171098,0.007134196033654486,0.012622039136465627,0.023440929824864738,0.12306488158053987,0.030766220395134967,0.0028153122565355397,0.009115917154114066,0.028956442724832915,0.0076668268131346645,0.0076915550987837426,0.027347751462342196,0.004310716213849359
2,0.004249694129394251,0.019029366443666578,0.006457483954454327,0.010113196156026828,0.008779587871715596,0.8112249830653281,0.010113196156026828,0.012105189338274536,0.009986781204076494,0.003037804168540378,0.009863487608964437,0.01268162692581142,0.004618164718648089,0.012291423020401837,0.0030148773446268652,0.030512827781634718,0.005747787743353377,0.003678464996832152,0.006713802490135457,0.012291423020401837,0.0034888318616861104
3,0.06282163118017642,0.056347906580718664,0.012055352250341655,0.005736385318456491,0.014876817670634384,0.7078371502729757,0.012266849658242386,0.020565012662347528,0.00920013724368179,0.0040651769216268376,0.011851024246098575,0.012055352250341655,0.005778598599337322,0.014566883969162833,0.007214677740626733,0.004113002532469506,0.005731233037047673,0.004102153030498415,0.006395929597737807,0.01840027448736358,0.004018450750113886
4,0.0598742771674708,0.05198153337488367,0.022784113654575642,0.03973525734170307,0.03465435558325579,0.021752734024121596,0.026767899246202556,0.057427217823681,0.06550073702961022,0.04355058650097665,0.036608145283165826,0.07053998143643025,0.003376121599262692,0.12225621960991805,0.07123566626935443,0.07786420911257565,0.07855458852272468,0.08560901316886645,0.007216383798140668,0.022379525132043856,0.00033143432103640994
5,0.19545279100712515,0.06570219984364277,0.004073307692539338,0.029287010433349882,0.004978487179770304,0.45545528464770735,0.003829605522900232,0.005210044723015432,0.008146615385078675,0.0014315138855569558,0.004978487179770304,0.006493678930135177,0.001792255384717309,0.006054916840261178,0.019828204325285082,0.16805771024820668,0.002748857952020412,0.00583973341776163,0.003048053375369573,0.005464193246089356,0.002127048779697393
6,0.05924265533270767,0.05050559676691418,0.11639643751908896,0.10870772210961466,0.04155648697063803,0.009271537902155895,0.04278411417844443,0.030060733818188076,0.01220409124275249,0.03312247522559613,0.04863964829727179,0.044908914461717346,0.007300463927274246,0.09699469776566692,0.006837758467094894,0.044114769201563195,0.070758342679735,0.05415684219724158,0.05849166881490813,0.06056681184109005,0.0033782312803363967
7,0.07260318067292058,0.05794496187332009,0.010141209454364064,0.010865581558247212,0.008818443003794838,0.002716395389561803,0.009361116419412983,0.07487712617155881,0.00751200700323264,0.00250400233441088,0.007800930349510818,0.007605907090773047,0.0130900790848529,0.009361116419412983,0.0024835614990279336,0.0444732566932994,0.617681718798398,0.022723514460125525,0.007330994786287274,0.006686511728152129,0.003418385209336201
8,0.03374069276832856,0.17491429341800466,0.002199382736749331,0.0025857607850971864,0.0020798510662738234,0.015524308108832027,0.0019134629809719177,0.141461297359051,0.0021027065724966132,0.19389142818867786,0.006148234146312769,0.01609505473048026,0.0900440367546848,0.0017930782443305706,0.0005355945821305386,0.02561510837957284,0.11814159344480331,0.16638789765939166,0.0017395118008835615,0.0022511329187904915,0.0008355733541362087
9,0.003905980369780507,0.010771036777273518,0.008886105341250653,0.07714451566890303,0.008462957467857765,0.7205400494890615,0.008776400337037683,0.009478512364000696,0.013164600505556522,0.003159504121333565,0.011653908644263153,0.014810175568751088,0.00467689754802666,0.012694436201786646,0.047167057820634406,0.004133072251744489,0.005641971645238509,0.0033158659931198744,0.0071759799851066714,0.007328746673196415,0.017112225226076916
10,0.046385625647859266,0.0894931507632517,0.05619105071293848,0.14409149060330623,0.013094733598301883,0.004842473712140918,0.04471753801927568,0.06809261471116979,0.030444223797343274,0.04277612975445281,0.039720691914849046,0.029894318653684297,0.0009330728527954241,0.09235550041285097,0.02670903539740064,0.028759613666829473,0.016905752617945604,0.12954834387021263,0.0611443887202341,0.026702986161243048,0.007197264411914637
11,0.042758753163323684,0.013571256438794038,0.008369777593927345,0.020350194852907438,0.02188912328837748,0.043428020604140916,0.0493500234137965,0.049650938190709905,0.14310883426356885,0.08703305759661396,0.11472928957667156,0.0517000245287392,0.0017142917963465646,0.09812410298053982,0.10922016777589934,0.04390700612551012,0.019084517371581757,0.0666658211028479,0.010439428029841569,0.0038455734891017536,0.0010597978167602724
12,0.01704380874275729,0.009507917175950608,0.04772266447972041,0.02651259137762245,0.030354040823503726,0.005172742919953459,0.05965333059965051,0.03408761748551458,0.03408761748551458,0.02859986799719021,0.029826665299825254,0.04772266447972041,0.04772266447972041,0.029826665299825254,0.041693622615179095,0.026267919943416682,0.03408761748551458,0.00644900871347573,0.2393749643704898,0.1897127551468983,0.014573253078556557
13,0.005365592913936403,0.01777352652741434,0.04739607073977157,0.025015354239693213,0.02843764244386293,0.0038955674580634157,0.2711966403524709,0.08738289271699456,0.28592107610010187,0.007685849309152145,0.023698035369885784,0.011355560388838266,0.005924508842471444,0.014865185210231571,0.0150772762494647,0.005803600498747538,0.012191437870199395,0.006613405219503008,0.011849017684942889,0.07109410610965736,0.0414576537545968
14,0.06607148762592636,0.060946127714176665,0.026477110304358314,0.013980473740886401,0.02949006179718226,0.10731319519892106,0.05444319101018262,0.09059346984094388,0.05111610711511592,0.045536400184601436,0.07743031610337085,0.027681338006955082,0.0005313107776154264,0.03932008239624301,0.05862266829985321,0.07209292388522556,0.08314201979650676,0.034436717309232534,0.020970710611329605,0.03860517180722041,0.0011991164741526866
15,0.08237474464709417,0.060949590265235255,0.007020574827877346,0.1428748561462758,0.00412974989875138,0.040556159725167705,0.02471381975436744,0.009496429718867907,0.0954798176591319,0.043224887266448665,0.09068242486008236,0.051818528491475634,0.000598695248438986,0.1001384316534443,0.09880703804818834,0.07695902481846378,0.055849951011685314,0.010400851596855328,0.0011688811993332583,0.0019637204148798743,0.0007918227479354332
16,0.0035198347551477576,0.01444787390105971,0.011240762605149293,0.008934965147682768,0.007575296538252781,0.0033187013405678862,0.004839772788328167,0.16954137741039457,0.008103805599061117,0.35119766440000255,0.1952892846756502,0.011615454691987602,0.0024546298908833235,0.009170095809463893,0.0024155626198818347,0.00292826588873637,0.027406276265927693,0.15073451946260236,0.005807727345993801,0.006007993806200483,0.00345013505702602
17,0.05704656103510544,0.08495549397228014,0.05966487847645,0.007018940182648648,0.005849116818873873,0.04819293476245709,0.03868930232900357,0.04846990565189649,0.04291610265015002,0.037317537979778714,0.024339866041644995,0.21185677451415566,0.003342352467927928,0.044078903746149777,0.05622509055619993,0.13653504306598588,0.04845736168045449,0.031834763816663725,0.005849116818873873,0.004351836212164431,0.0030081172211351348
18,0.0771522457840081,0.0761938327929024,0.03192737527961701,0.04283571186064691,0.034874789139039915,0.07071322376744803,0.08240676801123577,0.03607399241469813,0.056338485763365385,0.0567050887392752,0.04530824406152277,0.07027401119746389,0.0032131418066950915,0.06469889276012755,0.05688671579678253,0.054006878975828725,0.053527057090154595,0.06661390644759599,0.011173875348559386,0.008784251399682986,0.00029151156334955775
19,0.005267979157482904,0.0511744798435151,0.005465424930592902,0.0059476683068216876,0.12240996140083421,0.003159698787999022,0.004126953519019131,0.1127157113905273,0.005465424930592902,0.2977253813601853,0.20386266001346187,0.004302568562381648,0.0017137349358638762,0.11990361493480567,0.002708186468283464,0.0014548253412369596,0.0011961965306631352,0.0334908233020369,0.003744828193184026,0.012859228268370462,0.0013046498221415315
20,0.07360537440139994,0.042147786320073564,0.06600226260539296,0.04430921125956452,0.0021400659311698825,0.0746692263818587,0.06933571021172595,0.017778387233775884,0.01963703680821609,0.026368507345088155,0.04984786266701007,0.03789603594568017,0.08490361515838585,0.09208379407244217,0.02275633565923313,0.10107956831243957,0.05440788778221584,0.10939909911760695,0.0020954812242705094,0.008533625872212425,0.0010031256902375237
21,0.08070398009870391,0.006779899903568568,0.04290886037413947,0.022411335792351654,0.0025164482800798934,0.07760453903228978,0.056028339480879145,0.004268825865209838,0.07683886557377709,0.017175746422373704,0.0369964908318186,0.07909883220829997,0.09752625245902476,0.11064796642623904,0.08741302138668221,0.11824193169949043,0.06309090097741288,0.01256096884391153,0.00423822868223982,0.0018301442036944677,0.0011184214578132858
22,0.06548207876353891,0.055775664433545306,0.04308189252797984,0.04056411958803296,0.012585278128594838,0.06923875584853902,0.07059367677559168,0.0551885521763501,0.03686043910390821,0.04674839471980777,0.05705252885363918,0.06465423958827295,0.06802051827302176,0.10261950135548717,0.018100903742946598,0.05501161423582552,0.04730851537495892,0.032540707558486766,0.010741979816830952,0.04740931476851351,0.00042132436612804644
23,0.0631945318205096,0.05968706064317123,0.1800522158838025,0.09611945416963251,0.0032980329154010403,0.03335882580880402,0.08539666740977442,0.009128609274837952,0.02084605419845459,0.024125610226357445,0.041078741736770785,0.129321964726871,0.002311040322743785,0.07813426752130595,0.015385296530625769,0.06207454306889809,0.03126236053026697,0.035496181528903055,0.016384683313811703,0.012335958479510745,0.0010078998895469678
24,0.012668023559797044,0.009782883316657222,0.029558721639526435,0.014188186386972688,0.3568720551443472,0.005216244995210548,0.14505149065514497,0.10241027345029635,0.012668023559797044,0.0012442792475717485,0.00985290721317548,0.018668666298648273,0.035470465967431725,0.022169041229644824,0.005456994764220265,0.002463006575840858,0.014779360819763221,0.015793254935263217,0.041274814414065636,0.14071646562168455,0.0036948402049408044
25,0.09909508747096776,0.07211558824196408,0.007416428616165358,0.020119503586722525,0.048563194676308104,0.013098327848247512,0.09912488583718465,0.055732100844504105,0.011279115647102024,0.07260930697821927,0.05351022306997238,0.14967740541606744,0.011279115647102026,0.026586486882454765,0.04438877770794989,0.07140374854313816,0.02255823129420405,0.04511646258840809,0.003830643049959178,0.0710793185780319,0.0014160474753266991
26,0.0013007040130355062,0.032853802602512694,0.058762898963843846,0.0069834169783118795,0.0012647858537050694,0.002536083007913261,0.0555987428657907,0.020769645323427566,0.12355276192397935,0.010946946834458434,0.04960280000771524,0.13010105830595026,0.084305105970805,0.10707906033411545,0.06570760520502537,0.12729488104254927,0.09888084791363277,0.011205948174500456,0.00836555158860277,0.002181555856034268,0.0007057972340908859
27,0.006673620878887128,0.009954437561861259,0.06636210921005886,0.012491649337404114,0.23147292219065244,0.005869570170587474,0.028456006528381754,0.017399083005670012,0.015224197629961264,0.004920952769280408,0.011882300589238056,0.017399083005670012,0.009942333146097151,0.024358716207938017,0.006245824668702057,0.005599704875388051,0.010149465086640842,0.006089679051984504,0.014762858307841225,0.490064043424617,0.004681442353138432
28,0.006618001934809408,0.012133003547150583,0.012551382979810946,0.05894781317596208,0.008088669031433722,0.00638579134060557,0.03472126828289862,0.019412039832756828,0.3657776313884989,0.003568530455044289,0.010399717326129071,0.008849850630076296,0.007912828400315597,0.02426600709430116,0.2568810995557554,0.010364557696387647,0.09076289775160923,0.013354333954961007,0.012551382979810946,0.02670866790992201,0.00974452473176093
29,0.06000610125642895,0.037175497074689985,0.005361702364161984,0.05387172379679557,0.007659574805945694,0.04935367715088154,0.051116308477698734,0.06709015487697957,0.16163018696506665,0.07125303605982249,0.04263935873714658,0.04524549067263901,0.003574468242774656,0.06964663185995133,0.1613311290266258,0.04980563390134748,0.01982301159211346,0.03315652441796676,0.0031539425671541087,0.005957447071291094,0.0011483990825186363
30,0.20826677568438678,0.04206940405032401,0.013126595136330287,0.0065632975681651435,0.015314360992385334,0.020382463202676355,0.09438648344623975,0.05155564221853431,0.016694207956477775,0.007657440776294601,0.009188616595431201,0.13718283929453481,0.01917803912441543,0.009188616595431201,0.04159404355258023,0.18448332575319676,0.08051043333596607,0.024601990672704094,0.0059281397389878724,0.009672227995190737,0.002455056309747158
31,0.21023069435088537,0.062175509981492814,0.03612039591716907,0.015485651854810333,0.008735495918098137,0.34238875431192917,0.03610773613348285,0.013627373632233094,0.013103243877147204,0.004258554260072841,0.009463453911272983,0.054161604200224284,0.006308969274181988,0.03097130370962067,0.004482688694813517,0.11262839136339316,0.007406181321865811,0.0053178477406972775,0.009733838308737924,0.014195180866909473,0.003097130370962066
32,0.00855419796518591,0.140805711740208,0.02192013228578889,0.01402888466290489,0.016649864966473086,0.006146058129890995,0.015248787677070533,0.3524604940213058,0.01753610582863111,0.00466825773851408,0.018396547085125753,0.04015186715484764,0.008768052914315557,0.03188382877932929,0.004676294887634964,0.004603033819735216,0.10164748010638472,0.15437469758147582,0.012525789877593651,0.01845905876698012,0.006494854010604115
33,0.029768499133875175,0.013299078560300104,0.00561350620544215,0.004989783293726355,0.03749601316306835,0.001897523224374811,0.05589467800705839,0.002594471814031653,0.005843534518919741,0.10205100489742311,0.03213943985405859,0.028860130556074445,0.001440684724311335,0.07562221142131431,0.04085012916029875,0.07825468901308652,0.13538254306790454,0.061884097955367576,0.2274483435825684,0.05624401974460253,0.0024256181021931004
34,0.008968958275458834,0.015589976912183199,0.1881379595382065,0.4550373666323659,0.013700282741009479,0.07216017308291714,0.015589976912183199,0.01614676180190403,0.005523118122135249,0.005196658970727732,0.05553265534327742,0.01130273326133282,0.005513528420162351,0.01289234720349743,0.005192598079494928,0.015370645675371433,0.0069555281608201965,0.05639913271412035,0.016744790016789364,0.012558592512592023,0.005486215623450431
35,0.020823207627765333,0.09754215037547795,0.009302476090697379,0.03474161578106451,0.006019249235157128,0.0035922149700060605,0.00613963421986027,0.14291059241058396,0.009302476090697379,0.0016050591878117122,0.037727774023191225,0.007674542774825339,0.04719781469781191,0.008078466078763514,0.0019678314807244457,0.011112396878219006,0.23102088246823718,0.30975634759048404,0.003069817109930135,0.007674542774825339,0.0027409081338661922
36,0.2245902365993097,0.06735054627248963,0.01120943607108783,0.03850118341702451,0.048448520226961424,0.016476561500001534,0.0320843195141871,0.0106947731713957,0.006114237856956997,0.033479289927847405,0.026736932928489252,0.0641686390283742,0.04583474216312443,0.1283372780567484,0.010775273554069384,0.05571139863222101,0.059585164812061754,0.03068934910052679,0.023871323288784604,0.06330671714700377,0.002034076731334746
37,0.018170929605161992,0.049970056414195475,0.044417827923729315,0.018170929605161992,0.030750803947197227,0.002545057866045212,0.044417827923729315,0.021130212103887335,0.008087645700817655,0.014277158975484422,0.036341859210323985,0.06662674188559398,0.03331337094279699,0.016656685471398494,0.4010655491478458,0.05574706803983577,0.028554317950968838,0.012113953070107994,0.01537540197359861,0.05710863590193769,0.025157966340181772
38,0.1064056702302294,0.012822267306499371,0.19619753117551095,0.23234536005934756,0.013576518324528747,0.04959594031262409,0.05027891584870663,0.0611028491216921,0.007008614983844829,0.015245463345214264,0.008548178204332913,0.029995944114285196,0.0017096356408665828,0.03661196208862408,0.002715303664905749,0.061746037007183584,0.0665699461483698,0.016894358519198106,0.018330854736507626,0.0067882591622643726,0.005510390005264189
39,0.032123058449856856,0.003955605858382885,0.12117944786682071,0.15164864366617817,0.016541888901388642,0.04411381202336076,0.038746766796045475,0.044601833778559,0.0018068672076003024,0.0526172849097362,0.0885477582368451,0.04608097622529694,0.06818485913011416,0.07075058976005186,0.006616755560555456,0.03339707115318237,0.08745145265867464,0.06511989700799165,0.00924922820292698,0.0163843471023278,0.0008818555041041423
40,0.4775833417570535,0.01102052251300181,0.022440699934503698,0.011282915906168518,0.013937719648796407,0.019013307814119557,0.01692437385925278,0.011282915906168518,0.01634077476065786,0.004050277504778443,0.017551202520706587,0.01579608226863593,0.026809564590675145,0.01634077476065786,0.004738824680590778,0.19041401254021204,0.0026669756342858255,0.07919100793874427,0.02369412340295389,0.01215083251433533,0.006769749543701111
41,0.07244341992298031,0.03135737338066842,0.0036085370432613205,0.0051550529189447435,0.00400948560362369,0.0022369102361444815,0.0008875401885004343,0.08906279272884053,0.3176365335084522,0.01818364471861982,0.013764249785366259,0.006560976442293311,0.005452324162370345,0.07779793356946148,0.1452216600847846,0.043590197456866174,0.07698648185035366,0.07716321849371995,0.0023662537988598823,0.004510671304076651,0.002004742801811845
42,0.07474548572336782,0.0358758780271531,0.029599212346453657,0.12333005144355688,0.0073084474929515225,0.010373718537274755,0.07054998166156187,0.05712128698438425,0.016444006859140922,0.08876517763145299,0.03876087331083217,0.07292559563619017,0.0005945737978997064,0.04673559844176892,0.10398083019414503,0.10738154831526378,0.048789910461187344,0.042284589066362364,0.006727093715103105,0.016444006859140926,0.001262133494808766
43,0.29148312119623904,0.16319119897201123,0.004506689698935707,0.021802872737151296,0.024367916588580858,0.023721361614389785,0.043936092030926105,0.01072566140357045,0.030685524593027758,0.06259847016977663,0.07531901491015902,0.0235038060712553,0.00245283372189132,0.0290704969828684,0.028692958061012973,0.0700967345407917,0.002018698959963341,0.022973912324870904,0.007826833997200059,0.05523394426744997,0.005791857157928044
44,0.016617555711658148,0.013452307004675642,0.0058090310321707314,0.008229460628908537,0.16711338762198066,0.004003521387036586,0.028988809391870672,0.23033639186347923,0.005697318896936681,0.298817000256847,0.09416614903272949,0.005197554081415919,0.0009095549483782103,0.008977593413354768,0.002140753349717602,0.0019619906135146183,0.0036129339346427734,0.06912196046019507,0.01097261417187805,0.020545341607140985,0.0033287705914686215
45,0.059137405077471485,0.03180030273033844,0.034229919670083826,0.07769788040366221,0.033850850792231296,0.03829975354379058,0.13640285062492175,0.021682024588867112,0.08085454216010299,0.05699023211041251,0.04557353530538573,0.05526198477557631,0.0005699599596505125,0.09517879056290585,0.038610872034290415,0.07522883116568577,0.04844870974631205,0.032749236122014046,0.013832328649749483,0.023256552564963416,0.00034343741158428324
46,0.05417022208522841,0.07614147603807263,0.145026426869766,0.1549743164359515,0.01930347279838461,0.05877572777331234,0.05435388816501784,0.042170663651855615,0.02447404586938048,0.029755287346457337,0.03207662182029443,0.05756758118501089,0.0009463351065836794,0.05482186274741231,0.019767498586807323,0.09044008081007518,0.03540578635770378,0.0321686052615428,0.0043588768545672505,0.012061198924500393,0.0012400253120751661
47,0.05174640152913906,0.08915806577837551,0.007879763587614204,0.031194441122067967,0.03703488886178675,0.19614909933985916,0.06259417835794945,0.0040516580793133194,0.06944041661585013,0.012770651331650604,0.06822216369276504,0.16802866242847692,0.0012965305853802624,0.09258722215446687,0.04867347867044041,0.044364710615682035,0.0015811348602198319,0.0015624533668097958,0.00540221077241776,0.004748062674588046,0.0015138055751468392
48,0.05266821213430111,0.16701970119975185,0.017894967985687692,0.07054166840827751,0.11929978657125126,0.007941866830172445,0.04771991462850051,0.07501727011130062,0.006819751828300057,0.04857851036096627,0.06510071762717662,0.025005756703766875,0.007501727011130062,0.013014522171409228,0.034635421907782626,0.01789496798568769,0.04294792316565045,0.07508523242054375,0.015003454022260124,0.0858958463313009,0.004412780594782389
49,0.058615498936274185,0.05371604644111726,0.03986022229366684,0.06284777433610719,0.06016197201405133,0.013356225827277086,0.008379703244814293,0.011558211372157646,0.050786080271601766,0.05379562576917817,0.0488816022614167,0.0589682820931376,0.037090959891369436,0.04469175063900956,0.03448437549306293,0.048202182598873385,0.05764900785589361,0.08361510289081052,0.08125772843456282,0.09078011848548818,0.0013015288501293722
50,0.06590534717863185,0.030425590573063932,0.10216988439349861,0.057470559971342976,0.019156853323780993,0.036860428119551,0.08210079995906137,0.03576181240670767,0.01637283473407838,0.023674439629986062,0.03134757816618707,0.09618756879414245,0.007231876647854186,0.04137880317936695,0.02236077096123857,0.06638622936898031,0.07251472432648054,0.1109431679446795,0.022988223988537188,0.057470559971342976,0.0012919463614871878
51,0.08379125506467047,0.07000282068693989,0.029158199691089015,0.13355406934775044,0.014217207296187018,0.14087971310015318,0.03563779962244212,0.003183507367285056,0.031183074669636858,0.050115655719059245,0.029052554040034345,0.06168080703884214,0.000959413179181798,0.04200169241216393,0.021065825027074016,0.18476644435125195,0.058105108080068704,0.0029330174902933138,0.003501858104013562,0.002693737003087356,0.0015162407087754852
52,0.005881934251765358,0.015599912580768992,0.014351919574307474,0.014735018958332523,0.01793989946788434,0.7240949257944537,0.011390412360561488,0.01594657730478608,0.01594657730478608,0.0045706750236648,0.013539546768214597,0.014070509386575954,0.007104910680350234,0.023919865957179123,0.027858409901960153,0.005436333172086164,0.006644407210327534,0.019440557444601096,0.01888410470303615,0.017502340944277404,0.005141161210080652
53,0.010663704395823826,0.004805478340133914,0.005955216256210719,0.006313079388019062,0.2319029266161198,0.002190252032578042,0.32638456244048897,0.0118121033307587,0.005030735137327691,0.0013467778108029644,0.004599529268413889,0.004534747166041862,0.0009093452081922891,0.030230777591542017,0.0023738144825975194,0.0019051304662069362,0.005722633911796141,0.013352812460857663,0.1564546516640115,0.1714994279771455,0.0020122940549310766
54,0.27779196203767337,0.09800585601065574,0.0038165175022051214,0.005989637847181562,0.005989637847181562,0.010173590581812372,0.004051813837799291,0.004750402430523307,0.006122740910452262,0.0022219624271802565,0.005740069603548996,0.0033195583249439977,0.2174637513916092,0.00765342613806533,0.0024382596546048832,0.16930072082915168,0.12546389652733686,0.03360151024811685,0.008610104405323496,0.005198553603214186,0.0022960278414195985
55,0.0018615929210984627,0.020941850431592524,0.008185660279067145,0.004975621015559565,0.007102264065661201,0.0036207696705602976,0.006113341221075463,0.0031091941972588868,0.00603692445581202,0.0026344818892251876,0.013415387679582265,0.006439386086199488,0.3839339245791963,0.00804923260774936,0.0033079038114038465,0.0022673894669716504,0.014510888488032616,0.48916015085194603,0.006802168400914951,0.005366155071832907,0.002165712809259917
56,0.010940583715846287,0.01199736005641904,0.008998020042314278,0.020898627195052515,0.08017200060441397,0.006610790235169675,0.008638099240621705,0.015801401049917757,0.017996040084628556,0.004499010021157139,0.0196320437286857,0.007900700524958879,0.03895422767774864,0.01322158047033935,0.0038793858865067547,0.6547249067761294,0.004435437704918518,0.006892100457942852,0.015066452163875069,0.041621919802402034,0.007119312560951956
57,0.01452333238326731,0.11618665906613847,0.01759518605828629,0.011475121342360624,0.01389093636180497,0.01148410491122501,0.012567990041633064,0.01287452638411192,0.0094259925312248,0.0025291951493794204,0.020139020904797335,0.014266367074286183,0.012949962609719425,0.03891242336426851,0.5328784413356221,0.09154100411271515,0.02990943698732277,0.005930961592680774,0.009848179659914382,0.015995623689351174,0.005075534439890277
58,0.006040497345739595,0.01040307876210708,0.012483694514528498,0.007654371933829589,0.013870771682809443,0.7575940284002032,0.008916924653234641,0.0149804334174342,0.012483694514528498,0.004138241275534309,0.017419108624923487,0.013618575834031092,0.004093014594927376,0.012279043784782128,0.05579744570320691,0.004304722246389137,0.005631741886253457,0.0057391091377648916,0.012914166739167413,0.013618575834031092,0.006018759114574124
59,0.11896404113998467,0.04825861129539204,0.0073161964697071365,0.008535562547991659,0.008829892291025855,0.02927075860066354,0.003460363195131754,0.0068848173185065845,0.006565817344608969,0.002586534105452018,0.007531378718816171,0.051277500783100255,0.0022074730727564638,0.006920726390263508,0.008014190165719777,0.25777921626506345,0.17067920060798014,0.23357241944646878,0.006245533571701215,0.011639403474534082,0.003460363195131754
60,0.10133716406696226,0.1277750808015196,0.008430590570149808,0.014364192705713378,0.23957827650284924,0.02278692354700366,0.010116708684179769,0.020233417368359537,0.009197007894708882,0.002662291758994676,0.019166262120227946,0.010116708684179769,0.006322942927612356,0.007226220488699835,0.002107647642537452,0.25406093809956953,0.06558569368359962,0.043704107570720976,0.006322942927612356,0.02529177171044942,0.0036131102443499167
61,0.015355017367798676,0.012514904517816363,0.020023847228506184,0.0031163023712315855,0.011918956683634633,0.00588007194148784,0.02944683415956792,0.018540599285653873,0.5041301583649684,0.005889366831913583,0.030778332746917592,0.10659346780655285,0.01352962650574742,0.01766649502387198,0.11492000677681402,0.014646324258515659,0.011694483956487282,0.006336660515350058,0.009626849629089511,0.017261937265953604,0.030129756762120888
62,0.0030712556445679933,0.007952358365399268,0.008564078239660749,0.01086175776737461,0.294371053695869,0.0037740005801894824,0.00414584607712387,0.10473604755490479,0.007068762991466017,0.4513594447549242,0.006747455582763016,0.004591052252189269,0.0011659792727411198,0.007548001160378965,0.001994521625914329,0.004156903879123646,0.002666659092588976,0.058624520231703614,0.008246890156710353,0.0052392008054395174,0.0031142102689675454
63,0.14400318752108288,0.0685559360953083,0.015694260437080335,0.07635861328041013,0.007520166459434327,0.08963812366572457,0.011569486860668197,0.0009955093745814653,0.02422047073195382,0.021413355342118093,0.11656258012123212,0.008021510890063284,0.0006332608314576825,0.10332054787744557,0.06342628286847318,0.09415961882988802,0.04876726700251156,0.0356770687842931,0.04792512862283573,0.021056466086416124,0.0004811583170212681
64,0.006373406805506082,0.01748817559204776,0.010398716366878342,0.012611209210895011,0.08363393245611575,0.0045156483773692545,0.007409085411400818,0.011183525149284255,0.011183525149284255,0.0028111698801449904,0.007799037275158757,0.010046217506984163,0.003824044083303649,0.008119545656329667,0.09418218529912006,0.0036141880055613755,0.004939390274267213,0.005754629445748211,0.6002532916234602,0.09237747994016422,0.0014815964909761549
65,0.006394510834027515,0.018144364365214383,0.013293851470741415,0.019429475226468224,0.0332023590564757,0.005102690463516907,0.011748054788097062,0.010748220338046248,0.011481053542913039,0.5091928580360429,0.23377279511998694,0.012027770378289851,0.003413286188433607,0.024055540756579702,0.004431283823580472,0.029296057100409244,0.006826572376867214,0.004499840202380388,0.00884215493308281,0.014032398774671492,0.020064862224174786
66,0.1710537117218791,0.3003928981518583,0.007638447253565817,0.004374290757529435,0.00910737941771309,0.0027470389944154808,0.009011786944555749,0.006765481853158295,0.007399745776891885,0.00497345224871856,0.0174627111846869,0.007638447253565817,0.002367918648605404,0.006765481853158295,0.002321488871181768,0.014362528160385179,0.16310025585818425,0.23818909571266966,0.008165236719328976,0.012462729729502124,0.0036998728884459426
67,0.015516932522510775,0.010259482511043305,0.055056093599215816,0.5182724804984368,0.0116585028534583,0.0025937173244534126,0.008142446437335957,0.011399425012270337,0.266928484798181,0.0033527720624324524,0.010259482511043305,0.006839655007362203,0.002898158901424662,0.00932680228276664,0.010045046467832698,0.0063716101650861685,0.004749760421779308,0.005441571123955352,0.010914343096854578,0.008844381475037333,0.02112885092751958
68,0.008274156753168551,0.014381272451935814,0.012326804958802128,0.013727578249575096,0.011185434129283411,0.10814021342014199,0.009015126014646331,0.03805440910261197,0.036461335353315125,0.0034713416263293354,0.013727578249575096,0.009587514967957211,0.0045075630073231655,0.01161564313425585,0.6100925764444484,0.02339934208708127,0.005698240028125511,0.006942683252658668,0.010982062599660076,0.01161564313425585,0.036793481034849036
69,0.12114641754150013,0.006650679068155911,0.03440993194050349,0.004642498512015104,0.005897772003836373,0.6380333820760435,0.0035928955885439987,0.005209698603388798,0.006869932224248962,0.0021191994318869685,0.007814547905083196,0.061958359595251825,0.001562650013395693,0.006869932224248962,0.01837793585721442,0.05209929215600737,0.002510698122115083,0.002662568061823276,0.008682831005647994,0.006129057180457409,0.0027597208886316867
70,0.0019774324544392452,0.0019542206139781084,0.004314398082412899,0.005752530776550533,0.17481331538668768,0.004867526041696605,0.05211506987000405,0.025264271773649025,0.002751210371393733,0.3083668964523096,0.1695221699097662,0.005083354481619523,0.0009938927519694636,0.003272991648727027,0.0014381326941376332,0.0010597321688718205,0.001416668027060952,0.008020403737666357,0.03341834890694316,0.1913972156185515,0.0022002182315649737
71,0.044053846719984885,0.38318688526623895,0.008970414283802245,0.008970414283802245,0.0434308630289952,0.0026163708327756547,0.003924556249163482,0.052011960966175705,0.005232741665551309,0.18944648160760194,0.0642058388703644,0.004709467498996179,0.0011461572420335435,0.004374146567142492,0.006001033988742677,0.0017125336359986104,0.04955276659425252,0.11400601545111241,0.005232741665551309,0.004830223075893516,0.0023845405058208497
72,0.01918761874175551,0.05543089858729368,0.11938962772647871,0.23280977406663347,0.03695393239152912,0.06235976091070539,0.09613912796364739,0.011086179717458738,0.0030514385995930302,0.04888484021306776,0.03586705202707238,0.030235035593069292,0.012571312339450623,0.05830174916586093,0.01216687499349803,0.044344718869834945,0.03926355316599969,0.0335944839922992,0.012657885528888458,0.03411132220756535,0.0015928131982982565
73,0.014202686386961965,0.1043942578779216,0.03211868570656927,0.01605934285328463,0.024089014279926952,0.008378787575626765,0.017144473097093573,0.02964801757529471,0.02028548570941217,0.01109172255051932,0.1043942578779216,0.024089014279926952,0.3868762462510631,0.03503856622534829,0.006318429975062806,0.003690550336803813,0.09063521126631109,0.013532588984175021,0.01675757515125353,0.03503856622534829,0.006216519814174697
74,0.01304799705617814,0.06228979180566118,0.0038688614340300124,0.016581829592226392,0.096939926846862,0.04169145726045493,0.07386647438195247,0.0884364244918741,0.0038688614340300124,0.088956638753591,0.10991384186847211,0.049880198383014954,0.002678442531251547,0.04913134693993005,0.0020185364003634846,0.023372834720872024,0.030254566273535875,0.07254550446599047,0.02567509098151183,0.13990014419121172,0.005081230186985705
75,0.006979242629322539,0.02014010015890218,0.01958065293226601,0.0066093613290762595,0.014385785827787273,0.7108423727027464,0.014685489699199507,0.021360712289744743,0.014685489699199507,0.006777918322707466,0.016020534217308556,0.014997946926842051,0.00507124824145019,0.018550092251620433,0.0042954389079855404,0.006238084120013951,0.007420036900648174,0.012375673933843315,0.051741171351400654,0.01958065293226601,0.007661994625669307
76,0.03791121386664963,0.041527884100841794,0.0039064954039767725,0.004652241425993713,0.05506152490156256,0.0010431848597070655,0.2975254328014258,0.0028077935716083052,0.09022275688874225,0.03446940989772616,0.030622301870055067,0.009789736659715224,0.001472940890024029,0.02043500850883939,0.1651889850975632,0.03445740383367261,0.03986648469042495,0.01631452589675928,0.012534330871900421,0.09946598046733883,0.0007243634954730708
77,0.0021635831967323346,0.23235040999211823,0.012776033275815012,0.011071002574851501,0.0071635899013745,0.02389750913207893,0.009020816912841964,0.06418803084168426,0.011598193173653952,0.08031866024418902,0.012819055612985946,0.004349322440120232,0.0030830640081864935,0.012178102832336649,0.004970654217280265,0.0034794579520961858,0.2372940357366314,0.24466701801489218,0.012819055612985946,0.005664233875505419,0.004128170451639542
78,0.016012587818826217,0.20336511271990987,0.0044546035197103795,0.004914710809387993,0.011968359521441185,0.00204220046438849,0.006778911461224818,0.2671667455226598,0.0075610935529046045,0.051188496475160696,0.08862437543793963,0.005460789788208882,0.0026566004375070235,0.006778911461224818,0.0028910063584635256,0.0024573554046939967,0.06407393962408119,0.19769119339292246,0.005782012716927051,0.045509814414077115,0.002621179098340263
79,0.012922359649425104,0.01701942254967797,0.6876195699103684,0.024827122005233324,0.014484614935896145,0.0025095313699466213,0.011346281699785313,0.01701942254967797,0.02347506558576272,0.008009140023377867,0.02127427818709746,0.0785318750186655,0.004449522235209927,0.020629603090518752,0.005277340325481541,0.004794203535120555,0.0053604480471426685,0.0073788696490701385,0.01334856670562978,0.01270444434972548,0.007018318577186793
80,0.005238758315082823,0.00984886563235571,0.013309277881561766,0.014069808046222439,0.02116269409340059,0.005129617516851931,0.03985819083931295,0.21970181673996458,0.017587260057778047,0.4974927379778516,0.07494816597671645,0.011191892764040576,0.0014064855845859375,0.013653726761903054,0.002701778582125851,0.0028797852726186284,0.0036209064824837163,0.015789641708577905,0.014069808046222439,0.010259235033703863,0.006079546686639325
81,0.017872290805401165,0.03803672617667323,0.015560478890457231,0.00822042195858006,0.015214690470669295,0.6899215893327956,0.014567256833619537,0.015214690470669295,0.021395658474378694,0.0052264203906879254,0.02074730518727631,0.01850435327513833,0.006339454362778872,0.019561744890860523,0.004930705276934801,0.006168117758379443,0.008777706040770746,0.006146400548999087,0.04564407141200789,0.01592235049256089,0.006027566950360997
82,0.2660732259771072,0.4370965617455127,0.009008419499333264,0.013103155635393842,0.005396309456749439,0.004233876584880266,0.011686598269405317,0.009400089912347755,0.010546442340682846,0.002088908869410612,0.008315464153230707,0.008824574203428505,0.002620631127078768,0.009008419499333264,0.0016681479172139311,0.11342915480386416,0.0198185636900608,0.003930946690618152,0.004182310799251207,0.05652388878725139,0.003044310037845971
83,0.0058835914331209485,0.024581026997376607,0.00562849881770584,0.018434734736596233,0.021786504688704637,0.7254789862508074,0.012613239556618474,0.013826051052447172,0.019431206884520352,0.006595914263552778,0.026627950175083445,0.009337073438016272,0.005991288789393774,0.021145725139036856,0.005209816338603282,0.003947155208993133,0.007048575046345616,0.017745875010680482,0.026627950175083445,0.01307190281322278,0.008986933184090662
84,0.024977205495570535,0.033302940660760706,0.09990882198228215,0.013321176264304284,0.04995441099114107,0.051317640397435894,0.06660588132152141,0.07534016937277607,0.0418701885253329,0.028545377709223472,0.04995441099114107,0.024977205495570535,0.06660588132152141,0.06660588132152141,0.20016295399732767,0.006108199206317315,0.03294700310868814,0.014272688854611736,0.014272688854611736,0.033302940660760706,0.005646333467579712
85,0.009126710621150566,0.09612193560585378,0.024030483901463444,0.0024412996328103814,0.048060967802926895,0.19260046728490712,0.19224387121170752,0.048060967802926895,0.027463410173101072,0.010680215067317086,0.038448774242341506,0.09612193560585378,0.02136043013463417,0.027463410173101072,0.005163654740696246,0.017476715564700686,0.024030483901463444,0.005177903170599931,0.010938575213315323,0.09612193560585378,0.00686585254327527
86,0.010083779900760256,0.008938165702367459,0.049717163732893796,0.03126628139682617,0.010422093798942055,0.6624280383618125,0.006632241508417673,0.024318218864198132,0.027357996222222902,0.006565919093333495,0.041036994333334346,0.02179106471059448,0.0032829595466667473,0.02626367637333398,0.008168971499432114,0.003421477154218691,0.006253256279365234,0.008631913968590827,0.0182386641481486,0.010590192086021766,0.014590931318518881
87,0.00981624663320386,0.011466239679626308,0.03358189637675005,0.029002546870829586,0.020582452618008094,0.0319857908411385,0.017244757598871646,0.030383620531345277,0.02658566796492712,0.006035844607566588,0.02278771539850896,0.035447557286569495,0.0049848127434238354,0.015951400778956272,0.0022963812533359864,0.00807665862225634,0.00981624663320386,0.01251090257173041,0.6432647366537854,0.025522241246330034,0.0026562830896323447
88,0.23492652970582897,0.25836834920130414,0.0057141548252372405,0.009457911434875432,0.006689742234424087,0.11233751875531472,0.003706478805559291,0.004137565406901176,0.008311497927617803,0.0019047182750790803,0.008067042106217281,0.002209826688162506,0.0009937660565629983,0.007412957611118582,0.0011854961479761741,0.27705983110573124,0.037269420644555705,0.003910176452838755,0.006689742234424087,0.006530462657413989,0.003116811722856677
89,0.0029223922990267753,0.0558965114427602,0.0032761534375011303,0.004012837186723334,0.08185180822740007,0.0019769124375769364,0.010676674767399825,0.004073637750158536,0.0057204274789460306,0.003021105126503447,0.004888365300190242,0.0037832566755543083,0.0025851931876006086,0.4357850900995836,0.0012563555678059034,0.0012217260217422567,0.0018670839688226621,0.001757255500068388,0.09981927832609766,0.2722864986920236,0.001321436506514377
90,0.010009697295852897,0.08549776901760035,0.06176596924797912,0.041927406451117304,0.05795348370271363,0.005795087908125362,0.00617955637629375,0.013346263061137195,0.029361778734501836,0.04866573963076118,0.032251851116244075,0.012928736773755667,0.0047357707636293276,0.04837777667436613,0.00647686295614011,0.004685390223590718,0.005505333512719093,0.05869836903156426,0.014207312290887984,0.44306092276986925,0.008568922461150855
