site,A,C,D,E,F,G,H,I,K,L,M,N,P,Q,R,S,T,V,W,Y,*
0,0.024584169697943976,0.01150018324112362,0.04568176009098623,0.030543968412597062,0.02015901915231406,0.07057772055962512,0.015195567511068136,0.023998832324183404,0.05599727542309461,0.0196242275863366,0.027998637711547304,0.040318038304628115,0.02958937384513243,0.0219119773394718,0.3921991548464817,0.08590917983816224,0.02652502520041324,0.01007950957615703,0.014607984892981202,0.023998832324183404,0.008999562121568778
1,0.02020820809823986,0.02155419881762779,0.02569923705178698,0.02358555866291564,0.02672720653385846,0.25691156981029944,0.1336360326692923,0.02569923705178698,0.018560560092957264,0.00968377048328205,0.01713282470119132,0.031818103016498164,0.16704504083661534,0.04176126020915384,0.0510127321366161,0.012373706728638174,0.039304715490968326,0.02302132601651552,0.01044031505228846,0.03712112018591453,0.006703276353553672
2,0.00758412569457391,0.09660449396068453,0.08169703111242005,0.0180482991212645,0.0156683036327461,0.5606880527422512,0.0180482991212645,0.02160326712999841,0.01782269538224869,0.005421352207528119,0.017602662105924632,0.022631994136188816,0.008241708847282633,0.02193562508584454,0.005380436341810926,0.016576745832773257,0.01025766640704961,0.014043702968678302,0.011981643954452904,0.02193562508584454,0.006226269129169848
3,0.08455928657730218,0.018936516289846547,0.023180907872053534,0.011030338792628132,0.028606226735725635,0.5266696402977049,0.023587590466300084,0.03954390166409132,0.017690692849725062,0.00781681777080875,0.02278801112845941,0.023180907872053534,0.011111509558504998,0.02801026367873135,0.037044324474350646,0.007908780332818263,0.011020431611304138,0.007887918121542572,0.026317578915914325,0.035381385699450124,0.0077269692906845105
4,0.0445447699805998,0.04163792926317887,0.013248432038284186,0.014061932251161285,0.02428879207018768,0.0053975093489305945,0.020334802663412935,0.11852930530251587,0.03410074865448359,0.02191469961219941,0.027613133969200832,0.03278986929475336,0.0010725497006263387,0.3270100786035024,0.038611235534849006,0.05565456872920326,0.05672209461176983,0.06491153164609106,0.003034722347970596,0.05390115500507401,0.0006201393720047917
5,0.08993767241961002,0.013010529477079456,0.012300864232875124,0.012128729801940238,0.015034389617958483,0.5326742032173019,0.011564915090737295,0.015733663553677484,0.024601728465750244,0.004322987430083909,0.015034389617958483,0.019610073414728455,0.0054123802624650545,0.018285068454273832,0.0038011712906691154,0.13155090915713671,0.008301196721572167,0.03185152943758508,0.009204728337525602,0.0165011593367837,0.009137710662287735
6,0.027727461658715057,0.004474539426024102,0.038167346464340765,0.15989653657416972,0.049255091901985626,0.011768472309055478,0.009476138188331274,0.04314429975157886,0.01664616565911493,0.04275961120784051,0.02714812295683985,0.10495540932833576,0.0029105281578446058,0.16084722584707295,0.0086086044105263,0.0801017151133302,0.04388180914904175,0.08685147018392389,0.049093246035933104,0.030183254970240353,0.002102950705754867
7,0.06425160886323762,0.021513349686265875,0.02509890796731018,0.026891687107832334,0.021825137362878423,0.0067229217769580836,0.023168222739055555,0.05404321296382978,0.018591783679489028,0.006197261226496341,0.019306852282546295,0.0214850617213151,0.008540234028709582,0.023168222739055555,0.006146671338933107,0.006951202519763275,0.5931021275132105,0.009842709006788308,0.01814378889203146,0.016548730527896825,0.00846030605639669
8,0.025521000264943677,0.21504453191282832,0.005638739522139537,0.006629328897650536,0.005332286287240648,0.007828250081268183,0.004905703384261397,0.16018623295547416,0.005390882839847688,0.19260415381209073,0.013325037205151064,0.009619026243649798,0.07466054532782478,0.004597063073041525,0.0056841926846518806,0.045925733810106686,0.06354538062514761,0.14118853642508408,0.004459730349328542,0.005771415746189877,0.002142228552079212
9,0.017730218583317862,0.02444621047093826,0.020168123638524067,0.01566230078915836,0.01920773679859435,0.6351479970213081,0.019919134457801545,0.021512665214425672,0.02987870168670232,0.007170888404808556,0.02644999821445779,0.03361353939754012,0.010614801915012668,0.028811605197891527,0.016677104345927195,0.009380522622569333,0.012805157865729565,0.007525771161813267,0.016286780992271727,0.01663350403177243,0.01035723718943548
10,0.07146823540344872,0.10946981048636821,0.04430520012941404,0.1363733128214432,0.006698327564725328,0.033945468564743064,0.005198701990533091,0.09752764934240078,0.003284293941344752,0.031258861968718195,0.019350724075873172,0.004247719919094111,0.002276555773632138,0.11610434445523901,0.026443410963147996,0.0346149598375868,0.014412953104788294,0.10155793296701102,0.07108429252361571,0.0682966732089641,0.002080570957908245
11,0.005124485533429743,0.012469581464679042,0.02200514376119831,0.08470269938195303,0.012067336901302298,0.02493916292935808,0.07481748878807425,0.1824816799709128,0.14635137669055046,0.036595510820253696,0.1146980291315305,0.03040306036889098,0.004507077637835797,0.07305091305535094,0.0824788374127155,0.005501285940299576,0.02177497126824687,0.045940563290922797,0.007193989306545601,0.010110471457847872,0.0027863348881019667
12,0.02624243090103364,0.045949609696505515,0.07347880652289421,0.04082155917938565,0.024492935507631396,0.00796449612258024,0.09184850815361774,0.05248486180206728,0.05248486180206728,0.03085039552608984,0.04592425407680887,0.07347880652289421,0.07347880652289421,0.04592425407680887,0.06056119132283015,0.014130539715941191,0.05248486180206728,0.009929568449039755,0.14302922081461625,0.03061616938453925,0.003823862097687235
13,0.009837428704973242,0.03258648258522386,0.08689728689393031,0.04666766465121086,0.05213837213635818,0.007142242758405229,0.04739852012396198,0.04699736824678971,0.20410796991856417,0.014091451928745453,0.043448643446965154,0.043142583488061055,0.010862160861741289,0.02725424795311057,0.04757179682831651,0.010640484109460854,0.050880020858188955,0.01212520282240888,0.02172432172348257,0.13034593034089548,0.05413981961920577
14,0.07792162548472853,0.01878931555069057,0.007689269844844092,0.011134409215224041,0.05636794665207172,0.06680645529134425,0.18885671015053088,0.0881845209845744,0.025052420734254087,0.04581014077120749,0.015416874298002516,0.01603354926992262,0.0016145974053250985,0.00501048414685082,0.05465982705655441,0.055452583233191736,0.05528247115273448,0.062465408150624215,0.05726267596400936,0.0865447261728778,0.0036439884704369593
15,0.16845857248990792,0.04662560267159983,0.009358809582772664,0.05910827104909051,0.0055051821075133315,0.07186521314113002,0.033778942125834224,0.005425396859578355,0.08235752432839946,0.04158105163337344,0.09358809582772665,0.0668486398769476,0.002282636483603089,0.00870586937932341,0.14638353689136996,0.060091154337763054,0.06920800363731046,0.013864903085589134,0.004456575991796507,0.007487047666218132,0.0030189708331524725
16,0.00744168661050267,0.03203160758433758,0.02376538627225046,0.01889043524204524,0.01601580379216879,0.0070164473756168045,0.010232319089441172,0.09021146625793033,0.017133185452087543,0.2878880470193446,0.010522935402715896,0.024557565814658813,0.11522245360945911,0.02207291661827986,0.005107018157291534,0.006190982978485416,0.007595123447832623,0.2658293206741418,0.012278782907329406,0.012702189214478696,0.007294326479601627
17,0.13305655088160293,0.0300230166091822,0.006433692561027418,0.026019947727957904,0.021683289773298253,0.010407979091183163,0.011595046535428933,0.02691718730478404,0.012926798660809556,0.020723852172709837,0.09461799173802875,0.30621509645127426,0.012390451299027574,0.019038986142408225,0.007805984318387372,0.19492792943283804,0.00672929682619601,0.009519493071204112,0.021683289773298253,0.016132713460228258,0.011151406169124816
18,0.02517602064193213,0.016575516695930465,0.007331478538584631,0.11508539187636636,0.008535154119546284,0.07863010732632014,0.08874388926376534,0.05083158453418677,0.05023442279512115,0.05683743088273688,0.08026039663292646,0.023827305250400044,0.0009109277949567484,0.07430370648201358,0.07994389300040187,0.10388200807581818,0.0809099861740203,0.03772656664646673,0.005776316424339406,0.013615603000228595,0.0008622938439381344
19,0.009490992966806328,0.056558570332805064,0.01872547261018546,0.02037772019343712,0.10659115178105566,0.010825663852763468,0.014139642583201268,0.059913185862041154,0.01872547261018546,0.2938498297390559,0.2716929520415029,0.01474132950163536,0.005871546496414084,0.01872547261018546,0.004879172440682126,0.004984478320696849,0.004098372158759389,0.0023191068490704286,0.012830416418090034,0.046189499105124134,0.004469951526302335
20,0.16754006839869348,0.01694526837657198,0.06513337532244853,0.013360692373835597,0.007391021313185649,0.030020321136272583,0.06432925957772696,0.012865851915545389,0.007894954584539217,0.045225138434607064,0.033401730934589,0.01828305272209082,0.13699086011431566,0.07996696951949533,0.015439022298654468,0.13552422431524505,0.054615998101658535,0.07270702361575651,0.007237041702494282,0.0077195111493272356,0.007408614092946523
21,0.07715961022119294,0.00585451918512236,0.04260902127049725,0.008293902178923342,0.006220426634192507,0.07640443219371808,0.04561646198407839,0.011827024532144799,0.0284362360420229,0.0749378455695662,0.007372357492376306,0.00585451918512236,0.04942344638885316,0.19109150620239387,0.12052789955426216,0.13236023457087093,0.07983992400845925,0.018405544068030893,0.010476508015482118,0.0045239466430490975,0.0027646340596411143
22,0.029858394473466242,0.03284423392081287,0.005285279021740003,0.07895886538538852,0.12969261599500467,0.05989982891305335,0.04804081976477106,0.012100507233983688,0.009996071193290872,0.05957276937976033,0.14452050262335078,0.015640111390863274,0.08408683916767862,0.08341522937358355,0.03320527120148315,0.026245392402476034,0.0461665938645964,0.036113044910047534,0.019868734100244825,0.04310805702106688,0.0013808386633374777
23,0.040586326337770054,0.06849837993300692,0.089303783138663,0.1389191487433431,0.012282468125918482,0.11125954494424864,0.06894030496483278,0.0237461050434424,0.004619526009722897,0.01272112770184414,0.008904789391290899,0.0148413156521515,0.01352626236651782,0.24403851376598906,0.004002152535411639,0.046304904834712675,0.019517346611048546,0.04584768331079069,0.00913311732440092,0.019253598683872216,0.003753600581021503
24,0.016508212552367292,0.012748469909616485,0.038519162622190344,0.018489198058651363,0.18080733825440168,0.006797499286268885,0.06603285020946917,0.028097477516631695,0.016508212552367292,0.012578765759956654,0.01283972087406345,0.024327892182436008,0.046222995146628414,0.02888937196664276,0.007111230022558218,0.015291189015570195,0.01925958131109518,0.005473354644826245,0.4171343464451834,0.021548236341301402,0.004814895327773795
25,0.027316198566082115,0.002116861605047782,0.018210799044054746,0.005906205095369106,0.08965316452457721,0.014098683130881091,0.09038736218787977,0.012854681678156291,0.009105399522027371,0.07284319617621898,0.030492500724928873,0.04218805727633012,0.007284319617621898,0.1951157040434437,0.04027088230493173,0.09642066145510336,0.11381749402534212,0.04046844232012166,0.004123199783559565,0.085032039698671,0.0022941472196515563
26,0.03025203165080391,0.005129951323259844,0.020644926057021323,0.028623641441377388,0.0028246194814767283,0.0014849859093646913,0.007234546737930547,0.009729218026872115,0.17362912171033312,0.0017093091195108786,0.004149225334989578,0.24828964404577636,0.05775698809016111,0.08150922658068417,0.04787954568375852,0.11064813548972763,0.13189164336290968,0.026246262584120123,0.003918712816379047,0.00487202252684346,0.0015762420266999518
27,0.01037032807240751,0.01546848182811548,0.05407385352041058,0.01941112690476278,0.0290440740444453,0.009120890955249978,0.3083154247896141,0.02703692676020529,0.023657310915179638,0.007646807568542912,0.01846424266550606,0.054073853520410574,0.015449672434403025,0.037851697464287404,0.00970556345238139,0.008701539646962622,0.015771540610119757,0.009462924366071854,0.022940422705628735,0.2961586922106789,0.007274625564616231
28,0.014081657679206352,0.025816372411878306,0.026706592150218943,0.140514816452405,0.01721091494125221,0.013587564427304372,0.025816372411878306,0.022270136332279724,0.3031521123972422,0.007593050709375973,0.02212831921018141,0.06425877833505607,0.016836764616442373,0.06583093045006008,0.10684358655259643,0.01155956973666193,0.022606914348542707,0.014894061006852873,0.026706592150218943,0.029788122013705745,0.02179677166664022
29,0.23231076706613635,0.012953085193990636,0.014248393713389701,0.003910868649266462,0.020354848161985288,0.03930591369210953,0.07124196856694848,0.026715738212605686,0.16744548367512285,0.030223865452644823,0.029776874126393703,0.01151200419509223,0.0094989291422598,0.05370342371950535,0.11662654171540622,0.051148079996783544,0.05287657912230106,0.028881879148762904,0.008381408066699823,0.015831548570433,0.003051799812162549
30,0.0695100960719956,0.30455921843675604,0.03625704981389953,0.018128524906949765,0.04229989144954945,0.011804620869641708,0.03904605364573796,0.029858746905564316,0.024171366542599684,0.009905393489886961,0.025379934869729667,0.02206950858237363,0.0035676654911910065,0.025379934869729667,0.008603367752450736,0.1982115004628564,0.07247088683450284,0.008905240305168304,0.016374151528857853,0.026715720915504917,0.006781126255053816
31,0.09601311911089412,0.032111143956784355,0.058696766772482596,0.03709597783830001,0.02092593621647693,0.31799016612201086,0.022669764234516675,0.03264446049770401,0.03138890432471539,0.010201393905532503,0.022669764234516675,0.034004646351775004,0.015113176156344445,0.07419195567660002,0.010738309374244739,0.08832270870713385,0.017741554618317393,0.012738938198141233,0.02331747178407429,0.034004646351775004,0.007419195567660003
32,0.01794319318456946,0.07743904427024714,0.04597943253545923,0.029426836822693907,0.034924576775787634,0.012891905097011757,0.031985692198580336,0.28750473451399566,0.036783546028367385,0.0097920869704468,0.03858839830699026,0.045249087134295526,0.018391773014183693,0.06687917459703162,0.009808945607564639,0.009655273983458789,0.08318503611831743,0.0649542436909796,0.026273961448833847,0.03871952213512357,0.013623535566061997
33,0.04198801134953627,0.010050316871486801,0.012144132886379883,0.010794784787893228,0.012144132886379883,0.004105059003846721,0.04435248532417,0.12394443460183162,0.019872217450439805,0.08112781557086768,0.018216199329569825,0.044658694751369334,0.00311674488262837,0.14572959463655857,0.021791341254064837,0.06041173160385065,0.11364705209029845,0.010794784787893228,0.2092527512730072,0.009108099664784909,0.002749614993142615
34,0.020201469797989882,0.03511449580544701,0.09247270485367001,0.40123476744099723,0.030858193283574652,0.04666922897109035,0.03511449580544701,0.03636858494135583,0.05754616430611473,0.011704831935149006,0.032849044463160115,0.02545800945894909,0.012418541199487362,0.029038418360055183,0.011695685279643105,0.012122861647118614,0.015666467359353287,0.015106765844749025,0.037715569568813466,0.028286677176610098,0.01235702250122513
35,0.0617588784256349,0.08854253723342981,0.01699301219631481,0.013351652439961635,0.010995478479968408,0.003477449702424845,0.011215388049567773,0.052164595579385006,0.01699301219631481,0.004146747018455833,0.006208056946765833,0.028038470123919444,0.018089335563818993,0.014757089538904969,0.0035946756569127485,0.007098346866815049,0.3984414175504341,0.2195000576792418,0.005607694024783887,0.014019235061959718,0.005006869664985613
36,0.0729706299382758,0.05681790528731752,0.07297062993827579,0.029188251975310317,0.05209364725657501,0.02073215397098212,0.054727972453706836,0.008107847770919533,0.013267387261504688,0.006345272168545722,0.1702648031893102,0.0243235433127586,0.08339500564374377,0.029188251975310317,0.029697930185820978,0.09995036881263994,0.06254625423280782,0.07614326602254866,0.018977160469724995,0.013877940923156517,0.004413777210765045
37,0.024036370557687543,0.06610001903364074,0.058755572474347324,0.024036370557687543,0.04067693478993277,0.02351298940731862,0.058755572474347324,0.027950887440964398,0.07686206733018805,0.018885719723897357,0.04807274111537509,0.088133358711521,0.0440666793557605,0.02203333967788025,0.2065591324594414,0.013091116547647927,0.03777143944779471,0.016024247038458363,0.020338467394966385,0.07554287889558942,0.008794095565553205
38,0.09321059587012515,0.023578609387225266,0.3330182780692323,0.16591715947394742,0.024965586410003224,0.05022972405734529,0.012126141970572995,0.023578609387225266,0.015386584854925934,0.029414898839508753,0.015719072924816845,0.07716635799455543,0.0031438145849633694,0.027715741993881646,0.004993117282000645,0.026060568270091088,0.00558440748644809,0.034387720579626635,0.017683957040418953,0.012482793205001612,0.0036362603180840353
39,0.028028585795948538,0.012485477615273306,0.1799146452677552,0.1858080440738281,0.03649601149079891,0.08307281641848187,0.012822922956226638,0.10543292208453017,0.005703197154098587,0.04794954701184749,0.013954357334717225,0.008472288381792602,0.04628762432979371,0.03696998566600409,0.00729920229815978,0.03234873745775357,0.07116722240705785,0.0685727025991079,0.007652389506135254,0.006777830705434082,0.0027834894452550573
40,0.35636670148465227,0.02119796466666585,0.04768159681028926,0.021702678111110277,0.02680919060784211,0.009588342587433586,0.03255401716666542,0.021702678111110277,0.03143146485057351,0.0077907049629626635,0.03375972150617154,0.030383749355554386,0.029135102121764487,0.03143146485057351,0.009115124806666318,0.08866965424989132,0.023467474222304486,0.09524302373888306,0.045575624033331576,0.02337211488888799,0.01302160686666617
41,0.07934824715248678,0.010880833300677425,0.00793482471524868,0.011335463878926684,0.008816471905831865,0.0025790712758530037,0.00195161522219677,0.009335087900292563,0.02441484527768825,0.06364708070189366,0.19043579316596831,0.01442695402772487,0.002517696399608999,0.027599390313908456,0.12382128846439379,0.030807552798296927,0.048415879618466516,0.32220197328585554,0.005203163747704052,0.009918530894060848,0.004408235952915934
42,0.15052579665491944,0.017082846033327374,0.008714651385284808,0.010893314231606012,0.009682945983649787,0.04123235051338595,0.07858864776475269,0.04127992761450698,0.010893314231606012,0.038659907387346294,0.0373485059369349,0.18187098543203079,0.001501958368894834,0.06421322073367754,0.10212144632670564,0.08254800203721031,0.08331589785931628,0.0026677504240667778,0.011883615525388375,0.02178662846321202,0.003188287092177369
43,0.2876821686558878,0.016763862020200984,0.04750643774411961,0.019410787602337977,0.02169440967320127,0.005759670265217967,0.11734703414140689,0.02731888625514234,0.04097832938271351,0.039339196207404975,0.06705544808080392,0.03138765654846142,0.012495021599100636,0.038821575204675954,0.009579349725829134,0.1070737343988569,0.005141744196050633,0.04888251684050467,0.019935403483482248,0.021074569396824092,0.014752198577776864
44,0.008900073354631007,0.014409642574164489,0.011866764472841343,0.016811249669858568,0.016471761060520163,0.0081784457853366,0.07062840661207963,0.27535399662830473,0.011638557463748238,0.23693544717283363,0.0931084597099859,0.010617631370436992,0.0018580507295858353,0.018339545094391167,0.004373158906340354,0.004007980053741116,0.007380548635547664,0.11589031687306756,0.022414999559811424,0.044014908226538786,0.006800056046234925
45,0.09372863303743652,0.07560186910095115,0.03410126861574818,0.09075827509340961,0.02484898643318084,0.01931035692698993,0.01954584908463615,0.025200623033650383,0.10475357319843848,0.08306985860970363,0.05740068419648015,0.07327092350991293,0.001894514923097121,0.08380654136875688,0.03261788161580286,0.06439978238942662,0.06732504924754529,0.03874355327463501,0.0037100917243985286,0.004770117931369537,0.0011415666844303166
46,0.036464734619628465,0.006403583869954839,0.13599916298719084,0.1162420594704279,0.024351656970250796,0.10737814644155833,0.07112353893960122,0.015959701337425906,0.006174884446027881,0.20474616847355606,0.07357309127182159,0.027711554868428235,0.0022749574274839564,0.05927889068186765,0.0033249377786303976,0.027245776590380525,0.048987416605154516,0.01047859178719883,0.01047859178719883,0.008821574948130817,0.002980978698082425
47,0.03028871933700712,0.03278952449548374,0.025115380464625834,0.012975179898064524,0.011804228818374146,0.23235213333150187,0.11637972074453382,0.0122960716858064,0.0491842867432256,0.006784039550789737,0.015531880024176504,0.021859682996989156,0.003934742939458048,0.23608457636748292,0.10404142488622448,0.033814197135967596,0.004798466999339083,0.015541091153206494,0.01639476224774187,0.007566813345111631,0.01046307683488944
48,0.01732720334917465,0.021667930236762434,0.016250947677571827,0.041192436476070335,0.08667172094704977,0.020194281139998608,0.08667172094704977,0.050496233082434505,0.011818871038234056,0.0387383099383175,0.020962679638558426,0.043335860473524876,0.013000758142057459,0.23637742076468113,0.02096896474525397,0.008125473838785913,0.07800454885234478,0.050539552502109765,0.026001516284114925,0.1040060651364597,0.007647504789445565
49,0.03786894205214841,0.018778250899732746,0.012364935422976743,0.13426449393308912,0.20280510971711366,0.027305618832183864,0.004882345233930514,0.00336713464409001,0.04438495667209557,0.04520690031417143,0.030514657712065716,0.07052276449010741,0.05051007120389894,0.006509793645240685,0.047015176326738274,0.05855277298491741,0.07797136898300419,0.01515200795397841,0.09764690467861027,0.012205863084826284,0.0021699312150802283
50,0.019143217850122043,0.01609821919346403,0.172310568404115,0.04561162104814809,0.06841743157222212,0.044825213788697256,0.05864351277619039,0.0020556078058477935,0.003706294848054847,0.004084622780431172,0.012439533013131297,0.15123853294912257,0.0035350100851268976,0.1532550467217776,0.013201587521285332,0.13776435741960716,0.05331089231488761,0.02379736750338161,0.006515945864021156,0.0076019368413580155,0.0024434796990079333
51,0.04871983479297102,0.039363816224635535,0.010019880493543592,0.012802919682006786,0.011725392066912713,0.2150568819186198,0.09797216482575956,0.012524850616929489,0.018369780904829918,0.03263053187042156,0.023960583788908592,0.021195901044034522,0.0037746125146910785,0.15745526489854214,0.008801234040163369,0.18123206664496627,0.02995072973613573,0.025376993283134787,0.01377733567862244,0.010597950522017261,0.024691274452154063
52,0.007959648070836522,0.02111037097047947,0.019421541292841113,0.22987477260015574,0.024276926616051384,0.37965486767124257,0.015413921660985012,0.021579490325379008,0.021579490325379008,0.006185204233388889,0.018322208766831237,0.019040726757687365,0.009614624402396589,0.03236923548806852,0.07696236876816935,0.00735664442910648,0.008991454302241256,0.02022328379043955,0.025554659595843562,0.02368480645468428,0.010823753477793012
53,0.02421499042850985,0.01040883170658334,0.01289920365877235,0.013674347536099684,0.3985095567663336,0.0047441613900754,0.2742703976901195,0.008940919542834408,0.010896745692829436,0.0029171671551885816,0.00996273891915834,0.009822418652691322,0.0050284640799813625,0.05021091054235521,0.011353034565840518,0.004126578250538957,0.004331625617025365,0.01010712643972585,0.06579167210764941,0.06343041098055559,0.0043586982771317735
54,0.3488917060711303,0.07565073250043824,0.012365281484986128,0.019406057467503724,0.019406057467503724,0.014801458897452643,0.013127627110370164,0.015391011094916744,0.019837303189003803,0.00719902131859009,0.018597471739691063,0.010755164379580375,0.05844919689617192,0.024796628986254756,0.007899811004470542,0.06404721629980228,0.15837243817729932,0.05882762633573867,0.027896207609536598,0.016842993273682477,0.0074389886958764265
55,0.09927764182645829,0.018097027693258088,0.020244132673814124,0.012305315458936284,0.01756476217286814,0.008954603427605021,0.015119035794367512,0.029612719305050144,0.01493004784693792,0.06044464995990939,0.033177884104306485,0.015925384370067113,0.10719008710622095,0.019906730462583892,0.00818084813530845,0.005607529707770112,0.009404754549252234,0.46860703166377277,0.016822589123310333,0.013271153641722596,0.0053560709764799725
56,0.008111257198165488,0.025404435201218656,0.019053326400913992,0.04425288712470346,0.015339954996762922,0.013998362253732724,0.01829119334487743,0.03345950002111725,0.038106652801827984,0.009526663200456996,0.04157089396563052,0.016729750010558625,0.021192826408170603,0.027996724507465452,0.008214607789615613,0.537440246907753,0.009392048686857286,0.014594037243253267,0.03190324420618156,0.050346228380563275,0.015075159350173707
57,0.008699085170956756,0.10438902205148105,0.030156828592650082,0.019667496908250055,0.023808022573144804,0.007006254493240031,0.021540591851892915,0.022065972140963473,0.016155443888919686,0.004334850699761562,0.19903506871149057,0.024451482642689253,0.003968677147724349,0.006723919572353809,0.35381227943606136,0.022430698953210808,0.008957473839401018,0.06099133872670805,0.025691108707552666,0.02741529872059098,0.008699085170956756
58,0.012328631748797737,0.021232643567373876,0.02547917228084865,0.015622543548848032,0.028310191423165165,0.5987430103838564,0.018199408772034752,0.030575006737018382,0.02547917228084865,0.008446134457739885,0.03555233341513765,0.02779546067001671,0.008353826977327427,0.025061480931982284,0.006402031937649473,0.00878592147615471,0.01149436343496932,0.011713499580554853,0.026357764428464124,0.02779546067001671,0.026271941277195513
59,0.15371416319380105,0.1136414632552881,0.01802963117160373,0.021034569700204352,0.021759899689866566,0.021213592108770135,0.008527528256839603,0.06786625670893849,0.016180438230926422,0.006374112030364953,0.018559914441356778,0.08159564156251081,0.010879949844933285,0.017055056513679202,0.005277159027397243,0.24661981533097196,0.03675944219453187,0.08230918578340832,0.015391148561125133,0.028683504136642293,0.008527528256839603
60,0.11437934982060934,0.014202646293998042,0.024854631014496576,0.022463784543456784,0.22822939908981707,0.02438797384042525,0.02982555721739589,0.05965111443479179,0.027114142924905354,0.007848830846683131,0.02982555721739589,0.02982555721739589,0.018640973260872426,0.021303969440997064,0.006213657753624144,0.15281107676274416,0.04307420040966159,0.04149072688586899,0.018640973260872426,0.0745638930434897,0.010651984720498534
61,0.014609757100346687,0.02264512350553736,0.03623219760885977,0.011100924292440398,0.02156678429098796,0.010639710047078348,0.05328264354244085,0.0335483311193146,0.34933643389557895,0.01065652870848817,0.020307417516786296,0.21535379146104514,0.02448121460058093,0.03196668110060386,0.004205975876252777,0.013935460618792219,0.021160611585264156,0.011465885319259423,0.017419325773490278,0.031234653111086006,0.04485054892576575
62,0.007001394760235037,0.018128611432751438,0.01952312000450155,0.024761030249611717,0.2806528923199757,0.008603408815543053,0.015505636456277876,0.059577653478143054,0.01611432127355683,0.38092817085188535,0.015381852124758792,0.010466002476640004,0.06596228867705511,0.01720681763108611,0.0045468156600869045,0.005000996257310742,0.006079055330742996,0.006717018581288452,0.018800041485816304,0.01194355576745977,0.007099316365273289
63,0.12936170479659972,0.02209302371162859,0.012391304603478646,0.0438461547507706,0.011875000245000366,0.06912773510283884,0.007307692458461763,0.003435249473899085,0.023223696025262336,0.016101695247458126,0.11875000245000367,0.008444444618666926,0.0019000000392000586,0.10326087169565538,0.07229182728236726,0.23759098194167463,0.05648648765189364,0.01767441896930287,0.03864406859389951,0.004750000098000146,0.001443640243937833
64,0.014987659026682924,0.02175679207710694,0.024453548938272143,0.029656431691096,0.025812079434842816,0.010618967254049358,0.0174231536185189,0.026299099801537964,0.026299099801537964,0.0075807985087892665,0.018340161703704106,0.023624615075957835,0.008992595416009753,0.0190938669791988,0.12766527957759793,0.00849909932610678,0.011615435745679265,0.013532546499820504,0.5349218886410965,0.025342768899663852,0.0034841119827306024
65,0.014281442402389552,0.021287433014882538,0.029690367099704594,0.043393613453414415,0.019821008064490997,0.011396302523118936,0.026237998832297084,0.024004977655080313,0.0256416806770176,0.4302469865475349,0.12003138376792355,0.026862713090208924,0.007623202363437668,0.053725426180417854,0.009896789033234866,0.030266523372539197,0.015246404726875336,0.010049902226809791,0.039495976992595536,0.031339831938577076,0.009460036037449136
66,0.2966210070041481,0.03803030141398362,0.018401758748701754,0.021076179633015227,0.021940558508067465,0.007577966023597075,0.011409090424195087,0.01629870060599298,0.01782670378780482,0.004867494883255401,0.02223465218849435,0.018401758748701754,0.005704545212097543,0.01629870060599298,0.005592691384409356,0.042480655834768934,0.15693085509515492,0.21969826027582498,0.019670845558957043,0.030023922168934434,0.008913351893902412
67,0.009059116988453485,0.022478816762787165,0.18345298348576933,0.43480453827979654,0.025544109957712682,0.046381577134302236,0.0178403307641168,0.024976463069763512,0.04853797593163669,0.007346018549930447,0.022478816762787165,0.01498587784185811,0.00634994823807547,0.020435287966170144,0.02200898131860372,0.007346018549930447,0.010406859612401466,0.024203031739928205,0.023913634854028892,0.019378290312747553,0.008071321879199896
68,0.017839791117056254,0.031007255989169206,0.02657764799071646,0.029597835262388787,0.024116754658242714,0.013850609406342015,0.0194373843514195,0.02199327735599517,0.11531266969886447,0.0074845100663511865,0.029597835262388787,0.02067150399277947,0.00971869217570975,0.0250443221450982,0.5063488529852507,0.01694335249556847,0.012285893882501005,0.014969020132702373,0.02367826820991103,0.0250443221450982,0.008480200676446293
69,0.12170893188397139,0.01456622854994338,0.02263182617677154,0.01611631329933066,0.012917221544289413,0.5376995126059229,0.007869111975256771,0.011410212364122315,0.015046433886754702,0.004641442317609078,0.017115318546183474,0.0760680824274821,0.0034224952076969085,0.015046433886754702,0.0272142863079072,0.04497455968340183,0.005498897524878225,0.005831521040309565,0.01901702060687052,0.013423779251908605,0.007780370912634806
70,0.0053249616575279865,0.09464295371421452,0.011618098161879243,0.015490797549172326,0.06534995551699832,0.013107597926222738,0.06687708783572086,0.061343558294722406,0.007408642306125894,0.2415543046403904,0.15490797549172325,0.007199948156657558,0.002676420518966946,0.008813729640046323,0.0038726993872930803,0.0028537172806196564,0.0038148979039006464,0.005679959101363186,0.01893319700454395,0.1924282636969637,0.016101234214946986
71,0.009892609063905579,0.11733733528576896,0.028735673947535248,0.028735673947535248,0.018286337966613345,0.008381238234697783,0.012571857352046672,0.01946610170639485,0.016762476469395566,0.23409645925822428,0.19444616640822648,0.015086228822456008,0.04312756605796672,0.01401206740017585,0.029041764083959157,0.005485901389984004,0.07061639023277282,0.0940440238282972,0.016762476469395566,0.015473055202518982,0.007638596872129625
72,0.06561239584253972,0.3323225243972791,0.10736573865142864,0.041355691924994734,0.02584730745312171,0.014539110442380954,0.01686712243227616,0.015508384471873023,0.02440367382648679,0.12380027799286515,0.009122579101101778,0.028197062676132773,0.011753721670136252,0.05991489938900917,0.028584789739248943,0.06203353788749209,0.006461826863280426,0.004699510446022127,0.008861933983927442,0.011929526516825401,0.0008183842915774468
73,0.024737076259505685,0.09590005190742777,0.05594169694599953,0.027970848472999757,0.04195627270949965,0.01459348615982596,0.029860839483238477,0.05163848948861495,0.0353315980711576,0.0604144363505763,0.03196668396914258,0.04195627270949965,0.2623488252913291,0.06102730575927221,0.011004923989376955,0.006427898401310014,0.033450102526722904,0.012431488210222115,0.02918697231965193,0.06102730575927221,0.010827425215354744
74,0.03725116296613051,0.06298280895199948,0.013537817823682383,0.015780006534263622,0.24762471792229074,0.03246172772762803,0.031086783736424484,0.03156001306852725,0.010520004356175748,0.06683296885099888,0.09738518318288408,0.010217661160718278,0.007283079938890904,0.014026672474900997,0.00548869792496126,0.004455531256733258,0.013288426555169368,0.1361025563580237,0.012216779252333129,0.14622747977162223,0.003669920185641529
75,0.01199520323341859,0.03461472933072221,0.03365320907153548,0.011359489359529965,0.024724806664801584,0.4726432612800774,0.025239906803651617,0.036712591714402346,0.025239906803651617,0.011649187755531516,0.027534443785801763,0.025776926097346328,0.008715939040109909,0.03188198754145467,0.09012762934985664,0.010721376341374137,0.01275279501658187,0.02439347928177314,0.03344127542885143,0.03365320907153548,0.013168647027992149
76,0.018361092606424375,0.008485050371150658,0.024348405412867116,0.004118307433621976,0.010000237937427563,0.0065019628229578096,0.3831670114972246,0.008750208195249116,0.10921013966397114,0.0034147153932679486,0.04141925842136219,0.005455590857768157,0.004590273151606094,0.00840237154671582,0.2718052496064333,0.02896620643944536,0.015360095868563696,0.00444455019441225,0.0068294307865358955,0.027097418927223074,0.00927242286577191
77,0.03157419295782168,0.21814369855379523,0.024792548745099185,0.021483849099994984,0.015879134878110438,0.052972291265074634,0.01750535852592184,0.004936175704833305,0.02250688953332808,0.023340478034562448,0.02487603579999419,0.008440083574998026,0.005982844053163159,0.023632234009994483,0.009645809799997743,0.0067520668599984224,0.2614630145786623,0.18219459469277224,0.02487603579999419,0.010991736748834639,0.008010926783048976
78,0.06990710560345882,0.01883221175327663,0.06028192814159815,0.010828521758134065,0.06986143069763913,0.014137415193911738,0.014935892080184915,0.11216443990859291,0.01665926424328317,0.013678132747116711,0.29635954285419536,0.012031690842371183,0.005853255004396791,0.014935892080184915,0.006369718681255331,0.005414260879067031,0.05933436579799487,0.16819377275769573,0.012739437362510661,0.011706510008793582,0.005775211604338168
79,0.009250435179569,0.03428681284042879,0.5345340212776621,0.026341503548770188,0.02918026624717344,0.018843535735352798,0.02285787522695253,0.03428681284042879,0.04729215564197074,0.016134970748437078,0.04285851605053598,0.017424460352357594,0.0089638726380206,0.04155977313991368,0.010631569873001179,0.009658257138148956,0.010798996170213793,0.014865247154720616,0.026891617914061795,0.029200408389319723,0.014138891892960324
80,0.01068486595400998,0.020087547993538766,0.027145335126403738,0.02869649713362681,0.021895360077002286,0.010462264579968109,0.015393765135117836,0.12087758680794025,0.03587062141703351,0.3898930761666455,0.12052528796123259,0.02282675908356678,0.04941501398926646,0.027847866125755117,0.011813585865755039,0.005873552044894376,0.00738512793880102,0.01128513932221279,0.02869649713362681,0.020924529159936218,0.012399720983665905
81,0.016287739918508463,0.06605583411395098,0.027022841228434485,0.014275856095513661,0.026422333645580394,0.46578979609883214,0.025297979022364202,0.026422333645580394,0.03715640668909743,0.009076374153061968,0.03603045497124598,0.0321352706500302,0.011009305685658496,0.033971571830031924,0.008562825526181352,0.010711756883343401,0.015243654026296379,0.010674042060737915,0.07926700093674119,0.027651279396537616,0.020935343422271515
82,0.19813109282731797,0.4253243315353732,0.02270252105313019,0.033021848804553,0.013599480914507465,0.010669981822195695,0.02945191920406079,0.02368958718587498,0.026578561232932903,0.005264352707972217,0.02095617327981248,0.022239204296943857,0.0066043697609106,0.02270252105313019,0.034251753418539164,0.05596107412770576,0.01047808663990624,0.0099065546413659,0.010540028578571595,0.010254454974165076,0.0076721019410307175
83,0.009662802314454159,0.022060337350737425,0.13393953052779564,0.030275929167406665,0.0357806435614806,0.461654521294497,0.020715109430330874,0.022706946875555,0.03191246587915838,0.010832671903934495,0.043731897686254066,0.015334561526348827,0.009839676979407167,0.03472827169202529,0.008556240851658405,0.0064825338269175106,0.011576090564008433,0.010249969275776835,0.043731897686254066,0.021468386136888364,0.014759515469110751
84,0.025085390111601494,0.03344718681546866,0.07787597240613701,0.013378874726187468,0.05017078022320299,0.0071921082900961615,0.06689437363093731,0.21539052086809585,0.05145286310444268,0.02866901727040171,0.05017078022320299,0.025085390111601494,0.06689437363093731,0.06689437363093731,0.07799644537265564,0.006134655856397455,0.033089707579022756,0.014334508635200858,0.014334508635200858,0.03344718681546866,0.04206098206280324
85,0.01241286139192237,0.10096430566091619,0.0326828666133477,0.020187979393392935,0.0653657332266954,0.1011281967466119,0.10096430566091619,0.0653657332266954,0.03735184755811166,0.014525718494821201,0.05229258658135631,0.10096430566091619,0.029051436989642403,0.03735184755811166,0.016714178571829347,0.023769357536980146,0.0326828666133477,0.01408450361261695,0.03183710135132407,0.10096430566091619,0.009337961889527914
86,0.018733144968402473,0.01581085144575048,0.010894506133077537,0.05530738038290255,0.018435793460967517,0.4523959932641519,0.011731868566070237,0.04301685140892421,0.04839395783503973,0.011614549880409534,0.0725909367525596,0.03854653163262432,0.005807274940204767,0.04645819952163814,0.007587954559087133,0.035218266057147556,0.011061476076580508,0.019588568744011776,0.03226263855669315,0.018733144968402473,0.025810110845354523
87,0.01600328875332773,0.018693249198449828,0.05474809310348962,0.047282444043922865,0.033555282869880736,0.011043318500675553,0.02811388564773791,0.049533988998395374,0.04334224037359596,0.02245072025432091,0.03715049174879653,0.05778965383146127,0.00812667007004924,0.026005344224157567,0.04585007605534534,0.01316726289830763,0.01600328875332773,0.020396348411103975,0.40480530056280095,0.041608550758652114,0.004330500942201126
88,0.21502624498969558,0.08170210799416029,0.017172234842927084,0.02842300939518965,0.020104079816109753,0.10713187736360652,0.01113874692514189,0.012434252661736067,0.024977796135166663,0.005724078280975693,0.024243155072367645,0.006640993114798712,0.0029864756248568834,0.02227749385028378,0.015261605074645142,0.329123719941137,0.014785063183147974,0.01175090111819693,0.020104079816109753,0.01962541124905952,0.009366673550687496
89,0.009324405185037028,0.09359991529663549,0.03282898918079227,0.012803660851095619,0.18300699243166002,0.0063076858604662256,0.046076588236895956,0.012997655712475855,0.01825202717071078,0.003377343610328372,0.015597186854971027,0.01207114396435156,0.008248512279071217,0.1747462601343976,0.004008622789829003,0.0038981311494770622,0.005957258868218102,0.0056068318759699785,0.010461527768578128,0.3366129858397901,0.004216274939248662
90,0.01662046013306215,0.07894085084069921,0.05406733377603337,0.03656501229273674,0.043400280129088434,0.009622371655983352,0.22467016929784905,0.02216061351074954,0.04875334972364899,0.013058932961691689,0.028126932532874415,0.02146733789922777,0.0157268870076287,0.028126932532874415,0.010754415380216688,0.007779789849518454,0.009141253073184185,0.014626004917094695,0.023590330511443058,0.2852717657821335,0.007528976192261657
91,0.09058949384470413,0.0748167620384187,0.00391863413484897,0.006304115084318268,0.006664350231993598,0.014378563856698518,0.0040215906572375155,0.23325225811977593,0.009330090324791037,0.0433477647833212,0.07775075270659199,0.005183383513772799,0.0010010826528745749,0.005689079466335998,0.0018366319536990236,0.09143176146058965,0.07314542614187969,0.24341272628721553,0.006304115084318268,0.00424095014763229,0.00338046750898226
