site,A,C,D,E,F,G,H,I,K,L,M,N,P,Q,R,S,T,V,W,Y,*
0,0.014536989487971929,0.006800231406633445,0.027012312166485752,0.0180611081517227,0.01192033138013698,0.008177245649241558,0.006640977753530718,0.014190870690639264,0.14948307049299694,0.0036945512184471687,0.016556015805745804,0.023840662760273964,0.028722893929237485,0.012956881934931498,0.600353620609527,0.0072570558300141695,0.015684646552811817,0.005960165690068491,0.008637921289954333,0.014190870690639264,0.005321576508989723
1,0.023810991932358524,0.015361521067290567,0.018315659734077217,0.007628421336806709,0.019048286123440308,0.4787412928283114,0.09524143061720154,0.018315659734077217,0.013227976474611323,0.0069015529432754725,0.012210439822718144,0.022676531099333697,0.1190517882715019,0.029762947067875474,0.027784183196179313,0.008818650983074217,0.02801218547564751,0.003957708726442387,0.00744073676696887,0.026455952949222646,0.017236082849585516
2,0.00395177613683974,0.030373238361524963,0.08420663956435116,0.009404226756023686,0.00816410894204254,0.7543031186121414,0.009404226756023686,0.01125657445039199,0.00928667392157339,0.002824843778425366,0.009172023626245324,0.011792601805172559,0.004294415686276713,0.011429752518859559,0.0028035242027391366,0.0031008060025321388,0.0053448483001861235,0.007969453029274674,0.006243142132150177,0.011429752518859559,0.00324425289836625
3,0.1656463354781901,0.1087280341907595,0.009469988718164436,0.023591954308036536,0.01168636905645824,0.5558282126036344,0.00963612887111469,0.016154686636868743,0.007227096653336018,0.0031933682886833565,0.009309480434805716,0.009469988718164436,0.004539333435153202,0.011442903034448695,0.002822523053402038,0.003230937327373749,0.0045021257840453886,0.02088540416843209,0.005024273026201658,0.014454193306672036,0.0031566629060548125
4,0.054536702796767596,0.05299994392275968,0.022857314260226323,0.03685686229251309,0.0782228088016634,0.03295968278511647,0.07328515641883414,0.05900234721039752,0.03153690702145691,0.04990800045992271,0.04298380830574183,0.0737529340129969,0.0032631806573934735,0.08285621559479327,0.06921558277551339,0.07974581766105367,0.05463459412570703,0.0505544790508567,0.02916511895262946,0.02143090652100367,0.00023163637265267076
5,0.04907446384443839,0.02667090426328173,0.006151472157787107,0.04012515990782445,0.007518465970628688,0.6885828142707369,0.005783435362022065,0.007868162062285834,0.012302944315574212,0.0021618592247814117,0.007518465970628688,0.009806694744298287,0.0027066477494263274,0.009144080234548402,0.0019009070353803426,0.08732251618052242,0.004151300229181483,0.0030984067275590566,0.004603142430997155,0.020295907634497314,0.0032122496835996607
6,0.04781329092988778,0.058230308096120814,0.22381592347190862,0.19944345840477362,0.0476770111352476,0.017973596219609006,0.03363262025819791,0.003780922015954276,0.002489694118564253,0.013311284077503416,0.045882791370222276,0.02434684631485708,0.0013996902939335857,0.03913817077733459,0.005658069918241434,0.04326247306716912,0.04697068504435504,0.02877298216061448,0.055176407130417056,0.05951451321409508,0.0017092619809928177
7,0.0018510490707350424,0.11959284125935789,0.01135636809333975,0.01216753724286402,0.009875102689860651,0.003041884310716005,0.010482801316929,0.04143014606086142,0.008412124513585001,0.0028040415045283338,0.0087356677641075,0.013952498146925086,0.0038641538253222155,0.010482801316929,0.00278115136979749,0.020401111372853314,0.6919481690842143,0.007295423867673248,0.008209422718076927,0.007487715226377857,0.003827989244945983
8,0.017135007155598802,0.14889460555755488,0.0027672049395889727,0.0032533355370843327,0.002616813366785224,0.008409521242322245,0.002407468297442406,0.23392198884255558,0.002645569557629018,0.24424572885385426,0.0020828721287576577,0.01549990189761355,0.036485580788078883,0.0022560034194478574,0.0006738708768257632,0.005886664869625573,0.07884470822788658,0.1859009350544125,0.00218860754312946,0.0028323156440498896,0.0010512961997565093
9,0.0038536102623980863,0.010626622238734116,0.008766963346955647,0.12721777791046754,0.008349488901862519,0.7110970065498208,0.008658729231561132,0.009351427570086022,0.0129880938473417,0.003117142523362008,0.011497656848466422,0.01461160557825941,0.004614191235239814,0.01252423335279378,0.002449601273860616,0.004077657370677044,0.005566325934575014,0.005907202477231372,0.007079766792305793,0.007230485234602594,0.02041441151939876
10,0.024661955581894185,0.09311225654167132,0.06330737263096659,0.18794555975218588,0.03581240636218129,0.012715433573707644,0.016213577009743765,0.0869047727722266,0.0017540706782770675,0.03481761729656514,0.03664139725019473,0.02081778093411351,0.0012158594210223057,0.069566628450674,0.036326522766062304,0.02698905986715111,0.00393532563398829,0.12182766084050328,0.06650875467262238,0.05781479981345605,0.001111188150792438
11,0.05205269364295736,0.0061429485267664565,0.010840497400176098,0.0010329395920967489,0.009806055834673259,0.0202658487249914,0.0829057447840557,0.05190034429570968,0.185605044775767,0.15529807990346672,0.10517403107712234,0.03445096555471743,0.002220342840999924,0.04160914648227793,0.038786435902767286,0.044704078069833966,0.029978781616570013,0.11732859788152912,0.0035440087654421866,0.004980769075756587,0.0013726452523227907
12,0.010459594535264214,0.005834902282482972,0.029286864698739798,0.016270480388188777,0.2243086098046873,0.006982476843912265,0.036608580873424744,0.020919189070528428,0.020919189070528428,0.006284403376836026,0.018304290436712372,0.029286864698739798,0.029286864698739798,0.018304290436712372,0.040224853226972196,0.005632089365142268,0.020919189070528428,0.00395768441874862,0.14686962066657622,0.3004133167027062,0.008926645333828653
13,0.04436677135480574,0.07348246505639701,0.059709067048751126,0.021766522766538024,0.03582544022925067,0.006762978950125921,0.03256858202659152,0.06323535972531083,0.3601602173552441,0.009682551413310992,0.029854533524375563,0.014305614496104836,0.00746363338109389,0.018727002609206133,0.07866626748811523,0.007311314332500135,0.015358644078518136,0.008331497727732713,0.01492726676218778,0.08956360057312669,0.007930669100713035
14,0.06631108858853177,0.028918210213692043,0.04143383219761575,0.03326539214124052,0.025516067835610622,0.10408622729278356,0.08060460403454432,0.06532113365916319,0.006804284756162832,0.0736158807904855,0.02931076510347066,0.10451381385466109,0.0005332892492371514,0.04762999329313981,0.01855714024408045,0.05762352244673846,0.05555399863762589,0.06287677936983883,0.023328976306843996,0.07299141829338311,0.0012035816911503574
15,0.10144942106133337,0.03454642607358269,0.010792491602269506,0.017040776214109748,0.015871311179808095,0.10375196975416347,0.023709661389552415,0.023461938265803266,0.11871740762496456,0.035034426185111545,0.0505898043856383,0.03854461286524823,0.0008017313192531212,0.08533598011096818,0.13240624565190673,0.11025956853666115,0.060764448516979576,0.029979143339637512,0.001565284956637046,0.004316996640907803,0.0010603543254638053
16,0.0025130070799778896,0.022189258045598667,0.008025409707026164,0.0063791718184054115,0.005408428280821979,0.0023694066754077247,0.003455384734969598,0.18747658838526218,0.005785760486460723,0.2506128068434721,0.17077529112177817,0.008292923363927037,0.0017524976948118693,0.09864108060797779,0.004982912449390688,0.0020906529488891688,0.04419551190113054,0.16415475848991343,0.004146461681963518,0.004289443119272604,0.002463244563542684
17,0.04230049027640715,0.032538838674159354,0.0016975221991506742,0.006865332539591405,0.02350027237578175,0.031584366073050665,0.1072714269790249,0.0779604110658393,0.01883985527337763,0.047915599605133766,0.07690998232074027,0.20728522166127009,0.003269205971234002,0.04126877100137282,0.05076058833168859,0.10364224887610203,0.06394734831901115,0.0495225252016474,0.005721110449659504,0.004256597431646789,0.002942285374110602
18,0.05765910972103911,0.05441205426676939,0.06156641202814248,0.0576914174583197,0.07471505959019081,0.04947700748443451,0.05656690709086553,0.049671034964765624,0.011181655295326309,0.10410726212524674,0.05744234615065926,0.06028710996002525,0.003553290645850379,0.07130288273515455,0.04257211447028715,0.04712095950898524,0.04886226192401993,0.061239923479508414,0.012347203293798273,0.016630926885524203,0.0015930609210872081
19,0.013398298668233968,0.16190370431523535,0.0035760375838809894,0.003891570311870488,0.0564274501604469,0.0020673967281811968,0.1460247187742582,0.108544640547445,0.017622987437496927,0.16468541221777716,0.13331274150958683,0.0028151785234807793,0.0011212999203694626,0.06755478517707157,0.0009317844408703985,0.013166416181594708,0.0007826735900103876,0.031248965659047123,0.002450247974140678,0.06762005550091416,0.00085363477808772
20,0.04145173269792254,0.13017731759911153,0.18377752678416237,0.028511057807497717,0.00315441490636145,0.04880905369514013,0.06589222248843918,0.031115771730651835,0.0022463257666513357,0.039773457167213346,0.016156266090915375,0.05722219321364454,0.023277736049237763,0.03412911287629942,0.000732135805427102,0.06042734542353324,0.0636474471712832,0.1540039153508869,0.007206961834673033,0.00768742595698457,0.0006005795839633708
21,0.08776377764076937,0.03414684243527949,0.009984519914377554,0.003650207902847846,0.002737655927135885,0.1276769264763085,0.06500349432340964,0.01612489781665976,0.015549008608921909,0.07512305335761488,0.03224979563331952,0.06615950721835401,0.10140734452352565,0.02612233446298881,0.06124502473483615,0.11684453737522926,0.08319876194031285,0.06093909842706062,0.004610788929913069,0.008245686383519196,0.0012167359676159488
22,0.010553890125316668,0.08997191331832459,0.014011198959472131,0.009850297450295559,0.05834406951328909,0.018681598612629507,0.033961473298780215,0.11762032810714765,0.0035332588680407986,0.09951958122782173,0.033691005115825345,0.01990162137916858,0.1439405256140677,0.03097147347070973,0.0036122281289384895,0.010018966927184183,0.025300120818282573,0.05835286225127372,0.09029439329437597,0.12697649057021618,0.0008927029488396856
23,0.020566560272880157,0.0930361804429593,0.19237527160661042,0.1283977857181638,0.03263937964565588,0.0673678425847259,0.020355742144602597,0.035057111471260026,0.0016558741886159788,0.016526923979308297,0.03155140032413402,0.08764277867815005,0.015975392569181783,0.09251652421742863,0.004726801546686748,0.05258566720689005,0.02449195458951043,0.04807147228684884,0.008090102647213854,0.01989727948368812,0.006471954395484986
24,0.01142962785386097,0.0088265320252474,0.02666913165900893,0.012801183196324284,0.32198518814466887,0.004706317351589811,0.04571851141544388,0.019453572615968872,0.01142962785386097,0.001122641482224641,0.008889710553002975,0.01684366210042669,0.03200295799081072,0.020001848744256694,0.004923531998586264,0.0022222289397071833,0.013334565829504466,0.0037895324223696427,0.07688516597006785,0.3536308203956926,0.003333641457376116
25,0.06477474631538734,0.055232138092497385,0.0182221985704873,0.006127340867671776,0.017439354777219664,0.0227524198527167,0.09360570282022142,0.10668781746063793,0.003833572330431196,0.06757289968496719,0.14762616602111528,0.08145463001894274,0.010076071649060252,0.010795791052564554,0.03968697298002829,0.07300976568124705,0.017318248146822306,0.06624084139659979,0.004277577586865201,0.09229985854290772,0.0009658861516088261
26,0.0010788789878922748,0.04538879586650068,0.03569261912126,0.003742704306832889,0.0010490863932688913,0.0005515357101821233,0.006621707619781264,0.023746813533008674,0.04599851739213884,0.0161666383335578,0.06962530806093535,0.12740165460459157,0.10178916137886684,0.20277140222352413,0.04121511348797187,0.10550456554417165,0.14612392795237855,0.012678773504542426,0.0035867582940481853,0.008680608718430731,0.0005854289661151031
27,0.0033239967923509787,0.004958105820779358,0.017332268988687248,0.006221840149785166,0.6229770586900821,0.002923515251103873,0.014173366473768377,0.008666134494343624,0.0075828676825506714,0.0024510279377941563,0.014757493630914583,0.008666134494343624,0.004952076853910642,0.012132588292081073,0.003110920074892583,0.002789100756800247,0.005055245121700448,0.0030331470730202686,0.007353083813382469,0.24397985072550948,0.0035601768821989493
28,0.016077249291979446,0.007180218043730397,0.007427811769376273,0.012920071695625129,0.015719977085491017,0.003779062128279156,0.12379481954824174,0.09704667580417638,0.21631605317414127,0.003467642004152429,0.006154472608911769,0.007407218461869341,0.0046827508980850415,0.019815067486604537,0.29632764453098837,0.010558193564882027,0.0406897142046454,0.023806696066969557,0.007427811769376273,0.07482104478190432,0.004579805080570106
29,0.008611616111200605,0.018006106414328527,0.008050406928723417,0.0022096584853487913,0.018863540053106087,0.029596243876425066,0.013417344881205696,0.04951679263940346,0.24285574065211576,0.03001017735721423,0.005608022878573691,0.06934571450662387,0.005366937952482278,0.046223129574738946,0.2355393484699554,0.10157290797826354,0.08079167705541641,0.013382916929568504,0.004735533487484364,0.008944896587470464,0.00735128718035083
30,0.24939504808391463,0.025731776389290358,0.01399026751205512,0.00699513375602756,0.016321978764064306,0.004554970817878411,0.06185523170502491,0.08514190717044606,0.009326845008036743,0.031765116193033516,0.009793187258438583,0.15383127189249673,0.0013766314377888292,0.009793187258438583,0.005451647540103891,0.1966432899958267,0.08041180121653238,0.011285866837408053,0.0063181853280248924,0.010308618166777455,0.009708037668392457
31,0.2759884854711152,0.14192470791831827,0.003877856330079102,0.015117663388712236,0.00852791268081203,0.3342776342580355,0.015177350770851281,0.013303543782066768,0.012791869021218046,0.004157357431895865,0.009238572070879702,0.013857858106319553,0.006159048047253134,0.03023532677742448,0.004376165717785121,0.05178847701394704,0.007230186838079765,0.025586062318240222,0.009502531272904834,0.013857858106319553,0.0030235326777424474
32,0.013835531920281665,0.08956686453656024,0.021610122607989564,0.013830478469113325,0.016414391055715488,0.006059136323227507,0.015033128770775351,0.3474140041999574,0.017288098086391653,0.004602236007507502,0.01813637038727903,0.02126686361597923,0.008644049043195828,0.03143290561162118,0.004610159489704441,0.004537934530517849,0.1378944050538455,0.19087368152312575,0.012348641490279753,0.018197997985675424,0.006402999291256169
33,0.04457429309241916,0.02426557500488558,0.005933974684436597,0.005274644163943641,0.019547268753935608,0.0020058505975560324,0.05609216251129348,0.042921188730589865,0.021324293186111565,0.06287368918791658,0.10262316095816194,0.0107689611542982,0.0015229317238537932,0.11728361252361363,0.017537736452129138,0.1496844338922708,0.1431125905038576,0.05646988751136954,0.07818907501574243,0.03665112891362926,0.0013435414379856445
34,0.009235649328518884,0.016053543274317864,0.25346115190751856,0.4686146049728715,0.014107659241067213,0.030919346495621947,0.016053543274317864,0.016626884105543503,0.04135587897965114,0.0053511810914392876,0.024679417792554562,0.011638818873880451,0.005677472621405098,0.013275699823335617,0.005346999450022794,0.005542294701847833,0.007162350076234124,0.00690646736229218,0.01724269462797104,0.012932020970978278,0.017816321028610357
35,0.011898851462516425,0.04582089055793545,0.01605495087199661,0.012614604256568768,0.01038849762305663,0.003285484850318519,0.010596267575517765,0.09110898006287166,0.01605495087199661,0.0027701384186016205,0.005865355014133261,0.013245334469397206,0.02457330017824765,0.013942457336207584,0.0033962396075377446,0.00551010709240996,0.15464550563303214,0.534954139264285,0.0052981337877588824,0.013245334469397206,0.004730476596213288
36,0.07565836981783199,0.12319267593321884,0.02049122767830969,0.12105339170853116,0.007150261374938796,0.027792718400082097,0.015368420758732267,0.028021618451048887,0.011177033279078012,0.07894786415773773,0.025219456605943994,0.13450376856503465,0.07205559030269712,0.024589473213971626,0.001105563034891868,0.025978570113799976,0.07205559030269712,0.10964981133019126,0.009194251888201953,0.01307598212782636,0.0037183609552346817
37,0.019022030580309126,0.0523105840958501,0.04649829697408898,0.019022030580309126,0.0321911286743693,0.002664264823458201,0.04649829697408898,0.03400917734214616,0.01694863748232852,0.014945881170242885,0.03804406116061825,0.06974744546113347,0.034873722730566735,0.017436861365283367,0.42001574011986226,0.010360117335606054,0.029891762340485767,0.012681353720206083,0.016095564337184648,0.05978352468097154,0.006959518050890272
38,0.07264552482565699,0.020026271949224326,0.2960716328489411,0.3631815561698345,0.02120428794623752,0.02000401387223885,0.016942963955801048,0.020026271949224326,0.006724130822861431,0.005871324143099373,0.013350847966149548,0.0163851315948199,0.0026701695932299097,0.0185062210535314,0.004240857589247504,0.03641251025588822,0.019506701922797257,0.017519309822902156,0.015019703961918244,0.010602143973118759,0.003088423783277804
39,0.014798524562210348,0.008271941163814347,0.12334547601276269,0.3177658628440012,0.006044880081248946,0.03585061280832364,0.02820230315554271,0.05797140093083779,0.0037785107432835867,0.045565708690082786,0.08439953959048443,0.009316832292456077,0.05567375394272532,0.03387939015438572,0.002417952032499578,0.03260891302359625,0.03391326954454011,0.09479061528963342,0.005069899422982987,0.004490482346070645,0.001844131368517459
40,0.565098640750575,0.01303656023375282,0.015387264756632199,0.013346954525032649,0.016487414413275624,0.01456749437769713,0.020020431787548972,0.013346954525032649,0.01933007207073694,0.004791214444883515,0.0207619292611619,0.01868573633504571,0.011971212786160125,0.01933007207073694,0.005605720900513714,0.1421548442816862,0.03091540936543202,0.004751652561857163,0.028028604502568562,0.014373643334650545,0.008008172715019588
41,0.01250437697912098,0.0007379568079586615,0.0020606662150445703,0.0029438088786351005,0.0022896291278273005,0.0016547595089249302,0.0005068325637262104,0.04591943478887284,0.5169391889610234,0.024041874637889194,0.06448685842089533,0.0037466658455355827,0.0006538432916411336,0.06197821633129529,0.08290009610268617,0.027940167905912514,0.06442933223140301,0.07919438753443286,0.001351256534455456,0.002575832768805713,0.0011448145639136502
42,0.1447608873106011,0.034964297722101585,0.0259806698546611,0.02657113962408521,0.007872930258988211,0.02297073822234735,0.03906361907039207,0.08950278610218178,0.01180939538848232,0.1012159222013895,0.08097871123530734,0.02772640656426283,0.000495609997683881,0.06091161831954039,0.08659263679709342,0.08906618348190277,0.07007773087670827,0.04832638004080498,0.006441488393717629,0.02361879077696464,0.0010520577607835246
43,0.49627116364584806,0.055526876416874,0.007669410927459371,0.05357856496365036,0.014494835176649696,0.009538866957784341,0.06478135581968633,0.01825275540763295,0.027379133111449426,0.010858589165966472,0.02240110890936771,0.04331883975784497,0.0041741923688148955,0.06429427795638043,0.006400316831247917,0.05062567007589907,0.003435388921152032,0.009741890366989766,0.013319578270434855,0.014080697028745419,0.009856487920121794
44,0.007586050879511534,0.012282177614447245,0.010114734506015379,0.01432920721685512,0.08319867814142172,0.0069709656730646535,0.02680802258965873,0.13967014098663094,0.009920220380899701,0.5206788594158219,0.04361072591606005,0.00905002561064534,0.0015837248536853276,0.02576997440494458,0.003727498038027392,0.0034162348331575124,0.006290871461058347,0.040711076586534764,0.019105609622473492,0.009379117451032445,0.005796083818053755
45,0.0769260640728373,0.024459837928327927,0.03407233994271463,0.040581937144425706,0.02128106282136329,0.04678244002217122,0.07439721148931881,0.018704581945191943,0.09290318324913122,0.08881167121537432,0.04824849391663338,0.08105789779056288,0.0006545554012565491,0.09590387285138821,0.054126579233880215,0.062327358792385,0.04127909176505179,0.027941548131866303,0.010591269691187748,0.0585545910069951,0.0003944115879366386
46,0.08973437724203674,0.05912651951813958,0.18599490084304743,0.07274897948142295,0.010707015606906562,0.03553257808448924,0.05994889226463351,0.03274699542543115,0.003291578743065669,0.01300338869101942,0.04528839792878775,0.04452055105926973,0.0012126869053399837,0.10859972972719517,0.011695355509082555,0.13701566299557422,0.057014858106777457,0.02229157378644396,0.005585709382172046,0.0023512106852709297,0.0015890380138937714
47,0.043183246346017404,0.06228173029414949,0.006210308140995655,0.006416774411626156,0.005837689652535915,0.29460328874381014,0.02706811618417764,0.006080926721391577,0.03002869139182207,0.026231960296304348,0.056896467900294456,0.2713703962816513,0.0019458965508453053,0.12011476556728831,0.00787534023721606,0.015014345695911036,0.0023730445742015916,0.0023450064746757195,0.008107902295188771,0.003742108751625587,0.002271993488271373
48,0.0007900191315010746,0.3072365910320081,0.020947949388546015,0.029088027753734237,0.24206519293430945,0.0015048380615916225,0.037240798912970684,0.11172239673891204,0.006165032962577202,0.042859165797798034,0.023563455335276744,0.022605120862783074,0.011172239673891204,0.015234872282578917,0.002187592341559652,0.004238460161771826,0.013563072517669845,0.06791848326928279,0.013563072517669845,0.022344479347782407,0.003989138975785248
49,0.04337039423669119,0.0590135467537862,0.0038738857481904008,0.005421064551488896,0.11528227737948932,0.011772544463532155,0.0035682609665080027,0.013534782976409667,0.23680277323189472,0.03832576593656743,0.02899212035287752,0.03964734407231115,0.007486460454879501,0.10229014770656278,0.039206818027063245,0.04231001176076395,0.05793072966144809,0.06627209735729615,0.025950988847330936,0.05798424070575505,0.0009637448091535818
50,0.01564963509026398,0.026514523793465118,0.1558137447615975,0.03255394310197662,0.005071542432678498,0.016838246432056867,0.14309425539330378,0.10826905410782285,0.0053576395690239555,0.015697653390160944,0.01707374638215557,0.0869862447259294,0.0008744468816511958,0.00600995872651876,0.002030391461661743,0.05640144313776762,0.09161768441595114,0.16004781391272785,0.035773563848325945,0.01669432979588544,0.0016301386390752315
51,0.15845000675250456,0.07167976495946635,0.011523636854727605,0.1692150524155468,0.004100556248924883,0.1940295652909639,0.0042828031933215445,0.0043801396295333975,0.0202842781213069,0.01667894807921101,0.048223915098588345,0.054848079260482345,0.001320042080133353,0.022635715250357794,0.0012290733998052367,0.16891462678038535,0.025834240231386616,0.004374899545508233,0.004818153592486738,0.0037062719942205684,0.009470231221138627
52,0.009302144054926308,0.015037483547495713,0.013834484863696055,0.052268549284973626,0.017293106079620067,0.6979475634175328,0.010979749891822268,0.015371649848551171,0.015371649848551171,0.004405886899266259,0.013051400814807601,0.013563220454603977,0.006848754883017849,0.02305747477282676,0.026016238849082877,0.005240335175642445,0.006404854103562989,0.006734917917593076,0.01820326955749481,0.01687132300450738,0.012195942730424776
53,0.00202305322335484,0.0043480546890014475,0.008843064789327004,0.005712150277707783,0.11220661399241255,0.00198176642287821,0.2952908264310423,0.0037348674892704737,0.00455186975254839,0.0012185807865157806,0.004161709488044242,0.00410309386145207,0.0008227864983553952,0.0028825062660403685,0.0010102853660350847,0.0017237849950479107,0.0018094389078453226,0.0034644764244664236,0.05412427319732451,0.4841660492403105,0.0018207479010193559
54,0.31899105459209803,0.14066313519578466,0.004380108255789363,0.006874136478732268,0.006874136478732268,0.0040208938839880306,0.004650151147377711,0.005451901345201454,0.00702689506714854,0.0025500828872716476,0.006587714125451756,0.0038097623858034256,0.21766678230910202,0.008783618833935676,0.002798321044439684,0.14638072097118648,0.09204413565173736,0.001963560847074849,0.009881571188177635,0.0059662316607864965,0.002635085650180703
55,0.00236060573366522,0.009278986257662658,0.010379882932300598,0.006309370520674556,0.009006074897143168,0.013868235891681208,0.007752064468427029,0.00394263513034693,0.007655163662571692,0.005162231178084553,0.01701147480571487,0.00816550790674314,0.23838596912325827,0.010206884883428921,0.0041946102260666815,0.002875178840402513,0.004822150338627838,0.6204465997058694,0.00862553652120754,0.006804589922285948,0.002746247053837378
56,0.004470621515477622,0.014001974271610073,0.010501480703707553,0.02439053582796593,0.008454809307550649,0.007715373578234121,0.01008142147555925,0.018441624650413265,0.021002961407415106,0.005250740351853776,0.022912321535361935,0.009220812325206633,0.0022397262960040004,0.015430747156468243,0.0045275844950116405,0.7643313041431992,0.005176545868052854,0.008043687347520681,0.017583874666673112,0.017912989223231455,0.008308863853482899
57,0.006231852828197998,0.0817721580537639,0.021603756471086397,0.01408940639418678,0.017055597214015575,0.015151235523483566,0.015431254622204568,0.015807626686160776,0.011573440966653425,0.01324861819497072,0.012962253882651839,0.01751655930088086,0.0028430819357675766,0.004816883198643334,0.6545425897275138,0.03074903464005171,0.026312823136112145,0.007282165102613393,0.005138030682765014,0.01963977861007854,0.006231852828197998
58,0.006374470717124342,0.010978255123936367,0.013173906148723642,0.008077574901111226,0.014637673498581825,0.7997639201087685,0.009409932963374031,0.01580868737846837,0.013173906148723642,0.004367040712284081,0.018382194626126013,0.014371533980425795,0.004319313491384801,0.012957940474154403,0.0033101455172120818,0.004542726258180566,0.0059431155558151766,0.006056419040870175,0.013628178774541701,0.014371533980425795,0.006351530599767265
59,0.053149001243178784,0.08485166246974779,0.008489887330434496,0.009904868552173578,0.01024641574362784,0.0011693016210061885,0.00401548725088118,0.024136539714490406,0.007619129655518137,0.003001475318840478,0.008739589898976687,0.004245299537567587,0.00256160393590696,0.00803097450176236,0.0024849363329157177,0.29929878666803494,0.3902723789512926,0.05301307029370775,0.0072474647942733506,0.013506638934782154,0.00401548725088118
60,0.2015834230000611,0.023911284950928563,0.016755207506704613,0.04831458261690623,0.10053124504022767,0.015940856633952373,0.02010624900804554,0.04021249801609107,0.01827840818913231,0.005291118160011984,0.02010624900804554,0.02010624900804554,0.012566405630028463,0.014361606434318244,0.004188801876676153,0.2515110131663459,0.10859087567694858,0.007631094710228733,0.012566405630028463,0.05026562252011384,0.007180803217159121
61,0.009340244512546041,0.014477378994446365,0.023163806391114185,0.04874526179045356,0.013787979994710825,0.006802131801352559,0.03406442116340321,0.02144796888066128,0.5833821991387418,0.006812884232680642,0.04361136316718287,0.07044737286642755,0.01565122053453661,0.04005883813843979,0.002688945670228755,0.008909156304274687,0.013528307478615898,0.007330318478200691,0.011136445380343358,0.019968798613029467,0.004644956468609987
62,0.0035287431527408412,0.009136924234775393,0.009839764560527344,0.012479701393839561,0.1634448584997331,0.004336167433452728,0.0047634022204706946,0.16714946892122096,0.00812171043091146,0.5188204748662893,0.00775254177496094,0.005274925331416721,0.0013396609892113737,0.008672334866905456,0.0022916211950271288,0.002520530823386315,0.003063878785313904,0.048390244807602505,0.00947532883606337,0.0060196206723226115,0.0035780962038281256
63,0.11190163192675244,0.039047670666874194,0.026839031948139244,0.04083661937955341,0.02932164240334212,0.08666692553948994,0.0037987552911212465,0.06793849133254491,0.0007834599039487018,0.04561725633490515,0.04802039990970564,0.008779345561702437,0.0005962686376830025,0.05475162517420405,0.05966248021465396,0.1251121992469238,0.09943498647164668,0.08613456764751665,0.030969513475073217,0.03333407767958894,0.00045305125463028067
64,0.00632899183460966,0.012748647321367946,0.010326249835415757,0.012523324268482943,0.14430568475610686,0.0044841797456970905,0.007357453007733728,0.011105589445635815,0.011105589445635815,0.002791579411150657,0.007744687376561819,0.00997620746811353,0.0037973951007657957,0.008062962200256141,0.0027258755466355385,0.0035890014671871844,0.004904968671822486,0.005714526607948528,0.5961089914726849,0.1328268234686893,0.0014712715474985004
65,0.006454955223152089,0.009621537030736135,0.013419512174447765,0.01961313317803904,0.029740328735729866,0.005150923864939546,0.011859103782070116,0.01084981835380883,0.011589578696113977,0.5140271038285309,0.26762876766032934,0.01214146339592893,0.00567868395665243,0.02428292679185786,0.004473170724815921,0.006423582262219709,0.006891100846338042,0.004542375135739751,0.013729080416940554,0.014165040628583751,0.007717813313025648
66,0.31274484015074194,0.12140855695371316,0.007953986261992008,0.004554989703582163,0.009483599004682779,0.008249269226816312,0.004931471482435045,0.02312543941975488,0.007705424191304757,0.0018373734086065806,0.0034671628054449536,0.007953986261992008,0.002465735741217523,0.007044959260621492,0.0024173879815858066,0.10763169942705068,0.09375225851495328,0.24793905453644727,0.008502537038681111,0.012977556532723804,0.0038527120956523787
67,0.003672799079187773,0.009113490598788432,0.11468055378511313,0.46046737958502204,0.010356239316805037,0.0023039971486746155,0.007232929046657484,0.01012610066532048,0.2998425393545441,0.002978264901564846,0.009113490598788432,0.006075660399192287,0.0025744323725391044,0.008284991453444027,0.00892300722287374,0.014796930373927297,0.0042192086105502,0.004833743537008343,0.009695202764668544,0.007856457412748648,0.0028525817725815676
68,0.00981085508300142,0.01705220050140723,0.014616171858349056,0.016277100478615993,0.013262822612205622,0.0028082413956319638,0.010689439120285128,0.012095032701006756,0.0779466908552655,0.004116048396891401,0.016277100478615993,0.01136813366760482,0.005344719560142564,0.01377293117421353,0.7238723975234526,0.00424325322488122,0.0067565322741424865,0.008232096793782801,0.013021680382892793,0.01377293117421353,0.004663620743397679
69,0.12700431943295928,0.0069748664003953156,0.017993528136900964,0.016270303936567133,0.006185258883369431,0.6691973505637501,0.0037680312737767806,0.005463645346976331,0.0072048070509577984,0.002222499802159864,0.008195468020464497,0.05669835688971396,0.0016388213838490092,0.0072048070509577984,0.0015981059434562355,0.0297976766135723,0.0026330820949283526,0.0027923549344151706,0.009106075578293887,0.0064278180552662725,0.011622822607269469
70,0.0025293024189863124,0.002499612522830478,0.005518478005061046,0.007357970673414728,0.19313151529019962,0.006225975185197078,0.0018468841582338002,0.05653234359338738,0.003519029452502696,0.3139453146964017,0.11624616106865374,0.0034199018622913524,0.001271272420014063,0.004186431590046311,0.001839492668353682,0.005449904452840092,0.001812037553900642,0.013460081807949383,0.00899307526750689,0.24502270060730455,0.005192514704924462
71,0.02230152869202376,0.32592754953030556,0.009856807502731308,0.009856807502731308,0.006272513865374469,0.0028749021882966313,0.004312353282444947,0.0987382197735568,0.0057498043765932625,0.20822596114114766,0.21652121383813505,0.005174823938933937,0.0012594124357205784,0.004806368952090528,0.002324029958208414,0.0018817541596123407,0.007236134309646009,0.05300233442390063,0.0057498043765932625,0.005307511732239935,0.0026201640197133854
72,0.036872108607075196,0.034238386563712676,0.012290702869025066,0.19883625974778327,0.044383093693701615,0.048266614391900525,0.17881459162302799,0.015977913729732587,0.01072328577765148,0.04416249193294877,0.02819631834658691,0.014525376117938714,0.0048879453308574685,0.06465438409620222,0.0003819543661007524,0.08344021614415906,0.07545125927929276,0.019367168157251615,0.0365209456679602,0.04506591051975858,0.002943073037332661
73,0.047220638701578686,0.12472414889931066,0.03496068399846877,0.01748034199923438,0.026220512998851576,0.009120178434383158,0.031068744726528236,0.03227140061397117,0.02208043199903291,0.00920983512752405,0.019977533713410725,0.026220512998851576,0.42105027846974,0.03813892799832957,0.0068775116062561505,0.04155881392653926,0.020904594032640795,0.007769040888548614,0.018240356868766315,0.03813892799832957,0.006766583999703633
74,0.02273161894778152,0.0652469664048593,0.004017281200387898,0.017777291741213754,0.08416960485124934,0.033522892997717366,0.038861214511662336,0.1896244452396134,0.0035969257631118133,0.11042835340424545,0.11580635762847818,0.0034935507081001577,0.0024901793744620242,0.027653564930776954,0.0018766569198844243,0.01360146953529362,0.016841644807465663,0.0966640238428498,0.017203830717303636,0.13005631767351505,0.00433580880002835
75,0.00696502411675647,0.02009906959406867,0.01954076210534454,0.052357688038730324,0.014356478281477623,0.7093462724654769,0.014655571579008405,0.021317195024012227,0.014655571579008405,0.006764109959542341,0.015987896268009172,0.014967392250902201,0.005060916804261896,0.018512300941905355,0.004286687993977569,0.00622537553798587,0.007404920376762142,0.006620324172040164,0.01368929563372832,0.01954076210534454,0.007646385171656558
76,0.024341954506419485,0.09528508395026238,0.004614381794210405,0.0004637122161101516,0.03743342583760307,0.0012322178133700012,0.3217961168495703,0.0033165869145887284,0.10669700874026926,0.037147043174000874,0.03851426810460098,0.0020678297986152817,0.0017398488732268738,0.01141864636525253,0.1429289137821622,0.04015846450011058,0.02018982959970536,0.013864231791704845,0.017042860543949368,0.0788919512276366,0.0008556236166306323
77,0.0016934097428140317,0.1391060065904795,0.009999642840847027,0.008665136451090733,0.005606852997764591,0.10552737293902394,0.0070604815527405985,0.0611802311433708,0.009077761996380766,0.1003280023040355,0.010033315890736636,0.003404160748642788,0.0024130759737214695,0.009531650096199806,0.003890469427020329,0.0027233285989142304,0.31061812916449993,0.19144326219562086,0.010033315890736636,0.004433325626139444,0.0032310678292202725
78,0.05914868836989323,0.1931214620792746,0.004236286448344419,0.004673844194487554,0.03379594876045984,0.001942113616579307,0.00644668164756904,0.18479602975199516,0.007190529529980852,0.10963410769219079,0.11285864027137286,0.005193160216097282,0.00252640226729057,0.00644668164756904,0.0027493201144044434,0.002336922097243777,0.05455202377109412,0.18794099248530818,0.005498640228808887,0.012418807906309367,0.0024927169037266953
79,0.004945584422206313,0.0183308486767461,0.7407123754201373,0.0140830271310933,0.015600722278081788,0.002702902501995244,0.012220565784497402,0.0183308486767461,0.02528392920930497,0.008626281730233458,0.022913560845932626,0.023529672745793324,0.004792378739018589,0.022219210517268,0.0056839840858127445,0.005163619345562282,0.005773495646219245,0.00794744607507842,0.014377136217055764,0.019203297094826974,0.007559112856390147
80,0.003982186759991406,0.007486511108783843,0.01011690690376195,0.010695015869691203,0.017197165060122248,0.003899224535824919,0.0040077895721489665,0.11808126060031433,0.013368769837114004,0.3780742175237852,0.35769655831854197,0.008507398987254366,0.009074785134751814,0.010378736079358736,0.0020537284316388283,0.0021890383359017087,0.00275239378999406,0.017323545056109165,0.010695015869691203,0.007798449071649838,0.004621303153570274
81,0.037842105022721624,0.03726259612810337,0.015243789325133197,0.008053118505057213,0.01490503845124135,0.6758988047496859,0.014270781495869377,0.01490503845124135,0.020960210322058147,0.005120051376380616,0.020325052433510928,0.018127749467725964,0.0062104326880172275,0.019163620865881734,0.00483035470791401,0.006042583155908655,0.008599060644946933,0.00602130793894043,0.04471511535372405,0.015598296053624668,0.005904892862313361
82,0.12826688021728583,0.6659017766518581,0.013717413322055573,0.019952601195717196,0.0082171358957504,0.009772825012667302,0.017795563228612636,0.014313822596927555,0.016059410718504086,0.0031808494659839007,0.012662227681897452,0.013437466111401376,0.003990520239143439,0.013717413322055573,0.005031568145094713,0.020360630300387608,0.010435914810577991,0.00598578035871516,0.006368540661197174,0.006195990169718904,0.0046356698944478095
83,0.005576844267541536,0.012732027613817752,0.005335051171242986,0.01747362064617414,0.020650642581842165,0.687542035085045,0.011955635178961253,0.013105215484630603,0.018418140681102473,0.006252029405511848,0.02523967426669598,0.008850275392218072,0.005678926710006595,0.02004327074119975,0.00493819713913617,0.06629249395797347,0.006681090247066581,0.017086379549022528,0.02523967426669598,0.0123903855491053,0.008518390065009894
84,0.02843454113842661,0.03791272151790214,0.11373816455370646,0.015165088607160856,0.05686908227685322,0.001642530095934906,0.07582544303580428,0.030518414300135452,0.008745920686012279,0.03249661844391613,0.05686908227685322,0.02843454113842661,0.07582544303580428,0.07582544303580428,0.22797054746458345,0.006953693904809951,0.03750751522014745,0.016248309221958065,0.016248309221958065,0.03791272151790214,0.018855869305900046
85,0.008807399162079694,0.09275896763403127,0.023189741908507817,0.038976573790345706,0.046379483817015635,0.18584182603125232,0.18551793526806248,0.046379483817015635,0.026502562181151785,0.010306551959336807,0.037103587053612504,0.09275896763403127,0.020613103918673614,0.026502562181151785,0.003369017143579435,0.016865266842551137,0.023189741908507817,0.004996746575966548,0.010555872993807471,0.09275896763403127,0.006625640545287947
86,0.005213660753379529,0.0193586232144072,0.04605709142040192,0.0307854254009077,0.010261808466969231,0.6522195889206026,0.0065302417517076935,0.02394421975626154,0.02693724722579424,0.006464939334190616,0.040405870838691356,0.021455931664532902,0.0032324696670953078,0.025859757336762466,0.0042236390045417484,0.019641221494901745,0.006157085080181539,0.008499160490958828,0.017958164817196157,0.010427321506759058,0.014366531853756925
87,0.00968257500179034,0.011310099453995706,0.03312459869033537,0.028607607959835094,0.02030217339085071,0.006681611592443164,0.017009929057199245,0.029969875005541526,0.026223640629848836,0.026226132362452616,0.022477406254156146,0.03496485417313178,0.004916932618096657,0.0157341843779093,0.002265110540613413,0.026204267942107288,0.00968257500179034,0.01234053676698769,0.6344810827220149,0.02517469500465488,0.0026201114542451216
88,0.2186284946658467,0.19339599203935437,0.008457893434905087,0.013999271892256695,0.009901924021352296,0.02808435227087566,0.005486201146965461,0.014777016756959825,0.012302390450771033,0.002819297811635029,0.011940555437513063,0.0032709086837372694,0.0014709379886791453,0.010972402293930922,0.010835736644563205,0.41050937138628196,0.013178061381349445,0.0057877073270257914,0.009901924021352296,0.009666163925605811,0.004613396419039138
89,0.005659412549973844,0.004655928568256673,0.006344495188414117,0.007771133650710354,0.05122033531590543,0.003828426136747013,0.0030497708942147533,0.007888878099963541,0.011077999033991358,0.0033609143908074424,0.00946665371995625,0.007326535289781164,0.005006403409592247,0.2687486729538249,0.002433018479428008,0.002365955995155185,0.003615735795816623,0.0034030454548862337,0.062463823555982234,0.5277538093484592,0.0025590521681334816
90,0.009946574332865946,0.00690265846840845,0.09324274514891119,0.02188246353230508,0.028210822434208662,0.005758543034817126,0.11891274443908889,0.013262099110487927,0.029176618043073446,0.08635922143401241,0.016832664255619294,0.02818653509114285,0.004705906135979587,0.016832664255619294,0.006436018685972082,0.004655843304745762,0.008955771111675363,0.008752985412922031,0.04622333476993735,0.4402580440315768,0.004505742966630571
