site,A,C,D,E,F,G,H,I,K,L,M,N,P,Q,R,S,T,V,W,Y,*
0,0.01425,0.03015,0.03356,0.02587,0.01578,0.03485,0.01927,0.01898,0.13956,0.01181,0.01935,0.03866,0.02050,0.01937,0.46895,0.02843,0.01597,0.00737,0.01071,0.01970,0.00689
1,0.01338,0.01524,0.01663,0.01581,0.01798,0.36436,0.12452,0.01706,0.01387,0.00700,0.01367,0.03164,0.19476,0.03384,0.02622,0.01165,0.02943,0.00681,0.00858,0.02592,0.01163
2,0.00631,0.03999,0.05578,0.01311,0.01207,0.70089,0.01282,0.01485,0.01472,0.00589,0.01503,0.01429,0.00635,0.01512,0.00498,0.02195,0.00853,0.00737,0.01010,0.01448,0.00536
3,0.10880,0.05748,0.01618,0.03554,0.01851,0.55319,0.01884,0.02028,0.01639,0.00558,0.02005,0.01971,0.00811,0.02033,0.01372,0.00610,0.01008,0.01001,0.01115,0.02363,0.00630
4,0.04703,0.06377,0.03247,0.03211,0.03966,0.02741,0.04326,0.07749,0.05129,0.04913,0.03441,0.05660,0.00335,0.13077,0.05795,0.06746,0.06702,0.07675,0.01488,0.02664,0.00055
5,0.12562,0.06328,0.00820,0.02080,0.01124,0.52434,0.00705,0.00981,0.01335,0.00265,0.00963,0.01039,0.00343,0.01064,0.01192,0.12895,0.00464,0.00985,0.00577,0.01069,0.00773
6,0.04237,0.04092,0.13044,0.15040,0.04378,0.01281,0.03208,0.02462,0.00918,0.02586,0.05613,0.04720,0.00525,0.09958,0.00655,0.06227,0.05378,0.04604,0.05597,0.05260,0.00217
7,0.04980,0.05164,0.01484,0.01581,0.01527,0.00459,0.01422,0.03001,0.01348,0.00428,0.01370,0.01451,0.01023,0.01410,0.00402,0.04230,0.64791,0.01146,0.01039,0.01242,0.00502
8,0.03324,0.16470,0.00383,0.00540,0.00407,0.00757,0.00316,0.16146,0.00388,0.20100,0.00534,0.00921,0.05948,0.00289,0.00226,0.02659,0.11157,0.18666,0.00278,0.00357,0.00133
9,0.00727,0.01629,0.01448,0.07030,0.01613,0.67157,0.01534,0.01479,0.02183,0.00483,0.02155,0.02381,0.00704,0.02054,0.01199,0.00656,0.00865,0.00506,0.01011,0.01367,0.01818
10,0.04847,0.10558,0.06378,0.14130,0.02761,0.01129,0.02821,0.07235,0.01212,0.02967,0.03476,0.03203,0.00160,0.09832,0.02740,0.02526,0.01084,0.11419,0.06683,0.04631,0.00207
11,0.04835,0.01537,0.01213,0.03095,0.03176,0.02094,0.06405,0.06710,0.15204,0.09339,0.11207,0.05909,0.00326,0.05338,0.06565,0.03915,0.02825,0.08411,0.00606,0.00963,0.00327
12,0.01968,0.02539,0.05499,0.04069,0.05010,0.01004,0.06614,0.03820,0.04843,0.02317,0.03259,0.06711,0.04981,0.06210,0.03105,0.01894,0.03642,0.00892,0.21165,0.09030,0.01429
13,0.01648,0.03066,0.03853,0.03343,0.03596,0.00574,0.12849,0.05734,0.31259,0.01524,0.02078,0.02801,0.01408,0.02630,0.07871,0.01591,0.03015,0.00874,0.01453,0.05851,0.02984
14,0.05987,0.03543,0.02952,0.01848,0.06161,0.08072,0.08344,0.06739,0.02597,0.04879,0.09797,0.06670,0.00106,0.05212,0.02866,0.07440,0.06103,0.04342,0.02191,0.03967,0.00184
15,0.10174,0.05304,0.01342,0.05956,0.00693,0.06261,0.02875,0.01672,0.10319,0.04426,0.06105,0.07431,0.00168,0.07301,0.11502,0.09930,0.05188,0.02589,0.00208,0.00417,0.00139
16,0.00434,0.01490,0.01005,0.00983,0.00799,0.00333,0.00834,0.16464,0.00872,0.24345,0.19945,0.01095,0.03849,0.04210,0.00368,0.00308,0.03813,0.17109,0.00599,0.00814,0.00330
17,0.09115,0.03999,0.01895,0.01160,0.01311,0.06910,0.05213,0.03979,0.03145,0.03167,0.04578,0.22060,0.00514,0.05900,0.03902,0.10680,0.04009,0.04445,0.00953,0.02594,0.00471
18,0.05197,0.06659,0.04239,0.05932,0.03414,0.06752,0.07428,0.06474,0.03200,0.07344,0.05049,0.05100,0.00199,0.06545,0.04495,0.06576,0.06086,0.05908,0.01271,0.02061,0.00069
19,0.01535,0.07548,0.01307,0.00780,0.12216,0.00529,0.03804,0.07651,0.02000,0.23988,0.19708,0.00878,0.00323,0.07449,0.00246,0.00773,0.00769,0.01684,0.00706,0.05907,0.00198
20,0.09635,0.06540,0.09132,0.04655,0.00600,0.07247,0.04324,0.02066,0.01598,0.03334,0.03600,0.04413,0.06814,0.09303,0.01854,0.08612,0.06784,0.06041,0.00487,0.02443,0.00517
21,0.08188,0.01427,0.03320,0.02346,0.00557,0.10318,0.05260,0.00848,0.02903,0.03024,0.05164,0.06381,0.07983,0.10149,0.06643,0.11357,0.09638,0.02283,0.01084,0.00896,0.00229
22,0.04364,0.05767,0.03826,0.03674,0.05699,0.04257,0.06038,0.07243,0.01227,0.06472,0.07879,0.03685,0.08932,0.06563,0.01723,0.03373,0.04405,0.06892,0.02708,0.05178,0.00096
23,0.04758,0.07112,0.11954,0.11157,0.02242,0.06842,0.05864,0.02289,0.01352,0.02021,0.05389,0.06923,0.01388,0.13532,0.00678,0.04992,0.04151,0.03879,0.01427,0.01503,0.00547
24,0.01402,0.02491,0.03239,0.01612,0.26727,0.00622,0.08155,0.04893,0.02042,0.00262,0.01385,0.03242,0.04537,0.02808,0.00628,0.00356,0.01954,0.00625,0.12164,0.20305,0.00550
25,0.08381,0.04243,0.02255,0.01464,0.05375,0.02071,0.10040,0.07322,0.01461,0.07333,0.06895,0.07908,0.00692,0.05983,0.03911,0.06824,0.05007,0.04728,0.00571,0.07421,0.00118
26,0.00857,0.02725,0.03463,0.02772,0.00914,0.00240,0.03511,0.02098,0.10229,0.01036,0.04742,0.13170,0.06477,0.11714,0.07023,0.12705,0.12139,0.02595,0.00379,0.01111,0.00098
27,0.01081,0.01258,0.03119,0.01400,0.31264,0.00648,0.08007,0.02560,0.01788,0.00621,0.02073,0.02350,0.01310,0.02396,0.00680,0.00944,0.01182,0.00727,0.01457,0.34570,0.00565
28,0.01159,0.02296,0.02299,0.09570,0.01473,0.00775,0.05966,0.07841,0.27266,0.00661,0.01398,0.02816,0.01099,0.02942,0.18535,0.00872,0.03738,0.01814,0.01186,0.05104,0.01191
29,0.08320,0.02799,0.00906,0.02870,0.01465,0.04009,0.03282,0.04516,0.17005,0.04531,0.03112,0.05980,0.00679,0.05783,0.16487,0.07491,0.04391,0.04046,0.00447,0.01340,0.00541
30,0.17829,0.16507,0.02572,0.01559,0.01501,0.01286,0.04678,0.02898,0.01327,0.01432,0.01464,0.15821,0.00804,0.02116,0.01617,0.15398,0.06619,0.01423,0.01020,0.01125,0.01005
31,0.21656,0.06929,0.01678,0.01968,0.01850,0.32592,0.02841,0.02157,0.01838,0.00654,0.01804,0.05110,0.01011,0.03178,0.00740,0.06984,0.00997,0.01574,0.01631,0.02186,0.00621
32,0.01094,0.14636,0.02557,0.03053,0.02470,0.00767,0.02290,0.28319,0.01869,0.00671,0.02201,0.04434,0.01076,0.02952,0.00639,0.01558,0.09449,0.13893,0.02246,0.02985,0.00843
33,0.05488,0.02166,0.01019,0.00672,0.01466,0.00468,0.09689,0.03629,0.02029,0.08804,0.03436,0.03170,0.00426,0.07150,0.02506,0.08104,0.13301,0.03574,0.18328,0.04331,0.00244
34,0.01579,0.02254,0.13137,0.42878,0.02825,0.08794,0.02214,0.02153,0.02668,0.00835,0.02563,0.01912,0.00989,0.03043,0.00871,0.01149,0.01234,0.02000,0.02900,0.02167,0.01834
35,0.04426,0.09418,0.01674,0.01519,0.01084,0.00484,0.01080,0.21052,0.01746,0.00762,0.01297,0.01580,0.03563,0.01248,0.00353,0.01240,0.13795,0.30987,0.00711,0.01545,0.00436
36,0.11591,0.06669,0.02296,0.03508,0.03539,0.03532,0.05079,0.03128,0.01843,0.03972,0.09454,0.08830,0.06769,0.06891,0.01580,0.05748,0.05223,0.05348,0.01507,0.03138,0.00355
37,0.01998,0.05658,0.04802,0.02359,0.03062,0.00738,0.04291,0.05610,0.02295,0.01460,0.03076,0.13113,0.04174,0.03531,0.27579,0.02755,0.02764,0.01193,0.03240,0.04899,0.01406
38,0.06942,0.01949,0.23865,0.21223,0.01762,0.04305,0.02046,0.04626,0.01500,0.02156,0.02181,0.09441,0.00258,0.02138,0.00371,0.03072,0.05717,0.02820,0.01746,0.01522,0.00359
39,0.02861,0.00954,0.11354,0.20583,0.01135,0.04153,0.04335,0.06687,0.00617,0.04392,0.05796,0.03512,0.07026,0.09073,0.00575,0.02975,0.05439,0.06332,0.00707,0.01170,0.00322
40,0.42696,0.01770,0.03080,0.01587,0.01938,0.01110,0.03154,0.02476,0.02261,0.00640,0.02287,0.01898,0.01837,0.02538,0.00682,0.16308,0.01779,0.05232,0.03922,0.01598,0.01208
41,0.05996,0.02584,0.00681,0.00916,0.00716,0.00502,0.01085,0.11961,0.18024,0.02912,0.06325,0.01158,0.00282,0.08459,0.13592,0.04528,0.07173,0.11561,0.00502,0.00678,0.00365
42,0.10917,0.03984,0.01762,0.03457,0.01051,0.02781,0.06117,0.05256,0.02360,0.06074,0.07078,0.08277,0.00119,0.08949,0.09314,0.06947,0.08635,0.04136,0.01142,0.01448,0.00195
43,0.31140,0.10990,0.01728,0.03188,0.01959,0.00879,0.04487,0.02394,0.02565,0.04966,0.10554,0.03202,0.00573,0.05214,0.02628,0.06129,0.00397,0.01930,0.01737,0.02468,0.00869
44,0.01242,0.01377,0.01082,0.01554,0.12532,0.00850,0.03525,0.20703,0.01401,0.33745,0.07833,0.00942,0.00755,0.01597,0.00694,0.00359,0.00600,0.04949,0.01831,0.01863,0.00563
45,0.06634,0.04116,0.04390,0.05554,0.02525,0.04313,0.06765,0.03955,0.08365,0.07712,0.06392,0.05973,0.00099,0.07861,0.03688,0.06889,0.05396,0.04018,0.01231,0.04058,0.00064
46,0.05248,0.07779,0.14101,0.11072,0.01331,0.05733,0.04805,0.02372,0.01232,0.04001,0.03503,0.07358,0.00148,0.10600,0.01236,0.10059,0.05065,0.02320,0.00731,0.01126,0.00179
47,0.04206,0.06384,0.00926,0.00875,0.01243,0.22670,0.08228,0.00616,0.08551,0.01640,0.05364,0.14581,0.00251,0.10505,0.05540,0.05473,0.00369,0.00486,0.01043,0.00591,0.00459
48,0.03227,0.11094,0.04832,0.03815,0.08552,0.01075,0.04597,0.06120,0.01835,0.05063,0.03400,0.10710,0.03390,0.05539,0.02380,0.01704,0.06983,0.07506,0.01339,0.06130,0.00710
49,0.04291,0.04650,0.08292,0.03070,0.07966,0.02235,0.02264,0.03734,0.08452,0.07497,0.04536,0.05264,0.01621,0.04126,0.03788,0.04488,0.05727,0.05170,0.03868,0.08765,0.00193
50,0.04582,0.05961,0.14596,0.04373,0.02912,0.03948,0.07699,0.03770,0.02578,0.02316,0.03560,0.13172,0.00240,0.04360,0.00929,0.05243,0.07112,0.06637,0.02774,0.03047,0.00189
51,0.12409,0.04347,0.02000,0.10758,0.00875,0.17455,0.05222,0.00650,0.03451,0.02955,0.03195,0.04494,0.00219,0.04627,0.01375,0.17202,0.05381,0.01296,0.00790,0.00575,0.00724
52,0.00823,0.01910,0.01698,0.07028,0.01986,0.58544,0.01766,0.02165,0.02188,0.00623,0.02228,0.02266,0.00794,0.03661,0.04442,0.00686,0.00874,0.01057,0.02018,0.02110,0.01134
53,0.00960,0.00947,0.00768,0.00786,0.26361,0.00347,0.26910,0.00841,0.00637,0.00237,0.00845,0.00683,0.00157,0.02033,0.01607,0.00242,0.00291,0.01214,0.09154,0.24704,0.00277
54,0.26240,0.09575,0.01377,0.01215,0.00909,0.00747,0.00740,0.00863,0.00996,0.00347,0.01073,0.00766,0.23601,0.01053,0.00357,0.15621,0.09908,0.01890,0.01375,0.00968,0.00382
55,0.03743,0.02667,0.01120,0.02147,0.01214,0.00721,0.01322,0.01955,0.01086,0.01447,0.02144,0.00948,0.22213,0.01209,0.00566,0.00408,0.00944,0.51304,0.01494,0.00909,0.00439
56,0.00737,0.01680,0.01422,0.02762,0.06848,0.00969,0.01049,0.02199,0.02570,0.00678,0.02968,0.01474,0.03770,0.01740,0.00623,0.58914,0.00568,0.00961,0.02562,0.04434,0.01073
57,0.01087,0.08091,0.02767,0.01801,0.02696,0.01545,0.01648,0.02400,0.02184,0.01469,0.03704,0.01940,0.00531,0.02658,0.47768,0.06483,0.03166,0.01761,0.02920,0.02478,0.00899
58,0.01080,0.01938,0.01741,0.02687,0.02262,0.66404,0.01435,0.02125,0.02389,0.00581,0.02646,0.01773,0.00659,0.01777,0.02687,0.00734,0.00890,0.01183,0.01973,0.01741,0.01295
59,0.16468,0.09104,0.01373,0.01379,0.01291,0.00935,0.00707,0.02279,0.01197,0.00389,0.01087,0.02323,0.00517,0.00964,0.00621,0.22951,0.20310,0.12333,0.01017,0.02173,0.00581
60,0.12798,0.06155,0.01948,0.03003,0.09248,0.02482,0.02900,0.02649,0.03005,0.00671,0.01970,0.03714,0.01649,0.02000,0.00568,0.30123,0.05485,0.03041,0.01387,0.04408,0.00797
61,0.02622,0.01939,0.03198,0.02161,0.02377,0.00800,0.04199,0.02585,0.44794,0.00754,0.03806,0.06479,0.02550,0.04828,0.05830,0.01080,0.01784,0.00804,0.01839,0.02765,0.02808
62,0.00495,0.01117,0.01093,0.01575,0.26733,0.00565,0.00965,0.10673,0.01066,0.43000,0.01127,0.00693,0.01965,0.01182,0.00488,0.00364,0.00415,0.03803,0.01303,0.00878,0.00501
63,0.17122,0.04783,0.01839,0.05731,0.01710,0.07396,0.00488,0.02663,0.02196,0.02616,0.08722,0.00676,0.00111,0.09007,0.05748,0.12932,0.06051,0.05921,0.02001,0.02144,0.00143
64,0.00932,0.01921,0.01895,0.01943,0.09072,0.01174,0.01258,0.01502,0.01515,0.00721,0.01452,0.01323,0.00610,0.01381,0.05652,0.00603,0.00763,0.00975,0.57217,0.06536,0.01555
65,0.00801,0.01960,0.01861,0.02215,0.02142,0.00827,0.01488,0.02553,0.01695,0.38656,0.29280,0.01548,0.00586,0.02339,0.00720,0.03065,0.00902,0.01248,0.02767,0.01971,0.01377
66,0.23929,0.09127,0.01607,0.01848,0.01880,0.01046,0.01389,0.02812,0.01605,0.00478,0.01411,0.01192,0.00427,0.01757,0.00455,0.03969,0.14564,0.26514,0.01346,0.01976,0.00668
67,0.00675,0.02549,0.08805,0.39828,0.01759,0.01270,0.01496,0.01713,0.28705,0.00456,0.01869,0.00893,0.00390,0.01404,0.01548,0.01020,0.00565,0.01248,0.01534,0.01239,0.01033
68,0.01161,0.02228,0.02282,0.02734,0.02036,0.04121,0.01261,0.02767,0.06149,0.00654,0.02234,0.01512,0.00750,0.02171,0.57472,0.02230,0.00867,0.01224,0.02112,0.01750,0.02284
69,0.10903,0.01056,0.06209,0.03037,0.01067,0.57643,0.00504,0.00820,0.01030,0.00298,0.01092,0.05276,0.00242,0.01573,0.01484,0.02991,0.00346,0.01132,0.01257,0.00856,0.01181
70,0.00411,0.02422,0.00676,0.00947,0.16043,0.00746,0.04680,0.06669,0.00615,0.28009,0.13488,0.00545,0.00170,0.00544,0.00289,0.00363,0.00294,0.00677,0.01986,0.19953,0.00474
71,0.03113,0.21999,0.01326,0.01413,0.03801,0.00616,0.00722,0.09256,0.01241,0.20501,0.15454,0.00897,0.02377,0.01121,0.01097,0.00401,0.03611,0.08318,0.01053,0.01151,0.00531
72,0.04847,0.06344,0.12866,0.15503,0.03110,0.07058,0.08843,0.01781,0.02003,0.05105,0.03789,0.01954,0.00941,0.06102,0.01310,0.05245,0.04803,0.03010,0.02602,0.02604,0.00180
73,0.01986,0.07215,0.03640,0.02510,0.04234,0.00989,0.09637,0.03793,0.02746,0.02426,0.06083,0.03576,0.27112,0.08158,0.00958,0.00921,0.05247,0.01173,0.01828,0.04700,0.01068
74,0.02416,0.09724,0.00677,0.04134,0.11264,0.04044,0.04183,0.07959,0.00632,0.12111,0.10559,0.02265,0.00348,0.02842,0.00305,0.01783,0.01924,0.07801,0.02212,0.12349,0.00468
75,0.01193,0.02776,0.02681,0.02696,0.02106,0.58576,0.02020,0.03176,0.02840,0.00855,0.02371,0.02111,0.00859,0.02402,0.03144,0.00897,0.01004,0.01515,0.03370,0.02434,0.00974
76,0.04060,0.05557,0.00825,0.00211,0.07224,0.00395,0.23343,0.00978,0.10089,0.04081,0.03333,0.01116,0.00266,0.02324,0.15361,0.03711,0.02171,0.02165,0.01849,0.10608,0.00334
77,0.00941,0.25812,0.01608,0.02262,0.01076,0.03091,0.00903,0.03035,0.01565,0.06054,0.01357,0.00789,0.00458,0.01077,0.00563,0.00429,0.25182,0.20503,0.01926,0.00837,0.00532
78,0.05028,0.15762,0.01780,0.00929,0.03686,0.00776,0.00855,0.17124,0.01475,0.06266,0.14400,0.00736,0.00395,0.01065,0.00399,0.00350,0.06406,0.18866,0.00895,0.02392,0.00415
79,0.00794,0.02436,0.61775,0.02268,0.02550,0.01284,0.01360,0.02330,0.02979,0.00947,0.02615,0.05898,0.00692,0.02599,0.00740,0.00680,0.00756,0.00935,0.02080,0.03167,0.01114
80,0.00663,0.01779,0.01481,0.01676,0.02729,0.00794,0.02273,0.18884,0.01969,0.43520,0.12807,0.01307,0.01259,0.01624,0.00703,0.00452,0.00531,0.01128,0.01901,0.01647,0.00874
81,0.01568,0.05917,0.02021,0.03601,0.02007,0.58005,0.01786,0.01759,0.02664,0.00630,0.02413,0.01927,0.00850,0.02724,0.01075,0.00742,0.01180,0.01227,0.04449,0.01885,0.01570
82,0.25605,0.47861,0.01187,0.01526,0.00813,0.00836,0.01159,0.01221,0.01299,0.00312,0.01152,0.01121,0.00366,0.01123,0.01377,0.07741,0.01501,0.00530,0.00656,0.02193,0.00422
83,0.00807,0.03648,0.03980,0.02490,0.02128,0.63141,0.01396,0.01761,0.02573,0.00777,0.02660,0.01197,0.00700,0.02358,0.00563,0.01826,0.00712,0.01478,0.03069,0.01585,0.01150
84,0.01871,0.03315,0.04617,0.03018,0.04433,0.02415,0.09624,0.11467,0.02306,0.02306,0.07003,0.02336,0.08715,0.05729,0.16232,0.00735,0.03426,0.01708,0.03146,0.03164,0.02435
85,0.01373,0.04978,0.03874,0.02024,0.05506,0.14212,0.12068,0.07986,0.02603,0.02063,0.03891,0.09160,0.01951,0.06926,0.01599,0.02677,0.02846,0.01742,0.02003,0.09431,0.01088
86,0.01159,0.01790,0.02425,0.04671,0.02196,0.55499,0.01079,0.02903,0.04914,0.00765,0.04580,0.02602,0.00416,0.02995,0.00631,0.01604,0.00955,0.01697,0.03395,0.01784,0.01941
87,0.01400,0.02747,0.03601,0.04421,0.03407,0.01301,0.02099,0.03837,0.03722,0.01091,0.02942,0.03086,0.00677,0.02098,0.01045,0.01124,0.01293,0.01828,0.53561,0.04103,0.00618
88,0.20611,0.19021,0.00899,0.01439,0.01019,0.09259,0.00604,0.01064,0.01646,0.00337,0.01330,0.01380,0.00177,0.01284,0.01004,0.33422,0.02030,0.00668,0.01293,0.00947,0.00564
89,0.00435,0.05138,0.01608,0.01001,0.09460,0.00409,0.03543,0.00761,0.00994,0.00612,0.00981,0.00812,0.00531,0.27584,0.00284,0.00306,0.00381,0.00431,0.05247,0.39164,0.00318
90,0.01020,0.04505,0.04783,0.03144,0.08380,0.00832,0.06717,0.01717,0.03181,0.06057,0.02516,0.02054,0.00624,0.02818,0.00750,0.00856,0.00759,0.02455,0.05729,0.40513,0.00589
91,0.10874,0.08720,0.00319,0.00403,0.00421,0.03798,0.00255,0.12649,0.00566,0.05074,0.15430,0.00650,0.00174,0.00369,0.00127,0.11534,0.13044,0.14683,0.00411,0.00300,0.00198
92,0.50473,0.11250,0.00915,0.02133,0.01539,0.10658,0.00768,0.01766,0.02280,0.00508,0.02794,0.01286,0.00333,0.01700,0.00447,0.02896,0.00300,0.02929,0.02666,0.01634,0.00726
93,0.08975,0.04975,0.00547,0.01081,0.00529,0.12976,0.03256,0.04661,0.00863,0.00205,0.00954,0.01581,0.00117,0.01026,0.00251,0.12932,0.38593,0.04621,0.00850,0.00625,0.00384
94,0.03618,0.05960,0.08300,0.00918,0.00535,0.02241,0.08000,0.15646,0.01121,0.13075,0.03010,0.10562,0.00170,0.09206,0.00266,0.03026,0.02056,0.07916,0.01983,0.02178,0.00214
95,0.04664,0.02951,0.00314,0.00489,0.01273,0.05075,0.02233,0.04032,0.09361,0.07914,0.08117,0.10232,0.04914,0.06040,0.12924,0.07017,0.07109,0.04406,0.00480,0.00292,0.00163
96,0.08665,0.01273,0.01339,0.12965,0.08570,0.00611,0.08293,0.02656,0.04043,0.15731,0.02278,0.02246,0.05547,0.01357,0.02566,0.03565,0.05094,0.01207,0.05151,0.06456,0.00389
97,0.03423,0.06702,0.04925,0.01859,0.04974,0.00395,0.12350,0.06735,0.06857,0.01209,0.03448,0.08971,0.02379,0.04149,0.01030,0.01689,0.04437,0.13902,0.02568,0.05594,0.02402
98,0.00988,0.02459,0.02471,0.01889,0.03132,0.00973,0.02371,0.12397,0.01762,0.01324,0.03166,0.02094,0.00396,0.54869,0.01133,0.01415,0.00573,0.01157,0.02358,0.01473,0.01599
99,0.02225,0.05213,0.25644,0.31285,0.01258,0.02409,0.00645,0.03848,0.00577,0.07166,0.06657,0.00837,0.00254,0.03411,0.00404,0.00725,0.00519,0.04659,0.01145,0.00843,0.00275
100,0.01098,0.23443,0.01329,0.01476,0.01379,0.01496,0.01527,0.18496,0.01846,0.00637,0.00725,0.01847,0.00375,0.01426,0.00476,0.00449,0.00629,0.37631,0.01841,0.01190,0.00684
101,0.05519,0.07940,0.00526,0.00740,0.03608,0.05747,0.06818,0.06043,0.10195,0.08693,0.05735,0.04254,0.00070,0.05932,0.09719,0.05124,0.01390,0.04718,0.02809,0.03756,0.00663
102,0.03488,0.00891,0.01305,0.04454,0.00875,0.74148,0.00694,0.01149,0.01608,0.00303,0.01398,0.00977,0.00277,0.01083,0.00727,0.00647,0.00475,0.02016,0.01553,0.00892,0.01040
103,0.00421,0.01117,0.00765,0.01011,0.17669,0.00358,0.03638,0.07112,0.00946,0.09621,0.05607,0.00615,0.00137,0.00614,0.00238,0.00352,0.00193,0.10373,0.17462,0.21233,0.00519
104,0.02476,0.01874,0.01427,0.02868,0.01656,0.00948,0.00619,0.02195,0.01683,0.00468,0.01756,0.01028,0.00440,0.01162,0.00431,0.07181,0.66285,0.00841,0.02439,0.01198,0.01027
105,0.06155,0.05431,0.01655,0.01676,0.02264,0.00919,0.06609,0.04717,0.14314,0.04486,0.05361,0.06589,0.00101,0.08009,0.08279,0.05060,0.04858,0.05984,0.03432,0.03930,0.00173
106,0.19673,0.01045,0.01102,0.04978,0.00848,0.53367,0.00658,0.01327,0.01361,0.00355,0.01613,0.01179,0.00519,0.01419,0.01581,0.04373,0.01161,0.00582,0.01435,0.00838,0.00587
107,0.07023,0.03491,0.05722,0.03069,0.01708,0.51525,0.01227,0.02122,0.03279,0.02088,0.02368,0.01631,0.00846,0.02977,0.00505,0.02167,0.01907,0.01018,0.02224,0.01865,0.01237
108,0.12658,0.08736,0.03044,0.01802,0.03913,0.01206,0.04505,0.07788,0.03994,0.00864,0.03306,0.02818,0.17742,0.02242,0.04920,0.04781,0.05660,0.05615,0.01729,0.01973,0.00705
109,0.06258,0.06529,0.05570,0.06708,0.01066,0.13332,0.07614,0.00391,0.05571,0.00465,0.04724,0.09710,0.00089,0.11291,0.03047,0.08527,0.04756,0.01280,0.00420,0.02483,0.00168
110,0.02127,0.00833,0.00537,0.01019,0.01023,0.04443,0.43657,0.00617,0.00899,0.00193,0.00780,0.01595,0.00122,0.36546,0.00728,0.00258,0.00190,0.00373,0.00976,0.02673,0.00410
