site,A,C,D,E,F,G,H,I,K,L,M,N,P,Q,R,S,T,V,W,Y,*
0,0.01165,0.00557,0.02768,0.02129,0.01294,0.01253,0.00576,0.01552,0.21354,0.00552,0.01584,0.03194,0.01820,0.01562,0.52506,0.00943,0.01312,0.00606,0.00812,0.01895,0.00566
1,0.01370,0.01314,0.01433,0.01671,0.01550,0.41610,0.10884,0.01476,0.01189,0.00601,0.01170,0.02687,0.19227,0.02910,0.02098,0.00997,0.02533,0.00363,0.00743,0.02205,0.01967
2,0.00494,0.01870,0.06970,0.01030,0.00941,0.75455,0.01002,0.01154,0.01147,0.00876,0.01173,0.01114,0.00494,0.01180,0.00575,0.00647,0.00666,0.00881,0.00786,0.01127,0.00418
3,0.17942,0.09099,0.01060,0.05245,0.01204,0.50453,0.01228,0.01322,0.01062,0.00363,0.01300,0.01286,0.00528,0.01319,0.01276,0.00398,0.00657,0.01768,0.00535,0.01544,0.00411
4,0.04557,0.06926,0.03614,0.03042,0.07299,0.04063,0.06280,0.04898,0.03480,0.06196,0.04271,0.07040,0.00431,0.09879,0.06119,0.06807,0.05139,0.05232,0.02284,0.02415,0.00027
5,0.03578,0.07121,0.00725,0.03021,0.01150,0.65361,0.00620,0.00862,0.01088,0.00233,0.00849,0.00908,0.00302,0.00934,0.01827,0.08383,0.00386,0.00299,0.00507,0.01222,0.00624
6,0.04386,0.04997,0.17349,0.19942,0.03897,0.02323,0.02349,0.01465,0.00752,0.01543,0.05169,0.04245,0.00252,0.06686,0.00331,0.06714,0.04073,0.02771,0.05485,0.05074,0.00194
7,0.04569,0.07307,0.01108,0.01182,0.01140,0.00343,0.01062,0.01897,0.01009,0.00320,0.01024,0.01201,0.00955,0.01053,0.00301,0.02298,0.70177,0.00975,0.00776,0.00929,0.00375
8,0.01775,0.15083,0.00335,0.00476,0.00356,0.00610,0.00276,0.20202,0.00339,0.24765,0.00246,0.00817,0.04280,0.00251,0.00141,0.00828,0.07080,0.21473,0.00242,0.00310,0.00115
9,0.00478,0.01234,0.01101,0.07012,0.01234,0.72024,0.01170,0.01124,0.01664,0.00366,0.01643,0.01810,0.00533,0.01560,0.00252,0.00498,0.00656,0.00449,0.00765,0.01043,0.03383
10,0.03937,0.09674,0.07200,0.16508,0.01873,0.01241,0.01916,0.06990,0.00345,0.03061,0.03724,0.03676,0.00126,0.06246,0.03350,0.02488,0.00745,0.11891,0.09722,0.05179,0.00108
11,0.07026,0.01428,0.01151,0.00123,0.03143,0.01463,0.04833,0.04125,0.19851,0.12769,0.10316,0.04727,0.00313,0.03952,0.04209,0.03480,0.03477,0.12234,0.00431,0.00772,0.00176
12,0.01623,0.01961,0.04515,0.03456,0.09257,0.01553,0.05468,0.03142,0.04067,0.01784,0.02653,0.05692,0.04023,0.04798,0.01721,0.01467,0.02973,0.00750,0.23150,0.13585,0.02363
13,0.02733,0.03643,0.03136,0.03400,0.02777,0.00495,0.15052,0.04278,0.32784,0.02442,0.01669,0.01190,0.01024,0.01651,0.09510,0.02535,0.02645,0.00680,0.01133,0.04844,0.02379
14,0.05820,0.04497,0.03985,0.02253,0.04403,0.06796,0.09331,0.08768,0.00444,0.05274,0.09531,0.08250,0.00071,0.06352,0.01516,0.06546,0.04866,0.05134,0.01504,0.04539,0.00122
15,0.10051,0.04906,0.01452,0.02637,0.00859,0.09273,0.02424,0.02387,0.10082,0.04139,0.04274,0.07820,0.00094,0.07072,0.12719,0.09635,0.05539,0.03935,0.00153,0.00446,0.00103
16,0.00212,0.01628,0.00566,0.00559,0.00452,0.00188,0.00475,0.17119,0.00494,0.20384,0.17741,0.00617,0.00146,0.10595,0.00259,0.00174,0.08301,0.19104,0.00339,0.00460,0.00186
17,0.09082,0.02717,0.00781,0.00626,0.01922,0.08106,0.07796,0.05861,0.03121,0.03636,0.05181,0.18658,0.00277,0.07260,0.04571,0.05975,0.05949,0.06124,0.00607,0.01493,0.00255
18,0.04856,0.07024,0.04288,0.07032,0.04729,0.04191,0.05800,0.08111,0.02045,0.08629,0.06708,0.05935,0.00238,0.06478,0.02732,0.04481,0.05696,0.06703,0.01974,0.02281,0.00071
19,0.03048,0.11352,0.00450,0.00276,0.12445,0.00184,0.09211,0.10896,0.03250,0.14569,0.11393,0.00301,0.00112,0.07282,0.00069,0.01679,0.00081,0.02577,0.00823,0.09931,0.00070
20,0.08592,0.08312,0.13914,0.05835,0.00699,0.07662,0.04714,0.03513,0.00326,0.03570,0.02683,0.02702,0.02776,0.07416,0.00166,0.06060,0.09216,0.07478,0.00595,0.03452,0.00318
21,0.08298,0.01542,0.00741,0.00797,0.00446,0.16379,0.05537,0.01250,0.01049,0.04540,0.06158,0.06678,0.09949,0.01696,0.04963,0.10367,0.11464,0.04898,0.01837,0.01255,0.00154
22,0.01815,0.04607,0.01404,0.02155,0.08388,0.01047,0.03912,0.13781,0.00285,0.09748,0.07314,0.01707,0.14084,0.02313,0.00468,0.01242,0.02612,0.09920,0.05497,0.07597,0.00105
23,0.03217,0.06202,0.12916,0.12094,0.04624,0.07874,0.04431,0.03932,0.00335,0.02259,0.05521,0.03855,0.02598,0.12606,0.00450,0.04423,0.01771,0.05449,0.02205,0.02117,0.01121
24,0.01065,0.01235,0.02459,0.01228,0.27804,0.00471,0.09972,0.02158,0.01523,0.00107,0.01044,0.02416,0.03430,0.02116,0.00476,0.00171,0.01480,0.00412,0.09896,0.30124,0.00412
25,0.10646,0.04831,0.02576,0.01148,0.02868,0.02477,0.11009,0.07802,0.00366,0.08969,0.09247,0.05318,0.01008,0.03711,0.02911,0.06325,0.04780,0.05429,0.00221,0.08285,0.00073
26,0.00144,0.03399,0.03548,0.00850,0.01585,0.00062,0.02941,0.02039,0.04761,0.01760,0.08485,0.13077,0.06918,0.13931,0.05278,0.12034,0.14172,0.02974,0.00417,0.01564,0.00063
27,0.00551,0.00609,0.01398,0.00711,0.58209,0.00329,0.02673,0.01306,0.00906,0.00316,0.01855,0.01041,0.00666,0.01215,0.00344,0.00429,0.00599,0.00370,0.00737,0.25387,0.00350
28,0.01325,0.00994,0.01316,0.03442,0.01985,0.00431,0.09269,0.06837,0.21740,0.00795,0.00783,0.03762,0.00618,0.02133,0.26627,0.00836,0.04435,0.02129,0.00647,0.09421,0.00475
29,0.03796,0.01833,0.00768,0.02926,0.01470,0.03168,0.01104,0.05639,0.20041,0.01947,0.00500,0.10174,0.00576,0.07642,0.18460,0.09604,0.06168,0.02435,0.00379,0.01013,0.00357
30,0.21480,0.12865,0.01399,0.01149,0.01046,0.01016,0.03808,0.03482,0.01108,0.02363,0.01346,0.20704,0.00103,0.01222,0.00653,0.16015,0.05973,0.00838,0.00723,0.00794,0.01913
31,0.24343,0.09279,0.00430,0.01496,0.01403,0.35925,0.01556,0.01657,0.01423,0.00498,0.01419,0.06415,0.00785,0.02222,0.00675,0.03694,0.00764,0.02583,0.01243,0.01708,0.00483
32,0.01031,0.11007,0.02100,0.02619,0.01790,0.00634,0.01920,0.32009,0.01525,0.00556,0.01784,0.02061,0.00887,0.02365,0.00532,0.00599,0.13087,0.18380,0.01899,0.02516,0.00698
33,0.07449,0.01374,0.00760,0.00504,0.01192,0.00541,0.17216,0.01690,0.01347,0.05937,0.04789,0.01287,0.00435,0.09407,0.02244,0.08465,0.14504,0.03723,0.11586,0.05376,0.00173
34,0.00906,0.01699,0.17142,0.45150,0.02250,0.06842,0.01672,0.01665,0.03924,0.00657,0.01854,0.01505,0.00754,0.02161,0.00669,0.00694,0.00949,0.02362,0.02290,0.01694,0.03161
35,0.01641,0.05928,0.01707,0.01272,0.01121,0.00370,0.01120,0.17588,0.01794,0.01329,0.00548,0.01486,0.02054,0.01296,0.00365,0.01550,0.12372,0.43667,0.00728,0.01610,0.00452
36,0.07153,0.08265,0.01593,0.04656,0.01376,0.01117,0.02909,0.03355,0.01437,0.06821,0.16678,0.12181,0.07611,0.05658,0.00902,0.02039,0.06732,0.07066,0.00774,0.01347,0.00329
37,0.01878,0.05329,0.04517,0.02222,0.02877,0.00212,0.04036,0.05583,0.01088,0.01372,0.02886,0.13392,0.03929,0.03335,0.33862,0.00971,0.02912,0.01122,0.03049,0.04604,0.00824
38,0.05724,0.02178,0.30202,0.30787,0.01937,0.03252,0.01342,0.03079,0.00582,0.01283,0.01236,0.06908,0.00285,0.01600,0.00411,0.02213,0.02688,0.01422,0.01264,0.01280,0.00325
39,0.02869,0.01022,0.13307,0.30296,0.00755,0.02669,0.03916,0.05094,0.00973,0.04292,0.03860,0.01899,0.06307,0.08055,0.00310,0.02115,0.03882,0.06628,0.00702,0.00586,0.00462
40,0.52435,0.01589,0.03537,0.01420,0.01733,0.00890,0.02846,0.02232,0.02028,0.00575,0.02051,0.01695,0.01193,0.02283,0.00611,0.12903,0.03502,0.00437,0.03523,0.01430,0.01087
41,0.02291,0.00178,0.00373,0.00507,0.00391,0.00144,0.01013,0.12335,0.29771,0.03867,0.07724,0.01544,0.00153,0.09822,0.11136,0.03641,0.04906,0.09362,0.00275,0.00365,0.00201
42,0.12838,0.04768,0.01572,0.02614,0.00849,0.02278,0.04400,0.06246,0.03032,0.07295,0.07879,0.08567,0.00151,0.09920,0.07796,0.06671,0.07737,0.03692,0.00485,0.01099,0.00109
43,0.46626,0.04524,0.01458,0.03733,0.01791,0.00637,0.04236,0.02514,0.02830,0.01789,0.05536,0.03224,0.00487,0.08072,0.00692,0.06018,0.00637,0.00528,0.01977,0.01726,0.00965
44,0.01477,0.01252,0.01037,0.01489,0.10599,0.00809,0.03746,0.17464,0.01324,0.44858,0.03540,0.00848,0.01233,0.01614,0.00408,0.00344,0.00548,0.03141,0.01769,0.01956,0.00543
45,0.07217,0.03947,0.04132,0.03331,0.02143,0.04434,0.06615,0.02819,0.08139,0.08873,0.06131,0.05448,0.00064,0.09538,0.04776,0.06590,0.05628,0.02808,0.01078,0.06249,0.00041
46,0.07864,0.09295,0.16436,0.10160,0.00639,0.02640,0.05032,0.01934,0.00424,0.01577,0.04420,0.05925,0.00119,0.12533,0.01158,0.11789,0.05070,0.02178,0.00420,0.00242,0.00144
47,0.03815,0.05511,0.00528,0.00503,0.00903,0.28385,0.05367,0.00542,0.08577,0.01523,0.06515,0.22523,0.00223,0.08749,0.01610,0.02273,0.00302,0.00327,0.00927,0.00506,0.00391
48,0.00142,0.13759,0.05477,0.04856,0.10856,0.00435,0.03670,0.07984,0.01645,0.07324,0.04230,0.11840,0.02341,0.04148,0.01090,0.01361,0.04856,0.09722,0.01181,0.02417,0.00667
49,0.03716,0.05352,0.03302,0.00539,0.08840,0.01898,0.02449,0.04073,0.11353,0.05928,0.06380,0.06358,0.00717,0.05900,0.03731,0.03196,0.05888,0.05336,0.03195,0.11733,0.00116
50,0.02563,0.05883,0.16825,0.03399,0.01359,0.02048,0.10989,0.08581,0.01393,0.01695,0.03168,0.07871,0.00122,0.02557,0.00306,0.04431,0.08573,0.10083,0.03561,0.04431,0.00163
51,0.18611,0.04547,0.02059,0.15280,0.00570,0.21001,0.01290,0.00527,0.01488,0.01603,0.02250,0.03040,0.00180,0.04306,0.00432,0.15610,0.03997,0.01402,0.00648,0.00468,0.00690
52,0.00821,0.01705,0.01515,0.02316,0.01771,0.68819,0.01582,0.01937,0.01953,0.00557,0.01996,0.02031,0.00708,0.03267,0.01445,0.00612,0.00780,0.00704,0.01797,0.01882,0.01802
53,0.00270,0.00508,0.00620,0.00543,0.22637,0.00241,0.27111,0.00485,0.00441,0.00167,0.00424,0.00368,0.00085,0.00407,0.01680,0.00167,0.00172,0.00286,0.07676,0.35521,0.00192
54,0.30360,0.09381,0.00541,0.01018,0.00729,0.00529,0.00608,0.00712,0.00800,0.00280,0.00877,0.00512,0.26114,0.00837,0.00286,0.12552,0.11411,0.00224,0.01116,0.00803,0.00310
55,0.00853,0.01106,0.00969,0.00942,0.01049,0.00817,0.01152,0.00450,0.00953,0.01270,0.01882,0.00815,0.20062,0.01043,0.00492,0.00355,0.00525,0.62757,0.01332,0.00792,0.00382
56,0.00409,0.01528,0.01142,0.02227,0.06035,0.00780,0.00845,0.01772,0.02067,0.00545,0.02388,0.01183,0.02251,0.01400,0.00501,0.66159,0.00458,0.00774,0.02060,0.04612,0.00863
57,0.01092,0.06106,0.02522,0.01647,0.02452,0.02923,0.01506,0.02184,0.02176,0.01165,0.01452,0.01789,0.00325,0.00487,0.59524,0.03280,0.01990,0.00940,0.03425,0.02270,0.00744
58,0.00657,0.01581,0.01414,0.00834,0.01845,0.75770,0.01163,0.01728,0.01960,0.00472,0.02146,0.01439,0.00533,0.01447,0.00381,0.00559,0.00722,0.01391,0.01600,0.01410,0.00947
59,0.11722,0.10698,0.01054,0.01062,0.00983,0.00094,0.00541,0.01497,0.00919,0.00298,0.00832,0.00491,0.00237,0.00739,0.00451,0.24789,0.36999,0.03725,0.00779,0.01646,0.00444
60,0.16369,0.02538,0.01886,0.03927,0.05808,0.01394,0.02699,0.02546,0.02681,0.00607,0.01585,0.03405,0.01509,0.01846,0.00517,0.38326,0.04473,0.01718,0.01258,0.04172,0.00735
61,0.01942,0.01647,0.02695,0.02928,0.01997,0.00678,0.03569,0.02191,0.51478,0.00638,0.04495,0.04114,0.02163,0.10104,0.01936,0.00850,0.01507,0.00682,0.01548,0.02337,0.00502
62,0.00410,0.00926,0.00901,0.01305,0.19260,0.00468,0.00539,0.15489,0.00886,0.49624,0.00933,0.00573,0.00146,0.00982,0.00257,0.00283,0.00343,0.04460,0.01074,0.00726,0.00413
63,0.13849,0.03649,0.02238,0.04869,0.02437,0.07937,0.00303,0.04574,0.00436,0.04043,0.07707,0.00780,0.00057,0.07379,0.04783,0.10973,0.09454,0.09484,0.01439,0.03563,0.00044
64,0.00731,0.01174,0.01531,0.01534,0.10798,0.00762,0.01000,0.01187,0.01195,0.00867,0.01170,0.01043,0.00483,0.01097,0.00327,0.00423,0.00606,0.00778,0.64169,0.07542,0.01585
65,0.00614,0.01116,0.01429,0.01756,0.01698,0.00645,0.01177,0.02868,0.01343,0.41694,0.34453,0.01192,0.00429,0.01787,0.00570,0.00855,0.00689,0.00626,0.02801,0.01561,0.00698
66,0.28849,0.05956,0.01147,0.00760,0.01372,0.01008,0.01051,0.03051,0.01167,0.00260,0.00408,0.00854,0.00307,0.01462,0.00327,0.06297,0.14881,0.27938,0.00978,0.01447,0.00480
67,0.00327,0.01436,0.11712,0.35217,0.01071,0.00151,0.00903,0.01066,0.40483,0.00272,0.01093,0.00534,0.00221,0.00838,0.00899,0.01100,0.00330,0.00454,0.00882,0.00718,0.00292
68,0.01055,0.02036,0.02104,0.02514,0.01871,0.00272,0.01145,0.01406,0.03252,0.00601,0.02039,0.01382,0.00687,0.01988,0.71018,0.00538,0.00789,0.01120,0.01943,0.01591,0.00648
69,0.10663,0.00737,0.02831,0.02300,0.00868,0.64956,0.00405,0.00661,0.00828,0.00239,0.00878,0.04463,0.00195,0.01394,0.00177,0.03082,0.00278,0.01257,0.01009,0.00687,0.02093
70,0.00249,0.00239,0.00491,0.00690,0.18251,0.00549,0.00699,0.08438,0.00443,0.31769,0.12063,0.00341,0.00125,0.00401,0.00210,0.00610,0.00214,0.00783,0.01324,0.21709,0.00402
71,0.05743,0.24872,0.01006,0.01078,0.02349,0.00489,0.00559,0.08989,0.00986,0.23337,0.18674,0.00696,0.00728,0.00677,0.00441,0.00318,0.02353,0.04547,0.00825,0.00916,0.00417
72,0.06046,0.02174,0.06834,0.15915,0.02886,0.10391,0.08521,0.02118,0.01484,0.05444,0.05599,0.01335,0.00685,0.07921,0.01486,0.06749,0.06192,0.02340,0.02487,0.02981,0.00410
73,0.02404,0.08403,0.03034,0.02087,0.03493,0.00825,0.15549,0.03159,0.02263,0.02785,0.02673,0.02996,0.30067,0.06872,0.00787,0.01704,0.03708,0.00894,0.01526,0.03890,0.00883
74,0.01764,0.07042,0.00331,0.03191,0.08679,0.04509,0.04479,0.10428,0.00313,0.17995,0.13983,0.00974,0.00176,0.02505,0.00145,0.01464,0.01456,0.09221,0.01162,0.09900,0.00284
75,0.00975,0.02223,0.02147,0.05484,0.01685,0.64324,0.01617,0.02542,0.02273,0.00685,0.01897,0.01690,0.00687,0.01923,0.02627,0.00718,0.00804,0.01547,0.01421,0.01950,0.00780
76,0.05046,0.06752,0.00528,0.00056,0.10522,0.00205,0.18215,0.00875,0.11133,0.04155,0.03452,0.02190,0.00206,0.03130,0.13209,0.04181,0.01457,0.01863,0.03489,0.09229,0.00108
77,0.00192,0.16033,0.01660,0.02052,0.00792,0.05015,0.00746,0.05082,0.01357,0.07994,0.01135,0.00702,0.00400,0.00876,0.00478,0.00366,0.28858,0.23400,0.01675,0.00732,0.00458
78,0.07642,0.13333,0.00515,0.00590,0.04682,0.00231,0.00548,0.17265,0.00943,0.08011,0.13600,0.00472,0.00252,0.00681,0.00256,0.00224,0.10218,0.17956,0.00572,0.01746,0.00264
79,0.00528,0.01842,0.65032,0.01304,0.01922,0.00626,0.01152,0.01764,0.02255,0.00722,0.01988,0.07671,0.00521,0.01967,0.00559,0.00515,0.00573,0.00705,0.01576,0.05936,0.00840
80,0.00467,0.01282,0.01035,0.01172,0.03055,0.00564,0.00496,0.14775,0.01368,0.44397,0.23883,0.00916,0.00403,0.01141,0.00240,0.00322,0.00378,0.00967,0.01338,0.01181,0.00620
81,0.01916,0.04950,0.01687,0.01032,0.01675,0.65553,0.01487,0.01463,0.02213,0.00523,0.01999,0.01596,0.00709,0.02274,0.00513,0.00617,0.00985,0.01884,0.03677,0.01567,0.01680
82,0.20182,0.61681,0.01102,0.01412,0.00755,0.01359,0.01066,0.01133,0.01203,0.00289,0.01069,0.01039,0.00339,0.01041,0.00309,0.02964,0.00621,0.00490,0.00566,0.00992,0.00386
83,0.00830,0.03157,0.00548,0.02011,0.01710,0.69785,0.01127,0.01418,0.02071,0.00627,0.02145,0.00969,0.00565,0.01905,0.00454,0.04470,0.00574,0.00953,0.02476,0.01280,0.00926
84,0.01807,0.03093,0.04974,0.02732,0.04213,0.00207,0.10370,0.11731,0.00527,0.02197,0.07325,0.02198,0.09616,0.05496,0.19634,0.00583,0.03187,0.01589,0.02770,0.02997,0.02756
85,0.01068,0.04624,0.03429,0.02839,0.05181,0.16435,0.13370,0.08242,0.02292,0.01794,0.03367,0.09486,0.01712,0.06611,0.01338,0.02379,0.02506,0.01488,0.01090,0.09788,0.00962
86,0.00694,0.02103,0.03700,0.03452,0.01755,0.60947,0.00861,0.02313,0.03919,0.00609,0.03645,0.02073,0.00331,0.02386,0.00468,0.02858,0.00905,0.01304,0.02707,0.01424,0.01547
87,0.01167,0.01387,0.02991,0.03710,0.02852,0.00783,0.01748,0.03200,0.03101,0.01280,0.02451,0.02563,0.00566,0.01749,0.00238,0.01375,0.01075,0.01526,0.60622,0.04981,0.00637
88,0.20804,0.20200,0.00759,0.01206,0.00856,0.03741,0.00509,0.01663,0.01396,0.00285,0.01120,0.00848,0.00150,0.01085,0.00726,0.40391,0.01334,0.00567,0.01089,0.00793,0.00477
89,0.00452,0.00534,0.02123,0.01068,0.05307,0.00432,0.02538,0.00798,0.01040,0.00291,0.01049,0.00758,0.00565,0.18472,0.00303,0.00359,0.00404,0.00461,0.04924,0.57728,0.00394
90,0.00806,0.00635,0.05248,0.02308,0.11669,0.00658,0.07312,0.01559,0.02556,0.08051,0.01700,0.02714,0.00424,0.01630,0.00594,0.00439,0.00685,0.02020,0.03870,0.44688,0.00437
91,0.11132,0.11659,0.00442,0.00288,0.00307,0.08282,0.00182,0.04324,0.00354,0.05019,0.11566,0.01361,0.00368,0.00259,0.00091,0.12868,0.17545,0.13299,0.00296,0.00213,0.00144
92,0.58427,0.08844,0.01105,0.01797,0.01329,0.07799,0.00636,0.01490,0.01944,0.00428,0.02309,0.01066,0.00215,0.01395,0.00371,0.02030,0.00153,0.04496,0.02176,0.01384,0.00607
93,0.08479,0.04933,0.00420,0.00835,0.00409,0.06632,0.03420,0.10380,0.00665,0.00184,0.00573,0.00819,0.00090,0.00664,0.00194,0.06974,0.44283,0.08538,0.00652,0.00563,0.00294
94,0.04193,0.06534,0.07112,0.00394,0.00243,0.02042,0.04500,0.17879,0.01225,0.18196,0.03922,0.08967,0.00124,0.10002,0.00242,0.02157,0.01395,0.08615,0.00699,0.01393,0.00166
95,0.04725,0.01627,0.00127,0.00351,0.01000,0.03295,0.01877,0.05049,0.12057,0.09362,0.05531,0.13694,0.04695,0.05614,0.11722,0.06840,0.06882,0.05052,0.00255,0.00148,0.00100
96,0.20107,0.01218,0.01416,0.02118,0.08901,0.00653,0.06492,0.03487,0.05854,0.17161,0.01933,0.00661,0.06905,0.01291,0.02706,0.03156,0.02614,0.00960,0.03105,0.08876,0.00387
97,0.09020,0.06292,0.03960,0.01710,0.04202,0.00327,0.12741,0.06384,0.05702,0.01262,0.05249,0.08378,0.01933,0.03334,0.00838,0.01337,0.03683,0.14946,0.02072,0.04723,0.01906
98,0.00912,0.01989,0.02295,0.01733,0.01721,0.00901,0.00346,0.03640,0.02193,0.00664,0.02130,0.02244,0.00247,0.70007,0.01054,0.01169,0.00528,0.00906,0.02074,0.01350,0.01896
99,0.01407,0.04570,0.27643,0.35321,0.00987,0.00127,0.00606,0.04050,0.00384,0.06512,0.06377,0.00658,0.00200,0.04473,0.00318,0.00685,0.00404,0.03504,0.00898,0.00661,0.00216
100,0.01224,0.28675,0.00948,0.00894,0.00977,0.00820,0.01033,0.18531,0.01260,0.00772,0.00730,0.01372,0.00266,0.01055,0.00339,0.00323,0.00492,0.37649,0.01307,0.00847,0.00483
101,0.06213,0.08459,0.00406,0.00503,0.01464,0.08490,0.05705,0.07635,0.08262,0.09317,0.05414,0.03754,0.00056,0.03661,0.11209,0.05181,0.01970,0.05889,0.02743,0.03157,0.00513
102,0.00713,0.00658,0.00964,0.07691,0.00647,0.78100,0.00513,0.00849,0.01187,0.00224,0.01034,0.00722,0.00205,0.00800,0.00622,0.00245,0.00351,0.01505,0.01148,0.00659,0.01163
103,0.00394,0.01088,0.00796,0.00566,0.13391,0.00201,0.03849,0.10053,0.00516,0.13640,0.09312,0.00358,0.00076,0.00339,0.00139,0.00171,0.00102,0.17248,0.09418,0.18210,0.00134
104,0.03857,0.01480,0.01127,0.02262,0.01307,0.00748,0.00488,0.01603,0.01328,0.00369,0.01387,0.00811,0.00181,0.00917,0.00399,0.02993,0.74403,0.00664,0.01924,0.00945,0.00809
105,0.02910,0.07561,0.00473,0.01136,0.02714,0.00158,0.07869,0.05484,0.20696,0.06173,0.07761,0.01770,0.00106,0.06929,0.09258,0.01224,0.02522,0.08745,0.01819,0.04538,0.00156
106,0.05942,0.01032,0.01091,0.00702,0.00838,0.70667,0.00648,0.01317,0.01343,0.00311,0.01601,0.01169,0.00512,0.01396,0.03238,0.03999,0.00940,0.00521,0.01414,0.00832,0.00488
107,0.03405,0.02853,0.11959,0.03437,0.01410,0.58517,0.00878,0.01753,0.02574,0.00489,0.01955,0.01344,0.00379,0.01841,0.00416,0.01060,0.00635,0.00716,0.01827,0.01534,0.01018
108,0.10388,0.09821,0.04099,0.02438,0.04185,0.00833,0.02499,0.03326,0.02503,0.00709,0.04068,0.02301,0.29444,0.03036,0.02626,0.05362,0.01229,0.04335,0.02824,0.03023,0.00953
109,0.05868,0.06921,0.05096,0.07365,0.01536,0.17747,0.03519,0.00418,0.02184,0.00728,0.07713,0.08369,0.00086,0.14797,0.00820,0.07191,0.04765,0.01978,0.00619,0.02116,0.00162
110,0.02247,0.00898,0.00496,0.00937,0.00940,0.04693,0.56358,0.00564,0.00691,0.00165,0.00718,0.02332,0.00088,0.24740,0.00168,0.00238,0.00175,0.00343,0.00892,0.01938,0.00379
