site,A,C,D,E,F,G,H,I,K,L,M,N,P,Q,R,S,T,V,W,Y,*
0,0.01926,0.07934,0.04539,0.03486,0.02125,0.03004,0.04630,0.02550,0.06706,0.01306,0.02608,0.05212,0.02387,0.02578,0.35492,0.05618,0.02163,0.00995,0.01337,0.02477,0.00928
1,0.01546,0.01896,0.02069,0.01427,0.02238,0.24696,0.15224,0.02112,0.01736,0.00875,0.01717,0.04009,0.19111,0.04224,0.05480,0.01462,0.03668,0.01110,0.01063,0.03279,0.01059
2,0.00879,0.06190,0.09003,0.01826,0.01685,0.55824,0.01791,0.02079,0.02056,0.00562,0.02096,0.01999,0.00888,0.02113,0.00578,0.04125,0.01191,0.00929,0.01412,0.02026,0.00749
3,0.08265,0.03840,0.02359,0.04814,0.02710,0.47161,0.02743,0.02987,0.02382,0.00814,0.02915,0.02864,0.01184,0.02970,0.02418,0.00889,0.01463,0.00770,0.02085,0.03451,0.00917
4,0.04759,0.05764,0.02507,0.03190,0.01984,0.01438,0.02518,0.09059,0.04965,0.04174,0.03513,0.04070,0.00250,0.17890,0.05209,0.06226,0.07517,0.09879,0.01303,0.03688,0.00097
5,0.13797,0.06216,0.01224,0.01507,0.01674,0.46001,0.01054,0.01464,0.01882,0.00397,0.01438,0.01563,0.00512,0.01595,0.00300,0.13675,0.00664,0.01337,0.00861,0.01403,0.01437
6,0.03058,0.02161,0.12935,0.14364,0.05102,0.00532,0.01951,0.02618,0.01336,0.02650,0.05431,0.04931,0.00547,0.12841,0.00665,0.06504,0.06027,0.05651,0.05953,0.04607,0.00136
7,0.02380,0.02831,0.02343,0.02497,0.02404,0.00723,0.02243,0.03261,0.02123,0.00674,0.02157,0.02233,0.00993,0.02224,0.00634,0.03696,0.61264,0.00929,0.01641,0.01955,0.00793
8,0.04141,0.16226,0.00571,0.00802,0.00605,0.00559,0.00472,0.14558,0.00578,0.17577,0.00946,0.00688,0.07887,0.00433,0.00480,0.03564,0.12976,0.15789,0.00416,0.00534,0.00198
9,0.01235,0.02441,0.02166,0.04567,0.02402,0.59270,0.02290,0.02215,0.03264,0.00723,0.03212,0.03563,0.01055,0.03073,0.00870,0.00981,0.01296,0.00716,0.01519,0.02037,0.01103
10,0.05108,0.10513,0.05511,0.14311,0.03642,0.01332,0.01600,0.09072,0.01268,0.02431,0.03345,0.01938,0.00266,0.13128,0.02645,0.02056,0.00708,0.10608,0.05223,0.05069,0.00227
11,0.01803,0.01422,0.01710,0.06273,0.03335,0.01842,0.07559,0.11443,0.12341,0.06883,0.14110,0.05411,0.00455,0.06484,0.06869,0.01397,0.02612,0.05559,0.00643,0.01595,0.00253
12,0.02439,0.04037,0.06793,0.04939,0.03003,0.00831,0.08282,0.04753,0.05885,0.01866,0.04038,0.08244,0.06188,0.06675,0.05979,0.02041,0.04545,0.01090,0.14319,0.03472,0.00580
13,0.01371,0.03435,0.05306,0.05396,0.04979,0.00758,0.09912,0.03711,0.24731,0.01325,0.02869,0.06006,0.01972,0.03067,0.05202,0.01382,0.04748,0.01203,0.02004,0.07975,0.02643
14,0.05886,0.01603,0.00825,0.00824,0.10046,0.07899,0.09005,0.03896,0.03870,0.03901,0.12343,0.06576,0.00168,0.03205,0.03070,0.07777,0.06906,0.04996,0.02793,0.04114,0.00297
15,0.11943,0.05125,0.00857,0.07089,0.00512,0.04773,0.04572,0.00725,0.09340,0.04234,0.07264,0.08193,0.00312,0.04894,0.11943,0.10480,0.04719,0.01841,0.00352,0.00596,0.00236
16,0.00616,0.01754,0.01654,0.01616,0.01313,0.00547,0.01369,0.16340,0.01433,0.24316,0.15461,0.01802,0.08624,0.01403,0.00555,0.00506,0.01275,0.16552,0.00985,0.01337,0.00543
17,0.09183,0.03194,0.00554,0.02124,0.01505,0.07047,0.04368,0.02918,0.01914,0.03515,0.04347,0.26008,0.00945,0.04885,0.02390,0.15142,0.00669,0.02743,0.01675,0.04014,0.00861
18,0.04880,0.05776,0.03167,0.05533,0.02381,0.08012,0.09956,0.06430,0.02983,0.07525,0.04222,0.03430,0.00177,0.07307,0.05786,0.08450,0.06938,0.03572,0.01146,0.02244,0.00084
19,0.01019,0.04105,0.02623,0.01569,0.07168,0.01063,0.01347,0.03886,0.01785,0.30020,0.27049,0.01764,0.00649,0.07271,0.00392,0.00486,0.01656,0.00454,0.00986,0.04311,0.00398
20,0.12246,0.06533,0.06465,0.03679,0.00764,0.07350,0.02674,0.01062,0.01590,0.04689,0.03814,0.06340,0.10808,0.08845,0.02098,0.10914,0.02067,0.05302,0.00648,0.00981,0.01133
21,0.08580,0.01755,0.04455,0.01730,0.00886,0.07263,0.05012,0.00901,0.01834,0.03059,0.04947,0.06377,0.05074,0.13129,0.08390,0.13767,0.09312,0.01217,0.01033,0.00886,0.00392
22,0.05454,0.07067,0.05645,0.04406,0.06375,0.05840,0.05818,0.02072,0.01379,0.05255,0.09444,0.03064,0.07089,0.09281,0.02787,0.03315,0.05051,0.05428,0.01330,0.03765,0.00136
23,0.05645,0.07853,0.09976,0.11629,0.01059,0.08626,0.04784,0.01607,0.00469,0.01207,0.01871,0.09385,0.00911,0.19605,0.00374,0.04096,0.06387,0.01881,0.01045,0.01206,0.00382
24,0.01900,0.01580,0.04386,0.02187,0.20388,0.00846,0.06847,0.06097,0.02807,0.00556,0.01895,0.04468,0.06187,0.03826,0.00853,0.00700,0.02669,0.00651,0.18788,0.11615,0.00754
25,0.04362,0.02143,0.02012,0.01735,0.07636,0.01509,0.10968,0.07757,0.02215,0.06291,0.06760,0.07338,0.00530,0.09089,0.03769,0.07115,0.06256,0.03736,0.01041,0.07537,0.00202
26,0.01791,0.01157,0.01881,0.05770,0.01030,0.00263,0.02061,0.01137,0.15524,0.00312,0.02222,0.14139,0.07200,0.08891,0.08029,0.12971,0.11425,0.02652,0.00350,0.01032,0.00163
27,0.01755,0.02374,0.04412,0.02253,0.08673,0.01044,0.16000,0.04141,0.02889,0.01002,0.02833,0.04205,0.02118,0.03842,0.01095,0.01259,0.01909,0.01171,0.02342,0.33814,0.00870
28,0.01353,0.04290,0.03460,0.16801,0.01534,0.01203,0.06281,0.11076,0.25226,0.00747,0.02167,0.03677,0.01683,0.04475,0.05796,0.01022,0.02067,0.01130,0.01866,0.02547,0.01599
29,0.14640,0.03378,0.01272,0.00853,0.01442,0.04306,0.05019,0.02198,0.13811,0.04842,0.04315,0.04050,0.00945,0.05738,0.14498,0.06687,0.04717,0.04609,0.00637,0.01389,0.00655
30,0.13510,0.28045,0.04627,0.02433,0.02459,0.00983,0.02555,0.02360,0.01831,0.00837,0.01968,0.07563,0.00512,0.02806,0.01611,0.14990,0.05743,0.00881,0.01640,0.01822,0.00826
31,0.17253,0.03570,0.03160,0.03112,0.02897,0.30766,0.03713,0.03396,0.02900,0.01029,0.02830,0.03387,0.01591,0.04780,0.01089,0.04465,0.01575,0.01506,0.02565,0.03442,0.00974
32,0.01432,0.14011,0.03547,0.04003,0.02913,0.01055,0.03096,0.22322,0.02606,0.00929,0.03297,0.06581,0.01487,0.04215,0.00871,0.03505,0.08364,0.07583,0.03017,0.04007,0.01158
33,0.04859,0.02674,0.01651,0.01071,0.01285,0.00618,0.02978,0.08898,0.03258,0.10412,0.02539,0.06412,0.00505,0.06389,0.02589,0.07463,0.12962,0.02221,0.18999,0.01844,0.00373
34,0.02841,0.03092,0.10005,0.33520,0.03751,0.11065,0.03039,0.02956,0.03280,0.01127,0.02746,0.02573,0.01335,0.04623,0.01180,0.01638,0.01665,0.01222,0.03895,0.02917,0.01529
35,0.04004,0.10715,0.02242,0.01472,0.01439,0.00487,0.01431,0.23741,0.02329,0.00412,0.00692,0.02348,0.03838,0.01648,0.00468,0.00898,0.15609,0.22656,0.00952,0.02042,0.00578
36,0.13275,0.05329,0.04025,0.02136,0.05580,0.06219,0.08593,0.04161,0.02770,0.01208,0.06839,0.06215,0.04998,0.03931,0.02182,0.09081,0.03153,0.05308,0.02180,0.02324,0.00493
37,0.02379,0.06678,0.05705,0.02795,0.03648,0.00938,0.05076,0.06380,0.04391,0.01736,0.03670,0.13615,0.04953,0.04158,0.17591,0.01223,0.03110,0.01409,0.03899,0.05799,0.00845
38,0.06221,0.02297,0.26396,0.13874,0.02163,0.04459,0.01027,0.05980,0.03468,0.02061,0.01355,0.10617,0.00312,0.01335,0.00447,0.02076,0.08546,0.03519,0.01654,0.01767,0.00426
39,0.02520,0.01343,0.10059,0.16826,0.01779,0.05658,0.03071,0.08270,0.00466,0.03580,0.06558,0.02850,0.09012,0.10555,0.00531,0.03241,0.05241,0.06567,0.00753,0.00766,0.00353
40,0.33447,0.02441,0.03390,0.02193,0.02682,0.01195,0.04334,0.03408,0.03117,0.00882,0.03153,0.02624,0.01806,0.03495,0.00941,0.12555,0.01581,0.07480,0.05408,0.02208,0.01663
41,0.09114,0.04874,0.01182,0.01601,0.01242,0.01020,0.00932,0.10870,0.03573,0.03095,0.09220,0.01341,0.00328,0.03520,0.14881,0.04250,0.08840,0.17440,0.00868,0.01174,0.00635
42,0.11691,0.04076,0.01140,0.01470,0.01064,0.03447,0.07494,0.03134,0.01217,0.04402,0.08194,0.08768,0.00143,0.11113,0.09865,0.05275,0.10556,0.03232,0.02129,0.01259,0.00332
43,0.22884,0.16496,0.02323,0.01723,0.01783,0.00546,0.05081,0.02837,0.02870,0.07203,0.12568,0.02087,0.00961,0.02586,0.03803,0.06017,0.00387,0.02458,0.02245,0.01993,0.01148
44,0.01054,0.01818,0.01509,0.02162,0.08350,0.01192,0.05177,0.23513,0.01975,0.26622,0.08827,0.01224,0.00750,0.01815,0.00496,0.00499,0.00783,0.06437,0.02531,0.02484,0.00782
45,0.07118,0.03605,0.05505,0.05894,0.02989,0.03314,0.05449,0.04147,0.09095,0.08075,0.07914,0.05505,0.00171,0.06923,0.02408,0.07440,0.06049,0.04852,0.01353,0.02084,0.00111
46,0.03380,0.06272,0.13452,0.11788,0.01242,0.08529,0.04997,0.01960,0.00841,0.07713,0.02952,0.08058,0.00236,0.06393,0.01157,0.10613,0.05120,0.01571,0.01208,0.02236,0.00282
47,0.03308,0.07314,0.01329,0.00877,0.00963,0.20020,0.09118,0.00931,0.06284,0.01647,0.04403,0.07502,0.00374,0.15146,0.08789,0.07459,0.00435,0.00902,0.01556,0.00834,0.00809
48,0.05211,0.06059,0.04941,0.02701,0.07052,0.01776,0.06447,0.06002,0.02593,0.04717,0.02125,0.05844,0.03214,0.09847,0.01617,0.01173,0.07030,0.06424,0.01962,0.12243,0.01021
49,0.03787,0.03932,0.14080,0.05406,0.07603,0.03231,0.01375,0.04033,0.08997,0.07854,0.02559,0.04362,0.02229,0.03148,0.02905,0.03874,0.06397,0.04165,0.03716,0.06056,0.00291
50,0.05053,0.06082,0.11047,0.03532,0.03339,0.05619,0.05152,0.00523,0.03757,0.02768,0.03632,0.24344,0.00283,0.06549,0.01260,0.05243,0.05988,0.02784,0.01346,0.01423,0.00275
51,0.07987,0.02972,0.01907,0.08623,0.00982,0.18055,0.10468,0.01088,0.05247,0.03125,0.04081,0.05296,0.00365,0.06515,0.01609,0.14367,0.02330,0.01391,0.01313,0.00960,0.01319
52,0.00955,0.02332,0.02073,0.17717,0.02426,0.38869,0.02155,0.02643,0.02671,0.00760,0.02719,0.02765,0.00970,0.04472,0.07216,0.00837,0.01067,0.01328,0.02465,0.02577,0.00981
53,0.01322,0.01180,0.01165,0.01246,0.30564,0.00548,0.25718,0.01109,0.01012,0.00288,0.00978,0.01171,0.00298,0.03205,0.03006,0.00384,0.00396,0.01119,0.05089,0.19761,0.00440
54,0.24576,0.07964,0.02126,0.01834,0.01424,0.00785,0.01140,0.01319,0.01562,0.00542,0.01660,0.00945,0.19705,0.01659,0.00559,0.16394,0.08419,0.03188,0.02134,0.01473,0.00592
55,0.07396,0.01875,0.01659,0.02653,0.01795,0.00866,0.01939,0.05077,0.01590,0.02810,0.03145,0.01406,0.15216,0.01789,0.00835,0.00599,0.01154,0.44048,0.02166,0.01337,0.00646
56,0.00951,0.02283,0.02018,0.03953,0.05421,0.01382,0.01501,0.03142,0.03660,0.00964,0.04227,0.02089,0.06492,0.02481,0.00885,0.48193,0.00811,0.01371,0.03642,0.03005,0.01529
57,0.01077,0.09662,0.03689,0.02406,0.03599,0.00937,0.02194,0.03204,0.02097,0.02667,0.08151,0.02600,0.00475,0.02342,0.35596,0.06010,0.03305,0.03565,0.02024,0.03314,0.01087
58,0.01197,0.02853,0.02570,0.01518,0.03338,0.56833,0.02109,0.03138,0.03528,0.00857,0.03896,0.02620,0.00968,0.02625,0.00692,0.01014,0.01310,0.01573,0.02905,0.02570,0.01887
59,0.19239,0.08007,0.01981,0.01997,0.01892,0.01372,0.01019,0.04359,0.01729,0.00568,0.01588,0.03043,0.00745,0.01408,0.00971,0.19521,0.09860,0.15215,0.01479,0.03163,0.00844
60,0.09744,0.02256,0.02515,0.02370,0.10615,0.03469,0.03824,0.03641,0.04076,0.00914,0.02824,0.04898,0.02218,0.02662,0.00766,0.26089,0.04672,0.03517,0.01902,0.05950,0.01079
61,0.01965,0.02635,0.04355,0.01000,0.03236,0.01088,0.05707,0.03517,0.34447,0.01026,0.05000,0.10056,0.03462,0.02775,0.05152,0.01365,0.02428,0.01095,0.02503,0.03761,0.03427
62,0.00722,0.01627,0.01601,0.02297,0.31240,0.00824,0.01152,0.06003,0.01550,0.35981,0.01644,0.01014,0.05374,0.01719,0.00713,0.00498,0.00606,0.01509,0.01908,0.01282,0.00734
63,0.19750,0.04328,0.02163,0.04684,0.01743,0.05811,0.00629,0.02844,0.03439,0.01314,0.09757,0.00614,0.00201,0.08973,0.06542,0.17856,0.03659,0.02889,0.01988,0.00613,0.00203
64,0.01399,0.02542,0.02796,0.02904,0.06991,0.02188,0.01871,0.02248,0.02269,0.00947,0.02145,0.01982,0.00909,0.02056,0.10329,0.01005,0.01138,0.01448,0.49551,0.02978,0.00304
65,0.01164,0.02047,0.02691,0.03174,0.01788,0.01181,0.02126,0.02528,0.02410,0.32167,0.24133,0.02240,0.00869,0.03433,0.01022,0.05536,0.01310,0.01541,0.04445,0.02807,0.01387
66,0.23545,0.03912,0.02574,0.03895,0.03024,0.01432,0.01906,0.02163,0.02579,0.00599,0.01388,0.01913,0.00686,0.02682,0.00729,0.02835,0.12056,0.25662,0.02165,0.03184,0.01072
67,0.00930,0.04435,0.10211,0.41958,0.02947,0.03482,0.02518,0.02839,0.10062,0.00771,0.03196,0.01509,0.00675,0.02377,0.02655,0.01071,0.00967,0.01733,0.02643,0.02127,0.00893
68,0.01600,0.03061,0.03119,0.03706,0.02775,0.04365,0.01736,0.02116,0.11726,0.00889,0.03051,0.02074,0.01026,0.02941,0.44896,0.01489,0.01187,0.01665,0.02872,0.02396,0.01310
69,0.10756,0.01365,0.06843,0.06317,0.01563,0.49975,0.00748,0.01216,0.01529,0.00442,0.01618,0.05085,0.00360,0.01622,0.02444,0.02892,0.00514,0.00926,0.01866,0.01273,0.00646
70,0.00777,0.06829,0.01131,0.01582,0.10428,0.01236,0.07129,0.05595,0.01031,0.24793,0.12448,0.00775,0.00281,0.00901,0.00481,0.00353,0.00489,0.00677,0.02046,0.20179,0.00838
71,0.00933,0.06492,0.02209,0.02347,0.02579,0.01002,0.01191,0.10854,0.02017,0.20706,0.15917,0.01478,0.06286,0.02261,0.02101,0.00653,0.04077,0.12435,0.01725,0.01870,0.00871
72,0.05917,0.12101,0.17905,0.16432,0.03446,0.05278,0.02050,0.01276,0.03891,0.05319,0.01771,0.01465,0.01471,0.04621,0.01352,0.04073,0.05445,0.04159,0.00989,0.00979,0.00058
73,0.02107,0.05808,0.04631,0.03152,0.05343,0.01256,0.07661,0.04800,0.03510,0.02336,0.09753,0.04455,0.19420,0.09836,0.01224,0.00555,0.03074,0.01427,0.02327,0.05979,0.01345
74,0.03359,0.14675,0.01321,0.02059,0.14035,0.03598,0.02074,0.05933,0.01206,0.09132,0.07577,0.02622,0.00657,0.03249,0.00549,0.00838,0.01023,0.06087,0.04029,0.15402,0.00576
75,0.01794,0.03859,0.03721,0.02001,0.02902,0.45920,0.02799,0.04391,0.03950,0.01177,0.03271,0.02919,0.01182,0.03319,0.04869,0.01238,0.01382,0.01812,0.02778,0.03371,0.01345
76,0.02205,0.05371,0.01465,0.00387,0.05222,0.00648,0.30583,0.00928,0.09226,0.02807,0.04219,0.00692,0.00407,0.01185,0.18141,0.02467,0.02080,0.01110,0.00908,0.09156,0.00796
77,0.01361,0.35329,0.01902,0.02838,0.01245,0.02765,0.01189,0.00441,0.02010,0.03659,0.01783,0.00980,0.00579,0.01456,0.00738,0.00552,0.22295,0.14711,0.02414,0.01065,0.00685
78,0.05136,0.15048,0.03046,0.01553,0.03838,0.01612,0.01426,0.12872,0.02451,0.04281,0.17421,0.01224,0.00660,0.01775,0.00662,0.00582,0.03448,0.19354,0.01492,0.01424,0.00695
79,0.01001,0.03489,0.51245,0.02470,0.03644,0.02984,0.01885,0.03341,0.04264,0.01368,0.03765,0.04484,0.00987,0.03719,0.01059,0.00975,0.01085,0.01352,0.02991,0.02299,0.01592
80,0.01049,0.02800,0.02338,0.02657,0.01656,0.01259,0.02969,0.14078,0.03124,0.41232,0.08104,0.02065,0.02763,0.02563,0.01621,0.00714,0.00839,0.01182,0.03016,0.02591,0.01380
81,0.01558,0.07953,0.02728,0.04173,0.02708,0.44160,0.02412,0.02379,0.03588,0.00849,0.03252,0.02610,0.01145,0.03669,0.02204,0.01002,0.01591,0.01116,0.06033,0.02545,0.02324
82,0.27179,0.38729,0.01690,0.02186,0.01153,0.00791,0.01674,0.01741,0.01856,0.00442,0.01639,0.01598,0.00521,0.01602,0.03509,0.08131,0.01323,0.00755,0.00866,0.02005,0.00610
83,0.00905,0.02232,0.10832,0.03417,0.02916,0.49049,0.01918,0.02412,0.03522,0.01066,0.03654,0.01646,0.00960,0.03241,0.00773,0.00629,0.00977,0.01886,0.04213,0.02177,0.01576
84,0.02116,0.03871,0.04362,0.03720,0.05118,0.01850,0.08709,0.11842,0.02847,0.02633,0.07221,0.02711,0.07546,0.06595,0.10348,0.00934,0.04017,0.02029,0.03868,0.03681,0.03980
85,0.01965,0.05575,0.04676,0.02544,0.05997,0.09638,0.09393,0.07591,0.03168,0.02591,0.04917,0.08309,0.02389,0.07504,0.03114,0.03201,0.03467,0.01363,0.02508,0.08777,0.01316
86,0.01220,0.01554,0.00939,0.06017,0.03050,0.43826,0.01499,0.04045,0.06810,0.01064,0.06374,0.03623,0.00579,0.04178,0.00816,0.01591,0.01237,0.01701,0.04697,0.02481,0.02700
87,0.01869,0.02217,0.04816,0.05911,0.04551,0.01490,0.02806,0.05130,0.04971,0.01390,0.03932,0.04135,0.00906,0.02804,0.02660,0.01232,0.01727,0.02443,0.40089,0.04505,0.00416
88,0.18302,0.14001,0.01382,0.02225,0.01573,0.11971,0.00928,0.01086,0.02507,0.00517,0.02045,0.02052,0.00271,0.01966,0.01876,0.30549,0.01421,0.01019,0.01981,0.01467,0.00863
89,0.00632,0.09736,0.01878,0.01421,0.14262,0.00586,0.06944,0.01098,0.01436,0.01033,0.01390,0.01023,0.00756,0.20390,0.00404,0.00441,0.00544,0.00612,0.02892,0.32092,0.00431
90,0.01445,0.09640,0.03843,0.04165,0.03008,0.01187,0.10882,0.02315,0.04496,0.04648,0.03055,0.02220,0.01024,0.04150,0.01066,0.00782,0.01027,0.01348,0.05807,0.33120,0.00771
91,0.09883,0.07500,0.00314,0.00617,0.00639,0.01203,0.00390,0.17183,0.00968,0.04549,0.18314,0.00391,0.00093,0.00571,0.00194,0.08819,0.08847,0.18132,0.00627,0.00463,0.00302
92,0.41377,0.14814,0.01079,0.03014,0.02151,0.08704,0.01102,0.02502,0.03218,0.00718,0.04003,0.01831,0.00375,0.02440,0.00638,0.02325,0.00610,0.01937,0.03820,0.02309,0.01033
93,0.07594,0.03118,0.00911,0.01795,0.00878,0.17904,0.01687,0.02090,0.01435,0.00323,0.01230,0.00752,0.00194,0.01430,0.00417,0.13669,0.39343,0.02188,0.01417,0.00981,0.00643
94,0.03754,0.06507,0.10823,0.01165,0.00948,0.02463,0.08595,0.15503,0.00974,0.09632,0.01198,0.12293,0.00261,0.10956,0.00306,0.03968,0.01439,0.06334,0.01466,0.01067,0.00349
95,0.04737,0.04027,0.00571,0.00774,0.00647,0.07225,0.02544,0.04308,0.08628,0.06638,0.10868,0.06443,0.04697,0.06280,0.13054,0.06453,0.06166,0.04583,0.00689,0.00398,0.00269
96,0.02898,0.01633,0.01927,0.14855,0.12227,0.00684,0.08995,0.03163,0.03435,0.06591,0.01400,0.04116,0.07890,0.01772,0.01670,0.03073,0.09168,0.02048,0.09108,0.02944,0.00404
97,0.00890,0.07166,0.06311,0.02274,0.05965,0.00449,0.09853,0.06402,0.08389,0.01381,0.04187,0.09105,0.03028,0.05324,0.01312,0.02196,0.02764,0.09868,0.03290,0.06729,0.03119
98,0.01381,0.03919,0.03432,0.02638,0.05048,0.01357,0.02951,0.17251,0.01633,0.00419,0.01947,0.02043,0.00753,0.43627,0.02192,0.01359,0.00801,0.01379,0.03121,0.02061,0.00689
99,0.03121,0.04655,0.24329,0.28868,0.01952,0.02839,0.00930,0.03489,0.00752,0.07520,0.06767,0.01298,0.00393,0.02172,0.00626,0.00441,0.00525,0.05810,0.01779,0.01308,0.00426
100,0.01776,0.17611,0.02033,0.02582,0.02126,0.02078,0.02465,0.15793,0.02953,0.00511,0.00703,0.02699,0.00575,0.02094,0.00729,0.00682,0.00933,0.35945,0.02828,0.01826,0.01058
101,0.04286,0.07030,0.00906,0.01310,0.05763,0.04328,0.06955,0.03263,0.13510,0.08079,0.05460,0.04706,0.00110,0.06971,0.09228,0.06390,0.00933,0.02921,0.02006,0.04455,0.01389
102,0.03403,0.01368,0.01999,0.03970,0.01341,0.67541,0.01063,0.01761,0.02469,0.00464,0.02141,0.01499,0.00425,0.01659,0.00875,0.00860,0.00728,0.01563,0.02382,0.01368,0.01121
103,0.00636,0.00636,0.00936,0.01806,0.20611,0.00641,0.03596,0.04470,0.01707,0.05861,0.01913,0.01251,0.00245,0.01104,0.00442,0.00363,0.00329,0.03019,0.25319,0.24312,0.00804
104,0.00483,0.02825,0.02151,0.04322,0.02491,0.01431,0.00933,0.03873,0.02539,0.00706,0.02646,0.01551,0.00436,0.01751,0.00609,0.04136,0.58815,0.01270,0.03675,0.01808,0.01551
105,0.07708,0.04934,0.01936,0.03443,0.00973,0.01144,0.06124,0.04043,0.11243,0.02579,0.04151,0.10205,0.00140,0.09391,0.07564,0.06920,0.05751,0.04002,0.04361,0.03250,0.00140
106,0.26339,0.01350,0.01414,0.10358,0.01094,0.38542,0.00853,0.01693,0.01759,0.00526,0.02058,0.01507,0.00672,0.01847,0.01313,0.02408,0.01606,0.00817,0.01860,0.01070,0.00913
107,0.08351,0.05204,0.04439,0.03969,0.02357,0.40437,0.01464,0.02911,0.04292,0.03945,0.03247,0.02235,0.01216,0.03242,0.00692,0.01014,0.02053,0.01641,0.03048,0.02551,0.01692
108,0.15926,0.09687,0.02774,0.01705,0.02833,0.00582,0.09596,0.15286,0.04841,0.00505,0.02826,0.01609,0.08645,0.02104,0.07588,0.02656,0.03693,0.03293,0.01484,0.01705,0.00660
109,0.05012,0.06567,0.05569,0.06879,0.00856,0.10845,0.10285,0.00523,0.08810,0.00356,0.03145,0.09491,0.00125,0.08650,0.04014,0.09397,0.04721,0.01219,0.00411,0.02888,0.00235
110,0.01539,0.01110,0.00776,0.01481,0.01497,0.01385,0.37248,0.00905,0.01094,0.00261,0.01133,0.00983,0.00139,0.41509,0.00361,0.00376,0.00276,0.00543,0.01425,0.05365,0.00593
