site,A,C,D,E,F,G,H,I,K,L,M,N,P,Q,R,S,T,V,W,Y,*
0,0.01184,0.00554,0.02762,0.02146,0.01317,0.06199,0.00576,0.01591,0.13810,0.01687,0.01612,0.03191,0.01945,0.01672,0.52688,0.01968,0.01317,0.00610,0.01064,0.01537,0.00572
1,0.01097,0.01362,0.01486,0.01646,0.01607,0.43004,0.11246,0.01529,0.01234,0.00624,0.01215,0.02796,0.20089,0.03019,0.00289,0.01035,0.02627,0.00569,0.00769,0.02293,0.00465
2,0.00519,0.03937,0.00760,0.01076,0.00994,0.78988,0.01054,0.01223,0.01214,0.00331,0.01239,0.01173,0.00523,0.01243,0.00341,0.01814,0.00704,0.00400,0.00834,0.01191,0.00443
3,0.06432,0.04305,0.01435,0.00605,0.01640,0.68342,0.01683,0.01773,0.01474,0.00496,0.01799,0.01764,0.00722,0.01812,0.00422,0.00544,0.00905,0.00465,0.00726,0.02093,0.00563
4,0.04794,0.06440,0.03619,0.03403,0.02614,0.02722,0.04181,0.09290,0.06941,0.04368,0.02540,0.05870,0.00323,0.11461,0.06057,0.07206,0.07451,0.07915,0.00877,0.01888,0.00039
5,0.20311,0.05648,0.00512,0.01711,0.00548,0.45942,0.00442,0.00617,0.01036,0.00166,0.00602,0.00645,0.00216,0.00664,0.01450,0.16627,0.00343,0.01318,0.00363,0.00582,0.00256
6,0.05266,0.05117,0.08849,0.10815,0.04136,0.00987,0.05322,0.03302,0.00666,0.03564,0.06239,0.04983,0.00777,0.10345,0.00970,0.05462,0.06035,0.05392,0.05354,0.06098,0.00321
7,0.07990,0.05355,0.01001,0.01064,0.01037,0.00310,0.00960,0.03847,0.00911,0.00289,0.00928,0.00920,0.01121,0.00952,0.00272,0.06696,0.62932,0.01535,0.00699,0.00842,0.00340
8,0.04056,0.18102,0.00243,0.00344,0.00259,0.01103,0.00201,0.13677,0.00247,0.17957,0.00409,0.01257,0.05678,0.00184,0.00058,0.03586,0.13415,0.18737,0.00177,0.00227,0.00084
9,0.00467,0.01211,0.01078,0.09512,0.01202,0.70175,0.01142,0.01099,0.01622,0.00359,0.01610,0.01771,0.00524,0.01530,0.02476,0.00487,0.00643,0.00354,0.00750,0.01021,0.00967
10,0.05495,0.11486,0.06424,0.11571,0.02769,0.00815,0.04947,0.05644,0.02024,0.03410,0.03361,0.03994,0.00087,0.10122,0.02225,0.03035,0.01797,0.11760,0.05104,0.03645,0.00286
11,0.05676,0.01761,0.00779,0.02887,0.03050,0.02978,0.06822,0.04564,0.13420,0.08366,0.09195,0.07590,0.00210,0.05577,0.08618,0.06866,0.02385,0.07438,0.00744,0.00521,0.00553
12,0.01843,0.01620,0.05188,0.03813,0.02770,0.00627,0.06093,0.03564,0.04576,0.03301,0.03085,0.06197,0.04731,0.07156,0.01615,0.02175,0.03407,0.00836,0.26026,0.10033,0.01344
13,0.00842,0.02118,0.03118,0.01231,0.03031,0.00470,0.13582,0.09212,0.36261,0.00804,0.01696,0.01206,0.01228,0.03171,0.08899,0.00856,0.01652,0.00738,0.01221,0.04733,0.03929
14,0.06257,0.04530,0.04045,0.02466,0.04034,0.09523,0.06695,0.07554,0.03476,0.05460,0.07516,0.05185,0.00078,0.06079,0.04012,0.07997,0.06538,0.02897,0.02277,0.03249,0.00133
15,0.08526,0.05882,0.01716,0.08143,0.00708,0.04736,0.01630,0.01904,0.11536,0.04904,0.06776,0.06279,0.00098,0.09939,0.09844,0.09677,0.05305,0.01991,0.00118,0.00208,0.00080
16,0.00475,0.01090,0.00795,0.00775,0.00632,0.00263,0.00660,0.15932,0.00688,0.28336,0.26633,0.00867,0.02778,0.00632,0.00289,0.00243,0.01863,0.15669,0.00473,0.00646,0.00261
17,0.09078,0.06085,0.04350,0.00729,0.00506,0.05578,0.03476,0.03159,0.04399,0.02351,0.04206,0.21515,0.00321,0.05554,0.04745,0.10922,0.05409,0.04468,0.00578,0.02276,0.00296
18,0.05856,0.07178,0.05262,0.05231,0.03134,0.08055,0.06529,0.04882,0.04572,0.05879,0.04217,0.05935,0.00183,0.05849,0.04966,0.06796,0.05626,0.07448,0.00692,0.01658,0.00054
19,0.00538,0.07188,0.00848,0.00496,0.17035,0.00340,0.00854,0.08171,0.00965,0.27375,0.20681,0.00571,0.00208,0.07794,0.00277,0.00155,0.00569,0.02019,0.00311,0.03481,0.00127
20,0.08067,0.04775,0.07017,0.04450,0.00338,0.06729,0.05584,0.01622,0.02880,0.01744,0.04302,0.04197,0.06859,0.11649,0.03299,0.08864,0.09067,0.05344,0.00219,0.02896,0.00099
21,0.07686,0.00984,0.04762,0.04511,0.00338,0.07311,0.05230,0.00393,0.05828,0.01473,0.04388,0.06088,0.08927,0.15620,0.06577,0.09938,0.08139,0.00735,0.00382,0.00548,0.00142
22,0.05823,0.05629,0.04430,0.04463,0.02333,0.05884,0.08384,0.05876,0.02016,0.04412,0.06878,0.06283,0.05623,0.08096,0.01915,0.05561,0.05553,0.05327,0.01295,0.04172,0.00048
23,0.05413,0.07281,0.12969,0.09747,0.01043,0.04026,0.08378,0.01327,0.03253,0.02597,0.08774,0.07527,0.00655,0.08385,0.01211,0.06458,0.04295,0.04307,0.01032,0.01184,0.00137
24,0.01242,0.04658,0.02873,0.01420,0.31989,0.00550,0.07646,0.06423,0.01796,0.00124,0.01214,0.02843,0.03993,0.02481,0.00556,0.00198,0.01714,0.00811,0.07809,0.19177,0.00484
25,0.10136,0.05754,0.02176,0.01509,0.05622,0.02227,0.08143,0.06406,0.01801,0.06739,0.04677,0.11068,0.00538,0.05149,0.05051,0.07031,0.03984,0.05019,0.00450,0.06440,0.00079
26,0.00635,0.03620,0.04961,0.01697,0.00128,0.00396,0.05531,0.03118,0.10402,0.01037,0.03517,0.12294,0.05314,0.12319,0.07763,0.13112,0.10821,0.02160,0.00369,0.00736,0.00069
27,0.00938,0.00789,0.03547,0.01235,0.26909,0.00572,0.05349,0.02235,0.01570,0.00545,0.01531,0.01803,0.01146,0.02130,0.00599,0.01144,0.01039,0.00640,0.01292,0.44508,0.00477
28,0.00800,0.01602,0.02121,0.08466,0.00901,0.00690,0.02349,0.05609,0.34833,0.00441,0.01246,0.01007,0.00995,0.02218,0.23181,0.00758,0.04714,0.02182,0.01045,0.03344,0.01497
29,0.06523,0.03185,0.00678,0.04832,0.01484,0.04552,0.03724,0.05711,0.17163,0.06804,0.04522,0.03716,0.00516,0.03968,0.16502,0.06181,0.02290,0.05095,0.00326,0.01616,0.00612
30,0.18497,0.08612,0.01689,0.01094,0.00997,0.01860,0.07670,0.02851,0.01041,0.01095,0.01078,0.19198,0.01798,0.02318,0.02587,0.15189,0.08142,0.02550,0.00698,0.00758,0.00276
31,0.23373,0.07939,0.01445,0.01295,0.01250,0.31087,0.03255,0.01419,0.01191,0.00434,0.01163,0.05529,0.00657,0.02530,0.00456,0.12794,0.00652,0.00632,0.01086,0.01406,0.00407
32,0.00818,0.18891,0.02023,0.02536,0.02707,0.00611,0.01854,0.30626,0.01475,0.00529,0.01521,0.04659,0.00854,0.02274,0.00513,0.00571,0.06896,0.15717,0.01823,0.02431,0.00672
33,0.04157,0.02451,0.00646,0.00440,0.01921,0.00244,0.08872,0.00297,0.01480,0.10063,0.02980,0.01812,0.00338,0.05654,0.02685,0.08383,0.12436,0.04779,0.24401,0.05774,0.00186
34,0.00989,0.01971,0.12264,0.49964,0.02474,0.08473,0.01930,0.01839,0.00800,0.00720,0.03089,0.01658,0.00877,0.02345,0.00766,0.01116,0.01090,0.02417,0.02516,0.01890,0.00812
35,0.07633,0.11609,0.01072,0.01813,0.00693,0.00595,0.00690,0.21825,0.01116,0.00544,0.02652,0.00908,0.04797,0.00799,0.00225,0.01271,0.13404,0.26637,0.00453,0.00984,0.00280
36,0.14346,0.06412,0.01271,0.03731,0.03662,0.03260,0.03735,0.01866,0.01322,0.03887,0.04847,0.08093,0.07697,0.11085,0.01656,0.06122,0.05785,0.03669,0.01567,0.05745,0.00244
37,0.01735,0.04966,0.04186,0.02060,0.02661,0.01065,0.03760,0.04866,0.01405,0.01270,0.02672,0.12332,0.03638,0.03099,0.31282,0.06072,0.02269,0.01046,0.02772,0.04294,0.02549
38,0.08881,0.01373,0.14997,0.19008,0.01187,0.05205,0.03769,0.04819,0.00450,0.03124,0.03952,0.10797,0.00176,0.03478,0.00256,0.04927,0.05917,0.03518,0.02320,0.01519,0.00327
39,0.03194,0.00498,0.10696,0.14626,0.00870,0.04133,0.06018,0.06698,0.00413,0.05303,0.06972,0.05787,0.05759,0.08611,0.00883,0.03569,0.07193,0.05802,0.00667,0.02158,0.00152
40,0.42206,0.01280,0.02315,0.01147,0.01400,0.01246,0.02282,0.01788,0.01637,0.00463,0.01657,0.01374,0.02513,0.01837,0.00493,0.23465,0.00256,0.07779,0.02834,0.01156,0.00873
41,0.06583,0.02700,0.00488,0.00641,0.00514,0.00341,0.01309,0.12678,0.20729,0.01774,0.02031,0.00588,0.00364,0.12035,0.14760,0.05693,0.07772,0.07882,0.00363,0.00493,0.00260
42,0.08222,0.03107,0.02575,0.06288,0.01241,0.02620,0.06458,0.06388,0.02830,0.06524,0.05161,0.07496,0.00062,0.05813,0.10280,0.08896,0.07614,0.05483,0.00812,0.01986,0.00145
43,0.23910,0.11949,0.01404,0.04106,0.02304,0.01455,0.04146,0.01831,0.01995,0.05907,0.13558,0.04296,0.00272,0.04984,0.03391,0.06351,0.00168,0.02805,0.00988,0.03686,0.00495
44,0.01196,0.01060,0.00701,0.01011,0.18647,0.00550,0.01653,0.21131,0.00905,0.29756,0.11132,0.00755,0.00284,0.01364,0.01176,0.00232,0.00470,0.05269,0.01195,0.01150,0.00364
45,0.05568,0.04797,0.03535,0.07439,0.02444,0.05190,0.08232,0.04900,0.07861,0.06187,0.05131,0.06965,0.00062,0.07123,0.03879,0.06638,0.04511,0.04394,0.01262,0.03842,0.00040
46,0.04499,0.07769,0.12417,0.11269,0.02112,0.06029,0.04385,0.03224,0.02432,0.02714,0.03137,0.08092,0.00090,0.12874,0.01392,0.07776,0.05005,0.03212,0.00566,0.00899,0.00109
47,0.05496,0.06326,0.00921,0.01246,0.01863,0.19605,0.10199,0.00376,0.10792,0.01751,0.05174,0.13717,0.00156,0.07621,0.06220,0.06686,0.00369,0.00227,0.00647,0.00432,0.00177
48,0.04327,0.13465,0.04078,0.03888,0.07749,0.01015,0.03673,0.04373,0.01266,0.03147,0.03845,0.14446,0.04614,0.02621,0.04431,0.02579,0.09063,0.06373,0.00874,0.03729,0.00442
49,0.05371,0.04666,0.07493,0.03266,0.07455,0.01577,0.02970,0.03097,0.05006,0.08709,0.04670,0.05072,0.01916,0.03332,0.04728,0.06394,0.04897,0.06010,0.04694,0.08506,0.00172
50,0.06131,0.05918,0.15917,0.06189,0.04039,0.04176,0.06956,0.02207,0.02585,0.02483,0.03882,0.07302,0.00315,0.03975,0.01221,0.06054,0.06776,0.07045,0.03413,0.03287,0.00129
51,0.10629,0.05522,0.02033,0.08371,0.01072,0.13310,0.03907,0.00335,0.03617,0.04138,0.03255,0.05147,0.00114,0.03060,0.02083,0.21628,0.09817,0.01094,0.00408,0.00297,0.00162
52,0.00693,0.01692,0.01505,0.01052,0.01763,0.67943,0.01561,0.01916,0.01938,0.00551,0.01969,0.02002,0.00705,0.03245,0.04663,0.00608,0.00775,0.01137,0.01793,0.01871,0.00618
53,0.01287,0.01153,0.00520,0.00568,0.25882,0.00253,0.27901,0.00931,0.00457,0.00258,0.01131,0.00509,0.00087,0.02488,0.00136,0.00174,0.00303,0.02236,0.14697,0.18830,0.00200
54,0.23784,0.11381,0.01463,0.00792,0.00573,0.00928,0.00473,0.00556,0.00625,0.00220,0.00681,0.00842,0.24984,0.00662,0.00226,0.17916,0.09893,0.02257,0.00876,0.00626,0.00243
55,0.02982,0.05019,0.00734,0.02845,0.00800,0.00479,0.00873,0.00339,0.00714,0.00260,0.01406,0.00622,0.31360,0.00794,0.00373,0.00268,0.01153,0.47107,0.00983,0.00598,0.00290
56,0.00852,0.01229,0.01105,0.02107,0.09086,0.00745,0.00800,0.01685,0.01982,0.00524,0.02289,0.01149,0.02565,0.01339,0.00483,0.62389,0.00436,0.00740,0.01984,0.05685,0.00826
57,0.01091,0.08505,0.02091,0.01351,0.02037,0.00775,0.01244,0.01812,0.02280,0.00575,0.01509,0.01433,0.00794,0.05145,0.48185,0.10160,0.04203,0.00779,0.03312,0.01851,0.00867
58,0.01386,0.01379,0.01240,0.05709,0.01603,0.66611,0.01032,0.01508,0.01679,0.00413,0.01896,0.01261,0.00476,0.01259,0.06988,0.00630,0.00639,0.00585,0.01414,0.01242,0.01050
59,0.18444,0.08608,0.01084,0.01078,0.00998,0.01338,0.00561,0.00982,0.00943,0.00302,0.00841,0.03434,0.00570,0.00743,0.00441,0.24543,0.14070,0.18060,0.00795,0.01709,0.00455
60,0.12281,0.13672,0.01443,0.02711,0.11322,0.02582,0.02177,0.01760,0.02257,0.00493,0.01501,0.02839,0.01219,0.01492,0.00421,0.25953,0.07311,0.03888,0.01000,0.03102,0.00578
61,0.03959,0.01536,0.02544,0.02554,0.01898,0.00633,0.03320,0.02047,0.48455,0.00596,0.01921,0.05267,0.02025,0.01607,0.10402,0.01024,0.01416,0.00636,0.01467,0.02196,0.04496
62,0.00353,0.00797,0.00776,0.01123,0.29700,0.00403,0.01203,0.10527,0.00762,0.43394,0.00803,0.00493,0.00376,0.00845,0.00494,0.00309,0.00295,0.05442,0.00925,0.00625,0.00356
63,0.17767,0.06371,0.01115,0.07639,0.00950,0.08439,0.00532,0.00572,0.02712,0.02491,0.08703,0.00635,0.00073,0.10669,0.05918,0.09967,0.05040,0.05391,0.02577,0.02256,0.00183
64,0.00667,0.02047,0.01359,0.01391,0.09428,0.00574,0.00902,0.01072,0.01082,0.00348,0.01041,0.00944,0.00437,0.00990,0.06300,0.00380,0.00546,0.00699,0.57931,0.09087,0.02776
65,0.00626,0.02717,0.01463,0.01716,0.02938,0.00654,0.01160,0.02263,0.01333,0.42106,0.29254,0.01211,0.00459,0.01796,0.00569,0.02803,0.00707,0.01576,0.01056,0.01546,0.02047
66,0.19393,0.17513,0.01100,0.00889,0.01246,0.00698,0.01208,0.03221,0.01071,0.00575,0.02437,0.00808,0.00288,0.01128,0.00308,0.02776,0.16756,0.25943,0.00893,0.01296,0.00452
67,0.00769,0.01776,0.04491,0.42309,0.01258,0.00178,0.01067,0.01234,0.35570,0.00324,0.01319,0.00635,0.00272,0.00997,0.01090,0.00890,0.00399,0.01558,0.01077,0.00872,0.01913
68,0.00827,0.01586,0.01624,0.01982,0.01462,0.07726,0.00903,0.04779,0.03469,0.00472,0.01613,0.01079,0.00538,0.01585,0.56502,0.04661,0.00626,0.00888,0.01521,0.01262,0.04893
69,0.11289,0.01068,0.08953,0.00493,0.00771,0.57999,0.00359,0.00585,0.00734,0.00213,0.00782,0.06282,0.00172,0.01703,0.01830,0.02999,0.00247,0.01214,0.00895,0.00609,0.00805
70,0.00206,0.00199,0.00406,0.00570,0.19450,0.00452,0.06213,0.05974,0.00370,0.27465,0.15953,0.00520,0.00103,0.00330,0.00174,0.00125,0.00178,0.00572,0.02588,0.17971,0.00182
71,0.02665,0.34634,0.00764,0.00814,0.06475,0.00357,0.00416,0.07925,0.00719,0.17460,0.11772,0.00517,0.00117,0.00426,0.00749,0.00232,0.04403,0.07972,0.00609,0.00667,0.00307
72,0.02579,0.04757,0.13860,0.14161,0.02997,0.05506,0.15958,0.01949,0.00634,0.04550,0.03996,0.03062,0.00667,0.05762,0.01092,0.04911,0.02772,0.02531,0.04332,0.03852,0.00073
73,0.01446,0.07434,0.03253,0.02292,0.03866,0.00888,0.05700,0.03421,0.02464,0.02158,0.05823,0.03277,0.31847,0.07765,0.00864,0.00504,0.08961,0.01197,0.01630,0.04231,0.00976
74,0.02125,0.07455,0.00378,0.07152,0.11078,0.04026,0.05995,0.07517,0.00376,0.09205,0.10116,0.03199,0.00210,0.02771,0.00221,0.03049,0.03292,0.08096,0.01446,0.11747,0.00546
75,0.00811,0.02246,0.02175,0.00601,0.01730,0.65482,0.01644,0.02595,0.02299,0.00704,0.01944,0.01723,0.00708,0.01963,0.01935,0.00735,0.00826,0.01187,0.05911,0.01983,0.00797
76,0.04931,0.04547,0.00481,0.00192,0.05929,0.00331,0.21232,0.01130,0.09908,0.05280,0.02329,0.00466,0.00185,0.02657,0.14733,0.04484,0.02977,0.03522,0.01150,0.13440,0.00097
77,0.01271,0.26073,0.01261,0.01895,0.01191,0.01495,0.00774,0.03581,0.01329,0.06508,0.01153,0.00686,0.00395,0.00900,0.00474,0.00368,0.24393,0.23397,0.01690,0.00713,0.00453
78,0.02307,0.18907,0.01778,0.00643,0.02539,0.00486,0.00592,0.21235,0.01032,0.06505,0.12178,0.00511,0.00273,0.00740,0.00277,0.00243,0.05553,0.19287,0.00621,0.04005,0.00287
79,0.00852,0.01977,0.69049,0.03031,0.02085,0.00241,0.01043,0.01885,0.02417,0.00751,0.02093,0.05540,0.00567,0.02110,0.00602,0.00552,0.00609,0.00747,0.01673,0.01267,0.00909
80,0.00474,0.01254,0.01069,0.01200,0.03475,0.00560,0.03353,0.27800,0.01413,0.44931,0.06435,0.00941,0.00610,0.01169,0.00248,0.00319,0.00377,0.01234,0.01349,0.01168,0.00621
81,0.01230,0.04847,0.01649,0.05597,0.01638,0.64301,0.01458,0.01435,0.02191,0.00517,0.01989,0.01576,0.00696,0.02230,0.00508,0.00606,0.00964,0.00683,0.03637,0.01542,0.00705
82,0.29452,0.43174,0.00769,0.00981,0.00531,0.00359,0.00736,0.00791,0.00839,0.00203,0.00749,0.00724,0.00238,0.00725,0.00311,0.12126,0.02559,0.00344,0.00536,0.03581,0.00270
83,0.00686,0.05556,0.00559,0.02042,0.01759,0.70589,0.01141,0.01451,0.02127,0.00638,0.02181,0.00977,0.00575,0.01928,0.00463,0.00380,0.00586,0.01596,0.02517,0.01299,0.00948
84,0.01689,0.02980,0.04515,0.02601,0.03966,0.05186,0.09793,0.10829,0.03545,0.02089,0.06462,0.02097,0.08984,0.05096,0.18712,0.00689,0.03073,0.01506,0.02802,0.02815,0.00570
85,0.01087,0.04737,0.03516,0.00689,0.05340,0.16564,0.13441,0.08124,0.02350,0.01804,0.03389,0.09685,0.01751,0.06664,0.00344,0.02451,0.02564,0.02377,0.02410,0.09726,0.00985
86,0.01563,0.01711,0.02637,0.04545,0.01783,0.61723,0.00878,0.02352,0.04011,0.00622,0.03722,0.02112,0.00338,0.02420,0.00608,0.00362,0.00723,0.02087,0.02781,0.01446,0.01577
87,0.01163,0.04637,0.02995,0.03641,0.02817,0.01630,0.01743,0.03183,0.03093,0.00601,0.02443,0.02559,0.00561,0.01741,0.00237,0.00765,0.01076,0.01517,0.59973,0.02824,0.00801
88,0.22728,0.22861,0.00558,0.00885,0.00628,0.12067,0.00375,0.00443,0.01036,0.00211,0.00825,0.01240,0.00111,0.00801,0.00409,0.29327,0.03335,0.00419,0.00808,0.00581,0.00353
89,0.00221,0.05144,0.00825,0.00514,0.08810,0.00209,0.01147,0.00387,0.00506,0.00510,0.00506,0.00654,0.00272,0.43889,0.00146,0.00118,0.00195,0.00221,0.07926,0.27671,0.00129
90,0.00807,0.03240,0.05259,0.02960,0.10462,0.00652,0.01956,0.01279,0.02490,0.05472,0.02794,0.01228,0.00423,0.02673,0.00591,0.01346,0.00566,0.03997,0.07511,0.43731,0.00560
91,0.11608,0.07001,0.00200,0.00303,0.00317,0.01909,0.00192,0.16441,0.00377,0.05653,0.16411,0.00198,0.00059,0.00277,0.00095,0.12915,0.12741,0.12619,0.00309,0.00224,0.00150
92,0.51615,0.10092,0.00561,0.01587,0.01138,0.15470,0.00566,0.01304,0.01680,0.00376,0.02069,0.00961,0.00409,0.01265,0.00332,0.04332,0.00138,0.02355,0.02003,0.01209,0.00537
93,0.10852,0.06873,0.00309,0.00612,0.00299,0.14391,0.04662,0.01514,0.00488,0.00110,0.01058,0.03172,0.00066,0.00983,0.00142,0.18154,0.32153,0.03136,0.00479,0.00332,0.00216
94,0.02908,0.04838,0.06966,0.01194,0.00413,0.02218,0.10904,0.13554,0.01164,0.11398,0.03911,0.10426,0.00126,0.06658,0.00251,0.02954,0.03332,0.08800,0.03783,0.04074,0.00127
95,0.04529,0.03198,0.00245,0.00344,0.02171,0.04705,0.02278,0.02739,0.07398,0.07742,0.07953,0.10559,0.05351,0.06228,0.13997,0.07759,0.08277,0.03582,0.00496,0.00329,0.00120
96,0.02991,0.00968,0.00674,0.21922,0.04582,0.00494,0.09393,0.01319,0.02840,0.23439,0.03500,0.01962,0.01846,0.01008,0.03321,0.04465,0.03500,0.00612,0.03240,0.07547,0.00377
97,0.00359,0.06649,0.04504,0.01593,0.04756,0.00409,0.14455,0.07418,0.06479,0.00983,0.00909,0.09431,0.02177,0.03789,0.00941,0.01534,0.06863,0.16894,0.02343,0.05331,0.02181
98,0.00671,0.01471,0.01687,0.01294,0.02627,0.00659,0.03816,0.16301,0.01461,0.02889,0.05422,0.01994,0.00188,0.50972,0.00155,0.01716,0.00390,0.01187,0.01879,0.01008,0.02212
99,0.02147,0.06414,0.24960,0.29668,0.00835,0.04259,0.00399,0.04006,0.00596,0.07468,0.06828,0.00555,0.00169,0.03587,0.00269,0.01048,0.00630,0.04663,0.00759,0.00559,0.00182
100,0.00294,0.24042,0.01007,0.00952,0.01035,0.01589,0.01082,0.21164,0.01325,0.00629,0.00740,0.01469,0.00283,0.01130,0.00360,0.00343,0.00462,0.39299,0.01387,0.00898,0.00511
101,0.06059,0.08332,0.00267,0.00407,0.03596,0.04422,0.07794,0.07232,0.08814,0.08683,0.06331,0.04302,0.00044,0.07163,0.08721,0.03800,0.01267,0.05342,0.03678,0.03657,0.00087
102,0.06349,0.00646,0.00951,0.01701,0.00637,0.76803,0.00505,0.00836,0.01168,0.00221,0.01019,0.00712,0.00202,0.00788,0.00685,0.00838,0.00346,0.02980,0.01128,0.00649,0.00836
103,0.00231,0.01628,0.00563,0.00661,0.19004,0.00234,0.03470,0.06812,0.00613,0.09362,0.05595,0.00237,0.00089,0.00401,0.00132,0.00521,0.00149,0.10851,0.17648,0.21178,0.00620
104,0.03088,0.01319,0.01004,0.02021,0.01170,0.00666,0.00435,0.01108,0.01181,0.00329,0.01234,0.00721,0.00703,0.00816,0.00285,0.14415,0.65639,0.00590,0.01716,0.00841,0.00720
105,0.07847,0.03797,0.02555,0.00449,0.03104,0.01455,0.05834,0.04624,0.11002,0.04708,0.04172,0.07794,0.00058,0.07707,0.08015,0.07035,0.06300,0.05205,0.04117,0.04001,0.00223
106,0.26739,0.00754,0.00801,0.03875,0.00613,0.50890,0.00473,0.00971,0.00981,0.00228,0.01179,0.00861,0.00374,0.01015,0.00190,0.06711,0.00936,0.00407,0.01031,0.00613,0.00360
107,0.09314,0.02417,0.00769,0.01802,0.01357,0.55620,0.01339,0.01702,0.02971,0.01831,0.01902,0.01314,0.00943,0.03847,0.00407,0.04428,0.03031,0.00698,0.01796,0.01511,0.01001
108,0.11661,0.06702,0.02259,0.01265,0.04721,0.02202,0.01418,0.04752,0.04639,0.01378,0.03022,0.04543,0.15136,0.01586,0.04546,0.06325,0.12057,0.09216,0.00878,0.01192,0.00502
109,0.07893,0.06100,0.06046,0.05881,0.00807,0.11403,0.09037,0.00231,0.05718,0.00311,0.03315,0.11270,0.00056,0.10426,0.04307,0.08994,0.04782,0.00644,0.00231,0.02444,0.00107
110,0.02596,0.00493,0.00338,0.00638,0.00633,0.07251,0.37363,0.00383,0.00910,0.00153,0.00490,0.01470,0.00139,0.43390,0.01654,0.00162,0.00119,0.00234,0.00610,0.00715,0.00258
