site,A,C,D,E,F,G,H,I,K,L,M,N,P,Q,R,S,T,V,W,Y,*
0,0.014250337584137542,0.030150779416901648,0.03356392759844881,0.025867745308148376,0.015784247124916592,0.034853651214164096,0.019273383381159314,0.01897683582432727,0.13956464811583397,0.011814286100001271,0.019348273838455787,0.03865748377293678,0.020504969683917348,0.019372609735267665,0.46895365844093106,0.02843027895906722,0.015972311539580078,0.007371190262498743,0.01070689999955668,0.019696940791545273,0.0068855413082045645
1,0.013375752871612795,0.015242475101790574,0.016626943791978994,0.01581341126631788,0.017979148368670442,0.36436457108442655,0.12451608179992243,0.017057176324634455,0.013865381403824517,0.007001396876398138,0.013670095183442567,0.03163947988742515,0.1947580153453887,0.033841571523563894,0.026224747686964773,0.011648993109622639,0.029427725675747522,0.006808745256241099,0.008581175875763812,0.025923340701531756,0.011633770864731297
2,0.00630598294527775,0.039988383593408235,0.055776974380313406,0.013109746103461604,0.012066438971165001,0.7008901070075233,0.012822649401609423,0.014852503763095638,0.014723531629672841,0.005894712557827275,0.015026797042958586,0.014288373907060713,0.006352112956551521,0.015119560078967654,0.004978907525576336,0.021951602593366967,0.008534020549250947,0.00736838646351511,0.010104967688855833,0.014479380414556863,0.005364860425985125
3,0.10879921624213053,0.057482540367118674,0.016178624783624376,0.03554466323925446,0.01851425395474117,0.5531903036845692,0.01884478773603595,0.020275063757567484,0.016393771356685235,0.005577648784275265,0.020046555393801534,0.01971192473905062,0.008111413401302454,0.020332965619427715,0.013719317438311509,0.006102624445056666,0.010082300211677282,0.010012283247186017,0.011151069975320248,0.02362559293331122,0.006303078689552372
4,0.04703160005169345,0.06377073280864398,0.032467898540785606,0.03211384445564083,0.03966103035613826,0.027408210746111057,0.04326297617542833,0.07748832533204336,0.05128914815561677,0.04912626159638766,0.03441193587970671,0.05659912714906401,0.0033464037381903066,0.13076616607709043,0.05794861163772977,0.0674642722891699,0.06702366907697925,0.07675478510277581,0.014880951915443771,0.026638323955857794,0.0005457249595028353
5,0.12562252880155955,0.06328247558702117,0.008202634275730146,0.020797657184974425,0.01123839659593768,0.5243442189993027,0.00705171290469048,0.00981138988349019,0.013351053672954014,0.0026538054670518963,0.009629469284409919,0.010385600863250835,0.003434311299627074,0.010644728296699237,0.011923692167610763,0.12894792155908885,0.00464155751505514,0.009849798896658112,0.005769830925303657,0.010690534709572526,0.0077266811100116005
6,0.042367915020699885,0.04091919772370805,0.13044323349249803,0.15040466801863173,0.04378108001880529,0.012809011670561497,0.0320754312351637,0.024615306904898923,0.0091816067457104,0.025858553816577937,0.056129675953710385,0.04719712672298345,0.005251741823903126,0.09957713854293744,0.006552864214191255,0.062266066294457606,0.05378299602783182,0.04604498571491051,0.055973477368646295,0.052598465734895045,0.0021694569542776835
7,0.04979584735244077,0.05164386574026469,0.014839281208336726,0.015813946232745704,0.015269965844871114,0.004589356539013562,0.014218298856725363,0.030013684498655085,0.01347935750902219,0.004275041509466549,0.013698329849480358,0.014513708650670512,0.010229196739995191,0.014096579888325293,0.004021080934706891,0.04229902465579958,0.6479100214629302,0.011463270720561872,0.010385944016247624,0.012420752709751046,0.005023445079989532
8,0.03323631488551047,0.16470447873591573,0.0038290615866562938,0.0054027848295732355,0.004066688261470267,0.007571837387965727,0.0031620987832244336,0.16145699679763093,0.003879641768951692,0.20100087651662019,0.005335247682872311,0.00920844962290168,0.059483663791204816,0.002891731403492362,0.0022631653565025663,0.0265943896302912,0.11157004531607334,0.1866636140301628,0.0027835479236551497,0.0035692750046848695,0.0013260906846399123
9,0.0072676848874090195,0.01628611737649274,0.014483714104811215,0.0703041169876887,0.016128436565983797,0.671565625292533,0.01533958178727645,0.014794966559080521,0.021834451290698026,0.00482520505652544,0.021548552605721166,0.023814389585777886,0.007040898678273076,0.020543769068305864,0.011994098606912588,0.0065560429631741,0.008651635536859464,0.0050591613146357866,0.010112298734419736,0.013672112385576585,0.018177140611844864
10,0.0484670253774789,0.10557606377902784,0.06378281609765252,0.14130163553219172,0.027611102978740656,0.011293963366123165,0.02821065532308819,0.07235491383467442,0.012120372216038311,0.029671764877228852,0.03476445793590597,0.03202574758857282,0.0015972770559270824,0.09831898938566447,0.027399569147539736,0.025264719302779907,0.010835248232506017,0.11419479520360652,0.06682730193083712,0.046310699869758665,0.0020708809646570953
11,0.04834935047156409,0.015372232937622231,0.012134046533175704,0.030945413125005254,0.031760232588902336,0.020944177197103477,0.06404712312142011,0.06710468508843952,0.15203869976963974,0.09339392303440357,0.11207002365479843,0.05909208510959713,0.003257595311345343,0.0533763411317911,0.06565295526348408,0.039146138977172035,0.02824715188410146,0.08410501117344599,0.006061946553921861,0.00963001307727708,0.0032708539957895834
12,0.019683449442678073,0.025393055122396015,0.054985100167096485,0.04069022851654792,0.05010199104268008,0.010039563560286752,0.06614440824430262,0.038196832109751125,0.04842738608094734,0.02316972257852641,0.032585381000868836,0.06711168837194108,0.04980602641126676,0.06209773936862623,0.03104805228921903,0.01894091103514044,0.036416525506184655,0.008920365697332849,0.21165070818618967,0.09030041517804238,0.014290450089975225
13,0.016484232830810606,0.03065520367516543,0.03853366414117736,0.03342577187784608,0.035955969019109385,0.005744319794069754,0.12848722374453833,0.05733701265699468,0.3125871282154153,0.015239321407650453,0.020781769719047334,0.028007078224191444,0.014080704336117458,0.026299853432602206,0.0787067199773194,0.015909970212584067,0.030149914315256907,0.008738408939401266,0.01452813657414785,0.05850761137125804,0.029839985535296695
14,0.059874736322280214,0.0354301956586514,0.029518133974774225,0.018475778287192282,0.06161220970352515,0.08072498908403752,0.08343591714523545,0.06739201118922605,0.025965151580115187,0.04878579430956739,0.09796712145169548,0.06670304387255285,0.0010569211772696627,0.0521185488422123,0.02866077323747265,0.07440082579696966,0.06103123908431721,0.0434242745857468,0.021910560946917772,0.03967276426072204,0.0018390094895186979
15,0.10173742786117307,0.05304329759220621,0.01341540404307473,0.05956335247856253,0.006929791144708915,0.06260778422448303,0.028754597580076466,0.016718984073479923,0.1031929066704915,0.0442568249057287,0.06104562092913065,0.07430734165166375,0.001681773061870379,0.07301355501612765,0.11501685749586225,0.09930423564908251,0.051878645835977635,0.02589127170639036,0.0020791390790232426,0.0041668094030895214,0.0013943795977969932
16,0.004344405740580478,0.014904276212513778,0.010049410868904485,0.009830785427868265,0.007988033658084684,0.0033253694987476824,0.00834492445593079,0.16463750510967257,0.00871986430628615,0.24345137707047007,0.19945183890941948,0.010952125050960753,0.03849369592603677,0.042100262858243566,0.0036766885682095085,0.0030781010519996196,0.03812873401504687,0.17108576817729199,0.005993724410622063,0.008143030455963478,0.0033000782271469195
17,0.09114671794894871,0.03998831526464954,0.01895143944038208,0.011597967635827674,0.013110648194875806,0.06910492943932513,0.05213354774503999,0.03979275521998761,0.031445348259711195,0.03167295518366102,0.04578001682643644,0.22060260047253244,0.005141773435227082,0.05899593040467225,0.039017732292546126,0.10679719951370191,0.040087905905246864,0.04445165876416119,0.009532014531565942,0.025940962395662206,0.004707581125838718
18,0.05197061295898198,0.06659437482474488,0.04239044927384984,0.0593179088268737,0.03414467037631663,0.06752357590838921,0.07428438892967418,0.06474309234067227,0.03200079164443156,0.07344478338488623,0.050489823171623475,0.050999062680157144,0.0019914192112662865,0.06544531733067825,0.04494886996973285,0.06575520919531352,0.060862664493831584,0.05907927547757611,0.012706187594690202,0.02061301961209209,0.0006945027942180106
19,0.015351918037069439,0.07548314260905901,0.013068265761741402,0.007798925509922037,0.12216017844175081,0.005289666940026684,0.03804179137224794,0.07650925598068903,0.020001852002015957,0.23987949131143305,0.1970774192239768,0.008784720829590545,0.003228570437302565,0.07449034907428036,0.0024605919798758023,0.007732306646414339,0.007685284651184212,0.016836482578668283,0.007063350271207418,0.05907465027729507,0.0019817860642491547
20,0.09634657303278787,0.0653984410440724,0.0913220439312074,0.046545866383055766,0.006004159316355628,0.0724709739691392,0.043239111427768956,0.020657881240254316,0.01598449383402036,0.033344230080128295,0.03599613909349903,0.04412971067602558,0.06814377843705605,0.09303197693318593,0.018544689257758176,0.08612303318402664,0.06783501082113784,0.060414217928858545,0.004872327328298138,0.02442889740348345,0.005166444677880449
21,0.08187949244531234,0.014271218476840633,0.033195358687793705,0.023463641453496505,0.005565183781623819,0.103177655599715,0.052597343577609125,0.008481384677313051,0.02903499575283791,0.030242834484283387,0.05164463491434018,0.06381034260521047,0.07983081564802802,0.10148530568439323,0.0664342445810297,0.11357356799972511,0.09638231546697942,0.02283411880827725,0.010837072283290406,0.008963608477724226,0.002294864594176486
22,0.043639030125259486,0.05767463949025035,0.03826183501938407,0.0367441415245221,0.05698522201322008,0.04257106694429814,0.06037747743427255,0.07242689535216243,0.0122669134598802,0.06471694590516168,0.07878655839271315,0.036847964433626784,0.08932097153009766,0.0656338246018454,0.017234791621263117,0.03372679238165441,0.04405206822147132,0.06891646703023646,0.02707503131659372,0.05177968241450073,0.0009616807875862224
23,0.047583090025932896,0.07112245187921268,0.11953862109674189,0.11156521059277076,0.022419772497714076,0.06841738045959483,0.05864265889969397,0.02288739789437964,0.013524003727218554,0.02020804019199346,0.0538883638749015,0.06922515652296606,0.013881720430852559,0.13532347992667793,0.006784308466370973,0.0499243548531574,0.041510017442983084,0.038788612076206326,0.01427111318729791,0.01502549814414054,0.0054687478091929595
24,0.014024306134793357,0.024912281499623705,0.03239324461248157,0.016116079981062372,0.26726770411091216,0.006223888142951191,0.08154888130667301,0.04892759190373172,0.020422377554767168,0.002622648766916489,0.013846785834984953,0.03242177108854341,0.045365823647927746,0.028075190620469117,0.006282572103162393,0.0035628177596538713,0.019543203379000076,0.00624708959854414,0.12164431321815103,0.20305269841448767,0.005498730321162889
25,0.08381037355690207,0.042426283853821765,0.02254767793891109,0.01463942768018482,0.05375068245106226,0.020710407745845774,0.10039946530829057,0.07321782473819406,0.014606478709329275,0.07333009863079609,0.06894621743236044,0.0790801536876462,0.006920683591447057,0.0598298110451001,0.039105293398168345,0.0682353645932093,0.05006893987852929,0.047277830759601625,0.005707332311443237,0.07420823902629572,0.001181413662860955
26,0.008568953203167494,0.027254905042394407,0.034631378450334066,0.027724897506496638,0.009144682860085736,0.0024020832112753507,0.03510851951973169,0.020982193503193296,0.10229168808683932,0.010360476972770313,0.04741531710060414,0.13169995123407507,0.06477162833775102,0.11713711101839344,0.07023104114252203,0.127054732150382,0.12139279813495178,0.025950180272340275,0.0037852014462609377,0.011107314431691757,0.000984946374739249
27,0.010814816621182659,0.012575570062798544,0.03118945347983412,0.013998219035822749,0.31263587675357163,0.006484331529185611,0.08007482033976272,0.025602619770828776,0.017882309372751537,0.0062103671309955396,0.020730016444459782,0.023495017455252794,0.01310064437949324,0.02395736691679727,0.006795106931304853,0.009438859204773616,0.011823045592444086,0.007269169271705614,0.014571574525481377,0.34569585343028,0.005654961751273562
28,0.011591665047079917,0.022955094541870134,0.022989180117086075,0.09569784590373748,0.014734668502622962,0.007747613447534914,0.05966276233054324,0.07840828426937688,0.2726633526788167,0.006610388755490465,0.013984938995119536,0.028156869015434776,0.010987494323942748,0.029419146355948198,0.18534688501959953,0.008716473667835319,0.03738456003710665,0.018135224827302274,0.011859558467167075,0.05104078974324241,0.011907203953142783
29,0.08319659828998277,0.02798578365231184,0.009057872592256919,0.028703770404271658,0.014652966509244449,0.040087222179232405,0.0328249147215228,0.04515908273057797,0.1700478450826536,0.04530889794751761,0.031123350893441634,0.05980030747309886,0.006790740914281405,0.05782917604730537,0.16486655123059257,0.07490705797900415,0.04391446582843532,0.040460336410794516,0.004474646213401173,0.013395875162894966,0.005412537737178058
30,0.17829292229120614,0.165073756095501,0.02571662663072529,0.015586530559512942,0.015007043288052326,0.012861980457958687,0.0467755025634771,0.02897875175291055,0.01326628947735288,0.014316841003534472,0.014642562449363218,0.15821268250615236,0.008039693313308317,0.02115518975153603,0.016170257490360357,0.15397821933894967,0.06619400233044131,0.014230094171731291,0.01020354946269029,0.01124731833733116,0.010050186727904614
31,0.2165648912701068,0.06929146601082635,0.01678256877388072,0.01967772201636786,0.018496904456705248,0.32592425895678795,0.02841279681744149,0.02157289182854931,0.018380537216910117,0.0065350174829195,0.018041241541725535,0.051103836704443045,0.010113360578289815,0.03177539566013999,0.007395963696111922,0.06984414341308443,0.009969518211441385,0.01573568403200245,0.016313608207084218,0.02185602317094766,0.006212169954234199
32,0.010936149874451982,0.14636170575682442,0.02556911270636722,0.030527052703486563,0.024700497924916867,0.007665194410855556,0.022900041983004684,0.28318903347922375,0.01868837893261459,0.0067123686693066585,0.022005731300072058,0.044337979911064224,0.010760654245556446,0.029515116656581006,0.0063861544160783105,0.015583871728870722,0.09449098942247529,0.13893268387766236,0.02246050841236863,0.02984710224986457,0.008429671338354205
33,0.05488433758494555,0.021661482641287186,0.010188234880670905,0.006717992747387905,0.014658138860279526,0.004676217389293978,0.09688809431476954,0.03628518683808602,0.020285731367110357,0.08804145998311197,0.034361982918824675,0.03170133321567406,0.0042609663747394545,0.07150274831383487,0.025058979365450238,0.0810369287431182,0.13300719555340285,0.03574472823361354,0.18328397424655998,0.04331212742153067,0.002442159006308524
34,0.01578753031099276,0.022540118157456483,0.13136871608103606,0.4287833394930305,0.02825164750487161,0.08793649271727953,0.02213977950030507,0.021532574830907744,0.026678090018650895,0.008345461398168571,0.02563133091609532,0.019120961627313755,0.009885401742689051,0.030429940979346332,0.00871404468742542,0.011493848857263518,0.012344978577079647,0.0200020457814166,0.029004338559283676,0.02166758140686386,0.01834177685252371
35,0.044262473105965365,0.09417501920045519,0.016737884175979663,0.015190347923159132,0.010844027918428057,0.004840529255098481,0.010803402970999592,0.21051577282529188,0.017461944627816643,0.00761555195353448,0.012971892778137631,0.01580451176441294,0.03562998170349696,0.012476225098961397,0.0035268019320538755,0.012398449844608372,0.137950126632895,0.3098677226593852,0.007111088636333894,0.015451646054856922,0.004364598938129206
36,0.11591447735893258,0.06668623854354301,0.022960546657937182,0.03507781701859295,0.0353905590030689,0.03531915377024534,0.05079120215415164,0.031275747243850543,0.018428296323453906,0.03972177410667534,0.09454420199687379,0.08829750005266969,0.06768754498234972,0.06891393466078444,0.01580102854578844,0.057476441243468165,0.05223216196760229,0.05347548880972474,0.015071058578252226,0.03138383307371209,0.003550993908323082
37,0.0199765594762649,0.05657621926412829,0.048024805901877125,0.02358679154983446,0.03062131078964299,0.007383701321443838,0.042908613931389894,0.0560957416507737,0.022948272989886307,0.014595853726417755,0.030759078869217034,0.13112963366395558,0.041735512098280615,0.035305330537581954,0.27578514552945577,0.027554557320208936,0.027638756695853205,0.011926107090809733,0.03240144423842181,0.04898651652814581,0.014060046826410278
38,0.06941915852193105,0.01949337013815986,0.23865057257337202,0.21222991109170325,0.017623964842682034,0.04305116197853424,0.020457891622570702,0.04626376250703675,0.014999326141631778,0.021559701826134942,0.02181085048304615,0.09440965954667112,0.0025770241537893443,0.021375833949655296,0.003713473312065627,0.030721961174472196,0.05717064610709747,0.02819505497793175,0.01745959144892783,0.01522268653027962,0.003594397072306998
39,0.02861196987717816,0.009544277136758452,0.11354273304503432,0.2058258226817172,0.011346522558964076,0.041531633876377205,0.0433529567503405,0.06687313524368196,0.006171101560857081,0.04391921371382094,0.05796474179198051,0.03511662961324399,0.07026307159594242,0.09073437787060483,0.005747250429483523,0.029750473010465586,0.05438843295096655,0.06332152414612095,0.007072573724591635,0.011700850484409492,0.003220707937460668
40,0.42696336525031875,0.017699617152481098,0.03080389932333018,0.0158651552310536,0.019381774157562003,0.011101371468201634,0.0315376572593071,0.024758485889495096,0.022605682590214116,0.006401078816867615,0.022868453947750958,0.018976604628912635,0.0183726541772897,0.025384542718397345,0.006815636518919614,0.16307943468354957,0.017794225270348088,0.052316392409055425,0.03921512806619684,0.015980642764559586,0.012078197676189135
41,0.059960372105551135,0.025842125563703293,0.006812458693078351,0.009162799129143943,0.007160425876981256,0.00501677294672485,0.010847899939532947,0.11961225374501566,0.1802423196497998,0.02912144575553886,0.06325284666802662,0.011575093076607625,0.0028167779922480094,0.08459047460305683,0.13592149602125678,0.04527538254816871,0.07172745622869128,0.11561330960241298,0.005022460414271581,0.006775179520629796,0.003650649919559671
42,0.10917044306616576,0.03983608819040039,0.017623175004530197,0.03457399528208192,0.01051174576361552,0.027814488961100517,0.06117238326843307,0.052558386345525836,0.02359608694170233,0.060735116849058475,0.07078022018578897,0.08277199632610636,0.001188324812080471,0.08948598056998294,0.0931379355907051,0.06947324019307341,0.08635485392234267,0.041357383060155045,0.01142015422085251,0.014484430567175537,0.001953570879122941
43,0.3113997805121933,0.1098972921401073,0.01728254117592567,0.031875003848070044,0.019593883768625395,0.008792185066817428,0.044874669289129566,0.023942570971968297,0.025651171652474828,0.049662325979384796,0.10554125292332256,0.032022074705977885,0.005731845795692128,0.05214086942111898,0.026283237755389186,0.061289107446529455,0.003972304492345198,0.019304541129183457,0.017368099157924914,0.024681543794557476,0.008693698973262227
44,0.012421884536309697,0.013770093324130159,0.01082268368752587,0.015540636206004294,0.1253239628693789,0.008504194516217894,0.03525373772460905,0.20703010100680108,0.014014397002436594,0.3374531676367724,0.07832822614229011,0.009423602762709253,0.007553466069248911,0.015974567260604224,0.006935349933765091,0.0035863505767321064,0.005999613762243886,0.049488762251061996,0.018313059389379285,0.018634442369789884,0.005627700971989283
45,0.06634310014203113,0.04115986392728645,0.043903671700528425,0.055543120696165356,0.025252854042830418,0.04312783054780667,0.06765276594463851,0.039554055875709586,0.08364870724862068,0.0771188867846772,0.06391701083597212,0.059728107063451566,0.0009902737428501935,0.07861211881103351,0.03687762308860085,0.06889303964729514,0.053961666661061204,0.04018220794051098,0.01230999428336458,0.04058209883549179,0.0006410021800736767
46,0.052479210210280985,0.07778755405879048,0.14101480028805255,0.11072270725210388,0.013310563180993646,0.05733022320629274,0.0480453325290172,0.023722280921209767,0.012322705906917496,0.04001400974380289,0.03502683263868308,0.07358362824332071,0.001483622793471298,0.10600129320721768,0.012355951169191883,0.10059460093772957,0.050650304545626676,0.02320324720989039,0.0073107522662588815,0.011255052704932704,0.0017853269862154592
47,0.04206413744691481,0.0638359986554309,0.009259867851738796,0.00875457326747065,0.01242721939439455,0.2267001993926847,0.08228258637518354,0.006162812477915329,0.08551002492548195,0.016400502398869105,0.05363785679513859,0.14580699754281035,0.002510808005482308,0.10505092478017591,0.05539814044800278,0.054726628102114816,0.003687770100147179,0.004855126276200275,0.010430842817814945,0.005905120614508258,0.004591862331520207
48,0.03226681928895877,0.11094199346240931,0.04832134512708331,0.03814887067719182,0.08552294464495719,0.010752153201877314,0.04596825056808676,0.06119706543286908,0.018348031020223247,0.050630568311609295,0.03400021233480301,0.10710378660039468,0.03389544009045595,0.055386925078873835,0.023795281436333658,0.017042079149857683,0.06982973187306915,0.07506371183240826,0.01339243249579738,0.061295239048034605,0.007097118324705694
49,0.04291424861772047,0.04649931462837694,0.08291541024462507,0.03070300482889995,0.07966280234550287,0.022353596951093735,0.022644897683859452,0.03734321896890411,0.08451655073869838,0.07497197024679464,0.045361640500118525,0.05263954874074697,0.0162077591473242,0.041264871701332195,0.03788136281607775,0.04487864990542416,0.05727382838372027,0.051704357085803655,0.038682617471683965,0.08765071065722914,0.00192963833606354
50,0.04582080283725679,0.05961140312911793,0.14596384615884112,0.0437334192713443,0.029122142883868385,0.039479510763629024,0.07698831480197117,0.03770062593676885,0.025784010859877707,0.02315607593866771,0.03560471305287369,0.13172478252709643,0.0023975038391839485,0.04360359523865535,0.009290432935090102,0.05242569620099019,0.07112441869074804,0.06637358989895448,0.027735048646709573,0.030470353564244372,0.0018897128241107753
51,0.12409174863781784,0.04347404200830215,0.019998978727866684,0.10758058811823078,0.008748347687890064,0.17455285499161935,0.05221887687789759,0.006502438950146395,0.03450693460169843,0.0295512795965495,0.031953934690709514,0.04494201240110732,0.0021941125147211175,0.046267445100904234,0.013745467593356538,0.17201657614109667,0.053814905154595034,0.012956482376690982,0.007895153565899295,0.005750917010847819,0.007236903252052796
52,0.008230289543942157,0.019096328172372924,0.016979149240060346,0.07028394032641834,0.01986464141254047,0.5854388437017386,0.0176612386571645,0.02165092179944149,0.02187512216934319,0.0062277036266654776,0.022282157891190976,0.02265756342741192,0.007940083041877334,0.036611786433303845,0.044415441380492235,0.006857802290072915,0.008741737125062408,0.01056574402111781,0.02018443914114346,0.021098987914929708,0.011336078683709847
53,0.009596211901396236,0.009470809494714778,0.007680428344544541,0.007857221675263896,0.2636106565947047,0.0034725772430188257,0.2691001646675734,0.008413990368215822,0.006368554400029785,0.0023749160783837994,0.008446596153625469,0.006827303047397263,0.001565291439557796,0.020329556693288994,0.01607108988016494,0.0024185623980542167,0.0029067286995216176,0.012137362609225755,0.0915403124979956,0.2470399615144218,0.00277170429890081
54,0.26239952662096744,0.09575286060503196,0.013765543750238715,0.012147045231892339,0.009086803508246585,0.007473063378528693,0.007402265708238715,0.008626021323689982,0.009959349465889996,0.0034702610122590172,0.010727018346807593,0.007662254862204412,0.23600687427838768,0.010527137876710908,0.0035701195894000284,0.15620748729143685,0.09907510405353298,0.01889663694151122,0.013753140840910467,0.009675026720954485,0.0038164585931599235
55,0.037433830365549765,0.026665636568287764,0.011204251331822778,0.021466437988499714,0.012143561657326222,0.007208185060001238,0.01321641503057138,0.01955418980295991,0.010857553767333774,0.014466555813371744,0.021444821801869265,0.009479985092775686,0.22212732157998133,0.012088001347745403,0.005663515870159123,0.004076902496860422,0.009440749886552663,0.5130393841156476,0.014937554538353711,0.009090696281593287,0.004394449602737364
56,0.0073698494989621575,0.01680088124677772,0.014215851368147823,0.02762433675345903,0.06847612042558857,0.009694063262259424,0.01048618865975969,0.021993207385913295,0.025699163809184238,0.006777149484828519,0.029682125069983276,0.014738769233148756,0.0376952518864627,0.017398738057112912,0.006229153370379655,0.5891354072698736,0.00568261789399695,0.00961339802195121,0.025618840695820357,0.04434013544427099,0.010728751162119117
57,0.010867216969357447,0.08091031487170275,0.027671411836910423,0.018014516172326796,0.026963167416310656,0.015451539418899395,0.01648007171516915,0.023998454492764956,0.021842919986687328,0.014691410954147296,0.037037753882973395,0.01940471255630377,0.005311262302796838,0.0265787107589177,0.47768335727467093,0.06483339094984795,0.03166318233154656,0.017614831686382823,0.029204578890919913,0.024784476519179602,0.00899271901218436
58,0.010798797930216888,0.01937615338812465,0.017414885600468555,0.02686947921744187,0.022621265690143364,0.6640448399795287,0.014345192124774118,0.02124606290059295,0.023891558382287043,0.00580855647043396,0.026460684164843328,0.017731735768307028,0.006591574922515963,0.017771821353240465,0.02687290966618017,0.007340995781929968,0.00890113372184463,0.011828293183393974,0.019731312281687646,0.01740722040542529,0.012945527066619396
59,0.1646823171091802,0.09104332025430208,0.013731208321038475,0.013790246545414213,0.012911968080816037,0.00934889942388199,0.00707145766118945,0.02278916685170958,0.011970404668749747,0.003894455261593212,0.010869584314340196,0.023225127450213393,0.005171328868793209,0.009635306936229793,0.006208455263776089,0.2295123012044985,0.20309747639831033,0.12333451624095172,0.010173951732665533,0.02172784375927009,0.0058106636530761355
60,0.12798126713034547,0.06155272663490205,0.019480255909513244,0.030026327321936483,0.09248449665894395,0.024819148929665538,0.029000495833584265,0.02648597283556474,0.030048946632056595,0.006714581485364038,0.019698855924601764,0.03713905491719366,0.01648843464586398,0.019999254004064,0.005677936841297474,0.3012258474925593,0.054851542819590364,0.030408337496532847,0.01386511465260049,0.04407940142155384,0.007972000412265876
61,0.026218229262972376,0.01939483115742672,0.03197755516513265,0.021606474027900644,0.023769788737173794,0.007996792631785803,0.04198505717148137,0.025849526542695386,0.4479356744060762,0.0075352584565751895,0.03805564731716813,0.06478934802207653,0.02549903439409267,0.048284217009519105,0.05830039709208904,0.010797380126268012,0.017839406519321376,0.008041422578321912,0.0183922714289244,0.027646737792907883,0.028084950160090764
62,0.004950591324019475,0.01116773729002108,0.010928678252491934,0.01575121541741236,0.2673330731670122,0.005650848186029686,0.009647836554089175,0.1067309355207962,0.010656174290063249,0.4299957939836047,0.011268378880690167,0.0069331410162259514,0.019651721195446996,0.011820833231437877,0.004880088487514429,0.0036367146451685398,0.004148844436362279,0.03803438882936269,0.013026123804970301,0.008776709365320857,0.005010172121960012
63,0.17121927327914876,0.04782845205187639,0.018387640821599025,0.05730689153977161,0.01709998972772432,0.0739605073304597,0.004877193961387242,0.026629866755413328,0.0219563461714356,0.026161569247957022,0.08722241999150553,0.006761548499093205,0.0011053520691695117,0.09007096417587235,0.057478692309858914,0.1293209294154509,0.06051268714634893,0.05921108379654753,0.02001284872650868,0.021441476236684198,0.001434266746187228
64,0.009323037951566297,0.019207657901689743,0.018950213956928103,0.01942778410075691,0.09072328537071392,0.011744936886718647,0.012577767888960421,0.0150247294939213,0.015149334849969668,0.00720936505319111,0.014518607462717666,0.013228010150863436,0.0060959093680113185,0.01381065182910657,0.05651970259702452,0.0060280688931591865,0.007633668279041533,0.009748645152298032,0.5721702523997882,0.06535908171985692,0.015549288693716391
65,0.008011367645561355,0.019599310553271417,0.01860944064069792,0.02215372812528318,0.021415599202608444,0.008267480305423179,0.014878033689435109,0.025529118923792074,0.016952686657669407,0.3865567105916354,0.29280115004041385,0.015477246032976903,0.005857758148380893,0.023386966549246765,0.007204643494878189,0.030648113906149275,0.009018089850774427,0.012476495056345696,0.02767215143850594,0.019713594025729614,0.013770315121220974
66,0.23928934012845002,0.09127099394793081,0.01607110210380337,0.01847847896366958,0.018804007496181323,0.010462580096113802,0.013885289830086866,0.02811581115059238,0.016052259930431592,0.004779970027211421,0.014112618464202666,0.011916620352652733,0.0042719326037850185,0.0175742871164667,0.004545100696201598,0.039692555411803915,0.14564123779155277,0.2651437275269327,0.013455063901470546,0.01975652787843477,0.006680494582025426
67,0.006754751089983425,0.025487665034074687,0.08804987158487068,0.398281890255279,0.017585356217572706,0.012703645497998961,0.014960868313332373,0.017130940966906042,0.28704908680900615,0.004555532581792987,0.01869426761214725,0.008929212899394703,0.003895497040089088,0.014041524855407574,0.015480864264036723,0.010203590710375687,0.0056522560646164325,0.012483402692546271,0.015341626668671107,0.012391541505474939,0.010326607336423155
68,0.011607774179190436,0.022277493324011872,0.02282320382204021,0.027342405553991183,0.020361548374975988,0.04121113567295186,0.012613054386613358,0.02767002119866147,0.06149048703460421,0.006540390879790453,0.02234333800254965,0.015117867635272425,0.0075002772933503254,0.02171425169616523,0.5747218390596243,0.022296157002734268,0.008668935480699438,0.012243150861375207,0.02112277770537924,0.01749528843219141,0.022838602403827474
69,0.10902613576664748,0.010564537851426296,0.06208943333905454,0.030368577614077606,0.010671743591484465,0.57643391920313,0.005039821064745078,0.008203635502515731,0.010302241777114023,0.0029815825859746247,0.01092340826516721,0.052764646289280966,0.0024224463927580734,0.015729604280577163,0.014838127953526563,0.029912215000276396,0.0034606377374987295,0.011323588731833499,0.01256601998230377,0.008563135651802674,0.011814541418805117
70,0.004107195769804279,0.024221890371039015,0.006760361465204313,0.009471543837679237,0.16043088144580453,0.007455609089756504,0.04680279006824497,0.06668904603330642,0.00614724960510519,0.2800901090255921,0.13487772674968074,0.005454737760409683,0.0016965662384460505,0.005438492522136228,0.0028854569155857992,0.0036264088619563212,0.0029359981926636806,0.006773844015318807,0.01985963122104297,0.1995335782220081,0.00474088258921505
71,0.031133035696599864,0.21999337436944022,0.013263231458739552,0.014129601060992468,0.03800882577731786,0.006159280345453196,0.007220617624227922,0.092559236892055,0.012406798783849262,0.20501116540938905,0.15454388963210197,0.008969685523688448,0.023771801778691277,0.011213985130643304,0.010968027178768065,0.004007696426509353,0.03610929287146316,0.08317978043206145,0.010527676331545574,0.011509175516772668,0.0053138217596902255
72,0.0484748990368637,0.06343949468124307,0.12866400075004758,0.15502860649959965,0.031097462097828227,0.0705810710105484,0.08842824254797593,0.017812273349527747,0.020029820346604735,0.051045080419296535,0.037887073604964884,0.019538635990986004,0.009409011775972418,0.061015085191660906,0.013100547188857389,0.052446416930883775,0.04803218619130025,0.03009824155729682,0.02602485184213181,0.026043249550729966,0.0018037494356802136
73,0.019857461720693224,0.0721488212626546,0.03639516600118501,0.02510245729632279,0.042341452584927365,0.009894771211811851,0.09636642719870975,0.0379333180693071,0.027457698160368724,0.02426098552072374,0.06083020199133019,0.03576356656093888,0.2711162832536298,0.08157563515155038,0.009583930430466502,0.009210090727525409,0.052473594805437916,0.011727561479479514,0.01827633911968218,0.04700134147322425,0.010682895980030823
74,0.02416045017071737,0.09724101344433717,0.006769095267874939,0.041339706814439235,0.11263813649987885,0.04044383854386453,0.041828102913464865,0.07959256975829529,0.0063181184056119825,0.1211061280649574,0.10558868033042791,0.022646935229630984,0.0034750235246963196,0.02841685289578574,0.0030508881621189817,0.017834426615443686,0.019237447283273378,0.0780125358346044,0.02212152002645278,0.12349465561705543,0.004683874597068709
75,0.011931433778713314,0.027762653315190552,0.026811458356043403,0.026956157118280963,0.0210574478280995,0.585755431718389,0.020199779886686087,0.03175937508500898,0.028403825279836616,0.008553086602777626,0.023705850088410092,0.021105105932074694,0.008592062673785155,0.024019586355304236,0.031437762591031655,0.008970653398968891,0.010038874532204,0.015154286063787584,0.03369811700507426,0.024344946868427593,0.009742105521905808
76,0.04060493071250314,0.05556685680023813,0.008247306529506566,0.0021149591638455704,0.07224262118760752,0.003946300271277706,0.23343444643898945,0.009775646441969267,0.10088786070800826,0.0408078177145246,0.03333212306879947,0.011157902981893744,0.002658782769637474,0.023239980643859244,0.15360785897874793,0.037105123487033737,0.021712431638103782,0.02164787179621739,0.018491027354266738,0.1060819728586888,0.0033361784542814844
77,0.009414033436990208,0.25811683425310816,0.016079146069291457,0.02261658653523415,0.010760262743504494,0.030914270982437406,0.009030977754464948,0.03034820000568366,0.01565399997728332,0.06053768121892839,0.013570534124890623,0.00789258202019004,0.00457775042375417,0.010771180765067513,0.0056327962870221585,0.004286987595820467,0.2518241585643581,0.2050263269421309,0.019261911975552555,0.00836645801702255,0.0053173203072647245
78,0.05028442580772999,0.15762367580957268,0.017797988607535124,0.009287438756850532,0.036863805473151164,0.007762800834560796,0.00855149354884668,0.17123699464492448,0.01475015307550174,0.06265687346034003,0.14399939480367183,0.007358153038374058,0.003950479651088496,0.010654712136795155,0.003985413184749985,0.0034979913978038036,0.06406019863410288,0.18865909951848356,0.008947863735957932,0.023917526139618967,0.004153517740340181
79,0.007938526453992695,0.02436051934022929,0.6177507685165682,0.02268437224792014,0.025503092489467114,0.012837185525791505,0.013600338664736153,0.023302238320036164,0.029786560642460033,0.009470516305395589,0.026152999080116836,0.058983903777464666,0.00691689066035799,0.02598901823531466,0.007402377274932785,0.006803249526685328,0.007557313614670229,0.009347737330035018,0.020803880794926365,0.03167296003132605,0.011135551167573001
80,0.00663351910234601,0.01778934497702695,0.01480589310176475,0.016763757807587893,0.027289408311458,0.007940902342580896,0.022726270982822778,0.18884167076029942,0.01968720787007687,0.43519944175153114,0.12807095344291014,0.013072328355052919,0.012586471135444423,0.016241840934885572,0.007030783147712844,0.0045159491381857805,0.005313453346812176,0.011275289446437008,0.019009035330368417,0.0164692526510635,0.0087372260636327
81,0.015677400633239705,0.059165172421500975,0.020214671968115088,0.03600617153083277,0.020071888981833548,0.5800485704116912,0.017857922760468027,0.017592693850019738,0.026640965888801278,0.006297810996891504,0.02413293606015039,0.01927394707018392,0.008501005739508545,0.027241877402503868,0.01074886706360363,0.007418901773796713,0.01179983982966625,0.012274404272470792,0.04448976936618138,0.01884694622588196,0.015698235752658763
82,0.256045421729287,0.4786145535881665,0.0118697036961051,0.015263340124366852,0.008129103434939734,0.008364545644246558,0.011587775810818303,0.012214587347300451,0.012994333960470516,0.0031167442779054676,0.01152286064143357,0.011205410888837166,0.0036617143459537742,0.01122515446063042,0.013765636307379517,0.07740556437767392,0.015007702373582558,0.005295614069092364,0.006560674362978285,0.021926054410300235,0.004223504148531567
83,0.00806925903551128,0.03648440231867731,0.03979945497921464,0.02489956029866403,0.021284023030067278,0.6314084841078016,0.013957544322352725,0.01760525380738019,0.025732834355250575,0.007769661656221749,0.026596046211862522,0.011973126856730618,0.006998677829375944,0.023581925008452,0.005632986811179684,0.018259827336358028,0.007122841667457925,0.014784194571225725,0.03068958079272169,0.015850081909750038,0.011500233093744573
84,0.018707218976728845,0.033148670287414604,0.04617104860992849,0.03017525431588309,0.04432554358396764,0.024145313150222433,0.09623951146046389,0.11467224648523176,0.023064305371698735,0.02306411728302375,0.07002663076080275,0.023356030955949042,0.08715108968417086,0.057289840405406287,0.1623166796765275,0.007353103227175499,0.03425582887786245,0.01707838004358915,0.03146306256698344,0.03164379338141263,0.024352330895557148
85,0.013731805864136413,0.04978381061809108,0.03873685743563457,0.020238177700275823,0.055058277548790294,0.14212489821384816,0.1206805139103726,0.07985806519633103,0.026034769128597614,0.020626802258678432,0.038907608279108434,0.0915993485367527,0.019506801689151695,0.06926363055235077,0.015986620337116602,0.026773084813917117,0.02845558923504133,0.01742451962340378,0.02002619040653552,0.09430684564679362,0.010875783005072375
86,0.011592398678906097,0.017895588825761477,0.024251383312776462,0.046712141612317785,0.02195834756285791,0.5549870985196298,0.010793824829935593,0.029031019390051413,0.049135547929228314,0.007648664062692542,0.045801270836352846,0.026022740716564196,0.0041610402066534396,0.029946546374471368,0.006307226229734604,0.016037905077792965,0.009547667661399577,0.016971900348449774,0.0339473895028585,0.0178361994755538,0.01941409884601165
87,0.013995535764698407,0.027470627477363927,0.036006501317280566,0.04420675791839004,0.034067710976388534,0.013009123746013264,0.020991138811648005,0.03837444204285981,0.0372169139276175,0.010905764247028929,0.02942153934775595,0.03085579379719829,0.0067749227497962035,0.02098073753326139,0.010448943099329061,0.011237840715135314,0.012926531468410708,0.01828451387830961,0.5356108065080467,0.041031864776445125,0.006181989897022768
88,0.20611159247730507,0.19020543172456567,0.008993910826373415,0.014389515198764722,0.010193315595882593,0.09259454523403265,0.006040805046701586,0.010638024126702231,0.016463899581335636,0.0033746750670315922,0.013299428371760139,0.013800302183808299,0.0017725821119313433,0.012842815903927907,0.010038759320230815,0.3342248131377762,0.02029920455832367,0.006682550481376066,0.012926735364348678,0.009467667523792479,0.0056394261640292905
89,0.004348780920367771,0.05137753473346195,0.01608358267521337,0.010010376374231416,0.09459766274218041,0.004091166036044872,0.03543042516546149,0.007609271112871451,0.009939743952787315,0.006115488207885305,0.009812811365324766,0.00811566319021681,0.005310666525741328,0.27583729651319655,0.002842917370139151,0.0030597924422373127,0.003811343023791378,0.004314162077673874,0.05247300529105506,0.3916383691342127,0.0031799411459056907
90,0.01019508810939063,0.04504899079967269,0.04783447652322851,0.03144462987545281,0.08379687532912955,0.00832185447539371,0.06716752944996186,0.01717325857083596,0.03180694164357361,0.06057178805163134,0.025164276353096815,0.02054243411921978,0.00623520730788538,0.028176850012896524,0.007504853313906444,0.008558230106709485,0.007594222774032839,0.02454841870540426,0.057289818930637275,0.40513126524524856,0.005892990302692011
91,0.1087441395258562,0.08720044457604127,0.0031888548999624814,0.004028577542649203,0.00421322718239176,0.03798188990983161,0.0025456822222653234,0.1264925069095441,0.005661961501294397,0.05073604231497976,0.15430398449836372,0.0064998582727266415,0.0017351804754979592,0.0036913503303281575,0.0012674246101427615,0.11534140942207956,0.13044121950864376,0.146834092871586,0.004106617377095445,0.0030010615178218247,0.0019844745308980854
